0.0 0.9225378584431125 0.5887434314772293 0.04513923683288534 0.06291634990251005
0.0 0.9219882285097079 0.7116267052374968 0.04440958098723369 0.03663212501250723
0.0 0.9288110683711739 0.32166284640015774 0.037655543854009044 0.042099780797102915
0.0 0.9266244425863943 0.45045207216635086 0.04332693481684924 0.05443766492229157
0.0 0.4544105664766751 0.9256934252110619 0.13199927039247467 0.1419988723882899
0.0 0.40438888163131725 0.3737005727866431 0.03859131287331552 0.03859131287331552
0.0 0.3900112785953921 0.520880488632334 0.04435041310428106 0.05212786907900785
0.0 0.5709307449157329 0.5353149453485785 0.03382482664828168 0.054935103650456174
0.0 0.3664537594003328 0.6782353445348901 0.061862190018215246 0.07963924798875699
0.0 0.13160132808259015 0.24770199979186222 0.036281512683184636 0.039614731714817386
0.0 0.10988448047122015 0.3798836697451473 0.03587160923220234 0.050315558369277535
0.0 0.08541962344386098 0.516684914702576 0.0369234549138638 0.0647002250783868
0.0 0.05999057490388271 0.6666720991895274 0.050488493058798704 0.08715373710950958
