0.0 0.8972034136578324 0.9060675668810336 0.09808573522023001 0.1462742780016283
0.0 0.7408067041674542 0.9010758104029692 0.08110506903363757 0.13869628842752524
0.0 0.6100652508087623 0.9147577632975292 0.08128920409570328 0.14710770723964917
0.0 0.3037534620015858 0.9251048842184402 0.09100754305087316 0.14979023156311955
0.0 0.4599397312346748 0.9216508202753233 0.07899114533302748 0.1518616559363405
0.0 0.15027773935974936 0.8899589354317706 0.08801709563152296 0.07038713526897533
0.0 0.22569363241683837 0.5456777999229767 0.06209890672833948 0.03859221519711531
0.0 0.24082455007878054 0.4131033860206326 0.056976687907516255 0.024067436335543313
0.0 0.5558371439884728 0.4146228989171258 0.0485652095050243 0.02388329996897981
0.0 0.586236773969004 0.5401895515552344 0.013068540718421229 0.048328403157646194
