1 0.18269230769230768 0.25 0.11658653846153846 0.05889423076923077
1 0.1814903846153846 0.39903846153846156 0.12379807692307693 0.07211538461538461
1 0.5288461538461539 0.24759615384615385 0.14543269230769232 0.07091346153846154
1 0.6887019230769231 0.25240384615384615 0.12139423076923077 0.057692307692307696
1 0.8245192307692307 0.24759615384615385 0.09254807692307693 0.06850961538461539
1 0.3389423076923077 0.44711538461538464 0.0673076923076923 0.06370192307692307
1 0.5504807692307693 0.4182692307692308 0.15985576923076922 0.1310096153846154
1 0.7259615384615384 0.4014423076923077 0.13341346153846154 0.07211538461538461
1 0.8641826923076923 0.39903846153846156 0.10216346153846154 0.09134615384615384
1 0.1778846153846154 0.5697115384615384 0.12980769230769232 0.07932692307692307
1 0.3473557692307692 0.5961538461538461 0.07572115384615384 0.0733173076923077
1 0.1814903846153846 0.7728365384615384 0.12259615384615384 0.08653846153846154
1 0.3713942307692308 0.7740384615384616 0.055288461538461536 0.08653846153846154
1 0.6310096153846154 0.734375 0.046875 0.030048076923076924
1 0.6514423076923077 0.7800480769230769 0.037259615384615384 0.09375
1 0.7632211538461539 0.7752403846153846 0.12379807692307693 0.10817307692307693
1 0.5757211538461539 0.5925480769230769 0.1814903846153846 0.15264423076923078
1 0.7572115384615384 0.5709134615384616 0.14543269230769232 0.08533653846153846
1 0.9026442307692307 0.5516826923076923 0.09615384615384616 0.07451923076923077
1 0.8557692307692307 0.7728365384615384 0.15504807692307693 0.10576923076923077
1 0.9651442307692307 0.4795673076923077 0.057692307692307696 0.05048076923076923
1 0.9771634615384616 0.5564903846153846 0.04447115384615385 0.06129807692307692
1 0.9543269230769231 0.7512019230769231 0.07091346153846154 0.056490384615384616
0 0.48677884615384615 0.8076923076923077 0.03485576923076923 0.125
0 0.32572115384615385 0.8028846153846154 0.036057692307692304 0.13581730769230768