1 0.025240384615384616 0.16826923076923078 0.036057692307692304 0.07091346153846154
1 0.14543269230769232 0.14423076923076922 0.09254807692307693 0.07572115384615384
1 0.33413461538461536 0.15144230769230768 0.08653846153846154 0.078125
1 0.4855769230769231 0.15504807692307693 0.054086538461538464 0.07572115384615384
1 0.11177884615384616 0.33052884615384615 0.10817307692307693 0.09975961538461539
1 0.31971153846153844 0.33653846153846156 0.09975961538461539 0.09615384615384616
1 0.48677884615384615 0.3401442307692308 0.06490384615384616 0.09375
1 0.07451923076923077 0.5600961538461539 0.12379807692307693 0.12740384615384615
1 0.30288461538461536 0.5649038461538461 0.11057692307692307 0.125
1 0.49038461538461536 0.5685096153846154 0.07091346153846154 0.12860576923076922
1 0.6153846153846154 0.15745192307692307 0.057692307692307696 0.078125
1 0.6298076923076923 0.34134615384615385 0.05889423076923077 0.0985576923076923
1 0.8137019230769231 0.3269230769230769 0.26322115384615385 0.140625
1 0.6466346153846154 0.5697115384615384 0.06370192307692307 0.1310096153846154
1 0.8485576923076923 0.5492788461538461 0.27403846153846156 0.16346153846153846
1 0.3557692307692308 0.8257211538461539 0.055288461538461536 0.12980769230769232
1 0.4879807692307692 0.828125 0.054086538461538464 0.12740384615384615
1 0.7728365384615384 0.8341346153846154 0.10576923076923077 0.140625
0 0.24639423076923078 0.8737980769230769 0.0733173076923077 0.21634615384615385