1 0.3545673076923077 0.1971153846153846 0.328125 0.09735576923076923
1 0.7115384615384616 0.21875 0.20072115384615385 0.06370192307692307
1 0.3137019230769231 0.3557692307692308 0.37259615384615385 0.12860576923076922
1 0.7139423076923077 0.3798076923076923 0.21514423076923078 0.078125
1 0.2764423076923077 0.5697115384615384 0.4182692307692308 0.1778846153846154
1 0.7163461538461539 0.578125 0.24759615384615385 0.10817307692307693
1 0.6754807692307693 0.8713942307692307 0.10697115384615384 0.13822115384615385
0 0.5420673076923077 0.8990384615384616 0.125 0.19471153846153846
0 0.125 0.2860576923076923 0.02283653846153846 0.03125
0 0.07932692307692307 0.39903846153846156 0.027644230769230768 0.040865384615384616
0 0.02283653846153846 0.5360576923076923 0.03125 0.03125
1 0.8798076923076923 0.8293269230769231 0.042067307692307696 0.03125