1 0.35336538461538464 0.09495192307692307 0.171875 0.0889423076923077
1 0.5949519230769231 0.10817307692307693 0.15264423076923078 0.038461538461538464
1 0.36658653846153844 0.1814903846153846 0.078125 0.028846153846153848
1 0.7271634615384616 0.10817307692307693 0.05889423076923077 0.02283653846153846
1 0.7307692307692307 0.15985576923076922 0.06370192307692307 0.030048076923076924
1 0.234375 0.25961538461538464 0.13341346153846154 0.19591346153846154
1 0.7307692307692307 0.21754807692307693 0.06129807692307692 0.03245192307692308
1 0.3473557692307692 0.25 0.08533653846153846 0.039663461538461536
1 0.7307692307692307 0.2824519230769231 0.06610576923076923 0.03485576923076923
1 0.32572115384615385 0.31971153846153844 0.0889423076923077 0.03125
1 0.23557692307692307 0.4170673076923077 0.22956730769230768 0.07932692307692307
1 0.7355769230769231 0.3557692307692308 0.06850961538461539 0.04447115384615385
1 0.7403846153846154 0.44350961538461536 0.0829326923076923 0.05048076923076923
1 0.2644230769230769 0.5216346153846154 0.109375 0.056490384615384616
1 0.7427884615384616 0.5480769230769231 0.08653846153846154 0.055288461538461536
1 0.08653846153846154 0.6141826923076923 0.1658653846153846 0.23677884615384615
1 0.21153846153846154 0.6694711538461539 0.14543269230769232 0.109375
1 0.5444711538461539 0.6670673076923077 0.1310096153846154 0.046875
1 0.7512019230769231 0.6694711538461539 0.09014423076923077 0.0673076923076923
1 0.7596153846153846 0.8449519230769231 0.1658653846153846 0.16466346153846154
1 0.9471153846153846 0.8449519230769231 0.09735576923076923 0.16947115384615385
1 0.23557692307692307 0.8473557692307693 0.36658653846153844 0.15745192307692307
0 0.5420673076923077 0.8689903846153846 0.13581730769230768 0.13341346153846154
1 0.5384615384615384 0.8521634615384616 0.20793269230769232 0.17307692307692307