1 0.3233173076923077 0.17908653846153846 0.17067307692307693 0.04447115384615385
1 0.6478365384615384 0.17908653846153846 0.2536057692307692 0.056490384615384616
1 0.9098557692307693 0.1814903846153846 0.17668269230769232 0.051682692307692304
1 0.2956730769230769 0.30528846153846156 0.19591346153846154 0.056490384615384616
1 0.6538461538461539 0.2980769230769231 0.2776442307692308 0.078125
1 0.9182692307692307 0.2980769230769231 0.1622596153846154 0.07932692307692307
1 0.27163461538461536 0.4567307692307692 0.21153846153846154 0.06971153846153846
1 0.6634615384615384 0.4411057692307692 0.30649038461538464 0.09134615384615384
1 0.9302884615384616 0.44711538461538464 0.1346153846153846 0.10096153846153846
1 0.23918269230769232 0.6394230769230769 0.24519230769230768 0.08653846153846154
1 0.6778846153846154 0.625 0.33413461538461536 0.11778846153846154
1 0.9447115384615384 0.6262019230769231 0.10576923076923077 0.11658653846153846
1 0.234375 0.8653846153846154 0.4675480769230769 0.10096153846153846
1 0.6057692307692307 0.859375 0.14903846153846154 0.0733173076923077
0 0.8605769230769231 0.9038461538461539 0.1310096153846154 0.15144230769230768