1 0.22115384615384615 0.11057692307692307 0.052884615384615384 0.04927884615384615
1 0.17307692307692307 0.23317307692307693 0.0733173076923077 0.06370192307692307
1 0.10096153846153846 0.40384615384615385 0.09014423076923077 0.08774038461538461
1 0.0889423076923077 0.12259615384615384 0.16947115384615385 0.08533653846153846
1 0.3473557692307692 0.2920673076923077 0.17307692307692307 0.0733173076923077
1 0.057692307692307696 0.2536057692307692 0.10817307692307693 0.11057692307692307
1 0.019230769230769232 0.3894230769230769 0.03485576923076923 0.06850961538461539
1 0.33653846153846156 0.1141826923076923 0.15985576923076922 0.056490384615384616
1 0.6286057692307693 0.07211538461538461 0.41346153846153844 0.054086538461538464
1 0.9399038461538461 0.30408653846153844 0.1141826923076923 0.06610576923076923
1 0.6045673076923077 0.25961538461538464 0.1971153846153846 0.078125
1 0.9759615384615384 0.5048076923076923 0.039663461538461536 0.10697115384615384
1 0.5661057692307693 0.4699519230769231 0.13942307692307693 0.1201923076923077
1 0.6862980769230769 0.4699519230769231 0.08653846153846154 0.1141826923076923
1 0.30528846153846156 0.49038461538461536 0.23557692307692307 0.10817307692307693
1 0.20552884615384615 0.8305288461538461 0.25961538461538464 0.29447115384615385
0 0.35336538461538464 0.8497596153846154 0.10817307692307693 0.26322115384615385
0 0.49038461538461536 0.8521634615384616 0.09495192307692307 0.25841346153846156
1 0.5552884615384616 0.8209134615384616 0.20072115384615385 0.2824519230769231
1 0.7151442307692307 0.8209134615384616 0.09134615384615384 0.2848557692307692
0 0.8918269230769231 0.84375 0.20673076923076922 0.25961538461538464
1 0.8521634615384616 0.6983173076923077 0.13701923076923078 0.03245192307692308