1 0.23798076923076922 0.22235576923076922 0.06971153846153846 0.11538461538461539
1 0.07572115384615384 0.36658653846153844 0.04807692307692308 0.1045673076923077
1 0.03125 0.4495192307692308 0.02403846153846154 0.05889423076923077
1 0.014423076923076924 0.5745192307692307 0.026442307692307692 0.06370192307692307
1 0.22235576923076922 0.40865384615384615 0.07692307692307693 0.14423076923076922
1 0.203125 0.6310096153846154 0.08653846153846154 0.17307692307692307
1 0.3954326923076923 0.6213942307692307 0.06129807692307692 0.11057692307692307
1 0.41466346153846156 0.390625 0.11899038461538461 0.125
1 0.39783653846153844 0.24639423076923078 0.052884615384615384 0.038461538461538464
1 0.5348557692307693 0.21754807692307693 0.052884615384615384 0.06129807692307692
1 0.5432692307692307 0.39302884615384615 0.055288461538461536 0.07932692307692307
1 0.5504807692307693 0.5985576923076923 0.0625 0.09254807692307693
0 0.5192307692307693 0.8677884615384616 0.057692307692307696 0.17908653846153846
1 0.6286057692307693 0.25240384615384615 0.028846153846153848 0.013221153846153846
0 0.6802884615384616 0.24158653846153846 0.019230769230769232 0.038461538461538464
1 0.6394230769230769 0.4182692307692308 0.036057692307692304 0.036057692307692304
0 0.6911057692307693 0.4110576923076923 0.02283653846153846 0.055288461538461536
1 0.6514423076923077 0.6274038461538461 0.04326923076923077 0.10697115384615384
0 0.7103365384615384 0.6045673076923077 0.030048076923076924 0.078125
1 0.84375 0.6358173076923077 0.08173076923076923 0.16105769230769232
1 0.8137019230769231 0.43028846153846156 0.07211538461538461 0.12860576923076922
1 0.7872596153846154 0.2536057692307692 0.06370192307692307 0.10576923076923077
1 0.9747596153846154 0.48197115384615385 0.042067307692307696 0.042067307692307696
1 0.9879807692307693 0.5564903846153846 0.020432692307692308 0.03365384615384615