1 0.09375 0.026442307692307692 0.16826923076923078 0.04567307692307692
1 0.0829326923076923 0.15504807692307693 0.15865384615384615 0.1346153846153846
1 0.06610576923076923 0.3701923076923077 0.12740384615384615 0.17067307692307693
1 0.25240384615384615 0.04326923076923077 0.05048076923076923 0.042067307692307696
1 0.21875 0.23798076923076922 0.06009615384615385 0.0673076923076923
1 0.5048076923076923 0.1466346153846154 0.19471153846153846 0.07091346153846154
1 0.7776442307692307 0.15865384615384615 0.15625 0.07211538461538461
1 0.5144230769230769 0.3786057692307692 0.2283653846153846 0.11177884615384616
1 0.8377403846153846 0.3858173076923077 0.19230769230769232 0.11057692307692307
1 0.9098557692307693 0.02403846153846154 0.12740384615384615 0.04567307692307692
1 0.9555288461538461 0.171875 0.08173076923076923 0.07692307692307693
1 0.9879807692307693 0.33052884615384615 0.019230769230769232 0.04927884615384615
1 0.9350961538461539 0.8605769230769231 0.125 0.2091346153846154
0 0.8509615384615384 0.8870192307692307 0.13822115384615385 0.22235576923076922
1 0.6033653846153846 0.8713942307692307 0.25240384615384615 0.2512019230769231
0 0.4230769230769231 0.8737980769230769 0.109375 0.24879807692307693
0 0.23798076923076922 0.8629807692307693 0.12139423076923077 0.26802884615384615
0 0.04326923076923077 0.7560096153846154 0.08052884615384616 0.4423076923076923
1 0.16706730769230768 0.6310096153846154 0.05889423076923077 0.051682692307692304