1 0.5997596153846154 0.09254807692307693 0.13341346153846154 0.04807692307692308
1 0.6165865384615384 0.17427884615384615 0.14423076923076922 0.055288461538461536
1 0.6322115384615384 0.2692307692307692 0.14543269230769232 0.06490384615384616
1 0.65625 0.3798076923076923 0.17307692307692307 0.07932692307692307
1 0.6778846153846154 0.5108173076923077 0.1814903846153846 0.09254807692307693
1 0.9615384615384616 0.4807692307692308 0.06850961538461539 0.04927884615384615
1 0.9819711538461539 0.6081730769230769 0.027644230769230768 0.05889423076923077
1 0.11177884615384616 0.6237980769230769 0.037259615384615384 0.01201923076923077
1 0.1045673076923077 0.6526442307692307 0.040865384615384616 0.015625
1 0.10096153846153846 0.6814903846153846 0.040865384615384616 0.014423076923076924
1 0.09615384615384616 0.7127403846153846 0.038461538461538464 0.014423076923076924
1 0.09014423076923077 0.7475961538461539 0.042067307692307696 0.014423076923076924
1 0.038461538461538464 0.7463942307692307 0.021634615384615384 0.013221153846153846
1 0.042067307692307696 0.7163461538461539 0.027644230769230768 0.015625
1 0.05048076923076923 0.6850961538461539 0.03125 0.014423076923076924
1 0.054086538461538464 0.6550480769230769 0.025240384615384616 0.013221153846153846
1 0.06129807692307692 0.625 0.026442307692307692 0.014423076923076924
1 0.03125 0.6334134615384616 0.014423076923076924 0.013221153846153846
1 0.02403846153846154 0.6598557692307693 0.010817307692307692 0.013221153846153846
1 0.015625 0.6923076923076923 0.016826923076923076 0.018028846153846152
1 0.013221153846153846 0.71875 0.01201923076923077 0.01201923076923077
1 0.6213942307692307 0.6802884615384616 0.47596153846153844 0.140625
0 0.8762019230769231 0.9038461538461539 0.17067307692307693 0.1466346153846154
1 0.8533653846153846 0.8173076923076923 0.14182692307692307 0.02283653846153846