1 0.14182692307692307 0.15264423076923078 0.052884615384615384 0.08533653846153846
1 0.26322115384615385 0.15985576923076922 0.039663461538461536 0.09014423076923077
1 0.390625 0.1658653846153846 0.04927884615384615 0.08653846153846154
1 0.5288461538461539 0.171875 0.038461538461538464 0.08413461538461539
1 0.6538461538461539 0.17427884615384615 0.038461538461538464 0.09014423076923077
1 0.8173076923076923 0.18269230769230768 0.046875 0.08653846153846154
1 0.8341346153846154 0.37740384615384615 0.05048076923076923 0.0985576923076923
1 0.6634615384615384 0.36658653846153844 0.040865384615384616 0.10096153846153846
1 0.5348557692307693 0.36658653846153844 0.040865384615384616 0.0985576923076923
1 0.3918269230769231 0.359375 0.05048076923076923 0.10216346153846154
1 0.2620192307692308 0.35697115384615385 0.042067307692307696 0.10096153846153846
1 0.125 0.35096153846153844 0.052884615384615384 0.09975961538461539
1 0.8521634615384616 0.5841346153846154 0.04927884615384615 0.10216346153846154
1 0.6742788461538461 0.5793269230769231 0.042067307692307696 0.10336538461538461
1 0.5372596153846154 0.5733173076923077 0.042067307692307696 0.109375
1 0.390625 0.5757211538461539 0.054086538461538464 0.11538461538461539
1 0.25721153846153844 0.5721153846153846 0.04447115384615385 0.12379807692307693
1 0.11177884615384616 0.5709134615384616 0.056490384615384616 0.11177884615384616
1 0.13701923076923078 0.796875 0.056490384615384616 0.0985576923076923
1 0.2704326923076923 0.796875 0.039663461538461536 0.0985576923076923
1 0.43028846153846156 0.7992788461538461 0.042067307692307696 0.09375
1 0.5192307692307693 0.8004807692307693 0.04927884615384615 0.09375
1 0.6478365384615384 0.7992788461538461 0.05048076923076923 0.09495192307692307
1 0.8137019230769231 0.8016826923076923 0.05048076923076923 0.0829326923076923
0 0.359375 0.8425480769230769 0.04807692307692308 0.14903846153846154