1 0.2848557692307692 0.30288461538461536 0.0625 0.07091346153846154
1 0.2824519230769231 0.4579326923076923 0.0733173076923077 0.09735576923076923
1 0.28725961538461536 0.6334134615384616 0.078125 0.1045673076923077
1 0.2848557692307692 0.8533653846153846 0.08533653846153846 0.12860576923076922
1 0.6153846153846154 0.28846153846153844 0.08413461538461539 0.057692307692307696
1 0.7319711538461539 0.2848557692307692 0.07091346153846154 0.042067307692307696
1 0.6466346153846154 0.44471153846153844 0.10096153846153846 0.07692307692307693
1 0.7752403846153846 0.4375 0.07692307692307693 0.052884615384615384
1 0.6875 0.6262019230769231 0.11658653846153846 0.09254807692307693
1 0.8293269230769231 0.6165865384615384 0.09615384615384616 0.06490384615384616
1 0.7151442307692307 0.8497596153846154 0.07692307692307693 0.11658653846153846
1 0.8966346153846154 0.8341346153846154 0.11298076923076923 0.08653846153846154