1 0.09495192307692307 0.23197115384615385 0.09615384615384616 0.09254807692307693
1 0.22956730769230768 0.22716346153846154 0.06850961538461539 0.08173076923076923
1 0.3389423076923077 0.2283653846153846 0.06490384615384616 0.0829326923076923
1 0.36538461538461536 0.09375 0.07091346153846154 0.04447115384615385
1 0.4795673076923077 0.09615384615384616 0.06850961538461539 0.04927884615384615
1 0.5649038461538461 0.22115384615384615 0.09254807692307693 0.08653846153846154
1 0.6814903846153846 0.22115384615384615 0.09975961538461539 0.0829326923076923
1 0.7932692307692307 0.21754807692307693 0.10336538461538461 0.0829326923076923
1 0.19230769230769232 0.4675480769230769 0.09735576923076923 0.14903846153846154
1 0.33774038461538464 0.46875 0.08533653846153846 0.1466346153846154
1 0.9002403846153846 0.030048076923076924 0.19591346153846154 0.03245192307692308
1 0.9675480769230769 0.20072115384615385 0.0625 0.051682692307692304