1 0.2247596153846154 0.1658653846153846 0.08173076923076923 0.11177884615384616
1 0.203125 0.359375 0.0985576923076923 0.14783653846153846
1 0.17067307692307693 0.5877403846153846 0.1201923076923077 0.19230769230769232
1 0.390625 0.3713942307692308 0.05889423076923077 0.052884615384615384
1 0.38461538461538464 0.5757211538461539 0.06370192307692307 0.09375
1 0.3870192307692308 0.15144230769230768 0.11778846153846154 0.08173076923076923
1 0.49278846153846156 0.15384615384615385 0.05048076923076923 0.06370192307692307
1 0.4951923076923077 0.33653846153846156 0.052884615384615384 0.09134615384615384
1 0.6165865384615384 0.15865384615384615 0.04567307692307692 0.0625
1 0.6334134615384616 0.3389423076923077 0.06009615384615385 0.0889423076923077
1 0.49759615384615385 0.5552884615384616 0.057692307692307696 0.10817307692307693
1 0.7644230769230769 0.15865384615384615 0.08533653846153846 0.0829326923076923
1 0.7283653846153846 0.375 0.04447115384615385 0.051682692307692304
1 0.140625 0.8161057692307693 0.10336538461538461 0.13341346153846154
1 0.35697115384615385 0.8185096153846154 0.07211538461538461 0.1346153846153846
1 0.4831730769230769 0.8076923076923077 0.06370192307692307 0.11899038461538461
1 0.7932692307692307 0.5673076923076923 0.15985576923076922 0.13822115384615385
1 0.875 0.18389423076923078 0.0829326923076923 0.10817307692307693
1 0.9086538461538461 0.3713942307692308 0.09375 0.14182692307692307
1 0.9483173076923077 0.5973557692307693 0.10216346153846154 0.18269230769230768
1 0.8185096153846154 0.765625 0.06009615384615385 0.0889423076923077
1 0.9603365384615384 0.7536057692307693 0.07692307692307693 0.07572115384615384
0 0.6105769230769231 0.7091346153846154 0.07572115384615384 0.22355769230769232