1 0.4879807692307692 0.1658653846153846 0.06850961538461539 0.054086538461538464
1 0.5805288461538461 0.1658653846153846 0.06009615384615385 0.051682692307692304
1 0.25961538461538464 0.18028846153846154 0.054086538461538464 0.016826923076923076
1 0.3701923076923077 0.17668269230769232 0.05048076923076923 0.010817307692307692
1 0.25 0.3293269230769231 0.055288461538461536 0.06610576923076923
1 0.375 0.32572115384615385 0.05889423076923077 0.06971153846153846
1 0.5036057692307693 0.29927884615384615 0.05889423076923077 0.05889423076923077
1 0.6045673076923077 0.2980769230769231 0.06370192307692307 0.06129807692307692
1 0.24879807692307693 0.4579326923076923 0.054086538461538464 0.038461538461538464
1 0.5204326923076923 0.4579326923076923 0.0673076923076923 0.07572115384615384
1 0.6298076923076923 0.4579326923076923 0.07091346153846154 0.07692307692307693
1 0.38341346153846156 0.4567307692307692 0.0673076923076923 0.046875
0 0.8918269230769231 0.8185096153846154 0.18870192307692307 0.18389423076923078
0 0.05048076923076923 0.7992788461538461 0.08413461538461539 0.18389423076923078