1 0.2536057692307692 0.2127403846153846 0.09254807692307693 0.037259615384615384
1 0.4675480769230769 0.21875 0.09134615384615384 0.040865384615384616
1 0.25600961538461536 0.32211538461538464 0.10096153846153846 0.03485576923076923
1 0.49399038461538464 0.32572115384615385 0.10096153846153846 0.037259615384615384
1 0.2644230769230769 0.44471153846153844 0.11177884615384616 0.04807692307692308
1 0.27524038461538464 0.6117788461538461 0.13581730769230768 0.07091346153846154
1 0.5276442307692307 0.453125 0.11177884615384616 0.04447115384615385
1 0.5745192307692307 0.609375 0.13942307692307693 0.078125
1 0.28365384615384615 0.8233173076923077 0.15625 0.10576923076923077
1 0.6358173076923077 0.8317307692307693 0.1502403846153846 0.10216346153846154
1 0.8930288461538461 0.8305288461538461 0.19951923076923078 0.13221153846153846