1 0.026442307692307692 0.4723557692307692 0.030048076923076924 0.03125
1 0.0733173076923077 0.4987980769230769 0.019230769230769232 0.021634615384615384
1 0.014423076923076924 0.5096153846153846 0.028846153846153848 0.038461538461538464
1 0.06009615384615385 0.5348557692307693 0.02283653846153846 0.02283653846153846
1 0.04567307692307692 0.5733173076923077 0.02403846153846154 0.026442307692307692
1 0.030048076923076924 0.6129807692307693 0.026442307692307692 0.025240384615384616
1 0.14783653846153846 0.390625 0.040865384615384616 0.039663461538461536
1 0.109375 0.5024038461538461 0.04447115384615385 0.04567307692307692
1 0.3004807692307692 0.18028846153846154 0.078125 0.06370192307692307
1 0.2620192307692308 0.3173076923076923 0.09495192307692307 0.08413461538461539
1 0.2127403846153846 0.4963942307692308 0.11298076923076923 0.0889423076923077
1 0.42427884615384615 0.16346153846153846 0.09735576923076923 0.06009615384615385
1 0.40384615384615385 0.3016826923076923 0.1141826923076923 0.08413461538461539
1 0.3786057692307692 0.4891826923076923 0.13341346153846154 0.0985576923076923
1 0.3449519230769231 0.734375 0.15985576923076922 0.14783653846153846
1 0.5877403846153846 0.140625 0.10096153846153846 0.06370192307692307
1 0.5853365384615384 0.28365384615384615 0.11778846153846154 0.08653846153846154
1 0.7487980769230769 0.1814903846153846 0.12620192307692307 0.06850961538461539
1 0.5865384615384616 0.4807692307692308 0.1346153846153846 0.0985576923076923
1 0.7716346153846154 0.3485576923076923 0.15384615384615385 0.09375
1 0.7956730769230769 0.5372596153846154 0.16105769230769232 0.04326923076923077
1 0.5901442307692307 0.7391826923076923 0.15985576923076922 0.16105769230769232
0 0.8521634615384616 0.8317307692307693 0.2283653846153846 0.2764423076923077