1 0.15384615384615385 0.7427884615384616 0.10697115384615384 0.11658653846153846
1 0.39302884615384615 0.7439903846153846 0.11057692307692307 0.12620192307692307
0 0.5516826923076923 0.7908653846153846 0.08413461538461539 0.23677884615384615
1 0.7800480769230769 0.7524038461538461 0.14182692307692307 0.1310096153846154
1 0.7608173076923077 0.4519230769230769 0.13581730769230768 0.07451923076923077
1 0.43990384615384615 0.43509615384615385 0.12980769230769232 0.13221153846153846
1 0.18629807692307693 0.4699519230769231 0.109375 0.109375
1 0.14543269230769232 0.21875 0.1935096153846154 0.09615384615384616
1 0.34375 0.17908653846153846 0.18028846153846154 0.16466346153846154
1 0.5384615384615384 0.15745192307692307 0.18509615384615385 0.1778846153846154
1 0.8052884615384616 0.17908653846153846 0.2980769230769231 0.1778846153846154