1 0.21153846153846154 0.11057692307692307 0.13341346153846154 0.08413461538461539
1 0.43149038461538464 0.12860576923076922 0.13341346153846154 0.07932692307692307
1 0.6418269230769231 0.14302884615384615 0.13822115384615385 0.07572115384615384
1 0.4495192307692308 0.35216346153846156 0.15384615384615385 0.12860576923076922
1 0.6899038461538461 0.3605769230769231 0.16346153846153846 0.12620192307692307
1 0.203125 0.3401442307692308 0.15144230769230768 0.13221153846153846
1 0.9543269230769231 0.4543269230769231 0.078125 0.09254807692307693
1 0.7536057692307693 0.7427884615384616 0.16826923076923078 0.15985576923076922
0 0.16346153846153846 0.7884615384615384 0.13942307692307693 0.24639423076923078
1 0.02283653846153846 0.5540865384615384 0.019230769230769232 0.02403846153846154
1 0.48197115384615385 0.7403846153846154 0.13942307692307693 0.16105769230769232