1 0.02403846153846154 0.265625 0.027644230769230768 0.046875
1 0.009615384615384616 0.35697115384615385 0.018028846153846152 0.051682692307692304
1 0.08173076923076923 0.3425480769230769 0.014423076923076924 0.013221153846153846
1 0.0829326923076923 0.3233173076923077 0.010817307692307692 0.018028846153846152
1 0.3269230769230769 0.3004807692307692 0.17307692307692307 0.09014423076923077
1 0.3173076923076923 0.49278846153846156 0.18870192307692307 0.10817307692307693
1 0.6550480769230769 0.49038461538461536 0.19110576923076922 0.10817307692307693
1 0.640625 0.29927884615384615 0.17548076923076922 0.09014423076923077
1 0.6286057692307693 0.1346153846153846 0.16466346153846154 0.07932692307692307
1 0.6430288461538461 0.7463942307692307 0.265625 0.17067307692307693
0 0.46875 0.7475961538461539 0.025240384615384616 0.15985576923076922
0 0.14903846153846154 0.7391826923076923 0.09254807692307693 0.13942307692307693
1 0.29927884615384615 0.7512019230769231 0.22596153846153846 0.1658653846153846
1 0.04567307692307692 0.7055288461538461 0.028846153846153848 0.04807692307692308
1 0.07572115384615384 0.7091346153846154 0.016826923076923076 0.04807692307692308
1 0.013221153846153846 0.703125 0.021634615384615384 0.052884615384615384
1 0.3317307692307692 0.13822115384615385 0.15865384615384615 0.08173076923076923