1 0.08774038461538461 0.42908653846153844 0.06971153846153846 0.10216346153846154
1 0.06490384615384616 0.6021634615384616 0.07692307692307693 0.11538461538461539
1 0.019230769230769232 0.7572115384615384 0.027644230769230768 0.04447115384615385
1 0.06850961538461539 0.7608173076923077 0.015625 0.038461538461538464
1 0.008413461538461538 0.49759615384615385 0.01201923076923077 0.039663461538461536
1 0.24278846153846154 0.4423076923076923 0.10817307692307693 0.07572115384615384
1 0.4170673076923077 0.43149038461538464 0.10576923076923077 0.09615384615384616
1 0.23197115384615385 0.6117788461538461 0.11899038461538461 0.09134615384615384
1 0.39302884615384615 0.6057692307692307 0.06490384615384616 0.11778846153846154
1 0.5925480769230769 0.6045673076923077 0.11538461538461539 0.11899038461538461
1 0.5420673076923077 0.4579326923076923 0.027644230769230768 0.040865384615384616
0 0.5973557692307693 0.4543269230769231 0.015625 0.06129807692307692
1 0.7487980769230769 0.453125 0.109375 0.07572115384615384
1 0.7752403846153846 0.6165865384615384 0.12259615384615384 0.09014423076923077
1 0.9242788461538461 0.6105769230769231 0.0829326923076923 0.11298076923076923
1 0.9495192307692307 0.3293269230769231 0.03245192307692308 0.03485576923076923
1 0.9735576923076923 0.43509615384615385 0.036057692307692304 0.051682692307692304
1 0.90625 0.47115384615384615 0.038461538461538464 0.04447115384615385
1 0.7259615384615384 0.3125 0.09975961538461539 0.0625
1 0.4266826923076923 0.171875 0.05048076923076923 0.04567307692307692
1 0.5396634615384616 0.17668269230769232 0.05048076923076923 0.04447115384615385
0 0.3942307692307692 0.30649038461538464 0.025240384615384616 0.028846153846153848
1 0.4266826923076923 0.31490384615384615 0.030048076923076924 0.016826923076923076
1 0.5336538461538461 0.31971153846153844 0.025240384615384616 0.010817307692307692
0 0.5817307692307693 0.3076923076923077 0.01201923076923077 0.040865384615384616
1 0.4050480769230769 0.8088942307692307 0.05889423076923077 0.09615384615384616
1 0.5865384615384616 0.8088942307692307 0.0625 0.09615384615384616
0 0.49038461538461536 0.8329326923076923 0.0625 0.14182692307692307
0 0.7487980769230769 0.8088942307692307 0.11658653846153846 0.09495192307692307
1 0.9555288461538461 0.7764423076923077 0.014423076923076924 0.018028846153846152
1 0.9903846153846154 0.5444711538461539 0.016826923076923076 0.051682692307692304
1 0.43990384615384615 0.6225961538461539 0.021634615384615384 0.07451923076923077
1 0.2439903846153846 0.8076923076923077 0.10336538461538461 0.09375
1 0.25 0.2956730769230769 0.10697115384615384 0.06971153846153846