1 0.11778846153846154 0.27403846153846156 0.09375 0.18629807692307693
1 0.2800480769230769 0.2824519230769231 0.16947115384615385 0.18629807692307693
0 0.41466346153846156 0.35216346153846156 0.09254807692307693 0.28725961538461536
1 0.734375 0.3161057692307692 0.22235576923076922 0.18389423076923078
0 0.41346153846153844 0.7620192307692307 0.09375 0.18990384615384615
0 0.859375 0.7740384615384616 0.06850961538461539 0.1814903846153846
1 0.10096153846153846 0.6490384615384616 0.11899038461538461 0.1502403846153846
1 0.6514423076923077 0.734375 0.23798076923076922 0.2956730769230769
0 0.5721153846153846 0.7836538461538461 0.08173076923076923 0.23076923076923078
1 0.33774038461538464 0.7367788461538461 0.2536057692307692 0.3112980769230769
1 0.7379807692307693 0.036057692307692304 0.20552884615384615 0.05889423076923077