1 0.27163461538461536 0.36538461538461536 0.1658653846153846 0.14182692307692307
1 0.2692307692307692 0.5540865384615384 0.17427884615384615 0.14182692307692307
1 0.5168269230769231 0.3954326923076923 0.08173076923076923 0.07451923076923077
1 0.6730769230769231 0.421875 0.09254807692307693 0.0985576923076923
1 0.5300480769230769 0.5949519230769231 0.08774038461538461 0.09375
1 0.8485576923076923 0.5024038461538461 0.10096153846153846 0.1201923076923077
1 0.8774038461538461 0.6730769230769231 0.10576923076923077 0.11298076923076923
1 0.7199519230769231 0.6213942307692307 0.17067307692307693 0.12139423076923077
1 0.2704326923076923 0.7980769230769231 0.19110576923076922 0.15384615384615385
1 0.5504807692307693 0.828125 0.1045673076923077 0.11538461538461539
1 0.75 0.8485576923076923 0.17908653846153846 0.12740384615384615
1 0.9194711538461539 0.8870192307692307 0.11899038461538461 0.11778846153846154