1 0.6971153846153846 0.2668269230769231 0.0673076923076923 0.12259615384615384
1 0.5973557692307693 0.26802884615384615 0.06610576923076923 0.12139423076923077
1 0.1466346153846154 0.36778846153846156 0.055288461538461536 0.09375
1 0.23677884615384615 0.3401442307692308 0.04447115384615385 0.039663461538461536
1 0.140625 0.5877403846153846 0.04927884615384615 0.10096153846153846
1 0.3016826923076923 0.5673076923076923 0.06370192307692307 0.13341346153846154
1 0.4098557692307692 0.5673076923076923 0.06490384615384616 0.12860576923076922
1 0.6610576923076923 0.5685096153846154 0.07692307692307693 0.13581730769230768
1 0.7764423076923077 0.5649038461538461 0.07692307692307693 0.12860576923076922
1 0.23557692307692307 0.8040865384615384 0.03245192307692308 0.09254807692307693
1 0.5276442307692307 0.7704326923076923 0.08533653846153846 0.039663461538461536
1 0.7644230769230769 0.8545673076923077 0.020432692307692308 0.040865384615384616
0 0.5336538461538461 0.8882211538461539 0.0829326923076923 0.171875