1 0.08533653846153846 0.24278846153846154 0.039663461538461536 0.052884615384615384
1 0.13341346153846154 0.24759615384615385 0.038461538461538464 0.052884615384615384
1 0.21634615384615385 0.4338942307692308 0.13341346153846154 0.10096153846153846
1 0.41466346153846156 0.32091346153846156 0.09254807692307693 0.07451923076923077
1 0.4326923076923077 0.49278846153846156 0.11658653846153846 0.10576923076923077
1 0.17908653846153846 0.7259615384615384 0.171875 0.16826923076923078
1 0.4495192307692308 0.7608173076923077 0.1346153846153846 0.16346153846153846
1 0.5252403846153846 0.3125 0.028846153846153848 0.019230769230769232
1 0.5600961538461539 0.4795673076923077 0.03485576923076923 0.03125
1 0.6754807692307693 0.36658653846153844 0.057692307692307696 0.0625
1 0.7331730769230769 0.5216346153846154 0.057692307692307696 0.055288461538461536
1 0.5925480769230769 0.7247596153846154 0.04326923076923077 0.042067307692307696
1 0.6334134615384616 0.9122596153846154 0.04807692307692308 0.051682692307692304
1 0.7884615384615384 0.7896634615384616 0.09254807692307693 0.13221153846153846
1 0.8581730769230769 0.5480769230769231 0.109375 0.08052884615384616
1 0.9134615384615384 0.7992788461538461 0.15504807692307693 0.1310096153846154