1 0.31009615384615385 0.09254807692307693 0.09375 0.03485576923076923
1 0.49278846153846156 0.09495192307692307 0.07692307692307693 0.036057692307692304
1 0.27884615384615385 0.2127403846153846 0.11538461538461539 0.056490384615384616
1 0.5012019230769231 0.2127403846153846 0.10216346153846154 0.057692307692307696
1 0.22956730769230768 0.3954326923076923 0.15264423076923078 0.10576923076923077
1 0.5132211538461539 0.39783653846153844 0.12980769230769232 0.10817307692307693
1 0.018028846153846152 0.44350961538461536 0.03365384615384615 0.042067307692307696
1 0.05889423076923077 0.48197115384615385 0.039663461538461536 0.052884615384615384
1 0.007211538461538462 0.5 0.010817307692307692 0.028846153846153848
1 0.07451923076923077 0.5492788461538461 0.040865384615384616 0.056490384615384616
1 0.055288461538461536 0.6009615384615384 0.046875 0.06009615384615385
1 0.009615384615384616 0.5889423076923077 0.016826923076923076 0.036057692307692304
1 0.027644230769230768 0.6550480769230769 0.020432692307692308 0.027644230769230768
1 0.010817307692307692 0.7151442307692307 0.016826923076923076 0.02403846153846154
1 0.19951923076923078 0.734375 0.2704326923076923 0.2247596153846154
1 0.5360576923076923 0.7487980769230769 0.31971153846153844 0.2403846153846154
0 0.6838942307692307 0.8713942307692307 0.13822115384615385 0.25240384615384615
1 0.8533653846153846 0.6670673076923077 0.25240384615384615 0.07091346153846154
1 0.9723557692307693 0.5360576923076923 0.051682692307692304 0.06610576923076923
1 0.9230769230769231 0.31850961538461536 0.15144230769230768 0.0985576923076923
1 0.7019230769230769 0.43028846153846156 0.06129807692307692 0.030048076923076924
1 0.8473557692307693 0.16346153846153846 0.14182692307692307 0.06129807692307692
1 0.9675480769230769 0.16466346153846154 0.05889423076923077 0.055288461538461536
1 0.9026442307692307 0.06490384615384616 0.08413461538461539 0.03485576923076923
1 0.7824519230769231 0.06490384615384616 0.11057692307692307 0.04326923076923077
1 0.59375 0.0829326923076923 0.015625 0.038461538461538464
1 0.6574519230769231 0.0829326923076923 0.11538461538461539 0.039663461538461536