1 0.23677884615384615 0.35697115384615385 0.14423076923076922 0.09495192307692307
1 0.21394230769230768 0.5420673076923077 0.15144230769230768 0.09615384615384616
1 0.6310096153846154 0.31490384615384615 0.17908653846153846 0.09134615384615384
1 0.6995192307692307 0.296875 0.12379807692307693 0.08413461538461539
1 0.6454326923076923 0.5060096153846154 0.22235576923076922 0.12139423076923077
1 0.9783653846153846 0.3401442307692308 0.026442307692307692 0.08774038461538461
1 0.9879807692307693 0.5288461538461539 0.019230769230769232 0.10096153846153846
0 0.08774038461538461 0.8569711538461539 0.09254807692307693 0.15625
1 0.10096153846153846 0.7451923076923077 0.07692307692307693 0.06009615384615385
1 0.28846153846153844 0.8064903846153846 0.21634615384615385 0.21033653846153846
1 0.6622596153846154 0.7944711538461539 0.47475961538461536 0.2283653846153846
0 0.7091346153846154 0.8545673076923077 0.12379807692307693 0.18870192307692307