1 0.5432692307692307 0.08052884615384616 0.05048076923076923 0.037259615384615384
1 0.6358173076923077 0.07932692307692307 0.051682692307692304 0.036057692307692304
1 0.5552884615384616 0.19831730769230768 0.05889423076923077 0.051682692307692304
1 0.6646634615384616 0.19591346153846154 0.0625 0.052884615384615384
1 0.5697115384615384 0.3545673076923077 0.07211538461538461 0.07692307692307693
1 0.6947115384615384 0.35336538461538464 0.078125 0.07572115384615384
1 0.265625 0.3918269230769231 0.052884615384615384 0.019230769230769232
1 0.35697115384615385 0.38822115384615385 0.05048076923076923 0.021634615384615384
1 0.4387019230769231 0.38461538461538464 0.036057692307692304 0.025240384615384616
1 0.20552884615384615 0.5817307692307693 0.11899038461538461 0.06850961538461539
1 0.36899038461538464 0.5829326923076923 0.1814903846153846 0.07091346153846154
1 0.18990384615384615 0.6923076923076923 0.10817307692307693 0.06971153846153846
0 0.15504807692307693 0.8497596153846154 0.15625 0.24278846153846154
1 0.35096153846153844 0.7548076923076923 0.21153846153846154 0.18509615384615385
1 0.6165865384615384 0.7536057692307693 0.23798076923076922 0.19110576923076922
1 0.7572115384615384 0.578125 0.09615384615384616 0.07091346153846154
0 0.796875 0.8016826923076923 0.11778846153846154 0.2764423076923077
1 0.9435096153846154 0.8221153846153846 0.10697115384615384 0.32211538461538464
1 0.9579326923076923 0.44350961538461536 0.08052884615384616 0.11298076923076923
1 0.9158653846153846 0.24759615384615385 0.13942307692307693 0.06971153846153846
0 0.038461538461538464 0.8389423076923077 0.07091346153846154 0.23317307692307693