0 0.8052884615384616 0.9086538461538461 0.15985576923076922 0.13581730769230768
1 0.8269230769230769 0.8161057692307693 0.13221153846153846 0.03485576923076923
1 0.07091346153846154 0.6923076923076923 0.12740384615384615 0.056490384615384616
1 0.1045673076923077 0.5865384615384616 0.12139423076923077 0.05048076923076923
1 0.1346153846153846 0.49399038461538464 0.11177884615384616 0.04326923076923077
1 0.3293269230769231 0.48197115384615385 0.10576923076923077 0.04567307692307692
1 0.31490384615384615 0.5757211538461539 0.11778846153846154 0.052884615384615384
1 0.30649038461538464 0.6923076923076923 0.11778846153846154 0.056490384615384616
1 0.15985576923076922 0.41346153846153844 0.09735576923076923 0.038461538461538464
1 0.1814903846153846 0.34134615384615385 0.09375 0.03245192307692308
1 0.19951923076923078 0.2800480769230769 0.08774038461538461 0.028846153846153848
1 0.21754807692307693 0.22355769230769232 0.08173076923076923 0.026442307692307692
1 0.3762019230769231 0.20072115384615385 0.09014423076923077 0.030048076923076924
1 0.3641826923076923 0.25961538461538464 0.08653846153846154 0.027644230769230768
1 0.3545673076923077 0.3233173076923077 0.09615384615384616 0.03125
1 0.3449519230769231 0.3954326923076923 0.10336538461538461 0.037259615384615384
1 0.53125 0.1502403846153846 0.06129807692307692 0.007211538461538462
1 0.6598557692307693 0.15264423076923078 0.06850961538461539 0.021634615384615384
1 0.53125 0.22596153846153846 0.07572115384615384 0.026442307692307692
1 0.7704326923076923 0.15384615384615385 0.06009615384615385 0.004807692307692308
1 0.6658653846153846 0.19951923076923078 0.07572115384615384 0.025240384615384616
1 0.6730769230769231 0.2536057692307692 0.07932692307692307 0.028846153846153848
1 0.5276442307692307 0.28125 0.07932692307692307 0.03125
1 0.5264423076923077 0.34375 0.08413461538461539 0.030048076923076924
1 0.5252403846153846 0.41466346153846156 0.08653846153846154 0.037259615384615384
1 0.5240384615384616 0.4951923076923077 0.09495192307692307 0.04326923076923077
1 0.6802884615384616 0.3125 0.0829326923076923 0.03245192307692308
1 0.8100961538461539 0.2283653846153846 0.08173076923076923 0.026442307692307692
1 0.8221153846153846 0.2848557692307692 0.0889423076923077 0.028846153846153848
1 0.6875 0.3786057692307692 0.0889423076923077 0.03485576923076923
1 0.8401442307692307 0.3473557692307692 0.09014423076923077 0.03125
1 0.6947115384615384 0.45552884615384615 0.09615384615384616 0.040865384615384616
1 0.8545673076923077 0.4170673076923077 0.0985576923076923 0.039663461538461536
1 0.8713942307692307 0.49759615384615385 0.10216346153846154 0.04326923076923077
1 0.7043269230769231 0.5396634615384616 0.10336538461538461 0.04567307692307692
1 0.5216346153846154 0.5877403846153846 0.10216346153846154 0.05048076923076923
1 0.7163461538461539 0.6370192307692307 0.11298076923076923 0.054086538461538464
1 0.5192307692307693 0.6911057692307693 0.1141826923076923 0.057692307692307696
1 0.8942307692307693 0.5877403846153846 0.109375 0.05048076923076923
1 0.9266826923076923 0.6887019230769231 0.12379807692307693 0.052884615384615384
1 0.9302884615384616 0.15625 0.13581730769230768 0.028846153846153848
1 0.9627403846153846 0.20673076923076922 0.07211538461538461 0.025240384615384616
1 0.9723557692307693 0.2644230769230769 0.051682692307692304 0.028846153846153848
1 0.9831730769230769 0.328125 0.03125 0.030048076923076924
1 0.9663461538461539 0.8149038461538461 0.0625 0.05889423076923077