1 0.109375 0.23677884615384615 0.1658653846153846 0.078125
1 0.41225961538461536 0.21875 0.17548076923076922 0.08413461538461539
1 0.6850961538461539 0.19230769230769232 0.09975961538461539 0.06850961538461539
1 0.08413461538461539 0.3918269230769231 0.16706730769230768 0.10096153846153846
1 0.4074519230769231 0.3786057692307692 0.19471153846153846 0.10336538461538461
1 0.7079326923076923 0.3557692307692308 0.1141826923076923 0.078125
1 0.06971153846153846 0.5841346153846154 0.13341346153846154 0.11658653846153846
1 0.39783653846153844 0.5757211538461539 0.21634615384615385 0.12860576923076922
1 0.734375 0.5588942307692307 0.1310096153846154 0.10096153846153846
1 0.06370192307692307 0.8125 0.125 0.12860576923076922
1 0.36177884615384615 0.8473557692307693 0.2644230769230769 0.14903846153846154
1 0.8257211538461539 0.8533653846153846 0.20552884615384615 0.15865384615384615
1 0.6694711538461539 0.7824519230769231 0.08533653846153846 0.019230769230769232
1 0.5420673076923077 0.78125 0.08173076923076923 0.016826923076923076
0 0.5480769230769231 0.8882211538461539 0.09615384615384616 0.17427884615384615
0 0.6826923076923077 0.8894230769230769 0.10817307692307693 0.1778846153846154