0 0.06490384615384616 0.44350961538461536 0.04326923076923077 0.04807692307692308
1 0.21754807692307693 0.24879807692307693 0.052884615384615384 0.0625
1 0.21754807692307693 0.4230769230769231 0.057692307692307696 0.08413461538461539
1 0.35096153846153844 0.2608173076923077 0.052884615384615384 0.0625
1 0.3629807692307692 0.4326923076923077 0.06009615384615385 0.08413461538461539
1 0.5168269230769231 0.21875 0.0625 0.0673076923076923
1 0.6346153846153846 0.23197115384615385 0.06490384615384616 0.06490384615384616
1 0.5492788461538461 0.4014423076923077 0.07451923076923077 0.09254807692307693
1 0.6826923076923077 0.4110576923076923 0.08052884615384616 0.08774038461538461
0 0.5192307692307693 0.6983173076923077 0.11658653846153846 0.18028846153846154
1 0.6490384615384616 0.6646634615384616 0.06971153846153846 0.09975961538461539
1 0.21033653846153846 0.6646634615384616 0.054086538461538464 0.09735576923076923
1 0.34975961538461536 0.6682692307692307 0.055288461538461536 0.09495192307692307