1 0.09134615384615384 0.18389423076923078 0.0733173076923077 0.11177884615384616
1 0.24759615384615385 0.18870192307692307 0.09735576923076923 0.08173076923076923
1 0.484375 0.20793269230769232 0.1310096153846154 0.11538461538461539
1 0.7043269230769231 0.21033653846153846 0.1346153846153846 0.12379807692307693
1 0.24158653846153846 0.3786057692307692 0.11057692307692307 0.09375
1 0.49399038461538464 0.39663461538461536 0.13221153846153846 0.12620192307692307
1 0.7223557692307693 0.4014423076923077 0.13581730769230768 0.1346153846153846
1 0.2439903846153846 0.5997596153846154 0.1141826923076923 0.11658653846153846
1 0.5048076923076923 0.6189903846153846 0.14543269230769232 0.15264423076923078
1 0.7487980769230769 0.6129807692307693 0.15625 0.15384615384615385
1 0.2536057692307692 0.8401442307692307 0.09615384615384616 0.0985576923076923
1 0.4519230769230769 0.8365384615384616 0.04447115384615385 0.09735576923076923
1 0.7319711538461539 0.8341346153846154 0.09975961538461539 0.109375
1 0.9002403846153846 0.8269230769230769 0.06850961538461539 0.08052884615384616
1 0.9579326923076923 0.8305288461538461 0.06370192307692307 0.07211538461538461
1 0.9591346153846154 0.4014423076923077 0.014423076923076924 0.026442307692307692
1 0.9819711538461539 0.5204326923076923 0.02403846153846154 0.03125
1 0.9206730769230769 0.5673076923076923 0.020432692307692308 0.07091346153846154
1 0.018028846153846152 0.6358173076923077 0.03125 0.030048076923076924
1 0.008413461538461538 0.7043269230769231 0.010817307692307692 0.03245192307692308
1 0.013221153846153846 0.7764423076923077 0.021634615384615384 0.03365384615384615
0 0.5336538461538461 0.8485576923076923 0.07091346153846154 0.11538461538461539
0 0.6310096153846154 0.8449519230769231 0.078125 0.12139423076923077