1 0.2776442307692308 0.1778846153846154 0.1201923076923077 0.1045673076923077
1 0.49399038461538464 0.21875 0.10576923076923077 0.09975961538461539
1 0.7415865384615384 0.2932692307692308 0.07451923076923077 0.03485576923076923
1 0.2668269230769231 0.3713942307692308 0.13942307692307693 0.1502403846153846
1 0.5144230769230769 0.4050480769230769 0.12139423076923077 0.13581730769230768
1 0.8004807692307693 0.49278846153846156 0.08653846153846154 0.046875
1 0.7932692307692307 0.4026442307692308 0.054086538461538464 0.03485576923076923
1 0.2512019230769231 0.6490384615384616 0.16466346153846154 0.1875
1 0.5384615384615384 0.6502403846153846 0.140625 0.15625
1 0.9903846153846154 0.14903846153846154 0.016826923076923076 0.039663461538461536
0 0.9110576923076923 0.828125 0.15144230769230768 0.22115384615384615