1 0.25240384615384615 0.1622596153846154 0.07211538461538461 0.03245192307692308
1 0.42908653846153844 0.15144230769230768 0.0673076923076923 0.036057692307692304
1 0.5853365384615384 0.13822115384615385 0.054086538461538464 0.030048076923076924
1 0.7451923076923077 0.125 0.10216346153846154 0.04567307692307692
1 0.20793269230769232 0.2608173076923077 0.08173076923076923 0.04447115384615385
1 0.4026442307692308 0.25 0.07932692307692307 0.04807692307692308
1 0.5757211538461539 0.2403846153846154 0.06490384615384616 0.037259615384615384
1 0.7463942307692307 0.234375 0.11778846153846154 0.0829326923076923
1 0.84375 0.19230769230769232 0.05889423076923077 0.03245192307692308
1 0.859375 0.2860576923076923 0.08052884615384616 0.04326923076923077
1 0.16105769230769232 0.375 0.08774038461538461 0.054086538461538464
1 0.37259615384615385 0.36538461538461536 0.08413461538461539 0.051682692307692304
1 0.5612980769230769 0.3557692307692308 0.07091346153846154 0.04567307692307692
1 0.7512019230769231 0.33774038461538464 0.11899038461538461 0.0625
1 0.8689903846153846 0.39663461538461536 0.07211538461538461 0.05048076923076923
1 0.0985576923076923 0.5192307692307693 0.109375 0.0733173076923077
1 0.04326923076923077 0.6887019230769231 0.07932692307692307 0.08413461538461539
1 0.2776442307692308 0.6850961538461539 0.1141826923076923 0.08774038461538461
1 0.3329326923076923 0.5084134615384616 0.10576923076923077 0.07692307692307693
1 0.5444711538461539 0.49759615384615385 0.07692307692307693 0.054086538461538464
1 0.5228365384615384 0.6754807692307693 0.08413461538461539 0.078125
1 0.7524038461538461 0.5036057692307693 0.1346153846153846 0.12620192307692307
1 0.8870192307692307 0.53125 0.08774038461538461 0.06490384615384616
1 0.7584134615384616 0.6586538461538461 0.15504807692307693 0.1045673076923077
1 0.90625 0.6923076923076923 0.09735576923076923 0.07451923076923077
1 0.22956730769230768 0.8978365384615384 0.13221153846153846 0.09975961538461539
1 0.49158653846153844 0.8990384615384616 0.10576923076923077 0.09975961538461539
1 0.7415865384615384 0.9110576923076923 0.11057692307692307 0.1201923076923077
1 0.9194711538461539 0.8894230769230769 0.1045673076923077 0.10216346153846154