1 0.1346153846153846 0.15745192307692307 0.06610576923076923 0.09014423076923077
0 0.1971153846153846 0.17067307692307693 0.056490384615384616 0.1045673076923077
1 0.40384615384615385 0.11658653846153846 0.10697115384615384 0.04807692307692308
1 0.4098557692307692 0.17067307692307693 0.109375 0.057692307692307696
1 0.6826923076923077 0.14423076923076922 0.08413461538461539 0.030048076923076924
1 0.6959134615384616 0.1971153846153846 0.09615384615384616 0.06610576923076923
1 0.7608173076923077 0.41346153846153844 0.12980769230769232 0.12259615384615384
1 0.84375 0.7235576923076923 0.14783653846153846 0.16826923076923078
1 0.13701923076923078 0.6670673076923077 0.23798076923076922 0.042067307692307696
1 0.13341346153846154 0.359375 0.2091346153846154 0.17548076923076922
1 0.43509615384615385 0.39783653846153844 0.12860576923076922 0.13221153846153846
0 0.5612980769230769 0.8028846153846154 0.27163461538461536 0.31850961538461536
0 0.14182692307692307 0.8425480769230769 0.25961538461538464 0.3088942307692308