1 0.018028846153846152 0.20432692307692307 0.036057692307692304 0.08653846153846154
1 0.1045673076923077 0.22235576923076922 0.07572115384615384 0.0829326923076923
1 0.20673076923076922 0.2439903846153846 0.0673076923076923 0.08533653846153846
1 0.29927884615384615 0.2620192307692308 0.06971153846153846 0.08173076923076923
1 0.3870192307692308 0.2800480769230769 0.06850961538461539 0.08413461538461539
1 0.4735576923076923 0.2980769230769231 0.06971153846153846 0.07932692307692307
1 0.5528846153846154 0.3161057692307692 0.06370192307692307 0.0829326923076923
1 0.6310096153846154 0.33413461538461536 0.06370192307692307 0.07572115384615384
1 0.7331730769230769 0.42908653846153844 0.06610576923076923 0.07692307692307693
1 0.015625 0.3942307692307692 0.030048076923076924 0.09615384615384616
1 0.10336538461538461 0.4074519230769231 0.08413461538461539 0.10096153846153846
1 0.2127403846153846 0.4254807692307692 0.07572115384615384 0.10216346153846154
1 0.3161057692307692 0.4411057692307692 0.07692307692307693 0.09495192307692307
1 0.41225961538461536 0.4579326923076923 0.0733173076923077 0.10216346153846154
1 0.5024038461538461 0.4723557692307692 0.07211538461538461 0.09375
1 0.5889423076923077 0.484375 0.06971153846153846 0.08774038461538461
1 0.6742788461538461 0.5 0.06971153846153846 0.08413461538461539
1 0.7800480769230769 0.6069711538461539 0.06490384615384616 0.09014423076923077
1 0.7199519230769231 0.6971153846153846 0.078125 0.10576923076923077
1 0.6310096153846154 0.6887019230769231 0.078125 0.10096153846153846
1 0.5360576923076923 0.6766826923076923 0.08052884615384616 0.11177884615384616
1 0.4387019230769231 0.6682692307692307 0.0829326923076923 0.11538461538461539
1 0.3329326923076923 0.6586538461538461 0.08173076923076923 0.1141826923076923
1 0.22355769230769232 0.6466346153846154 0.08774038461538461 0.125
1 0.0985576923076923 0.6346153846153846 0.09254807692307693 0.12980769230769232
1 0.009615384615384616 0.625 0.019230769230769232 0.12139423076923077
1 0.8353365384615384 0.8125 0.07091346153846154 0.10576923076923077
1 0.7632211538461539 0.8737980769230769 0.05889423076923077 0.018028846153846152
1 0.6814903846153846 0.9254807692307693 0.09014423076923077 0.125
1 0.5769230769230769 0.9206730769230769 0.09134615384615384 0.12980769230769232
1 0.4723557692307692 0.9194711538461539 0.09254807692307693 0.13341346153846154
1 0.35697115384615385 0.9182692307692307 0.09254807692307693 0.13942307692307693
1 0.23317307692307693 0.9158653846153846 0.09735576923076923 0.14423076923076922
1 0.09615384615384616 0.9122596153846154 0.09975961538461539 0.15504807692307693