1 0.19831730769230768 0.24158653846153846 0.14423076923076922 0.12980769230769232
1 0.3245192307692308 0.24158653846153846 0.13341346153846154 0.13581730769230768
1 0.4543269230769231 0.23677884615384615 0.10576923076923077 0.12740384615384615
1 0.1502403846153846 0.5540865384615384 0.15504807692307693 0.18990384615384615
1 0.2800480769230769 0.5552884615384616 0.140625 0.19591346153846154
1 0.4098557692307692 0.5540865384615384 0.12860576923076922 0.18990384615384615
1 0.6310096153846154 0.5612980769230769 0.09375 0.18269230769230768
0 0.7403846153846154 0.7439903846153846 0.1622596153846154 0.29447115384615385
0 0.8858173076923077 0.7692307692307693 0.11899038461538461 0.22956730769230768
1 0.7548076923076923 0.5276442307692307 0.13581730769230768 0.13221153846153846
1 0.8786057692307693 0.5552884615384616 0.09495192307692307 0.18990384615384615
1 0.6430288461538461 0.27163461538461536 0.10216346153846154 0.12379807692307693
1 0.7512019230769231 0.26802884615384615 0.08173076923076923 0.12740384615384615
1 0.8497596153846154 0.265625 0.07932692307692307 0.12740384615384615
1 0.7608173076923077 0.11778846153846154 0.06370192307692307 0.03245192307692308
1 0.04447115384615385 0.8016826923076923 0.06850961538461539 0.04807692307692308
1 0.1875 0.8076923076923077 0.09375 0.055288461538461536
1 0.34975961538461536 0.8197115384615384 0.07932692307692307 0.06850961538461539