1 0.03485576923076923 0.06129807692307692 0.06971153846153846 0.02403846153846154
1 0.15625 0.07211538461538461 0.08413461538461539 0.020432692307692308
1 0.13341346153846154 0.14903846153846154 0.09375 0.028846153846153848
1 0.07932692307692307 0.2439903846153846 0.1310096153846154 0.054086538461538464
1 0.3629807692307692 0.24158653846153846 0.1310096153846154 0.04326923076923077
1 0.6514423076923077 0.23918269230769232 0.11057692307692307 0.042067307692307696
1 0.9230769230769231 0.1466346153846154 0.14903846153846154 0.0625
1 0.96875 0.26802884615384615 0.05889423076923077 0.055288461538461536
1 0.04447115384615385 0.36177884615384615 0.08774038461538461 0.06610576923076923
1 0.3473557692307692 0.36177884615384615 0.15144230769230768 0.0625
1 0.6802884615384616 0.3581730769230769 0.12860576923076922 0.06370192307692307
1 0.32211538461538464 0.53125 0.18269230769230768 0.09975961538461539
1 0.7211538461538461 0.53125 0.1622596153846154 0.09975961538461539
1 0.734375 0.7475961538461539 0.3389423076923077 0.04567307692307692
1 0.4326923076923077 0.7475961538461539 0.17427884615384615 0.040865384615384616
1 0.42908653846153844 0.8485576923076923 0.19831730769230768 0.140625
1 0.765625 0.8509615384615384 0.3918269230769231 0.14543269230769232
1 0.15625 0.7463942307692307 0.09375 0.04807692307692308
1 0.2620192307692308 0.7427884615384616 0.09615384615384616 0.037259615384615384
1 0.026442307692307692 0.8088942307692307 0.052884615384615384 0.1466346153846154
0 0.11899038461538461 0.8834134615384616 0.14543269230769232 0.21394230769230768
0 0.23798076923076922 0.8786057692307693 0.12980769230769232 0.22115384615384615