1 0.3701923076923077 0.1971153846153846 0.1141826923076923 0.04447115384615385
1 0.5697115384615384 0.20192307692307693 0.11177884615384616 0.040865384615384616
1 0.38341346153846156 0.31490384615384615 0.125 0.07572115384615384
1 0.3942307692307692 0.46153846153846156 0.12980769230769232 0.08533653846153846
1 0.6177884615384616 0.4651442307692308 0.13942307692307693 0.09134615384615384
1 0.5901442307692307 0.3173076923076923 0.12860576923076922 0.078125
1 0.40865384615384615 0.6286057692307693 0.14182692307692307 0.09495192307692307
1 0.6442307692307693 0.6346153846153846 0.14903846153846154 0.10336538461538461
1 0.4050480769230769 0.8209134615384616 0.13581730769230768 0.0985576923076923
1 0.038461538461538464 0.8197115384615384 0.0625 0.11899038461538461
1 0.1971153846153846 0.8209134615384616 0.07211538461538461 0.09975961538461539
1 0.20192307692307693 0.3088942307692308 0.06370192307692307 0.0733173076923077
1 0.20552884615384615 0.4579326923076923 0.06850961538461539 0.08533653846153846
1 0.20673076923076922 0.6262019230769231 0.06971153846153846 0.09615384615384616
1 0.013221153846153846 0.5901442307692307 0.02403846153846154 0.042067307692307696
1 0.5793269230769231 0.7992788461538461 0.11057692307692307 0.05048076923076923
0 0.5961538461538461 0.8954326923076923 0.125 0.14302884615384615
1 0.78125 0.8233173076923077 0.1466346153846154 0.09375
1 0.8064903846153846 0.4699519230769231 0.08052884615384616 0.08774038461538461
1 0.9495192307692307 0.47836538461538464 0.0733173076923077 0.09134615384615384
1 0.9879807692307693 0.4206730769230769 0.020432692307692308 0.05889423076923077
1 0.7692307692307693 0.3245192307692308 0.06610576923076923 0.07211538461538461
1 0.8413461538461539 0.6346153846153846 0.08052884615384616 0.09615384615384616
0 0.953125 0.8040865384615384 0.06610576923076923 0.06971153846153846
0 0.9543269230769231 0.8737980769230769 0.02403846153846154 0.026442307692307692
0 0.984375 0.8725961538461539 0.02283653846153846 0.025240384615384616