1 0.2692307692307692 0.14182692307692307 0.21394230769230768 0.06490384615384616
1 0.6081730769230769 0.14543269230769232 0.21995192307692307 0.06610576923076923
1 0.2620192307692308 0.30288461538461536 0.23317307692307693 0.08052884615384616
1 0.640625 0.30408653846153844 0.23918269230769232 0.07932692307692307
1 0.25721153846153844 0.5084134615384616 0.24759615384615385 0.11057692307692307
1 0.6682692307692307 0.5072115384615384 0.265625 0.10697115384615384
1 0.12860576923076922 0.7019230769230769 0.14543269230769232 0.039663461538461536
0 0.11778846153846154 0.8461538461538461 0.15384615384615385 0.19831730769230768
1 0.35096153846153844 0.6971153846153846 0.23918269230769232 0.025240384615384616
1 0.6935096153846154 0.6995192307692307 0.35096153846153844 0.027644230769230768
0 0.7295673076923077 0.8653846153846154 0.2247596153846154 0.19110576923076922
0 0.3605769230769231 0.8689903846153846 0.27524038461538464 0.20192307692307693