1 0.3557692307692308 0.16105769230769232 0.08173076923076923 0.052884615384615384
1 0.6418269230769231 0.171875 0.0733173076923077 0.051682692307692304
1 0.8389423076923077 0.16105769230769232 0.08173076923076923 0.055288461538461536
1 0.33052884615384615 0.296875 0.08413461538461539 0.06009615384615385
1 0.6322115384615384 0.30528846153846156 0.08533653846153846 0.06009615384615385
1 0.8425480769230769 0.2956730769230769 0.08052884615384616 0.06370192307692307
1 0.3016826923076923 0.4483173076923077 0.08774038461538461 0.0733173076923077
1 0.6213942307692307 0.4543269230769231 0.08653846153846154 0.07211538461538461
1 0.8425480769230769 0.44591346153846156 0.0889423076923077 0.0733173076923077
1 0.2668269230769231 0.6201923076923077 0.10817307692307693 0.08653846153846154
1 0.6069711538461539 0.6225961538461539 0.0985576923076923 0.08653846153846154
1 0.8461538461538461 0.6189903846153846 0.09495192307692307 0.0889423076923077
1 0.3641826923076923 0.8870192307692307 0.2548076923076923 0.19230769230769232
1 0.8425480769230769 0.8870192307692307 0.23076923076923078 0.19471153846153846
1 0.6045673076923077 0.8149038461538461 0.14302884615384615 0.0673076923076923
0 0.5985576923076923 0.9194711538461539 0.1346153846153846 0.12740384615384615