1 0.17427884615384615 0.12740384615384615 0.109375 0.09254807692307693
1 0.3942307692307692 0.12740384615384615 0.11177884615384616 0.0889423076923077
1 0.5552884615384616 0.12139423076923077 0.12620192307692307 0.09134615384615384
1 0.15985576923076922 0.36899038461538464 0.13221153846153846 0.13341346153846154
1 0.42788461538461536 0.36899038461538464 0.1466346153846154 0.13822115384615385
1 0.6298076923076923 0.36778846153846156 0.17427884615384615 0.13822115384615385
1 0.7560096153846154 0.09495192307692307 0.07572115384615384 0.078125
1 0.8293269230769231 0.09495192307692307 0.08052884615384616 0.07091346153846154
1 0.859375 0.3233173076923077 0.0985576923076923 0.11057692307692307
1 0.9435096153846154 0.31971153846153844 0.10216346153846154 0.11298076923076923
1 0.9399038461538461 0.6550480769230769 0.11899038461538461 0.3329326923076923
1 0.49158653846153844 0.7668269230769231 0.20072115384615385 0.24879807692307693
1 0.7391826923076923 0.7680288461538461 0.21875 0.2536057692307692
0 0.14903846153846154 0.8257211538461539 0.15144230769230768 0.2932692307692308
1 0.16105769230769232 0.6610576923076923 0.12740384615384615 0.027644230769230768