1 0.234375 0.18389423076923078 0.24879807692307693 0.08533653846153846
1 0.4891826923076923 0.16706730769230768 0.14182692307692307 0.0733173076923077
1 0.7860576923076923 0.1466346153846154 0.15504807692307693 0.07211538461538461
1 0.2439903846153846 0.33533653846153844 0.2608173076923077 0.08653846153846154
1 0.5144230769230769 0.32091346153846156 0.1502403846153846 0.07572115384615384
1 0.8257211538461539 0.3016826923076923 0.16346153846153846 0.08052884615384616
1 0.5420673076923077 0.4963942307692308 0.16346153846153846 0.0889423076923077
1 0.8737980769230769 0.4807692307692308 0.17548076923076922 0.09134615384615384
1 0.9723557692307693 0.12740384615384615 0.054086538461538464 0.07211538461538461
1 0.038461538461538464 0.6622596153846154 0.016826923076923076 0.019230769230769232
1 0.036057692307692304 0.7271634615384616 0.018028846153846152 0.020432692307692308
1 0.038461538461538464 0.7956730769230769 0.014423076923076924 0.019230769230769232
1 0.037259615384615384 0.8677884615384616 0.015625 0.021634615384615384
1 0.038461538461538464 0.9399038461538461 0.020432692307692308 0.020432692307692308
1 0.265625 0.6971153846153846 0.28846153846153844 0.10576923076923077
1 0.5721153846153846 0.6899038461538461 0.17668269230769232 0.09975961538461539
1 0.9146634615384616 0.6790865384615384 0.1658653846153846 0.1045673076923077
1 0.9086538461538461 0.9146634615384616 0.1778846153846154 0.09975961538461539
1 0.5769230769230769 0.9170673076923077 0.18028846153846154 0.09975961538461539
1 0.32211538461538464 0.9170673076923077 0.16706730769230768 0.09975961538461539
1 0.2548076923076923 0.5084134615384616 0.28125 0.10096153846153846