1 0.1935096153846154 0.14182692307692307 0.09975961538461539 0.07692307692307693
1 0.6141826923076923 0.1658653846153846 0.1346153846153846 0.07451923076923077
1 0.18509615384615385 0.3004807692307692 0.11177884615384616 0.0889423076923077
1 0.38822115384615385 0.328125 0.03485576923076923 0.020432692307692308
1 0.6382211538461539 0.31971153846153844 0.13942307692307693 0.08173076923076923
1 0.6682692307692307 0.5072115384615384 0.15985576923076922 0.09495192307692307
1 0.39663461538461536 0.5192307692307693 0.04326923076923077 0.06850961538461539
1 0.17427884615384615 0.49399038461538464 0.11899038461538461 0.10697115384615384
1 0.375 0.734375 0.057692307692307696 0.10216346153846154
1 0.11778846153846154 0.734375 0.109375 0.05889423076923077
0 0.11538461538461539 0.859375 0.10576923076923077 0.18028846153846154
0 0.43990384615384615 0.7439903846153846 0.06009615384615385 0.11899038461538461
0 0.34975961538461536 0.32572115384615385 0.03245192307692308 0.020432692307692308
0 0.3557692307692308 0.5168269230769231 0.037259615384615384 0.06370192307692307
1 0.7055288461538461 0.7307692307692307 0.1814903846153846 0.12259615384615384
1 0.96875 0.6286057692307693 0.056490384615384616 0.040865384615384616