1 0.052884615384615384 0.6586538461538461 0.03125 0.036057692307692304
1 0.07692307692307693 0.5829326923076923 0.02403846153846154 0.03245192307692308
1 0.0985576923076923 0.6742788461538461 0.055288461538461536 0.12379807692307693
1 0.1658653846153846 0.6778846153846154 0.06850961538461539 0.0985576923076923
0 0.40024038461538464 0.8329326923076923 0.08533653846153846 0.2536057692307692
0 0.4567307692307692 0.8329326923076923 0.009615384615384616 0.2608173076923077
1 0.546875 0.8846153846153846 0.014423076923076924 0.038461538461538464
1 0.5805288461538461 0.8846153846153846 0.018028846153846152 0.036057692307692304
1 0.7680288461538461 0.9182692307692307 0.07932692307692307 0.08653846153846154
1 0.96875 0.7451923076923077 0.06009615384615385 0.0985576923076923
1 0.7752403846153846 0.6586538461538461 0.11298076923076923 0.12980769230769232
1 0.9026442307692307 0.5576923076923077 0.055288461538461536 0.0829326923076923
1 0.2512019230769231 0.18269230769230768 0.040865384615384616 0.040865384615384616
1 0.21875 0.265625 0.03485576923076923 0.052884615384615384
1 0.26802884615384615 0.2668269230769231 0.039663461538461536 0.055288461538461536
1 0.24158653846153846 0.3762019230769231 0.04927884615384615 0.07932692307692307
1 0.28125 0.1814903846153846 0.026442307692307692 0.04567307692307692
1 0.14783653846153846 0.5 0.052884615384615384 0.09615384615384616
1 0.20793269230769232 0.5204326923076923 0.06370192307692307 0.11177884615384616
1 0.3641826923076923 0.15384615384615385 0.030048076923076924 0.030048076923076924
1 0.43149038461538464 0.16947115384615385 0.02283653846153846 0.02283653846153846
1 0.5096153846153846 0.11899038461538461 0.03365384615384615 0.03245192307692308
1 0.515625 0.20432692307692307 0.039663461538461536 0.042067307692307696
1 0.42788461538461536 0.25961538461538464 0.026442307692307692 0.03245192307692308
1 0.3545673076923077 0.23918269230769232 0.03365384615384615 0.038461538461538464
1 0.3401442307692308 0.3449519230769231 0.04326923076923077 0.051682692307692304
1 0.4254807692307692 0.37740384615384615 0.03245192307692308 0.04567307692307692
1 0.5252403846153846 0.3125 0.04807692307692308 0.057692307692307696
1 0.4206730769230769 0.5348557692307693 0.037259615384615384 0.07091346153846154
1 0.32211538461538464 0.4831730769230769 0.04807692307692308 0.07451923076923077
1 0.5540865384615384 0.6658653846153846 0.078125 0.125
1 0.5384615384615384 0.4579326923076923 0.057692307692307696 0.07692307692307693
1 0.7151442307692307 0.4266826923076923 0.0673076923076923 0.06610576923076923
1 0.6766826923076923 0.30288461538461536 0.07211538461538461 0.09134615384615384
1 0.6358173076923077 0.18870192307692307 0.036057692307692304 0.0625
1 0.5817307692307693 0.09735576923076923 0.027644230769230768 0.036057692307692304
1 0.6634615384615384 0.07692307692307693 0.042067307692307696 0.038461538461538464
1 0.6225961538461539 0.09615384615384616 0.051682692307692304 0.04927884615384615