1 0.203125 0.1141826923076923 0.13942307692307693 0.03485576923076923
1 0.49038461538461536 0.09014423076923077 0.16826923076923078 0.04447115384615385
1 0.1935096153846154 0.31490384615384615 0.11778846153846154 0.1201923076923077
1 0.484375 0.29927884615384615 0.12259615384615384 0.12259615384615384
1 0.7992788461538461 0.32572115384615385 0.18269230769230768 0.17427884615384615
1 0.18269230769230768 0.5697115384615384 0.1141826923076923 0.12620192307692307
1 0.4879807692307692 0.5480769230769231 0.125 0.11778846153846154
1 0.8185096153846154 0.5925480769230769 0.19831730769230768 0.19831730769230768
1 0.17548076923076922 0.8485576923076923 0.12620192307692307 0.13822115384615385
1 0.49278846153846156 0.8341346153846154 0.13341346153846154 0.1310096153846154
1 0.8449519230769231 0.8762019230769231 0.2127403846153846 0.22355769230769232