1 0.3870192307692308 0.12259615384615384 0.07211538461538461 0.08173076923076923
1 0.6586538461538461 0.12379807692307693 0.0733173076923077 0.08413461538461539
1 0.44350961538461536 0.33774038461538464 0.06971153846153846 0.0889423076923077
1 0.4483173076923077 0.546875 0.07211538461538461 0.0985576923076923
1 0.6658653846153846 0.34134615384615385 0.07211538461538461 0.09495192307692307
1 0.7992788461538461 0.3473557692307692 0.09495192307692307 0.07091346153846154
1 0.8461538461538461 0.5625 0.08173076923076923 0.1045673076923077
1 0.6670673076923077 0.5576923076923077 0.10336538461538461 0.10697115384615384
1 0.65625 0.7872596153846154 0.08413461538461539 0.12259615384615384
1 0.21514423076923078 0.78125 0.11899038461538461 0.10336538461538461
1 0.4338942307692308 0.7824519230769231 0.07692307692307693 0.11899038461538461
1 0.22716346153846154 0.5600961538461539 0.11778846153846154 0.07692307692307693
0 0.3004807692307692 0.5649038461538461 0.026442307692307692 0.0673076923076923