0 0.7524038461538461 0.8725961538461539 0.0829326923076923 0.15264423076923078
1 0.5709134615384616 0.8425480769230769 0.12860576923076922 0.09615384615384616
1 0.265625 0.8461538461538461 0.18028846153846154 0.10096153846153846
1 0.29927884615384615 0.6454326923076923 0.1778846153846154 0.09615384615384616
1 0.5949519230769231 0.6442307692307693 0.09495192307692307 0.09615384615384616
1 0.8401442307692307 0.6310096153846154 0.18028846153846154 0.125
1 0.8425480769230769 0.43028846153846156 0.18389423076923078 0.1310096153846154
1 0.5949519230769231 0.4387019230769231 0.09615384615384616 0.09134615384615384
1 0.296875 0.4387019230769231 0.17548076923076922 0.09254807692307693
1 0.2956730769230769 0.23798076923076922 0.18028846153846154 0.08774038461538461
1 0.5985576923076923 0.2403846153846154 0.10817307692307693 0.09254807692307693
1 0.7944711538461539 0.08173076923076923 0.04927884615384615 0.038461538461538464
1 0.8449519230769231 0.23557692307692307 0.1971153846153846 0.12259615384615384