1 0.16346153846153846 0.10336538461538461 0.14423076923076922 0.04447115384615385
1 0.7247596153846154 0.10096153846153846 0.17067307692307693 0.04567307692307692
1 0.15625 0.19831730769230768 0.17427884615384615 0.06370192307692307
1 0.7403846153846154 0.19831730769230768 0.20072115384615385 0.06009615384615385
1 0.13701923076923078 0.3112980769230769 0.1971153846153846 0.06850961538461539
1 0.7548076923076923 0.3112980769230769 0.20793269230769232 0.078125
1 0.1201923076923077 0.4387019230769231 0.21514423076923078 0.09134615384615384
1 0.7764423076923077 0.4387019230769231 0.24158653846153846 0.08653846153846154
1 0.10817307692307693 0.5889423076923077 0.20072115384615385 0.09014423076923077
1 0.8161057692307693 0.5889423076923077 0.23798076923076922 0.10096153846153846
1 0.4206730769230769 0.0889423076923077 0.09134615384615384 0.030048076923076924
1 0.4182692307692308 0.18509615384615385 0.109375 0.037259615384615384
1 0.4170673076923077 0.28966346153846156 0.10576923076923077 0.056490384615384616
1 0.42427884615384615 0.4206730769230769 0.11298076923076923 0.056490384615384616
1 0.43149038461538464 0.5685096153846154 0.10576923076923077 0.06370192307692307
1 0.10336538461538461 0.7379807692307693 0.18870192307692307 0.08173076923076923
1 0.4182692307692308 0.7355769230769231 0.14783653846153846 0.06850961538461539
1 0.8341346153846154 0.7596153846153846 0.26802884615384615 0.11658653846153846