1 0.29086538461538464 0.17427884615384615 0.1310096153846154 0.08653846153846154
1 0.2692307692307692 0.3329326923076923 0.1466346153846154 0.09975961538461539
1 0.7836538461538461 0.22235576923076922 0.09975961538461539 0.07692307692307693
1 0.6610576923076923 0.3245192307692308 0.15144230769230768 0.13942307692307693
1 0.8028846153846154 0.375 0.12139423076923077 0.09134615384615384
1 0.6682692307692307 0.4675480769230769 0.14903846153846154 0.04326923076923077
1 0.6742788461538461 0.5444711538461539 0.16105769230769232 0.11658653846153846
1 0.8233173076923077 0.5540865384615384 0.14543269230769232 0.10576923076923077
0 0.7475961538461539 0.8725961538461539 0.04927884615384615 0.19831730769230768
0 0.6418269230769231 0.8737980769230769 0.02403846153846154 0.19591346153846154
1 0.8617788461538461 0.8737980769230769 0.18870192307692307 0.19591346153846154
0 0.2091346153846154 0.8665865384615384 0.0889423076923077 0.19471153846153846
0 0.2848557692307692 0.8665865384615384 0.056490384615384616 0.19471153846153846
1 0.36899038461538464 0.8221153846153846 0.34975961538461536 0.23677884615384615
0 0.12620192307692307 0.8545673076923077 0.06490384615384616 0.17668269230769232
1 0.24639423076923078 0.5252403846153846 0.15745192307692307 0.11057692307692307
1 0.9891826923076923 0.4050480769230769 0.016826923076923076 0.026442307692307692