1 0.2704326923076923 0.09134615384615384 0.057692307692307696 0.0625
1 0.3629807692307692 0.09375 0.055288461538461536 0.057692307692307696
1 0.4639423076923077 0.09495192307692307 0.054086538461538464 0.05889423076923077
1 0.5564903846153846 0.09495192307692307 0.05048076923076923 0.05889423076923077
1 0.6502403846153846 0.09495192307692307 0.055288461538461536 0.06129807692307692
1 0.23918269230769232 0.25600961538461536 0.07572115384615384 0.09495192307692307
1 0.3317307692307692 0.2764423076923077 0.037259615384615384 0.04447115384615385
1 0.35096153846153844 0.2247596153846154 0.055288461538461536 0.026442307692307692
1 0.4579326923076923 0.25721153846153844 0.0625 0.09254807692307693
1 0.5673076923076923 0.25841346153846156 0.05889423076923077 0.09375
1 0.6742788461538461 0.25961538461538464 0.07091346153846154 0.09134615384615384
1 0.20072115384615385 0.49399038461538464 0.0889423076923077 0.15865384615384615
1 0.32572115384615385 0.49399038461538464 0.07692307692307693 0.15985576923076922
1 0.45913461538461536 0.4963942307692308 0.06850961538461539 0.15865384615384615
1 0.5853365384615384 0.49759615384615385 0.08173076923076923 0.15745192307692307
1 0.7127403846153846 0.4987980769230769 0.09014423076923077 0.15625
0 0.4963942307692308 0.8293269230769231 0.3173076923076923 0.3233173076923077