1 0.08653846153846154 0.5637019230769231 0.052884615384615384 0.07932692307692307
1 0.11658653846153846 0.4050480769230769 0.046875 0.06610576923076923
0 0.24519230769230768 0.4074519230769231 0.021634615384615384 0.06610576923076923
1 0.32211538461538464 0.35216346153846156 0.05048076923076923 0.07091346153846154
1 0.41346153846153844 0.31009615384615385 0.056490384615384616 0.0829326923076923
1 0.5432692307692307 0.2800480769230769 0.06610576923076923 0.09375
1 0.7379807692307693 0.20432692307692307 0.09134615384615384 0.11057692307692307
1 0.7572115384615384 0.4495192307692308 0.1045673076923077 0.13701923076923078
1 0.5444711538461539 0.49038461538461536 0.07451923076923077 0.11057692307692307
1 0.4026442307692308 0.5084134615384616 0.06610576923076923 0.1045673076923077
1 0.30649038461538464 0.5324519230769231 0.06009615384615385 0.09014423076923077
0 0.6730769230769231 0.8028846153846154 0.07091346153846154 0.17668269230769232
0 0.3269230769230769 0.7668269230769231 0.042067307692307696 0.09615384615384616
0 0.1201923076923077 0.7536057692307693 0.028846153846153848 0.06490384615384616
1 0.8125 0.7944711538461539 0.35216346153846156 0.33052884615384615
1 0.5408653846153846 0.7692307692307693 0.14302884615384615 0.24158653846153846
1 0.40865384615384615 0.78125 0.09735576923076923 0.2439903846153846
1 0.29447115384615385 0.7379807692307693 0.1141826923076923 0.14423076923076922
1 0.1875 0.7463942307692307 0.0985576923076923 0.14783653846153846
1 0.09615384615384616 0.7259615384615384 0.08653846153846154 0.09735576923076923