1 0.5973557692307693 0.042067307692307696 0.22235576923076922 0.057692307692307696
1 0.6358173076923077 0.1658653846153846 0.265625 0.07932692307692307
1 0.2800480769230769 0.15144230769230768 0.16947115384615385 0.08413461538461539
1 0.25240384615384615 0.3389423076923077 0.20552884615384615 0.10817307692307693
1 0.6887019230769231 0.35216346153846156 0.3293269230769231 0.11057692307692307
1 0.9074519230769231 0.24879807692307693 0.04447115384615385 0.052884615384615384
1 0.9591346153846154 0.33774038461538464 0.06009615384615385 0.06971153846153846
1 0.7367788461538461 0.7704326923076923 0.5252403846153846 0.4014423076923077
0 0.8954326923076923 0.8149038461538461 0.19471153846153846 0.3088942307692308
0 0.3629807692307692 0.8461538461538461 0.14423076923076922 0.2644230769230769
1 0.21754807692307693 0.78125 0.42908653846153844 0.4266826923076923