1 0.5336538461538461 0.24519230769230768 0.7728365384615384 0.125
1 0.27524038461538464 0.41466346153846156 0.1814903846153846 0.07451923076923077
1 0.5120192307692307 0.39903846153846156 0.2608173076923077 0.078125
1 0.8052884615384616 0.3858173076923077 0.27163461538461536 0.08173076923076923
1 0.23197115384615385 0.6009615384615384 0.21153846153846154 0.09254807692307693
1 0.5 0.5889423076923077 0.29086538461538464 0.10576923076923077
1 0.8197115384615384 0.5769230769230769 0.30649038461538464 0.10336538461538461
1 0.1814903846153846 0.8245192307692307 0.23557692307692307 0.11658653846153846
1 0.47836538461538464 0.8185096153846154 0.3269230769230769 0.11778846153846154
1 0.8329326923076923 0.8064903846153846 0.3329326923076923 0.13341346153846154
1 0.9759615384615384 0.2127403846153846 0.04567307692307692 0.0673076923076923
1 0.9807692307692307 0.3737980769230769 0.036057692307692304 0.06971153846153846