1 0.16346153846153846 0.23317307692307693 0.09615384615384616 0.21514423076923078
1 0.3485576923076923 0.2512019230769231 0.08774038461538461 0.2091346153846154
1 0.49278846153846156 0.30408653846153844 0.06129807692307692 0.20192307692307693
1 0.5745192307692307 0.31009615384615385 0.05048076923076923 0.19831730769230768
1 0.7572115384615384 0.30408653846153844 0.056490384615384616 0.19951923076923078
1 0.8846153846153846 0.3125 0.054086538461538464 0.19471153846153846
1 0.859375 0.6201923076923077 0.06610576923076923 0.12620192307692307
1 0.7091346153846154 0.6201923076923077 0.05889423076923077 0.12860576923076922
1 0.5456730769230769 0.5841346153846154 0.12860576923076922 0.055288461538461536
0 0.5492788461538461 0.8221153846153846 0.18509615384615385 0.26322115384615385
1 0.3329326923076923 0.6153846153846154 0.078125 0.14302884615384615
1 0.1658653846153846 0.59375 0.08413461538461539 0.10697115384615384