1 0.7608173076923077 0.17908653846153846 0.4338942307692308 0.09495192307692307
1 0.5240384615384616 0.21514423076923078 0.027644230769230768 0.10697115384615384
1 0.5396634615384616 0.4050480769230769 0.04326923076923077 0.18028846153846154
1 0.7752403846153846 0.3918269230769231 0.44350961538461536 0.16466346153846154
1 0.03365384615384615 0.4411057692307692 0.0673076923076923 0.10817307692307693
1 0.16346153846153846 0.4326923076923077 0.051682692307692304 0.03485576923076923
1 0.12379807692307693 0.6658653846153846 0.055288461538461536 0.038461538461538464
1 0.29447115384615385 0.3557692307692308 0.07091346153846154 0.12860576923076922
1 0.484375 0.3581730769230769 0.07091346153846154 0.12379807692307693
1 0.2776442307692308 0.5853365384615384 0.0733173076923077 0.1658653846153846
1 0.49038461538461536 0.5877403846153846 0.06490384615384616 0.15985576923076922
0 0.46634615384615385 0.8786057692307693 0.16466346153846154 0.22115384615384615