1 0.18870192307692307 0.19831730769230768 0.037259615384615384 0.03485576923076923
1 0.1622596153846154 0.4110576923076923 0.04807692307692308 0.040865384615384616
1 0.3605769230769231 0.16947115384615385 0.10336538461538461 0.11057692307692307
1 0.3449519230769231 0.42427884615384615 0.11899038461538461 0.14783653846153846
1 0.5793269230769231 0.15144230769230768 0.10697115384615384 0.054086538461538464
1 0.5817307692307693 0.18990384615384615 0.11177884615384616 0.078125
1 0.5793269230769231 0.4266826923076923 0.125 0.13701923076923078
1 0.8473557692307693 0.18990384615384615 0.09254807692307693 0.10576923076923077
1 0.8677884615384616 0.4266826923076923 0.10576923076923077 0.13341346153846154
1 0.6490384615384616 0.7091346153846154 0.06490384615384616 0.1346153846153846
1 0.8064903846153846 0.7043269230769231 0.09735576923076923 0.14423076923076922
1 0.3161057692307692 0.7439903846153846 0.13822115384615385 0.18990384615384615
0 0.5516826923076923 0.7752403846153846 0.06971153846153846 0.20673076923076922
0 0.07091346153846154 0.7439903846153846 0.12379807692307693 0.2536057692307692