1 0.4110576923076923 0.1201923076923077 0.07091346153846154 0.054086538461538464
1 0.5540865384615384 0.12740384615384615 0.06850961538461539 0.056490384615384616
1 0.41346153846153844 0.21514423076923078 0.07692307692307693 0.06971153846153846
1 0.5661057692307693 0.22355769230769232 0.07692307692307693 0.06490384615384616
1 0.7632211538461539 0.12139423076923077 0.22235576923076922 0.028846153846153848
1 0.7512019230769231 0.19951923076923078 0.21153846153846154 0.051682692307692304
1 0.41466346153846156 0.3245192307692308 0.07932692307692307 0.08052884615384616
1 0.5829326923076923 0.33052884615384615 0.08653846153846154 0.07932692307692307
1 0.421875 0.4567307692307692 0.09014423076923077 0.09975961538461539
1 0.6021634615384616 0.46153846153846156 0.09615384615384616 0.09975961538461539
1 0.20432692307692307 0.27524038461538464 0.23918269230769232 0.06610576923076923
1 0.4266826923076923 0.6021634615384616 0.0985576923076923 0.10817307692307693
1 0.6225961538461539 0.6057692307692307 0.10697115384615384 0.1045673076923077
1 0.203125 0.5817307692307693 0.09254807692307693 0.019230769230769232
1 0.9627403846153846 0.46274038461538464 0.04447115384615385 0.051682692307692304
1 0.9831730769230769 0.5444711538461539 0.030048076923076924 0.06129807692307692
1 0.921875 0.5733173076923077 0.019230769230769232 0.026442307692307692
1 0.7908653846153846 0.6141826923076923 0.09375 0.055288461538461536
1 0.921875 0.8834134615384616 0.15144230769230768 0.15264423076923078
1 0.8269230769230769 0.8858173076923077 0.09975961538461539 0.1502403846153846
1 0.6370192307692307 0.8557692307692307 0.14783653846153846 0.2439903846153846
0 0.7067307692307693 0.890625 0.06610576923076923 0.1658653846153846
1 0.43990384615384615 0.8545673076923077 0.15144230769230768 0.24519230769230768
0 0.39903846153846156 0.890625 0.06850961538461539 0.17668269230769232
1 0.1622596153846154 0.8834134615384616 0.27163461538461536 0.16105769230769232