1 0.26802884615384615 0.23076923076923078 0.052884615384615384 0.08413461538461539
1 0.4014423076923077 0.18629807692307693 0.054086538461538464 0.10096153846153846
1 0.5228365384615384 0.17067307692307693 0.054086538461538464 0.0985576923076923
1 0.23798076923076922 0.38100961538461536 0.0625 0.10336538461538461
1 0.38221153846153844 0.34375 0.0625 0.11658653846153846
1 0.5168269230769231 0.33052884615384615 0.06370192307692307 0.11538461538461539
1 0.7307692307692307 0.33052884615384615 0.06971153846153846 0.1201923076923077
1 0.7175480769230769 0.16706730769230768 0.046875 0.037259615384615384
1 0.17668269230769232 0.24639423076923078 0.028846153846153848 0.03125
1 0.20673076923076922 0.5540865384615384 0.06490384615384616 0.11899038461538461
1 0.3605769230769231 0.5348557692307693 0.07211538461538461 0.13822115384615385
1 0.5084134615384616 0.5252403846153846 0.07091346153846154 0.140625
1 0.7379807692307693 0.5 0.07211538461538461 0.09735576923076923
1 0.21514423076923078 0.7632211538461539 0.025240384615384616 0.07692307692307693
0 0.32572115384615385 0.8112980769230769 0.08533653846153846 0.1971153846153846
1 0.4963942307692308 0.8064903846153846 0.08052884615384616 0.1778846153846154
1 0.7475961538461539 0.8076923076923077 0.078125 0.14783653846153846
1 0.7560096153846154 0.9867788461538461 0.08052884615384616 0.02403846153846154