1 0.30288461538461536 0.14423076923076922 0.052884615384615384 0.06370192307692307
1 0.3858173076923077 0.14182692307692307 0.054086538461538464 0.06490384615384616
1 0.46875 0.13942307692307693 0.051682692307692304 0.06370192307692307
1 0.5637019230769231 0.13581730769230768 0.05048076923076923 0.0673076923076923
1 0.6538461538461539 0.12860576923076922 0.04927884615384615 0.06971153846153846
1 0.7379807692307693 0.12620192307692307 0.055288461538461536 0.06850961538461539
1 0.7391826923076923 0.3173076923076923 0.056490384615384616 0.08173076923076923
1 0.6526442307692307 0.32091346153846156 0.052884615384615384 0.0829326923076923
1 0.5637019230769231 0.3245192307692308 0.054086538461538464 0.07932692307692307
1 0.46634615384615385 0.32572115384615385 0.056490384615384616 0.08052884615384616
1 0.29447115384615385 0.33052884615384615 0.057692307692307696 0.07572115384615384
1 0.3786057692307692 0.3269230769230769 0.056490384615384616 0.07692307692307693
1 0.2283653846153846 0.20673076923076922 0.020432692307692308 0.02403846153846154
0 0.24278846153846154 0.203125 0.008413461538461538 0.030048076923076924
0 0.20673076923076922 0.3737980769230769 0.02403846153846154 0.057692307692307696
0 0.2283653846153846 0.3545673076923077 0.027644230769230768 0.10336538461538461
1 0.19110576923076922 0.5528846153846154 0.04927884615384615 0.08533653846153846
1 0.27524038461538464 0.5252403846153846 0.06009615384615385 0.09134615384615384
1 0.3629807692307692 0.5228365384615384 0.06009615384615385 0.08653846153846154
1 0.45552884615384615 0.5228365384615384 0.06129807692307692 0.09134615384615384
1 0.5576923076923077 0.5228365384615384 0.05889423076923077 0.09014423076923077
1 0.6502403846153846 0.5216346153846154 0.06009615384615385 0.09495192307692307
1 0.7427884615384616 0.5180288461538461 0.0625 0.09735576923076923
1 0.8653846153846154 0.3473557692307692 0.06490384615384616 0.07932692307692307
0 0.8149038461538461 0.5492788461538461 0.018028846153846152 0.1201923076923077
1 0.8713942307692307 0.5384615384615384 0.07692307692307693 0.10697115384615384
1 0.9350961538461539 0.8677884615384616 0.12860576923076922 0.21754807692307693
1 0.6838942307692307 0.8377403846153846 0.18269230769230768 0.2620192307692308
0 0.5408653846153846 0.8557692307692307 0.08052884615384616 0.21995192307692307
1 0.5444711538461539 0.7199519230769231 0.06490384615384616 0.04927884615384615
0 0.23557692307692307 0.8545673076923077 0.06370192307692307 0.19230769230769232
1 0.078125 0.8329326923076923 0.1310096153846154 0.16706730769230768
1 0.15504807692307693 0.8413461538461539 0.06490384615384616 0.16466346153846154