1 0.08653846153846154 0.14302884615384615 0.06610576923076923 0.12620192307692307
1 0.06850961538461539 0.3389423076923077 0.0625 0.11057692307692307
1 0.05048076923076923 0.53125 0.05889423076923077 0.09254807692307693
1 0.27163461538461536 0.16706730769230768 0.13221153846153846 0.09134615384615384
1 0.4987980769230769 0.1778846153846154 0.06490384615384616 0.09735576923076923
1 0.7475961538461539 0.18870192307692307 0.0625 0.09134615384615384
1 0.2608173076923077 0.35697115384615385 0.140625 0.09735576923076923
1 0.24759615384615385 0.5612980769230769 0.14903846153846154 0.10817307692307693
1 0.49759615384615385 0.3605769230769231 0.0673076923076923 0.09975961538461539
1 0.49759615384615385 0.5625 0.06850961538461539 0.11057692307692307
1 0.7584134615384616 0.36778846153846156 0.0673076923076923 0.10216346153846154
1 0.7704326923076923 0.5661057692307693 0.06971153846153846 0.1045673076923077
1 0.9591346153846154 0.5396634615384616 0.06129807692307692 0.0985576923076923
1 0.9519230769230769 0.38100961538461536 0.013221153846153846 0.03365384615384615
1 0.9278846153846154 0.4026442307692308 0.013221153846153846 0.038461538461538464
1 0.7427884615384616 0.8269230769230769 0.2860576923076923 0.1814903846153846
0 0.8689903846153846 0.8762019230769231 0.07091346153846154 0.16105769230769232