1 0.030048076923076924 0.12259615384615384 0.05889423076923077 0.0733173076923077
1 0.24759615384615385 0.12980769230769232 0.15745192307692307 0.07572115384615384
1 0.4519230769230769 0.13341346153846154 0.13701923076923078 0.06009615384615385
1 0.7439903846153846 0.14903846153846154 0.20793269230769232 0.07572115384615384
1 0.21995192307692307 0.29447115384615385 0.18990384615384615 0.09735576923076923
1 0.45072115384615385 0.3004807692307692 0.15985576923076922 0.09495192307692307
1 0.7800480769230769 0.3125 0.2403846153846154 0.09615384615384616
1 0.1814903846153846 0.5084134615384616 0.21875 0.1346153846153846
1 0.4483173076923077 0.5132211538461539 0.1875 0.1346153846153846
1 0.828125 0.5216346153846154 0.2848557692307692 0.1310096153846154
1 0.8329326923076923 0.8137019230769231 0.21634615384615385 0.14783653846153846
1 0.9891826923076923 0.7740384615384616 0.019230769230769232 0.05048076923076923
1 0.6887019230769231 0.7548076923076923 0.05889423076923077 0.026442307692307692
0 0.7007211538461539 0.8653846153846154 0.08052884615384616 0.17427884615384615
0 0.10576923076923077 0.8545673076923077 0.19591346153846154 0.22355769230769232
1 0.004807692307692308 0.2536057692307692 0.009615384615384616 0.03125