1 0.20072115384615385 0.3004807692307692 0.12740384615384615 0.078125
1 0.5264423076923077 0.30288461538461536 0.13581730769230768 0.0733173076923077
1 0.8197115384615384 0.30649038461538464 0.15384615384615385 0.07572115384615384
1 0.171875 0.46634615384615385 0.13341346153846154 0.08653846153846154
1 0.5204326923076923 0.46875 0.14182692307692307 0.08413461538461539
1 0.8293269230769231 0.4723557692307692 0.16706730769230768 0.08653846153846154
1 0.14182692307692307 0.6550480769230769 0.14182692307692307 0.10096153846153846
1 0.5132211538461539 0.65625 0.1466346153846154 0.09735576923076923
1 0.8341346153846154 0.6586538461538461 0.16826923076923078 0.09495192307692307
1 0.11057692307692307 0.8677884615384616 0.15144230769230768 0.1141826923076923
1 0.5012019230769231 0.8701923076923077 0.16466346153846154 0.11298076923076923
1 0.8521634615384616 0.8713942307692307 0.18990384615384615 0.11177884615384616