1 0.140625 0.44591346153846156 0.0985576923076923 0.15264423076923078
1 0.28725961538461536 0.44471153846153844 0.09134615384615384 0.14903846153846154
1 0.6923076923076923 0.44350961538461536 0.09495192307692307 0.14423076923076922
1 0.8425480769230769 0.4411057692307692 0.09975961538461539 0.14302884615384615
1 0.1045673076923077 0.7463942307692307 0.09495192307692307 0.13581730769230768
1 0.2668269230769231 0.7463942307692307 0.09615384615384616 0.140625
1 0.3894230769230769 0.6899038461538461 0.056490384615384616 0.051682692307692304
1 0.45913461538461536 0.6887019230769231 0.052884615384615384 0.052884615384615384
1 0.5360576923076923 0.6875 0.054086538461538464 0.04927884615384615
1 0.6045673076923077 0.6887019230769231 0.054086538461538464 0.054086538461538464
1 0.7115384615384616 0.7451923076923077 0.10096153846153846 0.1502403846153846
1 0.8834134615384616 0.7524038461538461 0.11538461538461539 0.15144230769230768
0 0.3894230769230769 0.8473557692307693 0.05889423076923077 0.23677884615384615
0 0.4567307692307692 0.8449519230769231 0.05048076923076923 0.23317307692307693
0 0.5360576923076923 0.8461538461538461 0.052884615384615384 0.23677884615384615
0 0.6105769230769231 0.8449519230769231 0.055288461538461536 0.23798076923076922