1 0.2668269230769231 0.48677884615384615 0.13581730769230768 0.171875
1 0.2512019230769231 0.7319711538461539 0.15384615384615385 0.18870192307692307
1 0.45072115384615385 0.43990384615384615 0.1502403846153846 0.13822115384615385
1 0.5396634615384616 0.4423076923076923 0.020432692307692308 0.10576923076923077
1 0.6478365384615384 0.453125 0.1502403846153846 0.11899038461538461
1 0.7836538461538461 0.5324519230769231 0.12620192307692307 0.14423076923076922
1 0.8293269230769231 0.7584134615384616 0.14903846153846154 0.17427884615384615
1 0.6538461538461539 0.71875 0.06610576923076923 0.07932692307692307
1 0.49038461538461536 0.7091346153846154 0.07692307692307693 0.08173076923076923
0 0.6165865384615384 0.7596153846153846 0.038461538461538464 0.16947115384615385
0 0.2620192307692308 0.22235576923076922 0.027644230769230768 0.036057692307692304
0 0.7884615384615384 0.30528846153846156 0.021634615384615384 0.03245192307692308