1 0.028846153846153848 0.10697115384615384 0.055288461538461536 0.05889423076923077
1 0.019230769230769232 0.24759615384615385 0.036057692307692304 0.0829326923076923
1 0.08413461538461539 0.2764423076923077 0.06971153846153846 0.13942307692307693
1 0.3076923076923077 0.234375 0.1346153846153846 0.12740384615384615
1 0.052884615384615384 0.5012019230769231 0.07692307692307693 0.10697115384615384
1 0.2860576923076923 0.47716346153846156 0.14543269230769232 0.13701923076923078
1 0.7824519230769231 0.24879807692307693 0.14903846153846154 0.12860576923076922
1 0.7872596153846154 0.48677884615384615 0.16346153846153846 0.12980769230769232
1 0.41586538461538464 0.7908653846153846 0.25240384615384615 0.19591346153846154
1 0.7427884615384616 0.7884615384615384 0.09735576923076923 0.17548076923076922
1 0.054086538461538464 0.7560096153846154 0.0625 0.07932692307692307
0 0.31490384615384615 0.8425480769230769 0.07572115384615384 0.17908653846153846
0 0.9387019230769231 0.8497596153846154 0.10576923076923077 0.1778846153846154