1 0.171875 0.09134615384615384 0.20793269230769232 0.07932692307692307
1 0.33774038461538464 0.12139423076923077 0.04326923076923077 0.042067307692307696
1 0.41947115384615385 0.09014423076923077 0.030048076923076924 0.039663461538461536
1 0.15985576923076922 0.1935096153846154 0.2247596153846154 0.0889423076923077
1 0.3389423076923077 0.21754807692307693 0.04447115384615385 0.04326923076923077
1 0.4254807692307692 0.171875 0.028846153846153848 0.030048076923076924
1 0.0625 0.30649038461538464 0.07451923076923077 0.078125
1 0.15504807692307693 0.3112980769230769 0.05889423076923077 0.08052884615384616
1 0.25841346153846156 0.32211538461538464 0.02403846153846154 0.07932692307692307
1 0.33774038461538464 0.3317307692307692 0.04807692307692308 0.055288461538461536
1 0.43028846153846156 0.24278846153846154 0.03245192307692308 0.0733173076923077
1 0.4375 0.3449519230769231 0.037259615384615384 0.08653846153846154
1 0.13341346153846154 0.4579326923076923 0.25961538461538464 0.11177884615384616
1 0.3401442307692308 0.4639423076923077 0.055288461538461536 0.06610576923076923
1 0.44711538461538464 0.4639423076923077 0.038461538461538464 0.10216346153846154
1 0.45913461538461536 0.6009615384615384 0.04567307692307692 0.11778846153846154
1 0.34375 0.6286057692307693 0.06009615384615385 0.07692307692307693
1 0.47475961538461536 0.7632211538461539 0.052884615384615384 0.12740384615384615
1 0.12860576923076922 0.6346153846153846 0.2536057692307692 0.13341346153846154
1 0.12740384615384615 0.8449519230769231 0.25240384615384615 0.14182692307692307
1 0.33413461538461536 0.8317307692307693 0.0625 0.078125
1 0.53125 0.13942307692307693 0.042067307692307696 0.037259615384615384
1 0.6802884615384616 0.140625 0.19230769230769232 0.0733173076923077
1 0.7079326923076923 0.23918269230769232 0.2091346153846154 0.0829326923076923
1 0.5480769230769231 0.23557692307692307 0.04807692307692308 0.040865384615384616
1 0.5637019230769231 0.3473557692307692 0.052884615384615384 0.04927884615384615
1 0.7379807692307693 0.3557692307692308 0.22956730769230768 0.09254807692307693
1 0.7800480769230769 0.4855769230769231 0.25961538461538464 0.09975961538461539
1 0.5889423076923077 0.47716346153846156 0.055288461538461536 0.05889423076923077
1 0.6141826923076923 0.6382211538461539 0.06370192307692307 0.07211538461538461
1 0.8221153846153846 0.6490384615384616 0.28846153846153844 0.11298076923076923
1 0.9735576923076923 0.5348557692307693 0.04927884615384615 0.07091346153846154
1 0.9867788461538461 0.609375 0.021634615384615384 0.052884615384615384
0 0.48197115384615385 0.9290865384615384 0.11778846153846154 0.13822115384615385