1 0.03365384615384615 0.3473557692307692 0.06610576923076923 0.06009615384615385
1 0.01201923076923077 0.43028846153846156 0.02403846153846154 0.040865384615384616
1 0.3088942307692308 0.1658653846153846 0.057692307692307696 0.04447115384615385
1 0.2692307692307692 0.26802884615384615 0.05889423076923077 0.051682692307692304
1 0.38341346153846156 0.2548076923076923 0.06971153846153846 0.056490384615384616
1 0.41225961538461536 0.15144230769230768 0.06129807692307692 0.04927884615384615
1 0.5408653846153846 0.12139423076923077 0.05889423076923077 0.04927884615384615
1 0.6538461538461539 0.0829326923076923 0.07211538461538461 0.055288461538461536
1 0.6490384615384616 0.19471153846153846 0.07932692307692307 0.0673076923076923
1 0.5252403846153846 0.23197115384615385 0.06370192307692307 0.057692307692307696
1 0.8137019230769231 0.051682692307692304 0.08052884615384616 0.04326923076923077
1 0.8329326923076923 0.16706730769230768 0.09254807692307693 0.054086538461538464
1 0.859375 0.3401442307692308 0.1201923076923077 0.12139423076923077
1 0.6466346153846154 0.34134615384615385 0.09014423076923077 0.0829326923076923
1 0.3389423076923077 0.3870192307692308 0.09014423076923077 0.07932692307692307
1 0.5036057692307693 0.36899038461538464 0.07572115384615384 0.07451923076923077
1 0.2091346153846154 0.39663461538461536 0.08533653846153846 0.07451923076923077
1 0.16466346153846154 0.5649038461538461 0.08653846153846154 0.08774038461538461
1 0.2932692307692308 0.5588942307692307 0.09615384615384616 0.09014423076923077
1 0.47836538461538464 0.5516826923076923 0.0985576923076923 0.09735576923076923
1 0.6442307692307693 0.5444711538461539 0.1045673076923077 0.10697115384615384
1 0.8930288461538461 0.5576923076923077 0.1466346153846154 0.17067307692307693
0 0.24759615384615385 0.7992788461538461 0.12740384615384615 0.20793269230769232
0 0.578125 0.8245192307692307 0.20673076923076922 0.2403846153846154
0 0.078125 0.7848557692307693 0.15144230769230768 0.17668269230769232