1 0.15504807692307693 0.3233173076923077 0.1141826923076923 0.125
1 0.4254807692307692 0.28125 0.06370192307692307 0.10216346153846154
1 0.5901442307692307 0.25961538461538464 0.11298076923076923 0.09735576923076923
1 0.7824519230769231 0.24519230769230768 0.08774038461538461 0.1310096153846154
1 0.1346153846153846 0.5733173076923077 0.13221153846153846 0.14903846153846154
1 0.42908653846153844 0.5432692307692307 0.07451923076923077 0.1201923076923077
1 0.5997596153846154 0.5336538461538461 0.1201923076923077 0.13221153846153846
1 0.8112980769230769 0.5348557692307693 0.0985576923076923 0.15504807692307693
1 0.10336538461538461 0.8689903846153846 0.14302884615384615 0.16346153846153846
1 0.6153846153846154 0.8665865384615384 0.14182692307692307 0.1622596153846154
1 0.8485576923076923 0.8786057692307693 0.10216346153846154 0.1875
0 0.4206730769230769 0.8870192307692307 0.08774038461538461 0.2127403846153846