1 0.18028846153846154 0.1935096153846154 0.08413461538461539 0.054086538461538464
1 0.4807692307692308 0.203125 0.16466346153846154 0.0733173076923077
1 0.7932692307692307 0.20432692307692307 0.1658653846153846 0.06971153846153846
1 0.15865384615384615 0.3605769230769231 0.09134615384615384 0.07091346153846154
1 0.484375 0.37259615384615385 0.1814903846153846 0.08653846153846154
1 0.8293269230769231 0.375 0.18269230769230768 0.09014423076923077
1 0.12980769230769232 0.5612980769230769 0.109375 0.09014423076923077
1 0.4963942307692308 0.5757211538461539 0.20072115384615385 0.11538461538461539
1 0.8774038461538461 0.5757211538461539 0.21875 0.11538461538461539
1 0.13822115384615385 0.8040865384615384 0.10576923076923077 0.09615384615384616
1 0.4338942307692308 0.8173076923076923 0.19110576923076922 0.12139423076923077
1 0.8581730769230769 0.8173076923076923 0.1971153846153846 0.11899038461538461
1 0.7055288461538461 0.84375 0.04567307692307692 0.16706730769230768
1 0.6177884615384616 0.7704326923076923 0.06850961538461539 0.03125
0 0.6310096153846154 0.8822115384615384 0.0889423076923077 0.17427884615384615