1 0.04807692307692308 0.22355769230769232 0.036057692307692304 0.057692307692307696
1 0.078125 0.23076923076923078 0.04447115384615385 0.046875
1 0.2403846153846154 0.11899038461538461 0.07451923076923077 0.046875
1 0.3918269230769231 0.12620192307692307 0.07451923076923077 0.05048076923076923
1 0.21514423076923078 0.23197115384615385 0.08413461538461539 0.05889423076923077
1 0.3798076923076923 0.23557692307692307 0.07692307692307693 0.052884615384615384
1 0.53125 0.12980769230769232 0.078125 0.051682692307692304
1 0.5300480769230769 0.2403846153846154 0.08173076923076923 0.052884615384615384
1 0.18629807692307693 0.359375 0.09495192307692307 0.0673076923076923
1 0.3701923076923077 0.3641826923076923 0.08413461538461539 0.0673076923076923
1 0.5276442307692307 0.36658653846153844 0.0829326923076923 0.06610576923076923
1 0.7331730769230769 0.13581730769230768 0.1201923076923077 0.046875
1 0.7427884615384616 0.24519230769230768 0.1310096153846154 0.05889423076923077
1 0.7584134615384616 0.3737980769230769 0.14423076923076922 0.06850961538461539
1 0.7800480769230769 0.5240384615384616 0.16105769230769232 0.08173076923076923
1 0.5276442307692307 0.515625 0.08533653846153846 0.078125
1 0.8497596153846154 0.7487980769230769 0.14903846153846154 0.17668269230769232
1 0.9423076923076923 0.6778846153846154 0.016826923076923076 0.021634615384615384
1 0.9603365384615384 0.6766826923076923 0.015625 0.020432692307692308
1 0.9771634615384616 0.6730769230769231 0.018028846153846152 0.027644230769230768
1 0.9927884615384616 0.6730769230769231 0.01201923076923077 0.021634615384615384
0 0.4807692307692308 0.7680288461538461 0.10817307692307693 0.1346153846153846
1 0.1622596153846154 0.5120192307692307 0.08533653846153846 0.07932692307692307
1 0.3557692307692308 0.5120192307692307 0.09615384615384616 0.08774038461538461