1 0.24278846153846154 0.3245192307692308 0.09975961538461539 0.07572115384615384
1 0.6826923076923077 0.35336538461538464 0.10576923076923077 0.0733173076923077
1 0.43028846153846156 0.36899038461538464 0.04567307692307692 0.11778846153846154
1 0.49158653846153844 0.3713942307692308 0.04326923076923077 0.1141826923076923
1 0.24158653846153846 0.5132211538461539 0.11298076923076923 0.10096153846153846
1 0.4495192307692308 0.5853365384615384 0.054086538461538464 0.15865384615384615
1 0.5204326923076923 0.5901442307692307 0.055288461538461536 0.15384615384615385
1 0.7259615384615384 0.5372596153846154 0.11778846153846154 0.09134615384615384
1 0.23918269230769232 0.7536057692307693 0.12860576923076922 0.12740384615384615
1 0.47836538461538464 0.8713942307692307 0.05889423076923077 0.20673076923076922
1 0.5600961538461539 0.8713942307692307 0.0625 0.20552884615384615
1 0.7896634615384616 0.7716346153846154 0.140625 0.12139423076923077