1 0.12139423076923077 0.12980769230769232 0.17548076923076922 0.12139423076923077
1 0.27283653846153844 0.1622596153846154 0.037259615384615384 0.08052884615384616
1 0.4110576923076923 0.15504807692307693 0.08173076923076923 0.06971153846153846
1 0.40024038461538464 0.3449519230769231 0.0889423076923077 0.09254807692307693
1 0.39302884615384615 0.5420673076923077 0.09735576923076923 0.11177884615384616
1 0.5685096153846154 0.15625 0.0829326923076923 0.06850961538461539
1 0.5697115384615384 0.3449519230769231 0.08653846153846154 0.09735576923076923
1 0.703125 0.16947115384615385 0.040865384615384616 0.08774038461538461
1 0.7115384615384616 0.33774038461538464 0.04326923076923077 0.08413461538461539
1 0.5685096153846154 0.5420673076923077 0.09134615384615384 0.11057692307692307
1 0.7223557692307693 0.5480769230769231 0.05048076923076923 0.11298076923076923
1 0.9002403846153846 0.5216346153846154 0.19591346153846154 0.14182692307692307
1 0.2668269230769231 0.7776442307692307 0.04807692307692308 0.11057692307692307
1 0.41466346153846156 0.7788461538461539 0.06850961538461539 0.11177884615384616
1 0.052884615384615384 0.5120192307692307 0.10336538461538461 0.13701923076923078
1 0.9495192307692307 0.7740384615384616 0.04927884615384615 0.06009615384615385
0 0.6225961538461539 0.8545673076923077 0.040865384615384616 0.15264423076923078