1 0.25240384615384615 0.0733173076923077 0.0829326923076923 0.09615384615384616
1 0.3605769230769231 0.07091346153846154 0.07932692307692307 0.09495192307692307
1 0.18990384615384615 0.3545673076923077 0.10216346153846154 0.14182692307692307
1 0.3245192307692308 0.35336538461538464 0.09735576923076923 0.14783653846153846
1 0.11298076923076923 0.7620192307692307 0.1466346153846154 0.23677884615384615
1 0.27524038461538464 0.7644230769230769 0.12860576923076922 0.2403846153846154
1 0.5793269230769231 0.7680288461538461 0.08653846153846154 0.2439903846153846
1 0.7175480769230769 0.7728365384615384 0.10096153846153846 0.24879807692307693
0 0.8689903846153846 0.8221153846153846 0.15625 0.35096153846153844
1 0.6802884615384616 0.35216346153846156 0.0733173076923077 0.15384615384615385
1 0.5697115384615384 0.3545673076923077 0.0673076923076923 0.15264423076923078
1 0.5721153846153846 0.06850961538461539 0.05889423076923077 0.09735576923076923
1 0.6682692307692307 0.06610576923076923 0.056490384615384616 0.09375