1 0.2800480769230769 0.17307692307692307 0.13341346153846154 0.0985576923076923
1 0.6201923076923077 0.14903846153846154 0.14543269230769232 0.10697115384615384
1 0.2644230769230769 0.36538461538461536 0.14903846153846154 0.10576923076923077
1 0.6274038461538461 0.34615384615384615 0.15384615384615385 0.11298076923076923
1 0.24639423076923078 0.5805288461538461 0.15625 0.1141826923076923
1 0.6322115384615384 0.5661057692307693 0.16105769230769232 0.12980769230769232
1 0.7091346153846154 0.8774038461538461 0.24879807692307693 0.23677884615384615
0 0.6310096153846154 0.8990384615384616 0.09134615384615384 0.18269230769230768
0 0.49399038461538464 0.8990384615384616 0.06009615384615385 0.17548076923076922
1 0.5120192307692307 0.8689903846153846 0.09495192307692307 0.21033653846153846
1 0.3713942307692308 0.8762019230769231 0.12259615384615384 0.22716346153846154
1 0.20793269230769232 0.8762019230769231 0.21634615384615385 0.22115384615384615
1 0.027644230769230768 0.37740384615384615 0.036057692307692304 0.04807692307692308
1 0.051682692307692304 0.8269230769230769 0.030048076923076924 0.06129807692307692