1 0.06490384615384616 0.5192307692307693 0.038461538461538464 0.054086538461538464
1 0.015625 0.5168269230769231 0.018028846153846152 0.051682692307692304
1 0.07211538461538461 0.17067307692307693 0.03365384615384615 0.019230769230769232
1 0.07692307692307693 0.30649038461538464 0.051682692307692304 0.109375
1 0.13221153846153846 0.29447115384615385 0.04927884615384615 0.11298076923076923
1 0.21634615384615385 0.3076923076923077 0.039663461538461536 0.12139423076923077
1 0.2704326923076923 0.31490384615384615 0.030048076923076924 0.10817307692307693
1 0.3425480769230769 0.24278846153846154 0.051682692307692304 0.13221153846153846
1 0.41346153846153844 0.22355769230769232 0.05048076923076923 0.13341346153846154
1 0.48677884615384615 0.203125 0.055288461538461536 0.14423076923076922
1 0.6370192307692307 0.23197115384615385 0.0625 0.1346153846153846
1 0.7235576923076923 0.2127403846153846 0.06850961538461539 0.14543269230769232
1 0.15144230769230768 0.53125 0.051682692307692304 0.10096153846153846
1 0.25961538461538464 0.5600961538461539 0.06971153846153846 0.0673076923076923
1 0.43990384615384615 0.7043269230769231 0.15745192307692307 0.13822115384615385
1 0.7019230769230769 0.7115384615384616 0.16105769230769232 0.15985576923076922
0 0.14543269230769232 0.7235576923076923 0.0625 0.16706730769230768
0 0.24879807692307693 0.7067307692307693 0.08052884615384616 0.12740384615384615
1 0.11177884615384616 0.6862980769230769 0.052884615384615384 0.09375
1 0.040865384615384616 0.6274038461538461 0.078125 0.02283653846153846
1 0.39663461538461536 0.5096153846153846 0.056490384615384616 0.12379807692307693
1 0.49759615384615385 0.5012019230769231 0.06009615384615385 0.12740384615384615
1 0.6466346153846154 0.48677884615384615 0.0625 0.13701923076923078
1 0.7403846153846154 0.4795673076923077 0.07211538461538461 0.14423076923076922