1 0.24879807692307693 0.22956730769230768 0.08653846153846154 0.07211538461538461
1 0.24519230769230768 0.39302884615384615 0.08533653846153846 0.08413461538461539
1 0.41947115384615385 0.41947115384615385 0.052884615384615384 0.036057692307692304
1 0.42908653846153844 0.21995192307692307 0.09134615384615384 0.0733173076923077
1 0.234375 0.5733173076923077 0.0985576923076923 0.10576923076923077
1 0.4423076923076923 0.578125 0.11057692307692307 0.13341346153846154
1 0.046875 0.5661057692307693 0.0733173076923077 0.11778846153846154
1 0.013221153846153846 0.7632211538461539 0.025240384615384616 0.06009615384615385
1 0.055288461538461536 0.765625 0.014423076923076924 0.04807692307692308
1 0.0829326923076923 0.765625 0.01201923076923077 0.04326923076923077
0 0.04447115384615385 0.7728365384615384 0.016826923076923076 0.0673076923076923
1 0.17427884615384615 0.7896634615384616 0.10216346153846154 0.11298076923076923
1 0.3076923076923077 0.78125 0.06129807692307692 0.09134615384615384
0 0.5012019230769231 0.8269230769230769 0.0733173076923077 0.17427884615384615
1 0.5733173076923077 0.7788461538461539 0.030048076923076924 0.078125
1 0.6911057692307693 0.7836538461538461 0.06370192307692307 0.09014423076923077
1 0.7163461538461539 0.8088942307692307 0.021634615384615384 0.037259615384615384
1 0.7259615384615384 0.9507211538461539 0.052884615384615384 0.06490384615384616
1 0.8028846153846154 0.8125 0.06009615384615385 0.07932692307692307
1 0.8257211538461539 0.7944711538461539 0.1141826923076923 0.109375
1 0.7355769230769231 0.2403846153846154 0.10096153846153846 0.08052884615384616
1 0.5769230769230769 0.3894230769230769 0.10216346153846154 0.10336538461538461
1 0.7572115384615384 0.40625 0.09615384615384616 0.08533653846153846
1 0.9314903846153846 0.1875 0.13221153846153846 0.15985576923076922
1 0.9591346153846154 0.3545673076923077 0.055288461538461536 0.05889423076923077
1 0.7908653846153846 0.5805288461538461 0.10576923076923077 0.10336538461538461
1 0.9627403846153846 0.5805288461538461 0.07211538461538461 0.12620192307692307
1 0.5901442307692307 0.5637019230769231 0.10216346153846154 0.10576923076923077
1 0.4206730769230769 0.78125 0.0673076923076923 0.08653846153846154