1 0.5072115384615384 0.18389423076923078 0.11538461538461539 0.07451923076923077
1 0.7271634615384616 0.15865384615384615 0.0889423076923077 0.0733173076923077
1 0.8954326923076923 0.13822115384615385 0.10336538461538461 0.07932692307692307
1 0.7199519230769231 0.3245192307692308 0.09975961538461539 0.09134615384615384
1 0.9038461538461539 0.31009615384615385 0.11658653846153846 0.09495192307692307
1 0.7139423076923077 0.5288461538461539 0.109375 0.11057692307692307
1 0.9146634615384616 0.5180288461538461 0.12620192307692307 0.11778846153846154
1 0.4423076923076923 0.5420673076923077 0.15144230769230768 0.1141826923076923
1 0.4795673076923077 0.34375 0.1310096153846154 0.09375
1 0.12620192307692307 0.2512019230769231 0.15745192307692307 0.11057692307692307
1 0.32091346153846156 0.203125 0.07572115384615384 0.042067307692307696
1 0.07451923076923077 0.4098557692307692 0.14423076923076922 0.12980769230769232
1 0.2764423076923077 0.3581730769230769 0.08533653846153846 0.056490384615384616
1 0.046875 0.5733173076923077 0.09254807692307693 0.11057692307692307
1 0.22235576923076922 0.5480769230769231 0.09975961538461539 0.07451923076923077
1 0.12379807692307693 0.8665865384615384 0.2247596153846154 0.2608173076923077
0 0.16346153846153846 0.8990384615384616 0.10697115384615384 0.19831730769230768
1 0.32091346153846156 0.8629807692307693 0.18629807692307693 0.26802884615384615
0 0.48677884615384615 0.8629807692307693 0.125 0.18269230769230768
1 0.78125 0.8858173076923077 0.4338942307692308 0.2247596153846154