1 0.3701923076923077 0.1778846153846154 0.11057692307692307 0.038461538461538464
1 0.6225961538461539 0.16466346153846154 0.0985576923076923 0.038461538461538464
1 0.3701923076923077 0.28125 0.11057692307692307 0.030048076923076924
1 0.6213942307692307 0.2620192307692308 0.10216346153846154 0.03485576923076923
1 0.35216346153846156 0.3894230769230769 0.12259615384615384 0.04807692307692308
1 0.6310096153846154 0.38100961538461536 0.1201923076923077 0.04807692307692308
1 0.3473557692307692 0.5228365384615384 0.13221153846153846 0.04927884615384615
1 0.6358173076923077 0.5084134615384616 0.12259615384615384 0.04927884615384615
1 0.31971153846153844 0.6646634615384616 0.13822115384615385 0.052884615384615384
1 0.6298076923076923 0.6586538461538461 0.13581730769230768 0.051682692307692304
1 0.49038461538461536 0.8822115384615384 0.46153846153846156 0.19230769230769232
1 0.8401442307692307 0.8870192307692307 0.13221153846153846 0.20192307692307693
0 0.6826923076923077 0.9206730769230769 0.08774038461538461 0.1310096153846154
1 0.06009615384615385 0.8365384615384616 0.036057692307692304 0.04447115384615385
1 0.140625 0.8329326923076923 0.025240384615384616 0.036057692307692304