1 0.18269230769230768 0.15985576923076922 0.11658653846153846 0.051682692307692304
1 0.4423076923076923 0.19951923076923078 0.109375 0.052884615384615384
1 0.6129807692307693 0.2127403846153846 0.11057692307692307 0.05048076923076923
1 0.7824519230769231 0.22355769230769232 0.11057692307692307 0.04807692307692308
1 0.9675480769230769 0.23197115384615385 0.06370192307692307 0.04927884615384615
1 0.16826923076923078 0.29447115384615385 0.12860576923076922 0.057692307692307696
1 0.44471153846153844 0.328125 0.11538461538461539 0.056490384615384616
1 0.6298076923076923 0.33774038461538464 0.11899038461538461 0.05889423076923077
1 0.8112980769230769 0.34615384615384615 0.1201923076923077 0.057692307692307696
1 0.15264423076923078 0.44471153846153844 0.14423076923076922 0.07091346153846154
1 0.4519230769230769 0.47475961538461536 0.125 0.06850961538461539
1 0.6490384615384616 0.4831730769230769 0.1201923076923077 0.0673076923076923
1 0.8425480769230769 0.4891826923076923 0.12259615384615384 0.06129807692307692
1 0.13341346153846154 0.625 0.15504807692307693 0.08052884615384616
1 0.4579326923076923 0.6430288461538461 0.1310096153846154 0.07932692307692307
1 0.6706730769230769 0.6514423076923077 0.13221153846153846 0.07211538461538461
1 0.8798076923076923 0.6538461538461539 0.13942307692307693 0.07211538461538461
1 0.9855769230769231 0.3581730769230769 0.02403846153846154 0.052884615384615384
1 0.8425480769230769 0.8149038461538461 0.125 0.036057692307692304
0 0.8581730769230769 0.9122596153846154 0.15504807692307693 0.14182692307692307