1 0.11057692307692307 0.2608173076923077 0.11778846153846154 0.06370192307692307
1 0.26802884615384615 0.2668269230769231 0.05889423076923077 0.0889423076923077
1 0.3605769230769231 0.2644230769230769 0.052884615384615384 0.0829326923076923
1 0.2536057692307692 0.4423076923076923 0.057692307692307696 0.09495192307692307
1 0.35336538461538464 0.43990384615384615 0.056490384615384616 0.09375
1 0.15985576923076922 0.47115384615384615 0.0829326923076923 0.12620192307692307
1 0.4723557692307692 0.2548076923076923 0.04807692307692308 0.08052884615384616
1 0.5685096153846154 0.24879807692307693 0.052884615384615384 0.08413461538461539
1 0.6742788461538461 0.24278846153846154 0.056490384615384616 0.08052884615384616
1 0.484375 0.4182692307692308 0.03485576923076923 0.07091346153846154
1 0.5805288461538461 0.4110576923076923 0.08173076923076923 0.07451923076923077
1 0.6875 0.421875 0.06129807692307692 0.0985576923076923
1 0.8365384615384616 0.20072115384615385 0.20793269230769232 0.08173076923076923
1 0.8209134615384616 0.43509615384615385 0.10096153846153846 0.13822115384615385
1 0.9507211538461539 0.3701923076923077 0.040865384615384616 0.06971153846153846
1 0.9867788461538461 0.15384615384615385 0.02283653846153846 0.07572115384615384
1 0.703125 0.6286057692307693 0.06971153846153846 0.11899038461538461
1 0.8413461538461539 0.6442307692307693 0.10216346153846154 0.14302884615384615
1 0.9759615384615384 0.5877403846153846 0.04326923076923077 0.0889423076923077
1 0.6754807692307693 0.8533653846153846 0.06610576923076923 0.1201923076923077
1 0.8257211538461539 0.8533653846153846 0.10216346153846154 0.1201923076923077
0 0.5396634615384616 0.8954326923076923 0.06009615384615385 0.17668269230769232
0 0.453125 0.890625 0.027644230769230768 0.11658653846153846
1 0.4651442307692308 0.8689903846153846 0.04807692307692308 0.12620192307692307
1 0.03245192307692308 0.6358173076923077 0.0625 0.12139423076923077
1 0.13942307692307693 0.6622596153846154 0.08653846153846154 0.1310096153846154
1 0.23798076923076922 0.6454326923076923 0.05889423076923077 0.1045673076923077
1 0.34375 0.6394230769230769 0.0625 0.11177884615384616
1 0.008413461538461538 0.8725961538461539 0.013221153846153846 0.052884615384615384
1 0.0673076923076923 0.8737980769230769 0.028846153846153848 0.04807692307692308
1 0.16105769230769232 0.8557692307692307 0.078125 0.10697115384615384
1 0.2548076923076923 0.8557692307692307 0.054086538461538464 0.10697115384615384
1 0.3557692307692308 0.8569711538461539 0.05889423076923077 0.11177884615384616
1 0.46274038461538464 0.6189903846153846 0.07932692307692307 0.1141826923076923
1 0.5769230769230769 0.6466346153846154 0.055288461538461536 0.0673076923076923