1 0.3870192307692308 0.18269230769230768 0.09254807692307693 0.14543269230769232
1 0.030048076923076924 0.3233173076923077 0.027644230769230768 0.11057692307692307
1 0.16346153846153846 0.31850961538461536 0.234375 0.1141826923076923
1 0.203125 0.5673076923076923 0.09495192307692307 0.06129807692307692
1 0.3737980769230769 0.796875 0.08774038461538461 0.1141826923076923
1 0.3605769230769231 0.5913461538461539 0.10817307692307693 0.17548076923076922
1 0.6478365384615384 0.6021634615384616 0.09254807692307693 0.16947115384615385
1 0.3737980769230769 0.3798076923076923 0.09735576923076923 0.15264423076923078
1 0.6454326923076923 0.3858173076923077 0.09134615384615384 0.15504807692307693
1 0.6478365384615384 0.20552884615384615 0.0889423076923077 0.14182692307692307
1 0.8569711538461539 0.1778846153846154 0.23918269230769232 0.13942307692307693
1 0.8004807692307693 0.38461538461538464 0.0889423076923077 0.036057692307692304
1 0.8100961538461539 0.5793269230769231 0.09254807692307693 0.06490384615384616
1 0.65625 0.8004807692307693 0.09495192307692307 0.11057692307692307
1 0.8185096153846154 0.7716346153846154 0.09254807692307693 0.06370192307692307
0 0.53125 0.8461538461538461 0.09134615384615384 0.18870192307692307
1 0.6574519230769231 0.9819711538461539 0.08653846153846154 0.03365384615384615