1 0.30649038461538464 0.14423076923076922 0.12139423076923077 0.11538461538461539
1 0.4831730769230769 0.14543269230769232 0.11899038461538461 0.11298076923076923
1 0.65625 0.1466346153846154 0.11899038461538461 0.11177884615384616
1 0.29447115384615385 0.4014423076923077 0.12740384615384615 0.13341346153846154
1 0.4807692307692308 0.40024038461538464 0.12259615384615384 0.12860576923076922
1 0.6658653846153846 0.4014423076923077 0.12379807692307693 0.13221153846153846
0 0.8617788461538461 0.7704326923076923 0.18028846153846154 0.21394230769230768
1 0.8509615384615384 0.6346153846153846 0.17067307692307693 0.052884615384615384
1 0.36778846153846156 0.7271634615384616 0.7307692307692307 0.23076923076923078
1 0.9507211538461539 0.23317307692307693 0.056490384615384616 0.027644230769230768
1 0.9663461538461539 0.3112980769230769 0.05889423076923077 0.042067307692307696
1 0.9711538461538461 0.3918269230769231 0.02283653846153846 0.02283653846153846