1 0.12139423076923077 0.21875 0.12379807692307693 0.1201923076923077
1 0.296875 0.19110576923076922 0.09615384615384616 0.12379807692307693
1 0.5408653846153846 0.13221153846153846 0.10697115384615384 0.10216346153846154
1 0.7271634615384616 0.09495192307692307 0.0889423076923077 0.11298076923076923
1 0.078125 0.43149038461538464 0.14903846153846154 0.14783653846153846
1 0.26322115384615385 0.41947115384615385 0.12860576923076922 0.171875
1 0.5516826923076923 0.3713942307692308 0.12860576923076922 0.1310096153846154
1 0.7644230769230769 0.3473557692307692 0.11057692307692307 0.13942307692307693
1 0.0673076923076923 0.6658653846153846 0.1346153846153846 0.12980769230769232
1 0.25721153846153844 0.6754807692307693 0.09495192307692307 0.14182692307692307
1 0.453125 0.6742788461538461 0.08173076923076923 0.1502403846153846
1 0.9543269230769231 0.11899038461538461 0.08413461538461539 0.11778846153846154
1 0.9855769230769231 0.35096153846153844 0.026442307692307692 0.13942307692307693
0 0.6225961538461539 0.6983173076923077 0.12259615384615384 0.21754807692307693