1 0.026442307692307692 0.25961538461538464 0.04927884615384615 0.0889423076923077
1 0.08173076923076923 0.07211538461538461 0.0733173076923077 0.057692307692307696
1 0.27884615384615385 0.14783653846153846 0.125 0.08173076923076923
1 0.5120192307692307 0.15504807692307693 0.11778846153846154 0.08533653846153846
1 0.7271634615384616 0.16706730769230768 0.10576923076923077 0.07932692307692307
1 0.7560096153846154 0.3858173076923077 0.12860576923076922 0.1201923076923077
1 0.5060096153846154 0.3786057692307692 0.12860576923076922 0.12740384615384615
1 0.23076923076923078 0.3762019230769231 0.15745192307692307 0.12860576923076922
0 0.5793269230769231 0.8149038461538461 0.09254807692307693 0.2956730769230769
0 0.8497596153846154 0.8088942307692307 0.12379807692307693 0.2932692307692308
0 0.14182692307692307 0.8161057692307693 0.15985576923076922 0.3112980769230769
1 0.24879807692307693 0.6959134615384616 0.20072115384615385 0.125
1 0.49158653846153844 0.6947115384615384 0.22596153846153846 0.10576923076923077
1 0.7451923076923077 0.8004807692307693 0.2091346153846154 0.33533653846153844