1 0.29086538461538464 0.29447115384615385 0.06129807692307692 0.07932692307692307
1 0.47836538461538464 0.28365384615384615 0.06129807692307692 0.037259615384615384
1 0.6045673076923077 0.2932692307692308 0.056490384615384616 0.036057692307692304
1 0.7379807692307693 0.3004807692307692 0.051682692307692304 0.036057692307692304
1 0.2848557692307692 0.4170673076923077 0.0673076923076923 0.08653846153846154
1 0.4831730769230769 0.40625 0.06490384615384616 0.04927884615384615
1 0.6189903846153846 0.4206730769230769 0.06850961538461539 0.06009615384615385
1 0.7620192307692307 0.42908653846153844 0.06490384615384616 0.06009615384615385
1 0.2764423076923077 0.5637019230769231 0.0733173076923077 0.109375
1 0.4387019230769231 0.5432692307692307 0.06610576923076923 0.057692307692307696
1 0.6141826923076923 0.5588942307692307 0.07091346153846154 0.0733173076923077
1 0.7848557692307693 0.5649038461538461 0.06850961538461539 0.07451923076923077
1 0.9026442307692307 0.5637019230769231 0.08173076923076923 0.078125
1 0.265625 0.7307692307692307 0.08413461538461539 0.12620192307692307
1 0.4411057692307692 0.703125 0.07091346153846154 0.0673076923076923
1 0.6286057692307693 0.71875 0.06971153846153846 0.07932692307692307
1 0.8100961538461539 0.7211538461538461 0.078125 0.0829326923076923
1 0.25240384615384615 0.921875 0.09254807692307693 0.15144230769230768
1 0.44471153846153844 0.8870192307692307 0.08173076923076923 0.07692307692307693
1 0.6466346153846154 0.8990384615384616 0.08533653846153846 0.0985576923076923
1 0.8425480769230769 0.9014423076923077 0.0829326923076923 0.09375