1 0.7055288461538461 0.8425480769230769 0.40865384615384615 0.15504807692307693
1 0.3762019230769231 0.8329326923076923 0.18509615384615385 0.13701923076923078
1 0.15504807692307693 0.8317307692307693 0.2127403846153846 0.13822115384615385
1 0.12620192307692307 0.6298076923076923 0.09254807692307693 0.078125
1 0.3485576923076923 0.6225961538461539 0.09375 0.07692307692307693
1 0.5625 0.6141826923076923 0.09615384615384616 0.08052884615384616
1 0.7776442307692307 0.6069711538461539 0.10817307692307693 0.0829326923076923
1 0.7716346153846154 0.43509615384615385 0.10216346153846154 0.0829326923076923
1 0.5649038461538461 0.44711538461538464 0.0889423076923077 0.07932692307692307
1 0.36177884615384615 0.4579326923076923 0.08653846153846154 0.07091346153846154
1 0.1466346153846154 0.4735576923076923 0.08533653846153846 0.07572115384615384
1 0.16706730769230768 0.3269230769230769 0.078125 0.06490384615384616
1 0.3737980769230769 0.3076923076923077 0.0829326923076923 0.06610576923076923
1 0.5649038461538461 0.2920673076923077 0.08653846153846154 0.06971153846153846
1 0.765625 0.2764423076923077 0.09495192307692307 0.07211538461538461
1 0.7331730769230769 0.13341346153846154 0.5216346153846154 0.12980769230769232
1 0.025240384615384616 0.37740384615384615 0.04447115384615385 0.04807692307692308
1 0.9278846153846154 0.3137019230769231 0.03245192307692308 0.04326923076923077
1 0.9411057692307693 0.4699519230769231 0.038461538461538464 0.06850961538461539
1 0.01201923076923077 0.5144230769230769 0.02283653846153846 0.07211538461538461
0 0.9603365384615384 0.6442307692307693 0.04447115384615385 0.09735576923076923