1 0.15144230769230768 0.19831730769230768 0.20432692307692307 0.12379807692307693
1 0.3449519230769231 0.3737980769230769 0.2704326923076923 0.5637019230769231
1 0.11538461538461539 0.3581730769230769 0.22235576923076922 0.14543269230769232
1 0.1045673076923077 0.515625 0.13701923076923078 0.10576923076923077
1 0.5865384615384616 0.14302884615384615 0.07091346153846154 0.0733173076923077
1 0.8028846153846154 0.125 0.042067307692307696 0.06971153846153846
1 0.9603365384615384 0.10336538461538461 0.07692307692307693 0.09014423076923077
1 0.5901442307692307 0.3125 0.07692307692307693 0.08533653846153846
1 0.8257211538461539 0.2932692307692308 0.046875 0.0889423076923077
1 0.9759615384615384 0.27283653846153844 0.04567307692307692 0.10336538461538461
1 0.5913461538461539 0.515625 0.0829326923076923 0.12379807692307693
1 0.8497596153846154 0.5012019230769231 0.04807692307692308 0.109375
1 0.8365384615384616 0.7572115384615384 0.04326923076923077 0.10697115384615384
0 0.6694711538461539 0.7992788461538461 0.08173076923076923 0.17307692307692307