1 0.23918269230769232 0.13822115384615385 0.11538461538461539 0.06009615384615385
1 0.5997596153846154 0.109375 0.11899038461538461 0.04567307692307692
1 0.24759615384615385 0.2439903846153846 0.125 0.056490384615384616
1 0.6322115384615384 0.22235576923076922 0.14302884615384615 0.056490384615384616
1 0.265625 0.3629807692307692 0.12860576923076922 0.05889423076923077
1 0.6574519230769231 0.34134615384615385 0.15264423076923078 0.06850961538461539
1 0.2800480769230769 0.4951923076923077 0.12860576923076922 0.06129807692307692
1 0.6899038461538461 0.4831730769230769 0.1622596153846154 0.07211538461538461
1 0.2860576923076923 0.6334134615384616 0.14302884615384615 0.055288461538461536
1 0.7259615384615384 0.6262019230769231 0.14543269230769232 0.05889423076923077
1 0.3233173076923077 0.8377403846153846 0.37259615384615385 0.07091346153846154
1 0.6862980769230769 0.8665865384615384 0.18990384615384615 0.05889423076923077
0 0.8701923076923077 0.9026442307692307 0.14903846153846154 0.1310096153846154
1 0.9290865384615384 0.7055288461538461 0.05048076923076923 0.042067307692307696
1 0.9819711538461539 0.5612980769230769 0.030048076923076924 0.030048076923076924