1 0.06370192307692307 0.296875 0.12259615384615384 0.07572115384615384
1 0.3245192307692308 0.13221153846153846 0.10817307692307693 0.0625
1 0.28125 0.28725961538461536 0.12259615384615384 0.09014423076923077
1 0.7127403846153846 0.2548076923076923 0.15384615384615385 0.09615384615384616
1 0.8173076923076923 0.4735576923076923 0.13701923076923078 0.125
1 0.49278846153846156 0.5180288461538461 0.08533653846153846 0.03365384615384615
1 0.030048076923076924 0.49278846153846156 0.052884615384615384 0.1045673076923077
1 0.2620192307692308 0.49759615384615385 0.1814903846153846 0.11177884615384616
1 0.6382211538461539 0.7548076923076923 0.1310096153846154 0.1622596153846154
0 0.8870192307692307 0.8052884615384616 0.2247596153846154 0.27403846153846156
1 0.021634615384615384 0.7295673076923077 0.038461538461538464 0.10096153846153846
1 0.14543269230769232 0.7151442307692307 0.09014423076923077 0.07211538461538461
1 0.3016826923076923 0.7536057692307693 0.11538461538461539 0.15384615384615385