1 0.08653846153846154 0.1622596153846154 0.06971153846153846 0.10697115384615384
1 0.19110576923076922 0.171875 0.04567307692307692 0.010817307692307692
1 0.08052884615384616 0.33774038461538464 0.06971153846153846 0.11778846153846154
1 0.18870192307692307 0.3329326923076923 0.051682692307692304 0.030048076923076924
1 0.07091346153846154 0.5240384615384616 0.07572115384615384 0.12259615384615384
1 0.24879807692307693 0.13221153846153846 0.013221153846153846 0.08052884615384616
1 0.30408653846153844 0.13341346153846154 0.016826923076923076 0.08052884615384616
1 0.37740384615384615 0.16947115384615385 0.06490384615384616 0.10096153846153846
1 0.4963942307692308 0.17067307692307693 0.0673076923076923 0.10336538461538461
1 0.5 0.34134615384615385 0.06850961538461539 0.11298076923076923
1 0.3786057692307692 0.34134615384615385 0.06610576923076923 0.11538461538461539
1 0.3798076923076923 0.5252403846153846 0.07091346153846154 0.125
1 0.5060096153846154 0.5252403846153846 0.07211538461538461 0.125
1 0.6959134615384616 0.17307692307692307 0.06490384615384616 0.0985576923076923
1 0.8004807692307693 0.17548076923076922 0.0673076923076923 0.0985576923076923
1 0.7079326923076923 0.3425480769230769 0.06971153846153846 0.11177884615384616
1 0.8161057692307693 0.34375 0.06971153846153846 0.11057692307692307
1 0.7199519230769231 0.5240384615384616 0.07211538461538461 0.12620192307692307
1 0.8329326923076923 0.5252403846153846 0.07572115384615384 0.12379807692307693
1 0.9362980769230769 0.48677884615384615 0.028846153846153848 0.028846153846153848
1 0.5889423076923077 0.33774038461538464 0.03125 0.026442307692307692
1 0.6153846153846154 0.4855769230769231 0.08653846153846154 0.09254807692307693
1 0.9747596153846154 0.7572115384615384 0.04807692307692308 0.07932692307692307
0 0.04927884615384615 0.7872596153846154 0.04567307692307692 0.17548076923076922
0 0.4795673076923077 0.7740384615384616 0.06610576923076923 0.18028846153846154