1 0.24158653846153846 0.13341346153846154 0.06009615384615385 0.030048076923076924
1 0.2403846153846154 0.20072115384615385 0.0625 0.030048076923076924
1 0.23918269230769232 0.27524038461538464 0.06490384615384616 0.030048076923076924
1 0.23076923076923078 0.3629807692307692 0.07211538461538461 0.040865384615384616
1 0.22235576923076922 0.46274038461538464 0.0829326923076923 0.04567307692307692
1 0.21514423076923078 0.5817307692307693 0.08774038461538461 0.055288461538461536
1 0.2127403846153846 0.71875 0.09375 0.07451923076923077
1 0.4579326923076923 0.125 0.052884615384615384 0.02283653846153846
1 0.5697115384615384 0.11899038461538461 0.0625 0.02283653846153846
1 0.5889423076923077 0.18870192307692307 0.054086538461538464 0.026442307692307692
1 0.4735576923076923 0.19110576923076922 0.051682692307692304 0.021634615384615384
1 0.4831730769230769 0.2668269230769231 0.06370192307692307 0.03125
1 0.6069711538461539 0.265625 0.06370192307692307 0.028846153846153848
1 0.4951923076923077 0.35697115384615385 0.06610576923076923 0.038461538461538464
1 0.6310096153846154 0.35697115384615385 0.06971153846153846 0.03125
1 0.5096153846153846 0.46033653846153844 0.06610576923076923 0.042067307692307696
1 0.6574519230769231 0.4579326923076923 0.08173076923076923 0.042067307692307696
1 0.5300480769230769 0.5805288461538461 0.07932692307692307 0.04927884615384615
1 0.6875 0.578125 0.08774038461538461 0.04807692307692308
1 0.5540865384615384 0.7235576923076923 0.09615384615384616 0.06490384615384616
1 0.7307692307692307 0.7223557692307693 0.09615384615384616 0.06009615384615385
1 0.3629807692307692 0.2127403846153846 0.026442307692307692 0.009615384615384616
1 0.3641826923076923 0.2824519230769231 0.02403846153846154 0.01201923076923077
1 0.36778846153846156 0.36778846153846156 0.02283653846153846 0.009615384615384616
1 0.35697115384615385 0.14783653846153846 0.021634615384615384 0.008413461538461538
1 0.3762019230769231 0.4639423076923077 0.018028846153846152 0.008413461538461538