1 0.2920673076923077 0.11177884615384616 0.15264423076923078 0.04447115384615385
1 0.5588942307692307 0.10216346153846154 0.11538461538461539 0.04447115384615385
1 0.6875 0.10576923076923077 0.10576923076923077 0.04447115384615385
1 0.2692307692307692 0.21875 0.171875 0.055288461538461536
1 0.5637019230769231 0.20793269230769232 0.12620192307692307 0.06009615384615385
1 0.7007211538461539 0.2091346153846154 0.10817307692307693 0.057692307692307696
1 0.765625 0.1045673076923077 0.04447115384615385 0.040865384615384616
1 0.7848557692307693 0.20552884615384615 0.06009615384615385 0.056490384615384616
1 0.7103365384615384 0.34134615384615385 0.11298076923076923 0.078125
1 0.7932692307692307 0.31490384615384615 0.03245192307692308 0.019230769230769232
1 0.4254807692307692 0.3701923076923077 0.08413461538461539 0.042067307692307696
1 0.2403846153846154 0.3473557692307692 0.19951923076923078 0.07451923076923077
1 0.20793269230769232 0.5108173076923077 0.2403846153846154 0.09735576923076923
1 0.41586538461538464 0.515625 0.1466346153846154 0.1045673076923077
1 0.5817307692307693 0.5288461538461539 0.09254807692307693 0.078125
1 0.20552884615384615 0.7235576923076923 0.38822115384615385 0.12860576923076922
0 0.49759615384615385 0.7487980769230769 0.0889423076923077 0.15865384615384615
1 0.9567307692307693 0.296875 0.0829326923076923 0.13822115384615385
1 0.9783653846153846 0.40625 0.039663461538461536 0.056490384615384616
1 0.9362980769230769 0.203125 0.09615384615384616 0.13942307692307693
1 0.9050480769230769 0.125 0.08173076923076923 0.14302884615384615
1 0.875 0.06490384615384616 0.08052884615384616 0.125
1 0.8353365384615384 0.03485576923076923 0.06129807692307692 0.0673076923076923
1 0.054086538461538464 0.27884615384615385 0.08173076923076923 0.1045673076923077
1 0.08533653846153846 0.4050480769230769 0.056490384615384616 0.06971153846153846
1 0.01201923076923077 0.5048076923076923 0.020432692307692308 0.054086538461538464
1 0.04807692307692308 0.5144230769230769 0.06370192307692307 0.07692307692307693
1 0.02283653846153846 0.640625 0.04567307692307692 0.08774038461538461