1 0.2764423076923077 0.06490384615384616 0.11658653846153846 0.04447115384615385
1 0.43990384615384615 0.07091346153846154 0.12379807692307693 0.04807692307692308
1 0.6262019230769231 0.12620192307692307 0.08173076923076923 0.04447115384615385
1 0.6550480769230769 0.27163461538461536 0.07692307692307693 0.06370192307692307
1 0.3954326923076923 0.19831730769230768 0.41225961538461536 0.06971153846153846
1 0.41586538461538464 0.3605769230769231 0.4567307692307692 0.08653846153846154
1 0.6923076923076923 0.4230769230769231 0.09615384615384616 0.07572115384615384
1 0.44711538461538464 0.5661057692307693 0.5072115384615384 0.10336538461538461
1 0.7463942307692307 0.6033653846153846 0.1141826923076923 0.09615384615384616
1 0.48677884615384615 0.8185096153846154 0.5721153846153846 0.1346153846153846
1 0.8137019230769231 0.8269230769230769 0.12980769230769232 0.11658653846153846
1 0.9242788461538461 0.32091346153846156 0.14783653846153846 0.10216346153846154
1 0.9543269230769231 0.47836538461538464 0.08533653846153846 0.1201923076923077
1 0.12379807692307693 0.7764423076923077 0.10336538461538461 0.021634615384615384
0 0.12259615384615384 0.8581730769230769 0.10216346153846154 0.13701923076923078