1 0.13581730769230768 0.2608173076923077 0.04326923076923077 0.07692307692307693
1 0.3737980769230769 0.20072115384615385 0.1201923076923077 0.10096153846153846
1 0.109375 0.4206730769230769 0.04807692307692308 0.08533653846153846
1 0.3605769230769231 0.3762019230769231 0.12620192307692307 0.11778846153846154
1 0.07572115384615384 0.6021634615384616 0.06009615384615385 0.10216346153846154
1 0.013221153846153846 0.5913461538461539 0.02403846153846154 0.055288461538461536
1 0.3389423076923077 0.5769230769230769 0.13822115384615385 0.12259615384615384
1 0.3112980769230769 0.8557692307692307 0.27524038461538464 0.19230769230769232
1 0.6009615384615384 0.8774038461538461 0.24158653846153846 0.22956730769230768
1 0.8197115384615384 0.8786057692307693 0.19591346153846154 0.23677884615384615
1 0.671875 0.17307692307692307 0.13822115384615385 0.1045673076923077
1 0.6790865384615384 0.35336538461538464 0.1502403846153846 0.12259615384615384
1 0.6875 0.5625 0.1622596153846154 0.13942307692307693
0 0.6911057692307693 0.9026442307692307 0.0829326923076923 0.19230769230769232
0 0.4074519230769231 0.8882211538461539 0.07692307692307693 0.1622596153846154