1 0.35096153846153844 0.06610576923076923 0.08533653846153846 0.025240384615384616
1 0.47475961538461536 0.06490384615384616 0.054086538461538464 0.026442307692307692
1 0.5625 0.06370192307692307 0.051682692307692304 0.025240384615384616
1 0.6778846153846154 0.05889423076923077 0.08653846153846154 0.025240384615384616
1 0.6899038461538461 0.10817307692307693 0.0829326923076923 0.026442307692307692
1 0.46875 0.11899038461538461 0.046875 0.03245192307692308
1 0.33413461538461536 0.11298076923076923 0.08653846153846154 0.021634615384615384
1 0.5697115384615384 0.18269230769230768 0.056490384615384616 0.038461538461538464
1 0.46274038461538464 0.18269230769230768 0.057692307692307696 0.038461538461538464
1 0.4543269230769231 0.25961538461538464 0.06850961538461539 0.04567307692307692
1 0.5709134615384616 0.25721153846153844 0.06370192307692307 0.04326923076923077
1 0.7019230769230769 0.16947115384615385 0.09254807692307693 0.030048076923076924
1 0.7175480769230769 0.24519230769230768 0.09975961538461539 0.03485576923076923
1 0.7331730769230769 0.33533653846153844 0.11538461538461539 0.046875
1 0.5721153846153846 0.34975961538461536 0.06971153846153846 0.06490384615384616
1 0.4326923076923077 0.46634615384615385 0.078125 0.0829326923076923
1 0.44471153846153844 0.35096153846153844 0.07211538461538461 0.06370192307692307
1 0.5721153846153846 0.4651442307692308 0.07451923076923077 0.08413461538461539
1 0.7487980769230769 0.453125 0.12740384615384615 0.06370192307692307
1 0.7740384615384616 0.5961538461538461 0.14903846153846154 0.08173076923076923
1 0.4206730769230769 0.6165865384615384 0.09975961538461539 0.11778846153846154
1 0.5805288461538461 0.6153846153846154 0.09975961538461539 0.11899038461538461
1 0.31850961538461536 0.17427884615384615 0.09134615384615384 0.026442307692307692
1 0.296875 0.25 0.10216346153846154 0.03245192307692308
1 0.27163461538461536 0.3401442307692308 0.11298076923076923 0.04326923076923077
1 0.24639423076923078 0.45552884615384615 0.13581730769230768 0.06129807692307692
1 0.21153846153846154 0.5973557692307693 0.15625 0.08052884615384616
0 0.40024038461538464 0.8918269230769231 0.16826923076923078 0.18990384615384615