0 0.3798076923076923 0.8245192307692307 0.11538461538461539 0.3449519230769231
1 0.3894230769230769 0.6081730769230769 0.09735576923076923 0.0733173076923077
1 0.6971153846153846 0.6646634615384616 0.23317307692307693 0.2091346153846154
1 0.22596153846153846 0.6658653846153846 0.07932692307692307 0.17668269230769232
1 0.0673076923076923 0.6730769230769231 0.13341346153846154 0.17307692307692307
1 0.10576923076923077 0.34134615384615385 0.1201923076923077 0.13221153846153846
1 0.34975961538461536 0.3016826923076923 0.14423076923076922 0.1466346153846154
1 0.6574519230769231 0.2536057692307692 0.1935096153846154 0.16466346153846154
1 0.14783653846153846 0.09134615384615384 0.10576923076923077 0.0985576923076923
1 0.3629807692307692 0.046875 0.12980769230769232 0.09375
1 0.6009615384615384 0.013221153846153846 0.09495192307692307 0.025240384615384616