1 0.1502403846153846 0.22716346153846154 0.06370192307692307 0.12860576923076922
1 0.2608173076923077 0.23557692307692307 0.054086538461538464 0.125
1 0.4423076923076923 0.24158653846153846 0.04326923076923077 0.0985576923076923
1 0.5180288461538461 0.2536057692307692 0.03245192307692308 0.09735576923076923
1 0.6201923076923077 0.2620192307692308 0.051682692307692304 0.09735576923076923
1 0.7367788461538461 0.2824519230769231 0.051682692307692304 0.11658653846153846
1 0.8257211538461539 0.2932692307692308 0.054086538461538464 0.11298076923076923
1 0.203125 0.5012019230769231 0.18870192307692307 0.13221153846153846
1 0.5456730769230769 0.5288461538461539 0.20793269230769232 0.12740384615384615
1 0.8137019230769231 0.5420673076923077 0.15264423076923078 0.11778846153846154
1 0.19471153846153846 0.8100961538461539 0.19831730769230768 0.15384615384615385
1 0.5384615384615384 0.7896634615384616 0.13942307692307693 0.14783653846153846
1 0.8473557692307693 0.8125 0.16466346153846154 0.1346153846153846