1 0.15144230769230768 0.2920673076923077 0.12740384615384615 0.10216346153846154
1 0.13341346153846154 0.5408653846153846 0.13341346153846154 0.1045673076923077
1 0.11899038461538461 0.8161057692307693 0.13341346153846154 0.10336538461538461
1 0.33653846153846156 0.26322115384615385 0.06610576923076923 0.10216346153846154
1 0.5360576923076923 0.2283653846153846 0.07211538461538461 0.1045673076923077
1 0.7680288461538461 0.18990384615384615 0.1814903846153846 0.11899038461538461
1 0.3317307692307692 0.5204326923076923 0.07211538461538461 0.10576923076923077
1 0.5360576923076923 0.5012019230769231 0.078125 0.11778846153846154
1 0.7800480769230769 0.47716346153846156 0.1875 0.125
1 0.32091346153846156 0.8076923076923077 0.07451923076923077 0.11177884615384616
1 0.5372596153846154 0.8004807692307693 0.08413461538461539 0.11778846153846154
1 0.7896634615384616 0.7956730769230769 0.19831730769230768 0.12740384615384615