1 0.17427884615384615 0.2512019230769231 0.09134615384615384 0.09495192307692307
1 0.3557692307692308 0.21394230769230768 0.08413461538461539 0.10697115384615384
1 0.5348557692307693 0.171875 0.0985576923076923 0.11177884615384616
1 0.7620192307692307 0.11538461538461539 0.125 0.13341346153846154
1 0.17067307692307693 0.4639423076923077 0.09254807692307693 0.09014423076923077
1 0.3629807692307692 0.43990384615384615 0.08173076923076923 0.10817307692307693
1 0.5480769230769231 0.41346153846153844 0.10817307692307693 0.12259615384615384
1 0.78125 0.37740384615384615 0.13221153846153846 0.12980769230769232
1 0.16706730769230768 0.6935096153846154 0.09134615384615384 0.09975961538461539
1 0.3641826923076923 0.6862980769230769 0.08653846153846154 0.11899038461538461
1 0.5600961538461539 0.6814903846153846 0.10697115384615384 0.12860576923076922
1 0.8100961538461539 0.6742788461538461 0.13581730769230768 0.13822115384615385
1 0.40384615384615385 0.9242788461538461 0.09014423076923077 0.1045673076923077
1 0.5889423076923077 0.9314903846153846 0.11057692307692307 0.11177884615384616
1 0.8173076923076923 0.9411057692307693 0.12740384615384615 0.10576923076923077