1 0.14182692307692307 0.1935096153846154 0.125 0.09254807692307693
1 0.3473557692307692 0.14783653846153846 0.1502403846153846 0.11057692307692307
1 0.5432692307692307 0.09975961538461539 0.07572115384615384 0.1045673076923077
1 0.7620192307692307 0.052884615384615384 0.140625 0.10576923076923077
1 0.12379807692307693 0.3858173076923077 0.1346153846153846 0.11658653846153846
1 0.33413461538461536 0.35336538461538464 0.1502403846153846 0.125
1 0.5360576923076923 0.3112980769230769 0.1045673076923077 0.10576923076923077
1 0.8016826923076923 0.27283653846153844 0.2668269230769231 0.1622596153846154
1 0.8028846153846154 0.5264423076923077 0.27283653846153844 0.15264423076923078
1 0.5264423076923077 0.5384615384615384 0.10336538461538461 0.1045673076923077
1 0.3125 0.5685096153846154 0.15504807692307693 0.125
1 0.09735576923076923 0.5865384615384616 0.1346153846153846 0.11177884615384616
1 0.07211538461538461 0.8052884615384616 0.13822115384615385 0.12139423076923077
1 0.28966346153846156 0.8064903846153846 0.1622596153846154 0.1310096153846154
1 0.5072115384615384 0.7980769230769231 0.12259615384615384 0.11658653846153846
1 0.8064903846153846 0.8137019230769231 0.29447115384615385 0.1622596153846154