1 0.32211538461538464 0.07932692307692307 0.109375 0.054086538461538464
1 0.6442307692307693 0.09975961538461539 0.09975961538461539 0.05048076923076923
1 0.3293269230769231 0.17067307692307693 0.10697115384615384 0.054086538461538464
1 0.6610576923076923 0.18990384615384615 0.09735576923076923 0.05048076923076923
1 0.33653846153846156 0.2704326923076923 0.10216346153846154 0.05889423076923077
1 0.6838942307692307 0.28966346153846156 0.09735576923076923 0.04807692307692308
1 0.34134615384615385 0.3786057692307692 0.11298076923076923 0.051682692307692304
1 0.703125 0.39302884615384615 0.1045673076923077 0.04927884615384615
1 0.35096153846153844 0.49278846153846156 0.1201923076923077 0.055288461538461536
1 0.35697115384615385 0.6141826923076923 0.12259615384615384 0.06009615384615385
1 0.3713942307692308 0.7463942307692307 0.11538461538461539 0.06370192307692307
1 0.7163461538461539 0.5 0.1045673076923077 0.055288461538461536
1 0.7367788461538461 0.6225961538461539 0.1045673076923077 0.0625
1 0.7608173076923077 0.7512019230769231 0.11298076923076923 0.057692307692307696
1 0.3798076923076923 0.8858173076923077 0.12259615384615384 0.0673076923076923
1 0.7836538461538461 0.8882211538461539 0.12740384615384615 0.0625