1 0.22235576923076922 0.23557692307692307 0.056490384615384616 0.09014423076923077
1 0.30649038461538464 0.23798076923076922 0.054086538461538464 0.08774038461538461
1 0.5036057692307693 0.20552884615384615 0.03125 0.03365384615384615
1 0.5997596153846154 0.24639423076923078 0.054086538461538464 0.09495192307692307
1 0.6959134615384616 0.24278846153846154 0.039663461538461536 0.08052884615384616
1 0.20793269230769232 0.4951923076923077 0.06850961538461539 0.11298076923076923
1 0.4543269230769231 0.5 0.25600961538461536 0.2091346153846154
1 0.6983173076923077 0.8173076923076923 0.013221153846153846 0.07572115384615384
1 0.7728365384615384 0.8052884615384616 0.11658653846153846 0.09735576923076923
1 0.21033653846153846 0.7632211538461539 0.06850961538461539 0.06009615384615385
0 0.42908653846153844 0.8377403846153846 0.0985576923076923 0.15264423076923078