1 0.19831730769230768 0.11899038461538461 0.10336538461538461 0.13341346153846154
1 0.46875 0.06490384615384616 0.2403846153846154 0.11057692307692307
1 0.6670673076923077 0.08413461538461539 0.08774038461538461 0.09375
1 0.19591346153846154 0.31009615384615385 0.10336538461538461 0.1466346153846154
1 0.4699519230769231 0.24639423076923078 0.2439903846153846 0.14423076923076922
1 0.6706730769230769 0.27403846153846156 0.09375 0.10096153846153846
1 0.19471153846153846 0.5 0.10336538461538461 0.14783653846153846
1 0.47596153846153844 0.45072115384615385 0.24759615384615385 0.13221153846153846
1 0.6766826923076923 0.4699519230769231 0.08774038461538461 0.0985576923076923
1 0.19471153846153846 0.7019230769230769 0.10096153846153846 0.1502403846153846
1 0.47836538461538464 0.6610576923076923 0.2512019230769231 0.12139423076923077
1 0.6802884615384616 0.671875 0.09014423076923077 0.10336538461538461
1 0.8497596153846154 0.13942307692307693 0.0625 0.09615384615384616
1 0.8533653846153846 0.3125 0.057692307692307696 0.0985576923076923
1 0.8653846153846154 0.49399038461538464 0.06971153846153846 0.09375
1 0.8737980769230769 0.6778846153846154 0.0733173076923077 0.09375
1 0.8173076923076923 0.8485576923076923 0.04927884615384615 0.0673076923076923
0 0.6682692307692307 0.9206730769230769 0.06490384615384616 0.14182692307692307
1 0.6706730769230769 0.9074519230769231 0.16105769230769232 0.1778846153846154
1 0.1971153846153846 0.8858173076923077 0.2824519230769231 0.13581730769230768
1 0.5492788461538461 0.8930288461538461 0.04567307692307692 0.13942307692307693