0 0.14543269230769232 0.32091346153846156 0.052884615384615384 0.10576923076923077
1 0.028846153846153848 0.5300480769230769 0.051682692307692304 0.109375
1 0.32211538461538464 0.2920673076923077 0.1310096153846154 0.10697115384615384
1 0.32572115384615385 0.5276442307692307 0.14903846153846154 0.1310096153846154
1 0.671875 0.3004807692307692 0.27403846153846156 0.10576923076923077
1 0.7163461538461539 0.5300480769230769 0.3112980769230769 0.1346153846153846
1 0.3173076923076923 0.8112980769230769 0.14543269230769232 0.14423076923076922
1 0.7067307692307693 0.8533653846153846 0.16826923076923078 0.23197115384615385
1 0.9579326923076923 0.5096153846153846 0.07211538461538461 0.10576923076923077
1 0.9086538461538461 0.3173076923076923 0.09014423076923077 0.08774038461538461
1 0.9903846153846154 0.29927884615384615 0.014423076923076924 0.04447115384615385
0 0.5925480769230769 0.859375 0.1045673076923077 0.23076923076923078
0 0.8521634615384616 0.8581730769230769 0.16466346153846154 0.23197115384615385