1 0.4375 0.23197115384615385 0.25961538461538464 0.12620192307692307
1 0.8004807692307693 0.28725961538461536 0.10216346153846154 0.13221153846153846
1 0.4266826923076923 0.5180288461538461 0.2668269230769231 0.15384615384615385
1 0.8064903846153846 0.5516826923076923 0.1045673076923077 0.16346153846153846
1 0.3473557692307692 0.8882211538461539 0.1045673076923077 0.15504807692307693
1 0.5685096153846154 0.8870192307692307 0.10216346153846154 0.15144230769230768
1 0.8112980769230769 0.8173076923076923 0.1201923076923077 0.03365384615384615
1 0.08413461538461539 0.6165865384615384 0.027644230769230768 0.015625
1 0.1346153846153846 0.6141826923076923 0.01201923076923077 0.016826923076923076
1 0.13221153846153846 0.6442307692307693 0.008413461538461538 0.01201923076923077
0 0.8125 0.9230769230769231 0.125 0.15264423076923078