1 0.35096153846153844 0.3269230769230769 0.1466346153846154 0.0625
1 0.6358173076923077 0.3125 0.11658653846153846 0.05889423076923077
1 0.3449519230769231 0.47475961538461536 0.14543269230769232 0.06850961538461539
1 0.3401442307692308 0.6382211538461539 0.14783653846153846 0.07692307692307693
1 0.6442307692307693 0.4639423076923077 0.11538461538461539 0.06971153846153846
1 0.6526442307692307 0.6322115384615384 0.125 0.078125
1 0.9326923076923077 0.41586538461538464 0.11778846153846154 0.1346153846153846
1 0.9146634615384616 0.5300480769230769 0.016826923076923076 0.03485576923076923
1 0.9867788461538461 0.47716346153846156 0.021634615384615384 0.046875
1 0.921875 0.609375 0.020432692307692308 0.042067307692307696
1 0.9362980769230769 0.6959134615384616 0.025240384615384616 0.042067307692307696
1 0.8737980769230769 0.6394230769230769 0.015625 0.06129807692307692
1 0.8533653846153846 0.6670673076923077 0.020432692307692308 0.027644230769230768
1 0.8737980769230769 0.7920673076923077 0.040865384615384616 0.030048076923076924
1 0.9567307692307693 0.8112980769230769 0.08052884615384616 0.09495192307692307
0 0.019230769230769232 0.8365384615384616 0.020432692307692308 0.0733173076923077
1 0.0829326923076923 0.8173076923076923 0.013221153846153846 0.03485576923076923
1 0.03245192307692308 0.7139423076923077 0.013221153846153846 0.04326923076923077
1 0.1045673076923077 0.6514423076923077 0.009615384615384616 0.03365384615384615
1 0.04567307692307692 0.6177884615384616 0.013221153846153846 0.040865384615384616
1 0.056490384615384616 0.5252403846153846 0.010817307692307692 0.03365384615384615
1 0.06610576923076923 0.4362980769230769 0.007211538461538462 0.03485576923076923
1 0.11899038461538461 0.49759615384615385 0.008413461538461538 0.03365384615384615