1 0.23197115384615385 0.16346153846153846 0.2644230769230769 0.07451923076923077
1 0.13581730769230768 0.2824519230769231 0.2704326923076923 0.07932692307692307
1 0.6262019230769231 0.21875 0.18629807692307693 0.04447115384615385
1 0.5564903846153846 0.33533653846153844 0.20072115384615385 0.052884615384615384
1 0.0829326923076923 0.42788461538461536 0.16105769230769232 0.0985576923076923
1 0.4735576923076923 0.47716346153846156 0.2247596153846154 0.06129807692307692
1 0.984375 0.22355769230769232 0.028846153846153848 0.03125
1 0.9675480769230769 0.3389423076923077 0.06129807692307692 0.04326923076923077
1 0.9350961538461539 0.4795673076923077 0.125 0.06009615384615385
1 0.90625 0.6478365384615384 0.18509615384615385 0.0733173076923077
1 0.37259615384615385 0.6502403846153846 0.2620192307692308 0.07692307692307693
1 0.24639423076923078 0.859375 0.3016826923076923 0.09014423076923077
1 0.8569711538461539 0.8569711538461539 0.23317307692307693 0.08774038461538461