1 0.2439903846153846 0.2668269230769231 0.11538461538461539 0.1466346153846154
1 0.4831730769230769 0.23317307692307693 0.09014423076923077 0.0889423076923077
1 0.7307692307692307 0.2548076923076923 0.11658653846153846 0.1466346153846154
1 0.9266826923076923 0.2283653846153846 0.13581730769230768 0.15144230769230768
1 0.21394230769230768 0.5408653846153846 0.13701923076923078 0.18509615384615385
1 0.46875 0.4987980769230769 0.09014423076923077 0.11538461538461539
1 0.7367788461538461 0.5348557692307693 0.12379807692307693 0.18269230769230768
1 0.23798076923076922 0.84375 0.12379807692307693 0.1935096153846154
1 0.8629807692307693 0.8377403846153846 0.125 0.18269230769230768
0 0.6274038461538461 0.8485576923076923 0.08052884615384616 0.20552884615384615
1 0.9338942307692307 0.5144230769230769 0.10216346153846154 0.08173076923076923