1 0.33052884615384615 0.2860576923076923 0.02283653846153846 0.11538461538461539
1 0.4206730769230769 0.19591346153846154 0.11177884615384616 0.07572115384615384
1 0.5384615384615384 0.19471153846153846 0.06971153846153846 0.07211538461538461
1 0.4206730769230769 0.36778846153846156 0.11177884615384616 0.0829326923076923
1 0.5432692307692307 0.36658653846153844 0.07211538461538461 0.0829326923076923
1 0.3269230769230769 0.44350961538461536 0.02403846153846154 0.12620192307692307
1 0.32211538461538464 0.6153846153846154 0.025240384615384616 0.14182692307692307
1 0.4206730769230769 0.5576923076923077 0.1201923076923077 0.10096153846153846
1 0.5492788461538461 0.5576923076923077 0.07692307692307693 0.09134615384615384
1 0.4206730769230769 0.7716346153846154 0.12620192307692307 0.109375
1 0.5588942307692307 0.7704326923076923 0.0829326923076923 0.1045673076923077
0 0.3137019230769231 0.8016826923076923 0.055288461538461536 0.15144230769230768
1 0.6538461538461539 0.19831730769230768 0.06850961538461539 0.06971153846153846
1 0.7620192307692307 0.19951923076923078 0.07091346153846154 0.07211538461538461
1 0.8737980769230769 0.19471153846153846 0.037259615384615384 0.09615384615384616
1 0.8954326923076923 0.3641826923076923 0.039663461538461536 0.11057692307692307
1 0.7764423076923077 0.3701923076923077 0.0733173076923077 0.078125
1 0.6646634615384616 0.36778846153846156 0.07211538461538461 0.08173076923076923
1 0.6778846153846154 0.5552884615384616 0.07692307692307693 0.0889423076923077
1 0.7944711538461539 0.5588942307692307 0.07932692307692307 0.08413461538461539
1 0.9182692307692307 0.5480769230769231 0.04326923076923077 0.1201923076923077
1 0.6911057692307693 0.7680288461538461 0.08413461538461539 0.1045673076923077
1 0.8161057692307693 0.765625 0.08653846153846154 0.10576923076923077
1 0.9483173076923077 0.7560096153846154 0.054086538461538464 0.14423076923076922