1 0.3786057692307692 0.19591346153846154 0.10817307692307693 0.12379807692307693
1 0.6069711538461539 0.19110576923076922 0.11778846153846154 0.13581730769230768
1 0.15144230769230768 0.33774038461538464 0.038461538461538464 0.12620192307692307
1 0.21033653846153846 0.3389423076923077 0.030048076923076924 0.12620192307692307
1 0.15144230769230768 0.59375 0.03365384615384615 0.11538461538461539
1 0.21033653846153846 0.5973557692307693 0.030048076923076924 0.12259615384615384
0 0.17908653846153846 0.8918269230769231 0.10216346153846154 0.18629807692307693
1 0.3786057692307692 0.7596153846153846 0.1045673076923077 0.11899038461538461
1 0.6069711538461539 0.7704326923076923 0.11298076923076923 0.12620192307692307
1 0.37740384615384615 0.4807692307692308 0.10216346153846154 0.12139423076923077
1 0.6081730769230769 0.484375 0.11177884615384616 0.12379807692307693