1 0.051682692307692304 0.038461538461538464 0.08774038461538461 0.06850961538461539
0 0.12740384615384615 0.8329326923076923 0.19471153846153846 0.33052884615384615
1 0.036057692307692304 0.23557692307692307 0.07211538461538461 0.10817307692307693
1 0.026442307692307692 0.5048076923076923 0.051682692307692304 0.12860576923076922
1 0.1622596153846154 0.4855769230769231 0.13942307692307693 0.13942307692307693
1 0.19110576923076922 0.21875 0.11177884615384616 0.1201923076923077
1 0.21754807692307693 0.028846153846153848 0.0985576923076923 0.055288461538461536
1 0.5384615384615384 0.2439903846153846 0.20192307692307693 0.1310096153846154
1 0.8689903846153846 0.21394230769230768 0.25 0.12740384615384615
1 0.5516826923076923 0.53125 0.234375 0.1658653846153846
1 0.8978365384615384 0.5192307692307693 0.20192307692307693 0.16346153846153846
1 0.35697115384615385 0.8918269230769231 0.15384615384615385 0.18870192307692307
1 0.7740384615384616 0.9002403846153846 0.44471153846153844 0.19591346153846154
0 0.49759615384615385 0.8978365384615384 0.09014423076923077 0.19230769230769232