1 0.6394230769230769 0.6117788461538461 0.14182692307692307 0.125
1 0.07572115384615384 0.0985576923076923 0.025240384615384616 0.04927884615384615
1 0.17668269230769232 0.10216346153846154 0.06370192307692307 0.05048076923076923
1 0.2764423076923077 0.09014423076923077 0.051682692307692304 0.055288461538461536
1 0.3762019230769231 0.07932692307692307 0.054086538461538464 0.055288461538461536
1 0.15264423076923078 0.2127403846153846 0.06971153846153846 0.05889423076923077
1 0.2620192307692308 0.20192307692307693 0.055288461538461536 0.057692307692307696
1 0.36658653846153844 0.18870192307692307 0.057692307692307696 0.06370192307692307
1 0.47716346153846156 0.07091346153846154 0.055288461538461536 0.055288461538461536
1 0.6057692307692307 0.04326923076923077 0.10216346153846154 0.06610576923076923
1 0.7319711538461539 0.040865384615384616 0.07451923076923077 0.05889423076923077
1 0.47475961538461536 0.1814903846153846 0.055288461538461536 0.06129807692307692
1 0.6129807692307693 0.15384615384615385 0.109375 0.09134615384615384
1 0.7475961538461539 0.15625 0.08173076923076923 0.06610576923076923
1 0.4723557692307692 0.3112980769230769 0.06490384615384616 0.07451923076923077
1 0.6225961538461539 0.2860576923076923 0.11778846153846154 0.09495192307692307
1 0.7668269230769231 0.28365384615384615 0.08413461538461539 0.08173076923076923
1 0.47115384615384615 0.45913461538461536 0.06850961538461539 0.09134615384615384
1 0.6310096153846154 0.4362980769230769 0.12860576923076922 0.11057692307692307
1 0.7896634615384616 0.4411057692307692 0.09615384615384616 0.09254807692307693
1 0.4639423076923077 0.6370192307692307 0.07211538461538461 0.09975961538461539
1 0.8161057692307693 0.6286057692307693 0.1045673076923077 0.11177884615384616
1 0.484375 0.8581730769230769 0.06850961538461539 0.10576923076923077
1 0.6322115384615384 0.8545673076923077 0.05889423076923077 0.10216346153846154
1 0.8173076923076923 0.8545673076923077 0.10096153846153846 0.11538461538461539
1 0.038461538461538464 0.3317307692307692 0.07572115384615384 0.08173076923076923
1 0.12740384615384615 0.33774038461538464 0.07451923076923077 0.06610576923076923
1 0.24278846153846154 0.328125 0.0625 0.0733173076923077
1 0.35697115384615385 0.3173076923076923 0.06009615384615385 0.07451923076923077
1 0.09735576923076923 0.48197115384615385 0.08533653846153846 0.0889423076923077
1 0.22235576923076922 0.47475961538461536 0.07091346153846154 0.08774038461538461
1 0.34375 0.46875 0.06971153846153846 0.08413461538461539
1 0.057692307692307696 0.6502403846153846 0.09375 0.10216346153846154
1 0.19591346153846154 0.6466346153846154 0.07932692307692307 0.09975961538461539
1 0.32572115384615385 0.640625 0.07692307692307693 0.10817307692307693
0 0.33533653846153844 0.9014423076923077 0.10216346153846154 0.19230769230769232
0 0.2800480769230769 0.9615384615384616 0.013221153846153846 0.07211538461538461