1 0.026442307692307692 0.10096153846153846 0.04326923076923077 0.15865384615384615
1 0.25240384615384615 0.18629807692307693 0.171875 0.1045673076923077
1 0.21394230769230768 0.44591346153846156 0.1935096153846154 0.13221153846153846
1 0.6009615384615384 0.24278846153846154 0.15504807692307693 0.09014423076923077
1 0.6057692307692307 0.46875 0.17548076923076922 0.11658653846153846
1 0.8185096153846154 0.46274038461538464 0.06971153846153846 0.11538461538461539
1 0.8016826923076923 0.19230769230769232 0.03245192307692308 0.026442307692307692
1 0.9723557692307693 0.21033653846153846 0.04326923076923077 0.15985576923076922
0 0.8786057692307693 0.8040865384615384 0.14903846153846154 0.25600961538461536
1 0.16947115384615385 0.7704326923076923 0.21634615384615385 0.18028846153846154
1 0.6466346153846154 0.7512019230769231 0.13221153846153846 0.15144230769230768
1 0.5324519230769231 0.7524038461538461 0.030048076923076924 0.14302884615384615