1 0.2091346153846154 0.11298076923076923 0.0829326923076923 0.05889423076923077
1 0.28846153846153844 0.11778846153846154 0.04927884615384615 0.06610576923076923
1 0.16466346153846154 0.2764423076923077 0.07572115384615384 0.07692307692307693
1 0.2548076923076923 0.27884615384615385 0.07211538461538461 0.07692307692307693
1 0.46274038461538464 0.12379807692307693 0.08413461538461539 0.06610576923076923
1 0.4519230769230769 0.2776442307692308 0.09014423076923077 0.07692307692307693
1 0.10817307692307693 0.4699519230769231 0.054086538461538464 0.09735576923076923
1 0.20432692307692307 0.4699519230769231 0.1045673076923077 0.09735576923076923
1 0.4423076923076923 0.47716346153846156 0.09615384615384616 0.09975961538461539
1 0.11538461538461539 0.8401442307692307 0.22596153846153846 0.28846153846153844
1 0.3942307692307692 0.8353365384615384 0.203125 0.2848557692307692
0 0.33413461538461536 0.8557692307692307 0.140625 0.24759615384615385
1 0.7175480769230769 0.09014423076923077 0.07451923076923077 0.046875
1 0.7908653846153846 0.0985576923076923 0.03245192307692308 0.052884615384615384
1 0.6045673076923077 0.23557692307692307 0.0625 0.054086538461538464
1 0.7271634615384616 0.23798076923076922 0.08774038461538461 0.0673076923076923
1 0.8197115384615384 0.24278846153846154 0.054086538461538464 0.0673076923076923
1 0.609375 0.40625 0.07091346153846154 0.07091346153846154
1 0.7163461538461539 0.4098557692307692 0.04447115384615385 0.08173076923076923
1 0.8052884615384616 0.40865384615384615 0.0889423076923077 0.08413461538461539
1 0.6129807692307693 0.6225961538461539 0.07692307692307693 0.09615384615384616
1 0.7379807692307693 0.6141826923076923 0.06610576923076923 0.09615384615384616
1 0.8425480769230769 0.6141826923076923 0.10576923076923077 0.09375
0 0.7824519230769231 0.8786057692307693 0.1502403846153846 0.21153846153846154
0 0.9242788461538461 0.8737980769230769 0.10216346153846154 0.20072115384615385
1 0.9447115384615384 0.10697115384615384 0.0829326923076923 0.052884615384615384
1 0.9723557692307693 0.24759615384615385 0.046875 0.06370192307692307
1 0.9819711538461539 0.41586538461538464 0.03245192307692308 0.08173076923076923