1 0.30528846153846156 0.23918269230769232 0.10216346153846154 0.09735576923076923
1 0.5709134615384616 0.4723557692307692 0.11298076923076923 0.0985576923076923
1 0.2980769230769231 0.4651442307692308 0.10576923076923077 0.09975961538461539
1 0.1310096153846154 0.22716346153846154 0.0625 0.09975961538461539
1 0.1201923076923077 0.4567307692307692 0.0733173076923077 0.09735576923076923
1 0.11538461538461539 0.71875 0.12620192307692307 0.1141826923076923
1 0.2860576923076923 0.7223557692307693 0.1141826923076923 0.1141826923076923
1 0.5745192307692307 0.7175480769230769 0.11899038461538461 0.1141826923076923
1 0.7668269230769231 0.47836538461538464 0.0673076923076923 0.09495192307692307
1 0.7475961538461539 0.7163461538461539 0.06971153846153846 0.109375
0 0.7139423076923077 0.5060096153846154 0.051682692307692304 0.15264423076923078
0 0.4110576923076923 0.7680288461538461 0.057692307692307696 0.1658653846153846
0 0.1778846153846154 0.4639423076923077 0.04567307692307692 0.11177884615384616
0 0.18870192307692307 0.2403846153846154 0.042067307692307696 0.11298076923076923