1 0.04807692307692308 0.16105769230769232 0.08173076923076923 0.08052884615384616
1 0.21634615384615385 0.19951923076923078 0.07091346153846154 0.0733173076923077
1 0.3112980769230769 0.20072115384615385 0.06850961538461539 0.07572115384615384
1 0.4014423076923077 0.20432692307692307 0.06490384615384616 0.07451923076923077
1 0.5829326923076923 0.2091346153846154 0.06370192307692307 0.0733173076923077
1 0.6706730769230769 0.2091346153846154 0.0673076923076923 0.07572115384615384
1 0.7596153846153846 0.2127403846153846 0.06490384615384616 0.07451923076923077
1 0.9278846153846154 0.1814903846153846 0.08653846153846154 0.07932692307692307
1 0.9891826923076923 0.16706730769230768 0.020432692307692308 0.046875
1 0.9759615384615384 0.38822115384615385 0.046875 0.1201923076923077
1 0.5985576923076923 0.41225961538461536 0.07211538461538461 0.11057692307692307
1 0.7007211538461539 0.41466346153846156 0.078125 0.11057692307692307
1 0.8040865384615384 0.41466346153846156 0.08653846153846154 0.11057692307692307
1 0.17668269230769232 0.40625 0.09134615384615384 0.11298076923076923
1 0.2824519230769231 0.4074519230769231 0.0829326923076923 0.10697115384615384
1 0.38822115384615385 0.4074519230769231 0.07692307692307693 0.109375
1 0.12139423076923077 0.6850961538461539 0.10576923076923077 0.13942307692307693
1 0.25721153846153844 0.6887019230769231 0.09975961538461539 0.1502403846153846
1 0.41346153846153844 0.6298076923076923 0.10336538461538461 0.025240384615384616
0 0.40865384615384615 0.7151442307692307 0.11298076923076923 0.14423076923076922
0 0.5528846153846154 0.7259615384615384 0.09615384615384616 0.21394230769230768
1 0.7319711538461539 0.6947115384615384 0.09615384615384616 0.1502403846153846
1 0.8497596153846154 0.6959134615384616 0.10817307692307693 0.1502403846153846
1 0.013221153846153846 0.3473557692307692 0.02283653846153846 0.06490384615384616