1 0.12259615384615384 0.3581730769230769 0.0829326923076923 0.16826923076923078
1 0.25 0.34975961538461536 0.078125 0.17067307692307693
1 0.41346153846153844 0.3449519230769231 0.09014423076923077 0.17067307692307693
1 0.5096153846153846 0.31971153846153844 0.03125 0.17908653846153846
1 0.6514423076923077 0.27524038461538464 0.11658653846153846 0.19471153846153846
1 0.8341346153846154 0.2644230769230769 0.13221153846153846 0.1971153846153846
1 0.4362980769230769 0.6057692307692307 0.14182692307692307 0.040865384615384616
1 0.11057692307692307 0.7560096153846154 0.09375 0.22355769230769232
1 0.25600961538461536 0.7548076923076923 0.08533653846153846 0.23076923076923078
1 0.7055288461538461 0.7512019230769231 0.12860576923076922 0.24158653846153846
1 0.859375 0.7524038461538461 0.13341346153846154 0.23798076923076922
0 0.46033653846153844 0.8545673076923077 0.16706730769230768 0.27524038461538464