1 0.21153846153846154 0.3245192307692308 0.33653846153846156 0.13581730769230768
1 0.44591346153846156 0.3557692307692308 0.0985576923076923 0.10216346153846154
1 0.6394230769230769 0.34375 0.0985576923076923 0.10817307692307693
1 0.8473557692307693 0.33413461538461536 0.09495192307692307 0.10817307692307693
1 0.17668269230769232 0.578125 0.35216346153846156 0.13942307692307693
1 0.421875 0.5997596153846154 0.09495192307692307 0.10817307692307693
1 0.6274038461538461 0.5913461538461539 0.10096153846153846 0.109375
1 0.8461538461538461 0.5805288461538461 0.0985576923076923 0.11177884615384616
1 0.15985576923076922 0.8449519230769231 0.31971153846153844 0.1466346153846154
1 0.3954326923076923 0.8701923076923077 0.1045673076923077 0.12620192307692307
1 0.6105769230769231 0.8641826923076923 0.1141826923076923 0.13221153846153846
1 0.8425480769230769 0.8581730769230769 0.10576923076923077 0.12740384615384615