1 0.265625 0.13341346153846154 0.06129807692307692 0.06971153846153846
1 0.4014423076923077 0.12740384615384615 0.09495192307692307 0.054086538461538464
1 0.47836538461538464 0.14423076923076922 0.027644230769230768 0.046875
1 0.2548076923076923 0.23197115384615385 0.06370192307692307 0.08413461538461539
1 0.40024038461538464 0.22355769230769232 0.09735576923076923 0.06129807692307692
1 0.4831730769230769 0.22596153846153846 0.030048076923076924 0.052884615384615384
1 0.24158653846153846 0.34615384615384615 0.07692307692307693 0.09735576923076923
1 0.4230769230769231 0.33653846153846156 0.0625 0.06850961538461539
1 0.49158653846153844 0.3161057692307692 0.037259615384615384 0.057692307692307696
1 0.22716346153846154 0.4879807692307692 0.08413461538461539 0.11778846153846154
1 0.42427884615384615 0.47115384615384615 0.06370192307692307 0.08413461538461539
1 0.49759615384615385 0.4230769230769231 0.03485576923076923 0.06610576923076923
1 0.5036057692307693 0.5444711538461539 0.042067307692307696 0.07692307692307693
1 0.4026442307692308 0.6298076923076923 0.12379807692307693 0.11057692307692307
1 0.5144230769230769 0.6899038461538461 0.04447115384615385 0.09254807692307693
1 0.20673076923076922 0.65625 0.09495192307692307 0.14903846153846154
1 0.22235576923076922 0.8269230769230769 0.1045673076923077 0.09975961538461539
1 0.4026442307692308 0.8413461538461539 0.14423076923076922 0.1466346153846154
0 0.5492788461538461 0.8810096153846154 0.08533653846153846 0.1346153846153846
1 0.5757211538461539 0.16346153846153846 0.10576923076923077 0.11298076923076923
1 0.7151442307692307 0.1466346153846154 0.07211538461538461 0.07572115384615384
1 0.5889423076923077 0.25 0.11658653846153846 0.10576923076923077
1 0.7415865384615384 0.24278846153846154 0.0733173076923077 0.08052884615384616
1 0.6057692307692307 0.3581730769230769 0.12980769230769232 0.1141826923076923
1 0.7728365384615384 0.35697115384615385 0.08653846153846154 0.09615384615384616
1 0.6274038461538461 0.48197115384615385 0.13942307692307693 0.11538461538461539
1 0.8100961538461539 0.49158653846153844 0.09975961538461539 0.1141826923076923
1 0.6478365384615384 0.6370192307692307 0.15144230769230768 0.12139423076923077
1 0.8557692307692307 0.6586538461538461 0.11298076923076923 0.1466346153846154
1 0.6658653846153846 0.8185096153846154 0.14783653846153846 0.09975961538461539
1 0.8545673076923077 0.8461538461538461 0.08653846153846154 0.13822115384615385
1 0.054086538461538464 0.6262019230769231 0.078125 0.09014423076923077