1 0.17668269230769232 0.03485576923076923 0.13341346153846154 0.018028846153846152
1 0.20072115384615385 0.06370192307692307 0.18509615384615385 0.04927884615384615
1 0.49278846153846156 0.06610576923076923 0.22235576923076922 0.06490384615384616
1 0.5240384615384616 0.1971153846153846 0.23798076923076922 0.06971153846153846
1 0.20072115384615385 0.18870192307692307 0.19591346153846154 0.06971153846153846
1 0.203125 0.3485576923076923 0.22115384615384615 0.0829326923076923
1 0.5625 0.35697115384615385 0.27403846153846156 0.08052884615384616
1 0.609375 0.5552884615384616 0.31009615384615385 0.10817307692307693
1 0.21033653846153846 0.5480769230769231 0.2512019230769231 0.1045673076923077
1 0.21394230769230768 0.8004807692307693 0.27163461538461536 0.13581730769230768
1 0.5817307692307693 0.8016826923076923 0.22355769230769232 0.1346153846153846
0 0.8221153846153846 0.8617788461538461 0.21754807692307693 0.2548076923076923