1 0.027644230769230768 0.20793269230769232 0.055288461538461536 0.08173076923076923
1 0.28966346153846156 0.2091346153846154 0.10096153846153846 0.08653846153846154
1 0.25 0.41225961538461536 0.14783653846153846 0.09495192307692307
1 0.01201923076923077 0.4254807692307692 0.02403846153846154 0.10697115384615384
1 0.5192307692307693 0.234375 0.12379807692307693 0.010817307692307692
1 0.7944711538461539 0.234375 0.1814903846153846 0.013221153846153846
1 0.6310096153846154 0.38822115384615385 0.4891826923076923 0.12139423076923077
1 0.4639423076923077 0.6442307692307693 0.08653846153846154 0.08173076923076923
1 0.8112980769230769 0.6466346153846154 0.203125 0.08413461538461539
1 0.25961538461538464 0.671875 0.15384615384615385 0.027644230769230768
0 0.2127403846153846 0.7944711538461539 0.15865384615384615 0.16346153846153846