1 0.08774038461538461 0.3317307692307692 0.07932692307692307 0.22716346153846154
1 0.2860576923076923 0.28725961538461536 0.12259615384615384 0.16706730769230768
1 0.5733173076923077 0.27283653846153844 0.1310096153846154 0.171875
1 0.7632211538461539 0.20793269230769232 0.040865384615384616 0.07091346153846154
1 0.8413461538461539 0.20192307692307693 0.046875 0.07932692307692307
1 0.7644230769230769 0.3870192307692308 0.04567307692307692 0.07572115384615384
1 0.8473557692307693 0.38221153846153844 0.04927884615384615 0.08173076923076923
0 0.7920673076923077 0.8449519230769231 0.12620192307692307 0.29086538461538464
1 0.5709134615384616 0.625 0.1141826923076923 0.16346153846153846
1 0.2692307692307692 0.6213942307692307 0.11298076923076923 0.15504807692307693
1 0.2644230769230769 0.8786057692307693 0.057692307692307696 0.038461538461538464