1 0.3233173076923077 0.3557692307692308 0.08653846153846154 0.018028846153846152
1 0.3076923076923077 0.4723557692307692 0.09735576923076923 0.02283653846153846
1 0.2932692307692308 0.6274038461538461 0.09975961538461539 0.030048076923076924
1 0.46033653846153844 0.5829326923076923 0.038461538461538464 0.057692307692307696
0 0.5408653846153846 0.5745192307692307 0.051682692307692304 0.06490384615384616
1 0.4519230769230769 0.765625 0.04807692307692308 0.06610576923076923
0 0.5372596153846154 0.765625 0.051682692307692304 0.07932692307692307
0 0.25841346153846156 0.8605769230769231 0.15144230769230768 0.13221153846153846
1 0.0733173076923077 0.6478365384615384 0.01201923076923077 0.019230769230769232
1 0.7199519230769231 0.5612980769230769 0.06370192307692307 0.078125
1 0.84375 0.5576923076923077 0.02403846153846154 0.025240384615384616
1 0.7319711538461539 0.7536057692307693 0.0733173076923077 0.09375