1 0.3293269230769231 0.1875 0.04567307692307692 0.039663461538461536
1 0.49278846153846156 0.16947115384615385 0.028846153846153848 0.08533653846153846
0 0.5348557692307693 0.1875 0.04447115384615385 0.11298076923076923
1 0.7644230769230769 0.17067307692307693 0.35216346153846156 0.09975961538461539
1 0.23076923076923078 0.3737980769230769 0.08052884615384616 0.12740384615384615
1 0.21634615384615385 0.625 0.0829326923076923 0.13221153846153846
1 0.4963942307692308 0.359375 0.10817307692307693 0.1502403846153846
1 0.7163461538461539 0.3870192307692308 0.06490384615384616 0.12259615384615384
1 0.7199519230769231 0.6274038461538461 0.07572115384615384 0.13341346153846154
1 0.47596153846153844 0.6237980769230769 0.039663461538461536 0.12860576923076922
0 0.5168269230769231 0.6670673076923077 0.046875 0.20793269230769232
1 0.203125 0.8918269230769231 0.08533653846153846 0.140625
1 0.4651442307692308 0.8846153846153846 0.036057692307692304 0.12980769230769232
0 0.5096153846153846 0.8930288461538461 0.046875 0.14302884615384615
1 0.7163461538461539 0.8822115384615384 0.07572115384615384 0.12620192307692307