1 0.24278846153846154 0.08173076923076923 0.12740384615384615 0.03485576923076923
1 0.3473557692307692 0.08413461538461539 0.027644230769230768 0.008413461538461538
1 0.43149038461538464 0.16947115384615385 0.11538461538461539 0.03485576923076923
1 0.5036057692307693 0.30528846153846156 0.1502403846153846 0.0673076923076923
1 0.8762019230769231 0.3425480769230769 0.09254807692307693 0.037259615384615384
1 0.21514423076923078 0.49399038461538464 0.36899038461538464 0.109375
1 0.30408653846153844 0.3269230769230769 0.02403846153846154 0.027644230769230768
1 0.6045673076923077 0.4963942307692308 0.17427884615384615 0.07091346153846154
1 0.23798076923076922 0.7848557692307693 0.18389423076923078 0.13221153846153846
1 0.5552884615384616 0.7884615384615384 0.171875 0.14182692307692307
1 0.734375 0.7536057692307693 0.12379807692307693 0.07572115384615384
0 0.8245192307692307 0.9026442307692307 0.2091346153846154 0.1875
0 0.9519230769230769 0.8774038461538461 0.09134615384615384 0.16826923076923078