1 0.10216346153846154 0.18870192307692307 0.09254807692307693 0.07091346153846154
1 0.09254807692307693 0.37259615384615385 0.10096153846153846 0.08653846153846154
1 0.38461538461538464 0.203125 0.09615384615384616 0.025240384615384616
1 0.5492788461538461 0.1935096153846154 0.09254807692307693 0.025240384615384616
1 0.7932692307692307 0.18389423076923078 0.051682692307692304 0.018028846153846152
1 0.9627403846153846 0.17427884615384615 0.06850961538461539 0.020432692307692308
1 0.3942307692307692 0.3858173076923077 0.09735576923076923 0.040865384615384616
1 0.6262019230769231 0.35216346153846156 0.2860576923076923 0.109375
1 0.8473557692307693 0.3701923076923077 0.11778846153846154 0.056490384615384616
1 0.10576923076923077 0.6225961538461539 0.0985576923076923 0.09254807692307693
1 0.3629807692307692 0.6213942307692307 0.10697115384615384 0.09735576923076923
1 0.5721153846153846 0.6201923076923077 0.1141826923076923 0.10096153846153846
1 0.9338942307692307 0.6153846153846154 0.12860576923076922 0.10697115384615384
1 0.09134615384615384 0.8762019230769231 0.11538461538461539 0.12259615384615384
1 0.4375 0.8786057692307693 0.12740384615384615 0.12620192307692307
1 0.6502403846153846 0.8798076923076923 0.14423076923076922 0.13581730769230768
1 0.7355769230769231 0.5649038461538461 0.09254807692307693 0.026442307692307692
0 0.7692307692307693 0.6682692307692307 0.13581730769230768 0.15985576923076922