1 0.02283653846153846 0.3894230769230769 0.04326923076923077 0.0985576923076923
1 0.0829326923076923 0.4375 0.025240384615384616 0.07572115384615384
1 0.016826923076923076 0.5588942307692307 0.030048076923076924 0.08653846153846154
1 0.19591346153846154 0.5228365384615384 0.06370192307692307 0.0625
1 0.20552884615384615 0.3233173076923077 0.06370192307692307 0.051682692307692304
1 0.3629807692307692 0.30528846153846156 0.06490384615384616 0.09495192307692307
1 0.35697115384615385 0.5144230769230769 0.07091346153846154 0.0985576923076923
1 0.3870192307692308 0.7463942307692307 0.04567307692307692 0.0889423076923077
0 0.33533653846153844 0.7584134615384616 0.03245192307692308 0.1201923076923077
1 0.10216346153846154 0.7331730769230769 0.018028846153846152 0.05889423076923077
1 0.20432692307692307 0.7451923076923077 0.07692307692307693 0.10336538461538461
1 0.013221153846153846 0.7259615384615384 0.02403846153846154 0.06610576923076923
0 0.515625 0.8413461538461539 0.0733173076923077 0.14182692307692307
1 0.5144230769230769 0.4699519230769231 0.09615384615384616 0.5853365384615384
1 0.6670673076923077 0.30528846153846156 0.0673076923076923 0.09254807692307693
1 0.8233173076923077 0.3269230769230769 0.05889423076923077 0.046875
1 0.6730769230769231 0.5168269230769231 0.07211538461538461 0.10096153846153846
1 0.8353365384615384 0.5360576923076923 0.06610576923076923 0.0889423076923077
1 0.6418269230769231 0.7439903846153846 0.04567307692307692 0.09254807692307693
0 0.6959134615384616 0.7608173076923077 0.03365384615384615 0.11658653846153846
1 0.8245192307692307 0.7439903846153846 0.07692307692307693 0.09975961538461539