1 0.03365384615384615 0.5516826923076923 0.028846153846153848 0.026442307692307692
1 0.18870192307692307 0.5204326923076923 0.07091346153846154 0.056490384615384616
1 0.038461538461538464 0.36899038461538464 0.026442307692307692 0.013221153846153846
1 0.21754807692307693 0.3762019230769231 0.06129807692307692 0.02403846153846154
1 0.34375 0.22355769230769232 0.04567307692307692 0.046875
1 0.3329326923076923 0.3449519230769231 0.052884615384615384 0.06129807692307692
1 0.4423076923076923 0.328125 0.014423076923076924 0.019230769230769232
1 0.4891826923076923 0.328125 0.015625 0.020432692307692308
1 0.3233173076923077 0.4987980769230769 0.07692307692307693 0.07091346153846154
1 0.4735576923076923 0.49278846153846156 0.03485576923076923 0.020432692307692308
1 0.47475961538461536 0.5324519230769231 0.036057692307692304 0.019230769230769232
1 0.15264423076923078 0.7211538461538461 0.0889423076923077 0.109375
1 0.32572115384615385 0.7223557692307693 0.08774038461538461 0.10697115384615384
1 0.4855769230769231 0.6911057692307693 0.09975961538461539 0.04807692307692308
0 0.5120192307692307 0.8353365384615384 0.07451923076923077 0.18509615384615385
1 0.6682692307692307 0.9278846153846154 0.09975961538461539 0.06610576923076923
1 0.8822115384615384 0.9254807692307693 0.10096153846153846 0.06610576923076923
1 0.8353365384615384 0.7235576923076923 0.10817307692307693 0.10817307692307693
1 0.6454326923076923 0.7235576923076923 0.09375 0.11177884615384616
1 0.6346153846153846 0.5048076923076923 0.08774038461538461 0.078125
1 0.7764423076923077 0.5240384615384616 0.08653846153846154 0.052884615384615384
1 0.6045673076923077 0.35096153846153844 0.07451923076923077 0.05889423076923077
1 0.71875 0.3701923076923077 0.037259615384615384 0.02283653846153846
1 0.5853365384615384 0.22716346153846154 0.06610576923076923 0.04447115384615385
1 0.7271634615384616 0.22115384615384615 0.14543269230769232 0.06610576923076923
1 0.109375 0.9110576923076923 0.08774038461538461 0.06490384615384616
1 0.3125 0.9194711538461539 0.08774038461538461 0.06610576923076923