1 0.31971153846153844 0.29447115384615385 0.07692307692307693 0.10336538461538461
1 0.46634615384615385 0.28365384615384615 0.08173076923076923 0.10817307692307693
1 0.6478365384615384 0.2668269230769231 0.0889423076923077 0.11538461538461539
1 0.30408653846153844 0.5625 0.08533653846153846 0.13221153846153846
1 0.46033653846153844 0.5637019230769231 0.0889423076923077 0.13822115384615385
1 0.6586538461538461 0.5564903846153846 0.10216346153846154 0.1466346153846154
1 0.2848557692307692 0.8185096153846154 0.08533653846153846 0.08413461538461539
1 0.671875 0.84375 0.09615384615384616 0.0889423076923077
1 0.8293269230769231 0.18389423076923078 0.06971153846153846 0.06370192307692307
1 0.8473557692307693 0.3581730769230769 0.08774038461538461 0.13341346153846154
1 0.030048076923076924 0.49278846153846156 0.02283653846153846 0.03365384615384615
1 0.13942307692307693 0.7596153846153846 0.10216346153846154 0.1935096153846154
0 0.07451923076923077 0.7620192307692307 0.07211538461538461 0.19230769230769232
0 0.8882211538461539 0.7391826923076923 0.125 0.26802884615384615