1 0.11057692307692307 0.12379807692307693 0.05048076923076923 0.0625
1 0.1935096153846154 0.140625 0.038461538461538464 0.042067307692307696
1 0.171875 0.2860576923076923 0.04447115384615385 0.056490384615384616
1 0.08052884615384616 0.2644230769230769 0.054086538461538464 0.07451923076923077
1 0.3112980769230769 0.13221153846153846 0.08413461538461539 0.054086538461538464
1 0.29927884615384615 0.27163461538461536 0.09615384615384616 0.07451923076923077
1 0.4375 0.14903846153846154 0.07692307692307693 0.052884615384615384
1 0.4375 0.296875 0.08774038461538461 0.07091346153846154
1 0.43509615384615385 0.47836538461538464 0.09495192307692307 0.09014423076923077
1 0.29086538461538464 0.6875 0.07932692307692307 0.051682692307692304
1 0.38461538461538464 0.6899038461538461 0.06370192307692307 0.052884615384615384
1 0.04326923076923077 0.44471153846153844 0.056490384615384616 0.09134615384615384
1 0.14423076923076922 0.4639423076923077 0.04807692307692308 0.06971153846153846
1 0.17908653846153846 0.6887019230769231 0.10096153846153846 0.05048076923076923
0 0.16826923076923078 0.9002403846153846 0.057692307692307696 0.17548076923076922
0 0.25721153846153844 0.8966346153846154 0.051682692307692304 0.16947115384615385
0 0.30408653846153844 0.49038461538461536 0.018028846153846152 0.05048076923076923
0 0.4891826923076923 0.8064903846153846 0.0673076923076923 0.2860576923076923
1 0.6478365384615384 0.6911057692307693 0.09375 0.051682692307692304
1 0.7512019230769231 0.6875 0.09375 0.05048076923076923
1 0.8701923076923077 0.6862980769230769 0.125 0.05048076923076923
1 0.5925480769230769 0.15264423076923078 0.07932692307692307 0.052884615384615384
1 0.6069711538461539 0.29927884615384615 0.09014423076923077 0.06610576923076923
1 0.7379807692307693 0.27884615384615385 0.0985576923076923 0.07451923076923077
1 0.6225961538461539 0.47716346153846156 0.09615384615384616 0.08653846153846154
0 0.7367788461538461 0.4987980769230769 0.030048076923076924 0.07091346153846154
1 0.8173076923076923 0.15504807692307693 0.03485576923076923 0.040865384615384616
1 0.8509615384615384 0.2980769230769231 0.039663461538461536 0.054086538461538464
1 0.9338942307692307 0.29447115384615385 0.056490384615384616 0.10817307692307693
1 0.8942307692307693 0.4735576923076923 0.051682692307692304 0.07091346153846154