1 0.35697115384615385 0.1935096153846154 0.05048076923076923 0.037259615384615384
1 0.4579326923076923 0.16826923076923078 0.052884615384615384 0.038461538461538464
1 0.33653846153846156 0.3088942307692308 0.05048076923076923 0.046875
1 0.43990384615384615 0.2848557692307692 0.052884615384615384 0.046875
1 0.5576923076923077 0.265625 0.051682692307692304 0.05048076923076923
1 0.6947115384615384 0.24278846153846154 0.09735576923076923 0.06850961538461539
1 0.6971153846153846 0.390625 0.10817307692307693 0.0829326923076923
1 0.7019230769230769 0.5769230769230769 0.11778846153846154 0.1045673076923077
0 0.8329326923076923 0.5793269230769231 0.04807692307692308 0.06490384615384616
1 0.5324519230769231 0.5745192307692307 0.06490384615384616 0.07692307692307693
1 0.5444711538461539 0.40625 0.05889423076923077 0.06129807692307692
1 0.4206730769230769 0.4206730769230769 0.057692307692307696 0.06009615384615385
1 0.3088942307692308 0.4411057692307692 0.056490384615384616 0.05889423076923077
1 0.27524038461538464 0.5973557692307693 0.06850961538461539 0.07211538461538461
1 0.39783653846153844 0.5877403846153846 0.06610576923076923 0.07572115384615384
1 0.21634615384615385 0.3401442307692308 0.08173076923076923 0.06129807692307692
1 0.18028846153846154 0.46634615384615385 0.0889423076923077 0.07091346153846154
1 0.13942307692307693 0.6189903846153846 0.10336538461538461 0.08413461538461539
1 0.16105769230769232 0.7896634615384616 0.08533653846153846 0.07451923076923077
1 0.5216346153846154 0.8449519230769231 0.09735576923076923 0.19110576923076922
0 0.5372596153846154 0.8641826923076923 0.055288461538461536 0.15985576923076922
0 0.65625 0.8665865384615384 0.06370192307692307 0.17307692307692307
1 0.7091346153846154 0.8569711538461539 0.16105769230769232 0.22115384615384615