1 0.18990384615384615 0.17427884615384615 0.08413461538461539 0.12379807692307693
1 0.34615384615384615 0.14182692307692307 0.08774038461538461 0.12740384615384615
1 0.3245192307692308 0.37740384615384615 0.09735576923076923 0.1778846153846154
1 0.5456730769230769 0.10576923076923077 0.09615384615384616 0.13822115384615385
1 0.5540865384615384 0.3605769230769231 0.11658653846153846 0.20072115384615385
1 0.6971153846153846 0.36177884615384615 0.056490384615384616 0.07091346153846154
1 0.71875 0.0625 0.16105769230769232 0.11057692307692307
1 0.9651442307692307 0.27163461538461536 0.06490384615384616 0.14182692307692307
1 0.5612980769230769 0.6742788461538461 0.12620192307692307 0.18629807692307693
1 0.8125 0.6826923076923077 0.14783653846153846 0.20552884615384615
0 0.3762019230769231 0.8461538461538461 0.09254807692307693 0.29447115384615385
1 0.3894230769230769 0.6418269230769231 0.07211538461538461 0.10336538461538461
1 0.2668269230769231 0.6646634615384616 0.09134615384615384 0.16346153846153846
1 0.12139423076923077 0.6646634615384616 0.08533653846153846 0.1466346153846154