1 0.06971153846153846 0.1141826923076923 0.08774038461538461 0.0985576923076923
1 0.234375 0.13221153846153846 0.09014423076923077 0.06610576923076923
1 0.37259615384615385 0.13942307692307693 0.09495192307692307 0.06129807692307692
1 0.039663461538461536 0.2764423076923077 0.07692307692307693 0.09735576923076923
1 0.20192307692307693 0.3076923076923077 0.0985576923076923 0.07692307692307693
1 0.3557692307692308 0.3112980769230769 0.09495192307692307 0.07572115384615384
1 0.15985576923076922 0.5228365384615384 0.11899038461538461 0.09615384615384616
1 0.33413461538461536 0.5264423076923077 0.1141826923076923 0.09254807692307693
1 0.01201923076923077 0.47475961538461536 0.019230769230769232 0.08774038461538461
1 0.6201923076923077 0.1466346153846154 0.0889423076923077 0.07091346153846154
1 0.7536057692307693 0.15625 0.08052884615384616 0.05889423076923077
1 0.9555288461538461 0.3125 0.07932692307692307 0.0985576923076923
1 0.6262019230769231 0.32211538461538464 0.09134615384615384 0.07211538461538461
1 0.7716346153846154 0.3269230769230769 0.08774038461538461 0.07692307692307693
1 0.6334134615384616 0.53125 0.09975961538461539 0.09975961538461539
1 0.7956730769230769 0.5372596153846154 0.10216346153846154 0.09375
1 0.828125 0.7908653846153846 0.1310096153846154 0.1201923076923077
0 0.546875 0.8894230769230769 0.12259615384615384 0.19591346153846154
1 0.546875 0.7584134615384616 0.11899038461538461 0.06009615384615385
1 0.11057692307692307 0.7896634615384616 0.14423076923076922 0.12980769230769232
1 0.30288461538461536 0.7896634615384616 0.1310096153846154 0.12860576923076922