1 0.390625 0.14543269230769232 0.051682692307692304 0.04807692307692308
1 0.5216346153846154 0.10096153846153846 0.057692307692307696 0.055288461538461536
1 0.36778846153846156 0.24639423076923078 0.0625 0.05889423076923077
1 0.5168269230769231 0.20552884615384615 0.07211538461538461 0.06610576923076923
1 0.3485576923076923 0.359375 0.06971153846153846 0.06610576923076923
1 0.5072115384615384 0.3245192307692308 0.07692307692307693 0.0733173076923077
1 0.328125 0.49038461538461536 0.07572115384615384 0.06850961538461539
1 0.4951923076923077 0.4639423076923077 0.07932692307692307 0.07451923076923077
1 0.296875 0.640625 0.08173076923076923 0.07692307692307693
1 0.4807692307692308 0.6274038461538461 0.09014423076923077 0.08413461538461539
1 0.32091346153846156 0.8185096153846154 0.07211538461538461 0.08533653846153846
1 0.5132211538461539 0.8209134615384616 0.08413461538461539 0.09375
1 0.19471153846153846 0.8149038461538461 0.06971153846153846 0.07692307692307693
1 0.7319711538461539 0.8245192307692307 0.09975961538461539 0.09735576923076923
1 0.025240384615384616 0.5372596153846154 0.04567307692307692 0.030048076923076924
1 0.014423076923076924 0.5961538461538461 0.026442307692307692 0.03245192307692308
0 0.07692307692307693 0.6009615384615384 0.018028846153846152 0.019230769230769232
0 0.09254807692307693 0.5432692307692307 0.015625 0.018028846153846152
1 0.057692307692307696 0.6586538461538461 0.018028846153846152 0.02283653846153846
0 0.0889423076923077 0.6610576923076923 0.015625 0.019230769230769232
0 0.038461538461538464 0.7247596153846154 0.018028846153846152 0.027644230769230768