1 0.21514423076923078 0.3004807692307692 0.08173076923076923 0.14423076923076922
1 0.18629807692307693 0.5216346153846154 0.09254807692307693 0.16826923076923078
1 0.4110576923076923 0.3233173076923077 0.06370192307692307 0.13701923076923078
1 0.5757211538461539 0.3389423076923077 0.054086538461538464 0.12740384615384615
1 0.5793269230769231 0.5432692307692307 0.0625 0.15985576923076922
1 0.4026442307692308 0.5336538461538461 0.06971153846153846 0.15865384615384615
1 0.1935096153846154 0.7692307692307693 0.0829326923076923 0.1141826923076923
1 0.3641826923076923 0.7692307692307693 0.054086538461538464 0.1141826923076923
0 0.453125 0.8052884615384616 0.055288461538461536 0.21514423076923078
0 0.4699519230769231 0.7992788461538461 0.018028846153846152 0.125
1 0.5901442307692307 0.7668269230769231 0.016826923076923076 0.10697115384615384
1 0.6995192307692307 0.7704326923076923 0.052884615384615384 0.10336538461538461
1 0.8112980769230769 0.7716346153846154 0.04807692307692308 0.10576923076923077
1 0.7415865384615384 0.18990384615384615 0.14182692307692307 0.07572115384615384
1 0.6790865384615384 0.359375 0.027644230769230768 0.019230769230769232
1 0.7608173076923077 0.36658653846153844 0.03365384615384615 0.018028846153846152
1 0.9543269230769231 0.3918269230769231 0.04447115384615385 0.08653846153846154
1 0.9819711538461539 0.5853365384615384 0.03245192307692308 0.09134615384615384
1 0.6875 0.5408653846153846 0.03365384615384615 0.04447115384615385