1 0.3112980769230769 0.21033653846153846 0.30288461538461536 0.1201923076923077
1 0.7836538461538461 0.24158653846153846 0.27524038461538464 0.10697115384615384
1 0.2980769230769231 0.35697115384615385 0.3233173076923077 0.12139423076923077
1 0.7944711538461539 0.3762019230769231 0.29086538461538464 0.10096153846153846
1 0.2776442307692308 0.5228365384615384 0.3473557692307692 0.13701923076923078
1 0.8161057692307693 0.5408653846153846 0.30649038461538464 0.12860576923076922
1 0.27403846153846156 0.6742788461538461 0.46153846153846156 0.0625
1 0.765625 0.6814903846153846 0.4170673076923077 0.06009615384615385
1 0.7740384615384616 0.7980769230769231 0.43509615384615385 0.16105769230769232
1 0.41466346153846156 0.7992788461538461 0.17427884615384615 0.16826923076923078
0 0.09735576923076923 0.8064903846153846 0.1622596153846154 0.1466346153846154
0 0.2620192307692308 0.8040865384615384 0.11538461538461539 0.15865384615384615