1 0.171875 0.22956730769230768 0.13942307692307693 0.0829326923076923
1 0.45552884615384615 0.2283653846153846 0.12740384615384615 0.07932692307692307
1 0.6899038461538461 0.22355769230769232 0.07211538461538461 0.0625
1 0.4639423076923077 0.3798076923076923 0.14182692307692307 0.09495192307692307
1 0.6875 0.36538461538461536 0.08173076923076923 0.078125
1 0.4675480769230769 0.5600961538461539 0.15384615384615385 0.12740384615384615
1 0.7403846153846154 0.5384615384615384 0.13341346153846154 0.10216346153846154
1 0.7379807692307693 0.7716346153846154 0.0673076923076923 0.10096153846153846
1 0.8233173076923077 0.7692307692307693 0.0985576923076923 0.10336538461538461
1 0.9723557692307693 0.5516826923076923 0.05048076923076923 0.08774038461538461
1 0.9459134615384616 0.375 0.10216346153846154 0.06971153846153846
1 0.9026442307692307 0.23076923076923078 0.09975961538461539 0.056490384615384616
1 0.15504807692307693 0.36538461538461536 0.14543269230769232 0.07091346153846154
1 0.12620192307692307 0.5456730769230769 0.17067307692307693 0.09014423076923077
1 0.11057692307692307 0.7920673076923077 0.18990384615384615 0.1502403846153846
0 0.4519230769230769 0.8161057692307693 0.11057692307692307 0.15504807692307693
1 0.09735576923076923 0.9783653846153846 0.12259615384615384 0.013221153846153846
1 0.31490384615384615 0.9771634615384616 0.06610576923076923 0.019230769230769232
1 0.8365384615384616 0.9771634615384616 0.10817307692307693 0.020432692307692308