1 0.16826923076923078 0.1875 0.16947115384615385 0.07932692307692307
1 0.21033653846153846 0.34134615384615385 0.078125 0.07932692307692307
1 0.3545673076923077 0.30528846153846156 0.109375 0.06971153846153846
1 0.36778846153846156 0.1778846153846154 0.09375 0.030048076923076924
1 0.5492788461538461 0.14903846153846154 0.14903846153846154 0.08413461538461539
1 0.546875 0.28846153846153844 0.11538461538461539 0.07091346153846154
1 0.7163461538461539 0.30649038461538464 0.09735576923076923 0.08533653846153846
1 0.8870192307692307 0.25841346153846156 0.07451923076923077 0.08774038461538461
1 0.9158653846153846 0.41225961538461536 0.08052884615384616 0.11177884615384616
1 0.6983173076923077 0.4375 0.039663461538461536 0.07692307692307693
1 0.7512019230769231 0.43509615384615385 0.038461538461538464 0.07692307692307693
1 0.546875 0.4579326923076923 0.11298076923076923 0.09735576923076923
1 0.9495192307692307 0.5961538461538461 0.0829326923076923 0.12139423076923077
1 0.7091346153846154 0.6153846153846154 0.04567307692307692 0.09375
1 0.765625 0.6129807692307693 0.04567307692307692 0.09254807692307693
1 0.546875 0.6322115384615384 0.11778846153846154 0.1201923076923077
1 0.34134615384615385 0.46875 0.10576923076923077 0.09735576923076923
1 0.3233173076923077 0.640625 0.11177884615384616 0.1141826923076923
1 0.16706730769230768 0.4651442307692308 0.030048076923076924 0.07211538461538461
1 0.21033653846153846 0.46274038461538464 0.027644230769230768 0.06850961538461539
1 0.1346153846153846 0.6298076923076923 0.036057692307692304 0.08533653846153846
1 0.18028846153846154 0.6286057692307693 0.03245192307692308 0.08653846153846154
1 0.07211538461538461 0.46274038461538464 0.09735576923076923 0.09375
0 0.328125 0.8737980769230769 0.07572115384615384 0.14783653846153846
1 0.171875 0.8605769230769231 0.12259615384615384 0.16947115384615385
1 0.30408653846153844 0.859375 0.13581730769230768 0.1778846153846154
0 0.6201923076923077 0.8798076923076923 0.0625 0.15384615384615385
0 0.8641826923076923 0.8822115384615384 0.08173076923076923 0.16105769230769232
1 0.7740384615384616 0.8641826923076923 0.21634615384615385 0.19230769230769232