1 0.25 0.11177884615384616 0.055288461538461536 0.04567307692307692
1 0.4230769230769231 0.052884615384615384 0.04326923076923077 0.027644230769230768
1 0.421875 0.12620192307692307 0.054086538461538464 0.04567307692307692
1 0.23076923076923078 0.20432692307692307 0.06370192307692307 0.052884615384615384
1 0.41586538461538464 0.21754807692307693 0.06009615384615385 0.052884615384615384
1 0.2091346153846154 0.31490384615384615 0.06971153846153846 0.0625
1 0.4110576923076923 0.3233173076923077 0.0625 0.0625
1 0.18509615384615385 0.44591346153846156 0.07572115384615384 0.0733173076923077
1 0.4050480769230769 0.45552884615384615 0.07211538461538461 0.07451923076923077
1 0.15384615384615385 0.6105769230769231 0.08774038461538461 0.09254807692307693
1 0.39663461538461536 0.6141826923076923 0.07692307692307693 0.0889423076923077
1 0.6574519230769231 0.6045673076923077 0.0985576923076923 0.09375
1 0.6370192307692307 0.4326923076923077 0.08653846153846154 0.078125
1 0.6213942307692307 0.2980769230769231 0.07451923076923077 0.06490384615384616
1 0.609375 0.18629807692307693 0.06610576923076923 0.052884615384615384
1 0.6009615384615384 0.09495192307692307 0.06129807692307692 0.04807692307692308
0 0.09615384615384616 0.8834134615384616 0.140625 0.22716346153846154
1 0.18870192307692307 0.8822115384615384 0.1201923076923077 0.2247596153846154
1 0.6370192307692307 0.8810096153846154 0.14182692307692307 0.23677884615384615
0 0.7620192307692307 0.8786057692307693 0.16466346153846154 0.234375
1 0.9254807692307693 0.43990384615384615 0.015625 0.027644230769230768
1 0.9615384615384616 0.4014423076923077 0.020432692307692308 0.03125
1 0.9807692307692307 0.45552884615384615 0.020432692307692308 0.03245192307692308
1 0.9411057692307693 0.49158653846153844 0.016826923076923076 0.028846153846153848
1 0.9579326923076923 0.5444711538461539 0.016826923076923076 0.03125
1 0.9771634615384616 0.6021634615384616 0.019230769230769232 0.030048076923076924
1 0.9939903846153846 0.5132211538461539 0.009615384615384616 0.026442307692307692