1 0.015625 0.40384615384615385 0.026442307692307692 0.10576923076923077
1 0.19230769230769232 0.22355769230769232 0.08533653846153846 0.03365384615384615
1 0.18028846153846154 0.4110576923076923 0.0889423076923077 0.06610576923076923
1 0.3557692307692308 0.19110576923076922 0.10096153846153846 0.09014423076923077
1 0.3485576923076923 0.3858173076923077 0.10096153846153846 0.09375
1 0.5913461538461539 0.18629807692307693 0.13822115384615385 0.09134615384615384
1 0.5901442307692307 0.38221153846153844 0.13581730769230768 0.09134615384615384
1 0.1658653846153846 0.609375 0.09254807692307693 0.08533653846153846
0 0.21995192307692307 0.6165865384615384 0.013221153846153846 0.07211538461538461
1 0.3449519230769231 0.5925480769230769 0.10336538461538461 0.09735576923076923
1 0.5901442307692307 0.5925480769230769 0.13822115384615385 0.0985576923076923
0 0.765625 0.22235576923076922 0.025240384615384616 0.038461538461538464
0 0.8425480769230769 0.42427884615384615 0.038461538461538464 0.02403846153846154
0 0.7644230769230769 0.6141826923076923 0.013221153846153846 0.08052884615384616
0 0.8485576923076923 0.6189903846153846 0.040865384615384616 0.06850961538461539
0 0.015625 0.8774038461538461 0.026442307692307692 0.15625
0 0.4074519230769231 0.8966346153846154 0.06850961538461539 0.1814903846153846
1 0.6045673076923077 0.8918269230769231 0.2644230769230769 0.16947115384615385