1 0.171875 0.22596153846153846 0.21394230769230768 0.11538461538461539
1 0.5168269230769231 0.21153846153846154 0.22956730769230768 0.1622596153846154
1 0.5264423076923077 0.4963942307692308 0.23798076923076922 0.17668269230769232
1 0.17307692307692307 0.49278846153846156 0.22235576923076922 0.11899038461538461
1 0.8040865384615384 0.5168269230769231 0.07932692307692307 0.1658653846153846
1 0.7860576923076923 0.2620192307692308 0.07211538461538461 0.18028846153846154
0 0.17427884615384615 0.8449519230769231 0.18269230769230768 0.17427884615384615
1 0.171875 0.7319711538461539 0.17668269230769232 0.04927884615384615
1 0.5060096153846154 0.8966346153846154 0.33052884615384615 0.12259615384615384
1 0.8846153846153846 0.7884615384615384 0.020432692307692308 0.042067307692307696
1 0.9302884615384616 0.7908653846153846 0.02403846153846154 0.04807692307692308
1 0.9939903846153846 0.7992788461538461 0.010817307692307692 0.05048076923076923
1 0.9891826923076923 0.6923076923076923 0.019230769230769232 0.04807692307692308