1 0.9699519230769231 0.4651442307692308 0.04807692307692308 0.06129807692307692
1 0.2247596153846154 0.2608173076923077 0.078125 0.15745192307692307
1 0.35697115384615385 0.2439903846153846 0.0673076923076923 0.16105769230769232
1 0.47596153846153844 0.17908653846153846 0.051682692307692304 0.2091346153846154
1 0.6370192307692307 0.10697115384615384 0.09615384615384616 0.20072115384615385
1 0.8149038461538461 0.12620192307692307 0.06490384615384616 0.19471153846153846
1 0.25600961538461536 0.6201923076923077 0.07211538461538461 0.11177884615384616
1 0.3641826923076923 0.6622596153846154 0.037259615384615384 0.23076923076923078
1 0.5048076923076923 0.6538461538461539 0.06971153846153846 0.23197115384615385
1 0.6682692307692307 0.6478365384615384 0.0733173076923077 0.24278846153846154
1 0.8473557692307693 0.6478365384615384 0.11658653846153846 0.25841346153846156
1 0.1310096153846154 0.6682692307692307 0.04807692307692308 0.2127403846153846
0 0.22355769230769232 0.8497596153846154 0.11899038461538461 0.29447115384615385