1 0.22716346153846154 0.25240384615384615 0.13822115384615385 0.06370192307692307
1 0.3894230769230769 0.15264423076923078 0.052884615384615384 0.054086538461538464
1 0.48197115384615385 0.14783653846153846 0.05048076923076923 0.052884615384615384
1 0.3701923076923077 0.24879807692307693 0.06610576923076923 0.06971153846153846
1 0.4699519230769231 0.24759615384615385 0.057692307692307696 0.06850961538461539
1 0.5889423076923077 0.24639423076923078 0.054086538461538464 0.06971153846153846
1 0.59375 0.1502403846153846 0.05048076923076923 0.055288461538461536
1 0.765625 0.24879807692307693 0.13942307692307693 0.0673076923076923
1 0.15504807692307693 0.5120192307692307 0.12980769230769232 0.10576923076923077
1 0.1935096153846154 0.36778846153846156 0.1141826923076923 0.08653846153846154
1 0.35216346153846156 0.375 0.06850961538461539 0.08653846153846154
1 0.3293269230769231 0.515625 0.07451923076923077 0.10576923076923077
1 0.4567307692307692 0.3605769230769231 0.08653846153846154 0.06610576923076923
1 0.4567307692307692 0.5216346153846154 0.057692307692307696 0.039663461538461536
1 0.5649038461538461 0.5216346153846154 0.02283653846153846 0.040865384615384616
1 0.609375 0.5024038461538461 0.010817307692307692 0.08052884615384616
1 0.6875 0.375 0.0625 0.0829326923076923
1 0.8112980769230769 0.36778846153846156 0.10576923076923077 0.08653846153846154
1 0.6935096153846154 0.515625 0.06971153846153846 0.10697115384615384
1 0.828125 0.5084134615384616 0.1141826923076923 0.109375
1 0.96875 0.4807692307692308 0.03125 0.07572115384615384
1 0.9146634615384616 0.49038461538461536 0.020432692307692308 0.09735576923076923
1 0.9663461538461539 0.6526442307692307 0.015625 0.02403846153846154
1 0.9951923076923077 0.640625 0.008413461538461538 0.026442307692307692
1 0.9759615384615384 0.7007211538461539 0.019230769230769232 0.040865384615384616
1 0.9543269230769231 0.7067307692307693 0.008413461538461538 0.037259615384615384
1 0.9447115384615384 0.6610576923076923 0.006009615384615385 0.014423076923076924
1 0.8509615384615384 0.6814903846153846 0.13942307692307693 0.13581730769230768
1 0.703125 0.6838942307692307 0.07692307692307693 0.13341346153846154
1 0.5492788461538461 0.6586538461538461 0.04567307692307692 0.0673076923076923
1 0.46153846153846156 0.6706730769230769 0.028846153846153848 0.05048076923076923
1 0.30288461538461536 0.6838942307692307 0.08413461538461539 0.1310096153846154
1 0.10817307692307693 0.6850961538461539 0.14903846153846154 0.13581730769230768
1 0.1814903846153846 0.8665865384615384 0.0889423076923077 0.09975961538461539
1 0.30408653846153844 0.8629807692307693 0.07932692307692307 0.09014423076923077
1 0.43990384615384615 0.8605769230769231 0.03365384615384615 0.08774038461538461
0 0.47115384615384615 0.8882211538461539 0.04447115384615385 0.14543269230769232
0 0.039663461538461536 0.8966346153846154 0.07932692307692307 0.15745192307692307
1 0.5588942307692307 0.8605769230769231 0.027644230769230768 0.09134615384615384
1 0.6983173076923077 0.8569711538461539 0.07451923076923077 0.09254807692307693
1 0.6790865384615384 0.9891826923076923 0.08052884615384616 0.015625
1 0.8485576923076923 0.8665865384615384 0.125 0.10216346153846154