1 0.12860576923076922 0.33052884615384615 0.0625 0.03125
1 0.24639423076923078 0.3293269230769231 0.0829326923076923 0.03125
1 0.4699519230769231 0.31971153846153844 0.11298076923076923 0.020432692307692308
1 0.12379807692307693 0.421875 0.07211538461538461 0.04326923076923077
1 0.2548076923076923 0.4206730769230769 0.09254807692307693 0.039663461538461536
1 0.5036057692307693 0.4074519230769231 0.12740384615384615 0.03365384615384615
1 0.1141826923076923 0.5372596153846154 0.08052884615384616 0.046875
1 0.2644230769230769 0.5336538461538461 0.10096153846153846 0.04927884615384615
1 0.5384615384615384 0.5192307692307693 0.140625 0.038461538461538464
1 0.10576923076923077 0.6790865384615384 0.09254807692307693 0.0673076923076923
1 0.2776442307692308 0.6754807692307693 0.11658653846153846 0.06490384615384616
1 0.5877403846153846 0.6622596153846154 0.1622596153846154 0.05048076923076923
1 0.09495192307692307 0.8677884615384616 0.10576923076923077 0.09615384615384616
1 0.28966346153846156 0.8629807692307693 0.1346153846153846 0.09134615384615384
1 0.6478365384615384 0.84375 0.18990384615384615 0.078125