0 0.2764423076923077 0.8737980769230769 0.1658653846153846 0.203125
1 0.28725961538461536 0.7596153846153846 0.14182692307692307 0.015625
1 0.5300480769230769 0.7379807692307693 0.08774038461538461 0.078125
1 0.11538461538461539 0.7415865384615384 0.10697115384615384 0.1045673076923077
1 0.8413461538461539 0.7391826923076923 0.18629807692307693 0.11057692307692307
1 0.8293269230769231 0.4795673076923077 0.18389423076923078 0.08052884615384616
1 0.5252403846153846 0.4831730769230769 0.09134615384615384 0.09014423076923077
1 0.13221153846153846 0.484375 0.09735576923076923 0.08533653846153846
1 0.16947115384615385 0.3016826923076923 0.08413461538461539 0.06129807692307692
1 0.5096153846153846 0.3016826923076923 0.07932692307692307 0.0625
1 0.7692307692307693 0.3004807692307692 0.15144230769230768 0.04927884615384615
1 0.026442307692307692 0.16346153846153846 0.05048076923076923 0.036057692307692304
1 0.19951923076923078 0.17067307692307693 0.07091346153846154 0.039663461538461536
1 0.4987980769230769 0.16947115384615385 0.0625 0.04326923076923077
1 0.7319711538461539 0.16947115384615385 0.1346153846153846 0.036057692307692304