1 0.31490384615384615 0.17908653846153846 0.33653846153846156 0.06009615384615385
1 0.31971153846153844 0.2620192307692308 0.38341346153846156 0.06009615384615385
1 0.33052884615384615 0.38822115384615385 0.4723557692307692 0.09134615384615384
1 0.3473557692307692 0.5600961538461539 0.5673076923076923 0.12740384615384615
1 0.11177884615384616 0.8125 0.18870192307692307 0.17908653846153846
1 0.46875 0.8112980769230769 0.5024038461538461 0.17668269230769232
1 0.5396634615384616 0.20673076923076922 0.078125 0.03485576923076923
1 0.7644230769230769 0.22235576923076922 0.11298076923076923 0.036057692307692304
1 0.9471153846153846 0.23557692307692307 0.08173076923076923 0.03125
1 0.5733173076923077 0.29447115384615385 0.09014423076923077 0.04326923076923077
1 0.8341346153846154 0.3112980769230769 0.12980769230769232 0.04326923076923077
1 0.6237980769230769 0.4110576923076923 0.10817307692307693 0.055288461538461536
1 0.9146634615384616 0.4254807692307692 0.14783653846153846 0.057692307692307696
1 0.6899038461538461 0.5673076923076923 0.13341346153846154 0.08052884615384616
1 0.9675480769230769 0.5793269230769231 0.06009615384615385 0.08173076923076923
1 0.7728365384615384 0.7800480769230769 0.14182692307692307 0.08173076923076923