1 0.6081730769230769 0.15144230769230768 0.7668269230769231 0.06850961538461539
1 0.37259615384615385 0.2920673076923077 0.15264423076923078 0.052884615384615384
1 0.0733173076923077 0.2644230769230769 0.1466346153846154 0.04447115384615385
1 0.7043269230769231 0.27884615384615385 0.18509615384615385 0.06129807692307692
1 0.06971153846153846 0.38221153846153844 0.09254807692307693 0.05048076923076923
1 0.3473557692307692 0.44591346153846156 0.18509615384615385 0.0733173076923077
1 0.6995192307692307 0.4387019230769231 0.19110576923076922 0.07451923076923077
1 0.040865384615384616 0.5144230769230769 0.0733173076923077 0.06129807692307692
1 0.3173076923076923 0.6225961538461539 0.21394230769230768 0.07572115384615384
1 0.6995192307692307 0.6189903846153846 0.20192307692307693 0.078125
1 0.5204326923076923 0.8641826923076923 0.7247596153846154 0.1971153846153846
0 0.5204326923076923 0.8882211538461539 0.22596153846153846 0.15144230769230768
1 0.020432692307692308 0.6598557692307693 0.038461538461538464 0.07451923076923077