1 0.026442307692307692 0.25240384615384615 0.052884615384615384 0.13581730769230768
1 0.23317307692307693 0.22355769230769232 0.14543269230769232 0.06370192307692307
1 0.21634615384615385 0.4098557692307692 0.10096153846153846 0.0889423076923077
1 0.203125 0.6225961538461539 0.109375 0.09495192307692307
1 0.41225961538461536 0.21875 0.06610576923076923 0.09134615384615384
1 0.71875 0.21875 0.15504807692307693 0.0733173076923077
1 0.7379807692307693 0.4074519230769231 0.11298076923076923 0.09014423076923077
1 0.75 0.625 0.1141826923076923 0.1045673076923077
1 0.9387019230769231 0.39783653846153844 0.039663461538461536 0.06129807692307692
1 0.9915865384615384 0.34975961538461536 0.01201923076923077 0.039663461538461536
1 0.9615384615384616 0.6153846153846154 0.04927884615384615 0.11177884615384616
1 0.9399038461538461 0.8774038461538461 0.02403846153846154 0.06971153846153846
1 0.9879807692307693 0.8834134615384616 0.020432692307692308 0.0829326923076923
0 0.9194711538461539 0.8954326923076923 0.03485576923076923 0.10336538461538461
1 0.7307692307692307 0.8737980769230769 0.109375 0.0985576923076923
0 0.47596153846153844 0.9026442307692307 0.0625 0.17067307692307693
1 0.22355769230769232 0.8533653846153846 0.09975961538461539 0.08774038461538461
1 0.39663461538461536 0.8605769230769231 0.027644230769230768 0.09014423076923077
1 0.4026442307692308 0.6262019230769231 0.07091346153846154 0.1141826923076923
1 0.5384615384615384 0.625 0.07091346153846154 0.11778846153846154
1 0.40865384615384615 0.4074519230769231 0.06850961538461539 0.09975961538461539
1 0.5360576923076923 0.4110576923076923 0.06850961538461539 0.0985576923076923
1 0.5336538461538461 0.21634615384615385 0.0673076923076923 0.09495192307692307
1 0.04447115384615385 0.6153846153846154 0.026442307692307692 0.06490384615384616