1 0.17427884615384615 0.2283653846153846 0.09134615384615384 0.09495192307692307
1 0.31009615384615385 0.19831730769230768 0.10096153846153846 0.10096153846153846
1 0.4831730769230769 0.15745192307692307 0.13701923076923078 0.11538461538461539
1 0.6598557692307693 0.11538461538461539 0.11177884615384616 0.109375
1 0.7103365384615384 0.3581730769230769 0.08774038461538461 0.15144230769230768
1 0.49158653846153844 0.3870192307692308 0.16706730769230768 0.16105769230769232
1 0.28365384615384615 0.41346153846153844 0.13341346153846154 0.140625
1 0.11899038461538461 0.4326923076923077 0.12620192307692307 0.12980769230769232
1 0.054086538461538464 0.7283653846153846 0.10576923076923077 0.1875
1 0.5096153846153846 0.7463942307692307 0.203125 0.24158653846153846
0 0.8137019230769231 0.8221153846153846 0.25240384615384615 0.34615384615384615
1 0.7632211538461539 0.6334134615384616 0.15264423076923078 0.03125