1 0.22596153846153846 0.11899038461538461 0.2548076923076923 0.10216346153846154
1 0.43990384615384615 0.11778846153846154 0.10336538461538461 0.07932692307692307
1 0.5949519230769231 0.11899038461538461 0.1201923076923077 0.07932692307692307
1 0.1935096153846154 0.29086538461538464 0.2956730769230769 0.15504807692307693
1 0.43149038461538464 0.2800480769230769 0.1201923076923077 0.109375
1 0.6045673076923077 0.2848557692307692 0.13701923076923078 0.10216346153846154
1 0.7776442307692307 0.28725961538461536 0.13341346153846154 0.10216346153846154
1 0.7548076923076923 0.12139423076923077 0.1201923076923077 0.07692307692307693
1 0.9483173076923077 0.12259615384615384 0.10096153846153846 0.0829326923076923
1 0.9651442307692307 0.2848557692307692 0.0673076923076923 0.10817307692307693
0 0.8209134615384616 0.8677884615384616 0.10817307692307693 0.1875
1 0.6141826923076923 0.8461538461538461 0.14423076923076922 0.21033653846153846
1 0.46875 0.515625 0.9338942307692307 0.17548076923076922
1 0.22355769230769232 0.8473557692307693 0.18028846153846154 0.22115384615384615
1 0.39302884615384615 0.8461538461538461 0.07451923076923077 0.20192307692307693
0 0.4735576923076923 0.8449519230769231 0.026442307692307692 0.19591346153846154
1 0.9879807692307693 0.47115384615384615 0.020432692307692308 0.08533653846153846
1 0.02283653846153846 0.6947115384615384 0.015625 0.038461538461538464