1 0.3125 0.15144230769230768 0.07211538461538461 0.04807692307692308
1 0.5673076923076923 0.18028846153846154 0.12259615384615384 0.08653846153846154
1 0.7776442307692307 0.16826923076923078 0.0673076923076923 0.046875
1 0.5588942307692307 0.30288461538461536 0.12980769230769232 0.09495192307692307
1 0.7800480769230769 0.28966346153846156 0.06850961538461539 0.054086538461538464
1 0.29447115384615385 0.2776442307692308 0.07572115384615384 0.056490384615384616
1 0.27403846153846156 0.41346153846153844 0.08653846153846154 0.06610576923076923
1 0.24759615384615385 0.5709134615384616 0.08774038461538461 0.07451923076923077
1 0.5528846153846154 0.4423076923076923 0.13581730769230768 0.10576923076923077
1 0.7836538461538461 0.4266826923076923 0.06971153846153846 0.06009615384615385
1 0.7896634615384616 0.5769230769230769 0.07572115384615384 0.07211538461538461
1 0.5492788461538461 0.5973557692307693 0.13581730769230768 0.12139423076923077
1 0.21875 0.7439903846153846 0.09975961538461539 0.08173076923076923
1 0.06610576923076923 0.7007211538461539 0.036057692307692304 0.03245192307692308
1 0.052884615384615384 0.7536057692307693 0.038461538461538464 0.036057692307692304
1 0.04326923076923077 0.8052884615384616 0.036057692307692304 0.03365384615384615
1 0.037259615384615384 0.8473557692307693 0.038461538461538464 0.015625
1 0.020432692307692308 0.6995192307692307 0.014423076923076924 0.02403846153846154
0 0.5540865384615384 0.7704326923076923 0.07451923076923077 0.12980769230769232
0 0.04927884615384615 0.9507211538461539 0.09375 0.09495192307692307
1 0.796875 0.7451923076923077 0.08173076923076923 0.08052884615384616
1 0.75 0.9266826923076923 0.09975961538461539 0.06490384615384616