1 0.17067307692307693 0.22596153846153846 0.03365384615384615 0.05048076923076923
1 0.24278846153846154 0.18870192307692307 0.03485576923076923 0.039663461538461536
1 0.34134615384615385 0.15865384615384615 0.04447115384615385 0.05048076923076923
1 0.3293269230769231 0.265625 0.04447115384615385 0.06009615384615385
1 0.3137019230769231 0.4050480769230769 0.04927884615384615 0.078125
1 0.21875 0.29086538461538464 0.04447115384615385 0.056490384615384616
1 0.13822115384615385 0.32572115384615385 0.04326923076923077 0.06971153846153846
1 0.09975961538461539 0.45913461538461536 0.055288461538461536 0.08533653846153846
1 0.18870192307692307 0.4254807692307692 0.04927884615384615 0.07211538461538461
1 0.046875 0.6298076923076923 0.0733173076923077 0.11298076923076923
1 0.1466346153846154 0.609375 0.06370192307692307 0.10096153846153846
1 0.2920673076923077 0.5973557692307693 0.06009615384615385 0.1141826923076923
1 0.015625 0.8221153846153846 0.028846153846153848 0.11899038461538461
1 0.051682692307692304 0.8137019230769231 0.027644230769230768 0.046875
1 0.4675480769230769 0.12139423076923077 0.036057692307692304 0.04807692307692308
1 0.46875 0.23076923076923078 0.04326923076923077 0.06129807692307692
1 0.6778846153846154 0.08653846153846154 0.08413461538461539 0.07932692307692307
1 0.4699519230769231 0.3798076923076923 0.051682692307692304 0.08533653846153846
1 0.5925480769230769 0.39663461538461536 0.06971153846153846 0.08533653846153846
1 0.47716346153846156 0.5853365384615384 0.06610576923076923 0.12379807692307693
1 0.6201923076923077 0.5949519230769231 0.09495192307692307 0.11177884615384616
0 0.5204326923076923 0.8737980769230769 0.05048076923076923 0.21514423076923078
0 0.5540865384615384 0.8834134615384616 0.030048076923076924 0.2283653846153846
0 0.6033653846153846 0.640625 0.052884615384615384 0.15264423076923078
0 0.5757211538461539 0.421875 0.03365384615384615 0.06850961538461539
1 0.7103365384615384 0.1971153846153846 0.10216346153846154 0.0889423076923077
1 0.7572115384615384 0.359375 0.13581730769230768 0.1310096153846154
1 0.8245192307692307 0.578125 0.1814903846153846 0.15985576923076922
1 0.5733173076923077 0.24879807692307693 0.05889423076923077 0.05048076923076923
0 0.5552884615384616 0.2644230769230769 0.019230769230769232 0.025240384615384616
0 0.8978365384615384 0.8810096153846154 0.19230769230769232 0.20192307692307693