1 0.2091346153846154 0.1622596153846154 0.07932692307692307 0.12259615384615384
1 0.35336538461538464 0.16105769230769232 0.07091346153846154 0.12620192307692307
1 0.59375 0.2247596153846154 0.056490384615384616 0.10817307692307693
1 0.7319711538461539 0.22596153846153846 0.06850961538461539 0.11177884615384616
1 0.7704326923076923 0.5024038461538461 0.08173076923076923 0.15264423076923078
1 0.609375 0.5 0.07932692307692307 0.15264423076923078
1 0.19831730769230768 0.49038461538461536 0.09254807692307693 0.15745192307692307
1 0.34975961538461536 0.4963942307692308 0.08052884615384616 0.15504807692307693
1 0.15865384615384615 0.8653846153846154 0.19831730769230768 0.21634615384615385
1 0.3293269230769231 0.8605769230769231 0.09134615384615384 0.203125
1 0.6165865384615384 0.828125 0.08173076923076923 0.1310096153846154
1 0.8040865384615384 0.8665865384615384 0.08653846153846154 0.20552884615384615