1 0.28846153846153844 0.24158653846153846 0.1201923076923077 0.06490384615384616
1 0.6057692307692307 0.25721153846153844 0.1201923076923077 0.05889423076923077
1 0.34375 0.421875 0.13221153846153846 0.0829326923076923
1 0.6862980769230769 0.43149038461538464 0.13822115384615385 0.07932692307692307
1 0.41225961538461536 0.6418269230769231 0.15985576923076922 0.11298076923076923
1 0.7836538461538461 0.6514423076923077 0.15625 0.109375
1 0.49399038461538464 0.9098557692307693 0.1875 0.13822115384615385
1 0.9074519230769231 0.9134615384615384 0.18389423076923078 0.13822115384615385
1 0.025240384615384616 0.8221153846153846 0.05048076923076923 0.125
1 0.9362980769230769 0.4387019230769231 0.10216346153846154 0.08533653846153846
1 0.9651442307692307 0.33533653846153844 0.06850961538461539 0.09735576923076923