1 0.04807692307692308 0.30408653846153844 0.042067307692307696 0.04807692307692308
1 0.03245192307692308 0.37259615384615385 0.05048076923076923 0.04927884615384615
1 0.010817307692307692 0.4483173076923077 0.020432692307692308 0.03485576923076923
1 0.33774038461538464 0.15384615384615385 0.10096153846153846 0.039663461538461536
1 0.5540865384615384 0.14302884615384615 0.10336538461538461 0.03485576923076923
1 0.32211538461538464 0.25721153846153844 0.11658653846153846 0.04567307692307692
1 0.5492788461538461 0.24879807692307693 0.11538461538461539 0.046875
1 0.2980769230769231 0.37740384615384615 0.12379807692307693 0.052884615384615384
1 0.5456730769230769 0.36778846153846156 0.12139423076923077 0.051682692307692304
1 0.265625 0.515625 0.1310096153846154 0.06850961538461539
1 0.5348557692307693 0.5120192307692307 0.13942307692307693 0.06610576923076923
1 0.23677884615384615 0.6814903846153846 0.14423076923076922 0.07692307692307693
1 0.5264423076923077 0.6790865384615384 0.14783653846153846 0.08173076923076923
1 0.18389423076923078 0.875 0.16947115384615385 0.0985576923076923
1 0.5048076923076923 0.8810096153846154 0.16947115384615385 0.09735576923076923