1 0.17668269230769232 0.30288461538461536 0.1310096153846154 0.06610576923076923
1 0.3713942307692308 0.2536057692307692 0.17548076923076922 0.10697115384615384
1 0.6478365384615384 0.2644230769230769 0.16346153846153846 0.1045673076923077
1 0.7944711538461539 0.30649038461538464 0.06370192307692307 0.02283653846153846
1 0.12139423076923077 0.4855769230769231 0.23918269230769232 0.11658653846153846
1 0.3701923076923077 0.4987980769230769 0.1875 0.12740384615384615
1 0.671875 0.5048076923076923 0.19110576923076922 0.1310096153846154
1 0.8930288461538461 0.5036057692307693 0.21153846153846154 0.11538461538461539
1 0.6826923076923077 0.8533653846153846 0.0889423076923077 0.21754807692307693
1 0.5540865384615384 0.7512019230769231 0.06850961538461539 0.04567307692307692
0 0.5685096153846154 0.8737980769230769 0.08653846153846154 0.18870192307692307
0 0.7259615384615384 0.8737980769230769 0.06971153846153846 0.18269230769230768
1 0.125 0.8665865384615384 0.21995192307692307 0.25600961538461536
1 0.3701923076923077 0.8629807692307693 0.22235576923076922 0.24759615384615385
0 0.9230769230769231 0.8810096153846154 0.078125 0.18870192307692307