1 0.13822115384615385 0.018028846153846152 0.10817307692307693 0.026442307692307692
1 0.07451923076923077 0.09495192307692307 0.12860576923076922 0.042067307692307696
1 0.03245192307692308 0.20673076923076922 0.06129807692307692 0.06370192307692307
1 0.3016826923076923 0.07572115384615384 0.16706730769230768 0.06971153846153846
1 0.24639423076923078 0.19230769230769232 0.2091346153846154 0.10216346153846154
1 0.48677884615384615 0.07572115384615384 0.12740384615384615 0.042067307692307696
1 0.7139423076923077 0.08052884615384616 0.2127403846153846 0.06370192307692307
1 0.7403846153846154 0.19471153846153846 0.25600961538461536 0.09495192307692307
1 0.46875 0.1935096153846154 0.14783653846153846 0.06850961538461539
1 0.7800480769230769 0.36899038461538464 0.3317307692307692 0.14903846153846154
1 0.1658653846153846 0.36658653846153844 0.265625 0.15625
1 0.4362980769230769 0.3737980769230769 0.18870192307692307 0.11538461538461539
0 0.12860576923076922 0.8197115384615384 0.2536057692307692 0.27163461538461536
1 0.4266826923076923 0.7115384615384616 0.1935096153846154 0.15504807692307693
1 0.78125 0.7091346153846154 0.19831730769230768 0.15625
1 0.8317307692307693 0.9627403846153846 0.3233173076923077 0.0673076923076923
1 0.9723557692307693 0.3473557692307692 0.05048076923076923 0.03125