1 0.3713942307692308 0.1346153846153846 0.09975961538461539 0.056490384615384616
1 0.59375 0.1346153846153846 0.10576923076923077 0.05889423076923077
1 0.19471153846153846 0.2980769230769231 0.11538461538461539 0.08533653846153846
1 0.39302884615384615 0.29927884615384615 0.11298076923076923 0.08052884615384616
1 0.6478365384615384 0.30288461538461536 0.12740384615384615 0.08173076923076923
1 0.4230769230769231 0.5228365384615384 0.14182692307692307 0.11298076923076923
1 0.7175480769230769 0.5216346153846154 0.15384615384615385 0.11538461538461539
1 0.19831730769230768 0.5204326923076923 0.13221153846153846 0.11778846153846154
0 0.17668269230769232 0.84375 0.15625 0.2608173076923077
1 0.4723557692307692 0.7391826923076923 0.15745192307692307 0.06129807692307692
0 0.7848557692307693 0.8413461538461539 0.3389423076923077 0.2608173076923077