0 0.25600961538461536 0.1310096153846154 0.04807692307692308 0.07091346153846154
1 0.4050480769230769 0.1201923076923077 0.04326923076923077 0.04326923076923077
0 0.4519230769230769 0.12139423076923077 0.040865384615384616 0.04326923076923077
0 0.6526442307692307 0.125 0.046875 0.04567307692307692
0 0.8040865384615384 0.13822115384615385 0.040865384615384616 0.06850961538461539
0 0.8173076923076923 0.28725961538461536 0.04447115384615385 0.07451923076923077
0 0.6153846153846154 0.2764423076923077 0.04567307692307692 0.056490384615384616
0 0.4483173076923077 0.2764423076923077 0.04447115384615385 0.057692307692307696
0 0.24519230769230768 0.2860576923076923 0.04567307692307692 0.07572115384615384
0 0.23557692307692307 0.44711538461538464 0.04807692307692308 0.08653846153846154
0 0.44350961538461536 0.4423076923076923 0.04447115384615385 0.0733173076923077
0 0.6225961538461539 0.44471153846153844 0.04567307692307692 0.07211538461538461
0 0.828125 0.453125 0.051682692307692304 0.08533653846153846
0 0.84375 0.6262019230769231 0.055288461538461536 0.10216346153846154
0 0.6286057692307693 0.625 0.04567307692307692 0.09615384615384616
0 0.4411057692307692 0.6213942307692307 0.046875 0.09615384615384616
0 0.2247596153846154 0.6237980769230769 0.055288461538461536 0.10216346153846154
0 0.8689903846153846 0.9074519230769231 0.07932692307692307 0.13942307692307693
1 0.8293269230769231 0.8701923076923077 0.1346153846153846 0.21754807692307693
1 0.6081730769230769 0.12379807692307693 0.038461538461538464 0.04447115384615385
1 0.6622596153846154 0.2764423076923077 0.04326923076923077 0.056490384615384616
1 0.4014423076923077 0.2764423076923077 0.04326923076923077 0.05889423076923077
1 0.39663461538461536 0.43028846153846156 0.042067307692307696 0.052884615384615384
1 0.6682692307692307 0.44350961538461536 0.04807692307692308 0.07572115384615384
1 0.6778846153846154 0.6237980769230769 0.05048076923076923 0.09615384615384616
1 0.3918269230769231 0.6225961538461539 0.04447115384615385 0.09134615384615384
1 0.018028846153846152 0.49759615384615385 0.03125 0.030048076923076924
1 0.014423076923076924 0.5697115384615384 0.02283653846153846 0.027644230769230768
1 0.009615384615384616 0.6478365384615384 0.014423076923076924 0.026442307692307692