1 0.2091346153846154 0.13221153846153846 0.14543269230769232 0.052884615384615384
1 0.3858173076923077 0.13942307692307693 0.07572115384615384 0.05889423076923077
1 0.15504807692307693 0.3329326923076923 0.16706730769230768 0.06610576923076923
1 0.3581730769230769 0.32572115384615385 0.0829326923076923 0.057692307692307696
1 0.3737980769230769 0.22956730769230768 0.08052884615384616 0.056490384615384616
1 0.12139423076923077 0.4543269230769231 0.19110576923076922 0.0829326923076923
1 0.3389423076923077 0.4639423076923077 0.09975961538461539 0.09254807692307693
1 0.09254807692307693 0.6033653846153846 0.18269230769230768 0.10336538461538461
1 0.31490384615384615 0.6129807692307693 0.109375 0.1141826923076923
1 0.6201923076923077 0.1310096153846154 0.07932692307692307 0.0625
1 0.8052884615384616 0.11538461538461539 0.14783653846153846 0.04927884615384615
1 0.8197115384615384 0.21033653846153846 0.15865384615384615 0.056490384615384616
1 0.6225961538461539 0.22235576923076922 0.08653846153846154 0.06490384615384616
1 0.6262019230769231 0.33052884615384615 0.09375 0.0829326923076923
1 0.8389423076923077 0.3173076923076923 0.17427884615384615 0.07451923076923077
1 0.6286057692307693 0.4579326923076923 0.0985576923076923 0.09495192307692307
1 0.6346153846153846 0.6105769230769231 0.11298076923076923 0.125
1 0.8870192307692307 0.5961538461538461 0.20793269230769232 0.1045673076923077
0 0.13581730769230768 0.8377403846153846 0.1045673076923077 0.20072115384615385
1 0.31850961538461536 0.8389423076923077 0.3016826923076923 0.20673076923076922
1 0.6310096153846154 0.8401442307692307 0.3016826923076923 0.21514423076923078