1 0.24278846153846154 0.2764423076923077 0.04326923076923077 0.07211538461538461
1 0.3858173076923077 0.3233173076923077 0.08173076923076923 0.08533653846153846
1 0.53125 0.37740384615384615 0.0625 0.0733173076923077
1 0.703125 0.43990384615384615 0.09254807692307693 0.078125
1 0.7788461538461539 0.5973557692307693 0.109375 0.09975961538461539
1 0.5853365384615384 0.5444711538461539 0.0829326923076923 0.10096153846153846
1 0.4098557692307692 0.5 0.10096153846153846 0.11177884615384616
1 0.23677884615384615 0.45552884615384615 0.057692307692307696 0.11298076923076923
1 0.22716346153846154 0.7355769230769231 0.07091346153846154 0.17307692307692307
1 0.44711538461538464 0.7620192307692307 0.1310096153846154 0.16706730769230768
1 0.6598557692307693 0.7908653846153846 0.0985576923076923 0.14302884615384615
1 0.8810096153846154 0.8173076923076923 0.12980769230769232 0.12379807692307693