1 0.27163461538461536 0.09615384615384616 0.07211538461538461 0.06610576923076923
1 0.40024038461538464 0.0985576923076923 0.0625 0.06610576923076923
1 0.5204326923076923 0.11538461538461539 0.07572115384615384 0.09014423076923077
1 0.38461538461538464 0.25961538461538464 0.07572115384615384 0.09975961538461539
1 0.5228365384615384 0.2776442307692308 0.09014423076923077 0.12740384615384615
1 0.36538461538461536 0.49278846153846156 0.09014423076923077 0.15384615384615385
1 0.5336538461538461 0.5192307692307693 0.11298076923076923 0.19110576923076922
1 0.18509615384615385 0.4891826923076923 0.11177884615384616 0.15504807692307693
1 0.234375 0.25841346153846156 0.08653846153846154 0.0985576923076923
1 0.6622596153846154 0.1045673076923077 0.06129807692307692 0.06490384615384616
1 0.6911057692307693 0.2644230769230769 0.08052884615384616 0.09375
1 0.7355769230769231 0.49278846153846156 0.10096153846153846 0.15144230769230768
0 0.11298076923076923 0.8605769230769231 0.19831730769230768 0.2608173076923077
0 0.43990384615384615 0.8629807692307693 0.0733173076923077 0.25240384615384615
0 0.8125 0.8569711538461539 0.2091346153846154 0.2668269230769231