1 0.33653846153846156 0.12379807692307693 0.32211538461538464 0.07211538461538461
1 0.6670673076923077 0.13341346153846154 0.3125 0.07451923076923077
1 0.31971153846153844 0.24519230769230768 0.35096153846153844 0.0829326923076923
1 0.6766826923076923 0.2512019230769231 0.3293269230769231 0.08173076923076923
1 0.3016826923076923 0.38341346153846156 0.38822115384615385 0.09615384615384616
1 0.6959134615384616 0.3954326923076923 0.36899038461538464 0.1045673076923077
1 0.27524038461538464 0.5576923076923077 0.4266826923076923 0.11298076923076923
1 0.7103365384615384 0.5612980769230769 0.40384615384615385 0.11778846153846154
1 0.7415865384615384 0.7680288461538461 0.3137019230769231 0.11778846153846154
1 0.24278846153846154 0.765625 0.3161057692307692 0.11658653846153846
1 0.06850961538461539 0.04567307692307692 0.06610576923076923 0.08653846153846154
1 0.046875 0.0829326923076923 0.08653846153846154 0.14423076923076922
1 0.03245192307692308 0.18990384615384615 0.06129807692307692 0.11778846153846154
1 0.01201923076923077 0.30528846153846156 0.02283653846153846 0.051682692307692304
0 0.44711538461538464 0.859375 0.05889423076923077 0.19471153846153846
0 0.5432692307692307 0.859375 0.056490384615384616 0.1935096153846154