1 0.0889423076923077 0.21514423076923078 0.021634615384615384 0.020432692307692308
1 0.13341346153846154 0.21033653846153846 0.02403846153846154 0.018028846153846152
1 0.0733173076923077 0.25600961538461536 0.02283653846153846 0.02403846153846154
1 0.11899038461538461 0.2512019230769231 0.026442307692307692 0.021634615384615384
1 0.056490384615384616 0.3016826923076923 0.026442307692307692 0.021634615384615384
1 0.10576923076923077 0.2956730769230769 0.03125 0.02403846153846154
1 0.039663461538461536 0.34975961538461536 0.026442307692307692 0.02403846153846154
1 0.0889423076923077 0.3449519230769231 0.03245192307692308 0.02403846153846154
1 0.020432692307692308 0.40384615384615385 0.027644230769230768 0.028846153846153848
1 0.07211538461538461 0.40024038461538464 0.03485576923076923 0.027644230769230768
1 0.007211538461538462 0.46033653846153844 0.01201923076923077 0.026442307692307692
1 0.052884615384615384 0.4567307692307692 0.03485576923076923 0.025240384615384616
1 0.036057692307692304 0.5108173076923077 0.016826923076923076 0.014423076923076924
1 0.12740384615384615 0.39302884615384615 0.02283653846153846 0.026442307692307692
1 0.38100961538461536 0.12860576923076922 0.026442307692307692 0.027644230769230768
1 0.42908653846153844 0.1310096153846154 0.02403846153846154 0.028846153846153848
1 0.39903846153846156 0.20552884615384615 0.07692307692307693 0.04447115384615385
1 0.3954326923076923 0.2860576923076923 0.0829326923076923 0.056490384615384616
1 0.390625 0.3798076923076923 0.0889423076923077 0.06490384615384616
1 0.38341346153846156 0.49158653846153844 0.09975961538461539 0.07932692307692307
1 0.3737980769230769 0.625 0.11057692307692307 0.10336538461538461
1 0.3641826923076923 0.7740384615384616 0.12139423076923077 0.11899038461538461
0 0.5168269230769231 0.6947115384615384 0.03125 0.11778846153846154
1 0.49158653846153844 0.6959134615384616 0.021634615384615384 0.11538461538461539
1 0.5444711538461539 0.6947115384615384 0.026442307692307692 0.11658653846153846
1 0.5108173076923077 0.3858173076923077 0.07091346153846154 0.42788461538461536
1 0.5697115384615384 0.14302884615384615 0.026442307692307692 0.027644230769230768
1 0.6141826923076923 0.14543269230769232 0.027644230769230768 0.027644230769230768
1 0.6009615384615384 0.21634615384615385 0.07451923076923077 0.04447115384615385
1 0.6117788461538461 0.2956730769230769 0.08413461538461539 0.05048076923076923
1 0.6225961538461539 0.3870192307692308 0.09495192307692307 0.06610576923076923
1 0.6370192307692307 0.4963942307692308 0.09975961538461539 0.07932692307692307
1 0.6538461538461539 0.6274038461538461 0.10697115384615384 0.10216346153846154
1 0.6754807692307693 0.7704326923076923 0.11899038461538461 0.11658653846153846
1 0.8617788461538461 0.7427884615384616 0.18389423076923078 0.07572115384615384
1 0.8233173076923077 0.5985576923076923 0.16706730769230768 0.06971153846153846
1 0.9206730769230769 0.5564903846153846 0.013221153846153846 0.015625
1 0.9495192307692307 0.640625 0.016826923076923076 0.015625
1 0.8725961538461539 0.5036057692307693 0.014423076923076924 0.015625
1 0.8918269230769231 0.5048076923076923 0.010817307692307692 0.014423076923076924
1 0.8798076923076923 0.4651442307692308 0.008413461538461538 0.013221153846153846
1 0.8605769230769231 0.4639423076923077 0.009615384615384616 0.010817307692307692
1 0.22956730769230768 0.7548076923076923 0.027644230769230768 0.055288461538461536
1 0.13221153846153846 0.7584134615384616 0.025240384615384616 0.051682692307692304
1 0.17307692307692307 0.7548076923076923 0.025240384615384616 0.04567307692307692
1 0.20192307692307693 0.6189903846153846 0.028846153846153848 0.05048076923076923
1 0.16706730769230768 0.6153846153846154 0.025240384615384616 0.040865384615384616
1 0.25 0.6153846153846154 0.02283653846153846 0.042067307692307696