1 0.1875 0.22235576923076922 0.14903846153846154 0.09975961538461539
1 0.7151442307692307 0.17548076923076922 0.25841346153846156 0.15264423076923078
1 0.7524038461538461 0.3605769230769231 0.28725961538461536 0.15625
1 0.18509615384615385 0.40384615384615385 0.15144230769230768 0.12139423076923077
1 0.19110576923076922 0.6045673076923077 0.16105769230769232 0.15264423076923078
1 0.7427884615384616 0.8245192307692307 0.10216346153846154 0.11899038461538461
1 0.7920673076923077 0.5709134615384616 0.31009615384615385 0.1502403846153846
1 0.18629807692307693 0.8329326923076923 0.15625 0.16706730769230768
0 0.46634615384615385 0.8497596153846154 0.1201923076923077 0.17908653846153846
1 0.40625 0.22115384615384615 0.04326923076923077 0.039663461538461536
1 0.4230769230769231 0.39663461538461536 0.05048076923076923 0.051682692307692304
1 0.43990384615384615 0.5913461538461539 0.051682692307692304 0.056490384615384616