1 0.5625 0.09615384615384616 0.12620192307692307 0.10216346153846154
1 0.8557692307692307 0.12379807692307693 0.11057692307692307 0.09014423076923077
1 0.8533653846153846 0.33052884615384615 0.11538461538461539 0.09615384615384616
1 0.5564903846153846 0.30649038461538464 0.1346153846153846 0.10216346153846154
1 0.23677884615384615 0.27884615384615385 0.15504807692307693 0.11177884615384616
1 0.22235576923076922 0.5120192307692307 0.15745192307692307 0.11899038461538461
1 0.5480769230769231 0.5252403846153846 0.14182692307692307 0.11057692307692307
1 0.8581730769230769 0.5372596153846154 0.12740384615384615 0.10336538461538461
1 0.9435096153846154 0.7295673076923077 0.078125 0.046875
1 0.7680288461538461 0.7632211538461539 0.07451923076923077 0.11538461538461539
0 0.9110576923076923 0.9230769230769231 0.16346153846153846 0.1502403846153846
1 0.5336538461538461 0.7668269230769231 0.1502403846153846 0.12379807692307693
1 0.20072115384615385 0.7704326923076923 0.1778846153846154 0.13581730769230768