0 0.1466346153846154 0.8016826923076923 0.14783653846153846 0.27283653846153844
1 0.16706730769230768 0.6502403846153846 0.11298076923076923 0.02403846153846154
1 0.3269230769230769 0.7223557692307693 0.09134615384615384 0.16466346153846154
1 0.5288461538461539 0.7235576923076923 0.14543269230769232 0.16105769230769232
0 0.8028846153846154 0.7872596153846154 0.31850961538461536 0.2776442307692308
1 0.2403846153846154 0.3858173076923077 0.12980769230769232 0.11778846153846154
1 0.5240384615384616 0.4026442307692308 0.12259615384615384 0.11298076923076923
1 0.25721153846153844 0.171875 0.1141826923076923 0.07692307692307693
1 0.49278846153846156 0.19110576923076922 0.10336538461538461 0.08173076923076923
1 0.7067307692307693 0.20432692307692307 0.25240384615384615 0.12379807692307693
1 0.8233173076923077 0.021634615384615384 0.0985576923076923 0.042067307692307696
1 0.8930288461538461 0.13822115384615385 0.125 0.0673076923076923
1 0.953125 0.29086538461538464 0.08774038461538461 0.07692307692307693
1 0.6899038461538461 0.44591346153846156 0.0829326923076923 0.06971153846153846
1 0.9819711538461539 0.5144230769230769 0.03365384615384615 0.06971153846153846
1 0.9507211538461539 0.02403846153846154 0.09134615384615384 0.042067307692307696
1 0.9831730769230769 0.1141826923076923 0.030048076923076924 0.06370192307692307