0 0.35336538461538464 0.25841346153846156 0.04807692307692308 0.0889423076923077
1 0.8076923076923077 0.21634615384615385 0.27163461538461536 0.11658653846153846
1 0.45072115384615385 0.24278846153846154 0.025240384615384616 0.054086538461538464
1 0.6346153846153846 0.2548076923076923 0.042067307692307696 0.04807692307692308
1 0.6201923076923077 0.4110576923076923 0.07572115384615384 0.040865384615384616
1 0.7548076923076923 0.43990384615384615 0.06129807692307692 0.08413461538461539
0 0.765625 0.46274038461538464 0.040865384615384616 0.07211538461538461
1 0.2403846153846154 0.39663461538461536 0.06971153846153846 0.10336538461538461
1 0.6213942307692307 0.6165865384615384 0.07451923076923077 0.042067307692307696
0 0.625 0.7980769230769231 0.08173076923076923 0.16346153846153846
0 0.7788461538461539 0.6995192307692307 0.055288461538461536 0.1502403846153846
1 0.7608173076923077 0.6394230769230769 0.06490384615384616 0.0889423076923077
1 0.25721153846153844 0.6237980769230769 0.06129807692307692 0.07091346153846154