1 0.19230769230769232 0.24759615384615385 0.12740384615384615 0.1045673076923077
1 0.4110576923076923 0.27283653846153844 0.20072115384615385 0.11177884615384616
1 0.6514423076923077 0.28125 0.1935096153846154 0.06850961538461539
1 0.8413461538461539 0.2932692307692308 0.13942307692307693 0.0829326923076923
1 0.18269230769230768 0.3641826923076923 0.15264423076923078 0.10817307692307693
1 0.41586538461538464 0.39903846153846156 0.234375 0.09254807692307693
1 0.6959134615384616 0.4254807692307692 0.22355769230769232 0.08653846153846154
1 0.9038461538461539 0.43509615384615385 0.15264423076923078 0.0889423076923077
1 0.15985576923076922 0.5528846153846154 0.18629807692307693 0.12860576923076922
1 0.4326923076923077 0.5817307692307693 0.25721153846153844 0.109375
1 0.7415865384615384 0.5997596153846154 0.24759615384615385 0.09975961538461539
1 0.9411057692307693 0.6045673076923077 0.11538461538461539 0.12379807692307693
1 0.13942307692307693 0.7884615384615384 0.21514423076923078 0.171875
1 0.44591346153846156 0.8185096153846154 0.2956730769230769 0.14543269230769232
1 0.8137019230769231 0.8401442307692307 0.29447115384615385 0.140625
1 0.9831730769230769 0.8052884615384616 0.03245192307692308 0.09975961538461539