1 0.4495192307692308 0.03245192307692308 0.09375 0.03125
1 0.6430288461538461 0.039663461538461536 0.12620192307692307 0.039663461538461536
1 0.4206730769230769 0.12620192307692307 0.10576923076923077 0.04326923076923077
1 0.6262019230769231 0.15865384615384615 0.13942307692307693 0.052884615384615384
1 0.38822115384615385 0.2403846153846154 0.11538461538461539 0.05048076923076923
1 0.609375 0.3088942307692308 0.15625 0.07451923076923077
1 0.3485576923076923 0.3786057692307692 0.1310096153846154 0.06850961538461539
1 0.3004807692307692 0.5528846153846154 0.1502403846153846 0.08533653846153846
1 0.5889423076923077 0.5060096153846154 0.17307692307692307 0.09615384615384616
1 0.12620192307692307 0.7680288461538461 0.11658653846153846 0.11538461538461539
1 0.35336538461538464 0.7692307692307693 0.09975961538461539 0.11778846153846154
0 0.46634615384615385 0.8088942307692307 0.0829326923076923 0.1971153846153846
0 0.5853365384615384 0.8088942307692307 0.1622596153846154 0.19951923076923078
0 0.7115384615384616 0.8076923076923077 0.06971153846153846 0.20072115384615385