1 0.20432692307692307 0.23677884615384615 0.08052884615384616 0.08774038461538461
1 0.39783653846153844 0.20552884615384615 0.07932692307692307 0.08653846153846154
1 0.5973557692307693 0.1778846153846154 0.09615384615384616 0.09134615384615384
1 0.8125 0.14783653846153846 0.09735576923076923 0.09495192307692307
1 0.1875 0.4014423076923077 0.08173076923076923 0.09014423076923077
1 0.3894230769230769 0.3786057692307692 0.08413461538461539 0.09134615384615384
1 0.5961538461538461 0.35697115384615385 0.09975961538461539 0.10096153846153846
1 0.8257211538461539 0.3389423076923077 0.10336538461538461 0.1045673076923077
1 0.17427884615384615 0.5949519230769231 0.0829326923076923 0.09134615384615384
1 0.37740384615384615 0.5793269230769231 0.08653846153846154 0.10817307692307693
1 0.6021634615384616 0.5685096153846154 0.1045673076923077 0.11899038461538461
1 0.8413461538461539 0.5576923076923077 0.11298076923076923 0.125
1 0.18870192307692307 0.8245192307692307 0.125 0.1466346153846154
1 0.40865384615384615 0.8233173076923077 0.18990384615384615 0.17067307692307693
1 0.5829326923076923 0.8028846153846154 0.1045673076923077 0.12860576923076922
1 0.859375 0.7980769230769231 0.12980769230769232 0.11177884615384616
1 0.27524038461538464 0.7704326923076923 0.04807692307692308 0.04326923076923077
0 0.26802884615384615 0.8701923076923077 0.05889423076923077 0.1466346153846154
0 0.7487980769230769 0.8245192307692307 0.07211538461538461 0.16105769230769232