1 0.203125 0.125 0.21875 0.06971153846153846
1 0.7668269230769231 0.18629807692307693 0.32572115384615385 0.05889423076923077
1 0.5877403846153846 0.17067307692307693 0.018028846153846152 0.03125
1 0.16346153846153846 0.28966346153846156 0.12980769230769232 0.055288461538461536
1 0.33533653846153844 0.30288461538461536 0.07692307692307693 0.05048076923076923
1 0.49759615384615385 0.30528846153846156 0.13701923076923078 0.07692307692307693
1 0.6442307692307693 0.3269230769230769 0.07692307692307693 0.04927884615384615
1 0.8269230769230769 0.3401442307692308 0.10697115384615384 0.05048076923076923
1 0.1502403846153846 0.4567307692307692 0.13701923076923078 0.0673076923076923
1 0.3317307692307692 0.4699519230769231 0.07932692307692307 0.06009615384615385
1 0.5 0.46634615384615385 0.14302884615384615 0.08533653846153846
1 0.65625 0.4879807692307692 0.08052884615384616 0.057692307692307696
1 0.8485576923076923 0.49759615384615385 0.1201923076923077 0.05889423076923077
1 0.13581730769230768 0.6478365384615384 0.14423076923076922 0.078125
1 0.3269230769230769 0.6550480769230769 0.0889423076923077 0.07091346153846154
1 0.5048076923076923 0.6454326923076923 0.14903846153846154 0.09615384615384616
1 0.6670673076923077 0.6658653846153846 0.08052884615384616 0.0673076923076923
1 0.8677884615384616 0.6730769230769231 0.11778846153846154 0.06490384615384616
1 0.23798076923076922 0.8641826923076923 0.13822115384615385 0.07692307692307693
1 0.44591346153846156 0.8641826923076923 0.08052884615384616 0.0733173076923077
1 0.6298076923076923 0.8641826923076923 0.125 0.07091346153846154
1 0.8149038461538461 0.8677884615384616 0.07692307692307693 0.06610576923076923
0 0.055288461538461536 0.8834134615384616 0.0625 0.11658653846153846