1 0.4266826923076923 0.18629807692307693 0.05889423076923077 0.03485576923076923
1 0.5661057692307693 0.18269230769230768 0.09375 0.036057692307692304
1 0.7439903846153846 0.1778846153846154 0.09735576923076923 0.039663461538461536
1 0.4026442307692308 0.2848557692307692 0.06370192307692307 0.04447115384615385
1 0.5588942307692307 0.28125 0.10576923076923077 0.04447115384615385
1 0.7536057692307693 0.27884615384615385 0.10576923076923077 0.04447115384615385
1 0.3762019230769231 0.40625 0.07692307692307693 0.057692307692307696
1 0.5492788461538461 0.40384615384615385 0.11538461538461539 0.056490384615384616
1 0.765625 0.40024038461538464 0.11899038461538461 0.057692307692307696
1 0.9399038461538461 0.6526442307692307 0.11538461538461539 0.18509615384615385
1 0.9915865384615384 0.5733173076923077 0.013221153846153846 0.018028846153846152
1 0.38100961538461536 0.5588942307692307 0.10216346153846154 0.036057692307692304
0 0.7668269230769231 0.8810096153846154 0.1935096153846154 0.14783653846153846
0 0.30408653846153844 0.9002403846153846 0.14182692307692307 0.18269230769230768