1 0.30288461538461536 0.19230769230769232 0.07091346153846154 0.037259615384615384
1 0.25240384615384615 0.29927884615384615 0.0889423076923077 0.055288461538461536
1 0.46274038461538464 0.16466346153846154 0.08653846153846154 0.04567307692307692
1 0.4266826923076923 0.27524038461538464 0.09134615384615384 0.051682692307692304
1 0.18629807692307693 0.4326923076923077 0.10576923076923077 0.0673076923076923
1 0.09735576923076923 0.5997596153846154 0.125 0.08774038461538461
1 0.31490384615384615 0.5913461538461539 0.12740384615384615 0.09495192307692307
1 0.37740384615384615 0.41225961538461536 0.10697115384615384 0.0673076923076923
0 0.27884615384615385 0.8425480769230769 0.171875 0.21033653846153846
1 0.5072115384615384 0.7692307692307693 0.09735576923076923 0.051682692307692304
0 0.7836538461538461 0.8641826923076923 0.22596153846153846 0.234375
1 0.6358173076923077 0.13581730769230768 0.06009615384615385 0.04567307692307692
1 0.8052884615384616 0.11057692307692307 0.06490384615384616 0.04326923076923077
1 0.609375 0.25 0.07091346153846154 0.056490384615384616
1 0.7992788461538461 0.2247596153846154 0.06850961538461539 0.055288461538461536
1 0.5829326923076923 0.39302884615384615 0.078125 0.07091346153846154
1 0.7920673076923077 0.3737980769230769 0.07932692307692307 0.07572115384615384
1 0.7872596153846154 0.5757211538461539 0.09495192307692307 0.10697115384615384
1 0.5456730769230769 0.5841346153846154 0.09375 0.09495192307692307