1 0.3004807692307692 0.11538461538461539 0.06009615384615385 0.06009615384615385
1 0.2668269230769231 0.24158653846153846 0.0733173076923077 0.0889423076923077
1 0.39663461538461536 0.21875 0.11057692307692307 0.08173076923076923
1 0.21875 0.4230769230769231 0.09735576923076923 0.13822115384615385
1 0.3269230769230769 0.4026442307692308 0.020432692307692308 0.052884615384615384
1 0.3581730769230769 0.4182692307692308 0.025240384615384616 0.020432692307692308
1 0.4050480769230769 0.41466346153846156 0.03485576923076923 0.02283653846153846
1 0.21995192307692307 0.6370192307692307 0.14543269230769232 0.054086538461538464
1 0.1778846153846154 0.8209134615384616 0.20552884615384615 0.29447115384615385
1 0.34615384615384615 0.8245192307692307 0.17067307692307693 0.2980769230769231
1 0.37259615384615385 0.640625 0.12620192307692307 0.06850961538461539
1 0.5216346153846154 0.7944711538461539 0.1502403846153846 0.3545673076923077
0 0.5216346153846154 0.8545673076923077 0.0985576923076923 0.2608173076923077
1 0.6586538461538461 0.6418269230769231 0.11177884615384616 0.06009615384615385
1 0.7692307692307693 0.6382211538461539 0.1201923076923077 0.06009615384615385
1 0.7524038461538461 0.8221153846153846 0.3004807692307692 0.2932692307692308
1 0.5180288461538461 0.3894230769230769 0.1310096153846154 0.12259615384615384
1 0.5168269230769231 0.21875 0.11177884615384616 0.08052884615384616
1 0.6454326923076923 0.24278846153846154 0.0625 0.0889423076923077
1 0.7247596153846154 0.24759615384615385 0.07091346153846154 0.08653846153846154
1 0.6694711538461539 0.4266826923076923 0.078125 0.1346153846153846
1 0.7608173076923077 0.42788461538461536 0.08533653846153846 0.13581730769230768
1 0.6322115384615384 0.12740384615384615 0.04807692307692308 0.06009615384615385
1 0.6947115384615384 0.12259615384615384 0.055288461538461536 0.06009615384615385