1 0.43149038461538464 0.1658653846153846 0.08653846153846154 0.0733173076923077
1 0.5985576923076923 0.13701923076923078 0.09375 0.08533653846153846
1 0.78125 0.10336538461538461 0.11057692307692307 0.0889423076923077
1 0.3942307692307692 0.3485576923076923 0.09735576923076923 0.09134615384615384
1 0.5817307692307693 0.3233173076923077 0.11177884615384616 0.0985576923076923
1 0.7860576923076923 0.3004807692307692 0.12259615384615384 0.1045673076923077
1 0.5552884615384616 0.5625 0.12259615384615384 0.125
1 0.7896634615384616 0.5480769230769231 0.13822115384615385 0.13942307692307693
1 0.7788461538461539 0.796875 0.11538461538461539 0.0733173076923077
1 0.3473557692307692 0.5709134615384616 0.11298076923076923 0.11658653846153846
1 0.40865384615384615 0.7860576923076923 0.09495192307692307 0.057692307692307696
0 0.07932692307692307 0.8774038461538461 0.08653846153846154 0.1971153846153846