1 0.13701923076923078 0.20552884615384615 0.109375 0.056490384615384616
1 0.23798076923076922 0.15985576923076922 0.09375 0.08052884615384616
1 0.20072115384615385 0.29086538461538464 0.07692307692307693 0.06009615384615385
1 0.2283653846153846 0.25240384615384615 0.030048076923076924 0.016826923076923076
1 0.16466346153846154 0.4266826923076923 0.0829326923076923 0.07451923076923077
1 0.11658653846153846 0.5829326923076923 0.08774038461538461 0.08533653846153846
1 0.4411057692307692 0.5685096153846154 0.09495192307692307 0.08653846153846154
0 0.5252403846153846 0.5829326923076923 0.0889423076923077 0.10697115384615384
1 0.7091346153846154 0.5757211538461539 0.08173076923076923 0.08173076923076923
1 0.8137019230769231 0.5769230769230769 0.08413461538461539 0.08653846153846154
1 0.8125 0.41225961538461536 0.07451923076923077 0.0673076923076923
1 0.4963942307692308 0.4014423076923077 0.17668269230769232 0.078125
1 0.7151442307692307 0.4110576923076923 0.07451923076923077 0.06490384615384616
1 0.5961538461538461 0.21875 0.3641826923076923 0.09735576923076923
1 0.5096153846153846 0.09735576923076923 0.06971153846153846 0.013221153846153846
1 0.8185096153846154 0.13942307692307693 0.06610576923076923 0.051682692307692304
1 0.8197115384615384 0.2668269230769231 0.07091346153846154 0.06129807692307692
0 0.8665865384615384 0.8822115384615384 0.12740384615384615 0.17548076923076922
1 0.859375 0.7752403846153846 0.11899038461538461 0.036057692307692304
1 0.6658653846153846 0.8485576923076923 0.18509615384615385 0.2247596153846154
1 0.40865384615384615 0.8401442307692307 0.2776442307692308 0.21394230769230768
1 0.014423076923076924 0.7704326923076923 0.026442307692307692 0.08173076923076923
1 0.11899038461538461 0.8305288461538461 0.23317307692307693 0.203125