1 0.1875 0.24759615384615385 0.06370192307692307 0.055288461538461536
1 0.3016826923076923 0.24759615384615385 0.0625 0.05889423076923077
1 0.15985576923076922 0.5120192307692307 0.07451923076923077 0.1141826923076923
1 0.2848557692307692 0.5144230769230769 0.07211538461538461 0.12139423076923077
1 0.14543269230769232 0.7896634615384616 0.09014423076923077 0.13822115384615385
1 0.28725961538461536 0.7908653846153846 0.08533653846153846 0.13701923076923078
0 0.46153846153846156 0.8509615384615384 0.07692307692307693 0.19831730769230768
1 0.4651442307692308 0.734375 0.06971153846153846 0.028846153846153848
1 0.6634615384615384 0.7896634615384616 0.08173076923076923 0.13701923076923078
1 0.8040865384615384 0.7896634615384616 0.09014423076923077 0.14423076923076922
0 0.6694711538461539 0.5204326923076923 0.0733173076923077 0.13581730769230768
1 0.7932692307692307 0.5144230769230769 0.07091346153846154 0.11538461538461539
1 0.7704326923076923 0.2536057692307692 0.0625 0.0733173076923077