1 0.1814903846153846 0.24759615384615385 0.09735576923076923 0.12740384615384615
1 0.16826923076923078 0.49158653846153844 0.1045673076923077 0.13701923076923078
1 0.421875 0.24639423076923078 0.08774038461538461 0.13221153846153846
1 0.4230769230769231 0.48677884615384615 0.09375 0.1346153846153846
1 0.6322115384615384 0.24158653846153846 0.0829326923076923 0.1346153846153846
1 0.7680288461538461 0.25600961538461536 0.08533653846153846 0.12860576923076922
1 0.9086538461538461 0.26802884615384615 0.09615384615384616 0.14543269230769232
1 0.6454326923076923 0.4855769230769231 0.09975961538461539 0.13822115384615385
1 0.7860576923076923 0.4963942307692308 0.09254807692307693 0.12740384615384615
1 0.9350961538461539 0.49038461538461536 0.09735576923076923 0.14783653846153846
0 0.33413461538461536 0.8665865384615384 0.06610576923076923 0.20552884615384615
0 0.0733173076923077 0.8629807692307693 0.08533653846153846 0.20552884615384615
1 0.4375 0.8341346153846154 0.1310096153846154 0.15504807692307693