1 0.25 0.1346153846153846 0.03485576923076923 0.030048076923076924
1 0.28125 0.13581730769230768 0.028846153846153848 0.030048076923076924
1 0.3389423076923077 0.1346153846153846 0.03125 0.03125
1 0.37259615384615385 0.13581730769230768 0.026442307692307692 0.028846153846153848
1 0.22355769230769232 0.20552884615384615 0.039663461538461536 0.038461538461538464
1 0.26322115384615385 0.20673076923076922 0.036057692307692304 0.037259615384615384
1 0.3245192307692308 0.20673076923076922 0.03365384615384615 0.038461538461538464
1 0.36177884615384615 0.20793269230769232 0.03125 0.038461538461538464
1 0.19110576923076922 0.296875 0.04567307692307692 0.04567307692307692
1 0.234375 0.2980769230769231 0.039663461538461536 0.046875
1 0.3076923076923077 0.2980769230769231 0.037259615384615384 0.05048076923076923
1 0.34615384615384615 0.29927884615384615 0.037259615384615384 0.05048076923076923
1 0.15264423076923078 0.41586538461538464 0.05889423076923077 0.06490384615384616
1 0.19951923076923078 0.41586538461538464 0.05048076923076923 0.0625
1 0.2800480769230769 0.4170673076923077 0.046875 0.06129807692307692
1 0.3269230769230769 0.4170673076923077 0.04326923076923077 0.06370192307692307
1 0.17908653846153846 0.5889423076923077 0.05889423076923077 0.0829326923076923
1 0.26322115384615385 0.5901442307692307 0.051682692307692304 0.08533653846153846
1 0.3125 0.5901442307692307 0.046875 0.08653846153846154
1 0.4326923076923077 0.19110576923076922 0.02283653846153846 0.030048076923076924
1 0.46274038461538464 0.19110576923076922 0.02283653846153846 0.028846153846153848
1 0.42908653846153844 0.26322115384615385 0.025240384615384616 0.039663461538461536
1 0.46153846153846156 0.26322115384615385 0.02283653846153846 0.042067307692307696
1 0.4206730769230769 0.34975961538461536 0.027644230769230768 0.046875
1 0.4579326923076923 0.35096153846153844 0.026442307692307692 0.04927884615384615
1 0.41466346153846156 0.46274038461538464 0.03125 0.06009615384615385
1 0.4543269230769231 0.46274038461538464 0.030048076923076924 0.05889423076923077
1 0.40625 0.6081730769230769 0.038461538461538464 0.07932692307692307
1 0.4519230769230769 0.6081730769230769 0.03365384615384615 0.078125
1 0.5288461538461539 0.6057692307692307 0.037259615384615384 0.08052884615384616
1 0.578125 0.6045673076923077 0.039663461538461536 0.08052884615384616
0 0.42788461538461536 0.8990384615384616 0.08173076923076923 0.18990384615384615
0 0.546875 0.8942307692307693 0.0829326923076923 0.1935096153846154
0 0.7752403846153846 0.8954326923076923 0.09254807692307693 0.18509615384615385
1 0.5504807692307693 0.1346153846153846 0.028846153846153848 0.030048076923076924
1 0.6021634615384616 0.13221153846153846 0.027644230769230768 0.028846153846153848
1 0.6358173076923077 0.12980769230769232 0.03125 0.03125
1 0.7043269230769231 0.18269230769230768 0.03365384615384615 0.036057692307692304
1 0.5552884615384616 0.20552884615384615 0.03125 0.038461538461538464
1 0.6141826923076923 0.20432692307692307 0.03245192307692308 0.038461538461538464
1 0.6526442307692307 0.203125 0.036057692307692304 0.040865384615384616
1 0.5649038461538461 0.29447115384615385 0.03365384615384615 0.04807692307692308
1 0.6310096153846154 0.2932692307692308 0.038461538461538464 0.04927884615384615
1 0.6730769230769231 0.29086538461538464 0.04326923076923077 0.05048076923076923
1 0.7259615384615384 0.2536057692307692 0.036057692307692304 0.037259615384615384
1 0.5757211538461539 0.41225961538461536 0.039663461538461536 0.06490384615384616
1 0.6502403846153846 0.4098557692307692 0.04326923076923077 0.06490384615384616
1 0.6983173076923077 0.4098557692307692 0.04927884615384615 0.06490384615384616
1 0.7548076923076923 0.3425480769230769 0.040865384615384616 0.04807692307692308
1 0.7908653846153846 0.4543269230769231 0.05048076923076923 0.0625
1 0.8377403846153846 0.36177884615384615 0.04567307692307692 0.051682692307692304
1 0.8762019230769231 0.3605769230769231 0.05048076923076923 0.05048076923076923
1 0.9615384615384616 0.34975961538461536 0.052884615384615384 0.051682692307692304
1 0.9867788461538461 0.3473557692307692 0.025240384615384616 0.046875
1 0.8846153846153846 0.47716346153846156 0.055288461538461536 0.06490384615384616
1 0.9278846153846154 0.47596153846153844 0.06009615384615385 0.06490384615384616
1 0.7944711538461539 0.6021634615384616 0.042067307692307696 0.0829326923076923
1 0.8353365384615384 0.5997596153846154 0.0625 0.08052884615384616
1 0.9447115384615384 0.6286057692307693 0.06850961538461539 0.08653846153846154
1 0.9771634615384616 0.6274038461538461 0.040865384615384616 0.09134615384615384
1 0.6682692307692307 0.5865384615384616 0.046875 0.0829326923076923
1 0.7223557692307693 0.5865384615384616 0.05889423076923077 0.0829326923076923
1 0.8569711538461539 0.8689903846153846 0.13822115384615385 0.25
1 0.7223557692307693 0.8665865384615384 0.11177884615384616 0.24278846153846154
1 0.4338942307692308 0.7548076923076923 0.06490384615384616 0.018028846153846152
1 0.5372596153846154 0.7560096153846154 0.06610576923076923 0.019230769230769232
0 0.21394230769230768 0.8966346153846154 0.0889423076923077 0.19951923076923078
1 0.2776442307692308 0.7716346153846154 0.1346153846153846 0.04927884615384615
1 0.12980769230769232 0.7776442307692307 0.11057692307692307 0.057692307692307696
1 0.015625 0.6141826923076923 0.028846153846153848 0.04807692307692308
1 0.04447115384615385 0.53125 0.018028846153846152 0.038461538461538464
0 0.007211538461538462 0.5012019230769231 0.01201923076923077 0.03485576923076923
0 0.028846153846153848 0.4326923076923077 0.030048076923076924 0.04567307692307692
0 0.05889423076923077 0.36899038461538464 0.026442307692307692 0.036057692307692304
0 0.9314903846153846 0.8918269230769231 0.12379807692307693 0.19831730769230768