0 0.27403846153846156 0.8713942307692307 0.13942307692307693 0.25240384615384615
0 0.8966346153846154 0.8413461538461539 0.1346153846153846 0.19230769230769232
0 0.53125 0.8425480769230769 0.10697115384615384 0.18990384615384615
1 0.2127403846153846 0.8076923076923077 0.29086538461538464 0.28125
1 0.5108173076923077 0.8028846153846154 0.2692307692307692 0.2692307692307692
1 0.796875 0.8329326923076923 0.234375 0.33052884615384615
1 0.03125 0.47475961538461536 0.0625 0.10336538461538461
1 0.25841346153846156 0.49759615384615385 0.109375 0.10096153846153846
1 0.44711538461538464 0.4951923076923077 0.08413461538461539 0.09615384615384616
1 0.6117788461538461 0.5012019230769231 0.07572115384615384 0.10336538461538461
1 0.8016826923076923 0.49399038461538464 0.08653846153846154 0.10216346153846154
1 0.9074519230769231 0.28125 0.08173076923076923 0.07091346153846154
1 0.7680288461538461 0.3088942307692308 0.07572115384615384 0.06610576923076923
1 0.609375 0.2824519230769231 0.06610576923076923 0.06610576923076923
1 0.46033653846153844 0.28125 0.07572115384615384 0.06490384615384616
1 0.3088942307692308 0.3112980769230769 0.078125 0.06490384615384616
1 0.16105769230769232 0.28125 0.09134615384615384 0.06971153846153846
1 0.5012019230769231 0.16105769230769232 0.055288461538461536 0.026442307692307692
1 0.5805288461538461 0.1622596153846154 0.052884615384615384 0.021634615384615384