1 0.43149038461538464 0.7331730769230769 0.021634615384615384 0.06129807692307692
0 0.5516826923076923 0.7163461538461539 0.13701923076923078 0.23076923076923078
1 0.6850961538461539 0.6033653846153846 0.11298076923076923 0.3317307692307692
1 0.7980769230769231 0.609375 0.1141826923076923 0.31850961538461536
1 0.23317307692307693 0.59375 0.1141826923076923 0.34975961538461536
1 0.3858173076923077 0.5973557692307693 0.10817307692307693 0.3473557692307692
1 0.5408653846153846 0.3557692307692308 0.06009615384615385 0.057692307692307696
1 0.046875 0.46875 0.019230769230769232 0.039663461538461536
1 0.04326923076923077 0.5492788461538461 0.03125 0.038461538461538464
1 0.09615384615384616 0.5432692307692307 0.02403846153846154 0.021634615384615384
1 0.042067307692307696 0.6225961538461539 0.03245192307692308 0.039663461538461536
1 0.09615384615384616 0.6177884615384616 0.02403846153846154 0.027644230769230768
1 0.040865384615384616 0.7007211538461539 0.03125 0.040865384615384616
1 0.09495192307692307 0.6947115384615384 0.02283653846153846 0.025240384615384616
0 0.11538461538461539 0.7596153846153846 0.01201923076923077 0.056490384615384616
1 0.9915865384615384 0.6778846153846154 0.014423076923076924 0.109375
1 0.9326923076923077 0.6838942307692307 0.018028846153846152 0.10096153846153846