1 0.6454326923076923 0.09975961538461539 0.039663461538461536 0.05889423076923077
1 0.6959134615384616 0.09975961538461539 0.040865384615384616 0.05889423076923077
1 0.5372596153846154 0.265625 0.04326923076923077 0.09014423076923077
1 0.5889423076923077 0.26322115384615385 0.04447115384615385 0.08774038461538461
1 0.7115384615384616 0.2620192307692308 0.04567307692307692 0.08653846153846154
1 0.765625 0.2620192307692308 0.054086538461538464 0.09014423076923077
1 0.5588942307692307 0.47475961538461536 0.09134615384615384 0.11778846153846154
1 0.7680288461538461 0.47596153846153844 0.10576923076923077 0.11778846153846154
1 0.3870192307692308 0.26802884615384615 0.04807692307692308 0.08533653846153846
1 0.4423076923076923 0.265625 0.04447115384615385 0.09134615384615384
1 0.18389423076923078 0.48197115384615385 0.11538461538461539 0.11538461538461539
1 0.40024038461538464 0.47596153846153844 0.09975961538461539 0.11538461538461539
1 0.02403846153846154 0.5901442307692307 0.028846153846153848 0.028846153846153848
1 0.38341346153846156 0.7596153846153846 0.1045673076923077 0.140625
1 0.5600961538461539 0.7560096153846154 0.10096153846153846 0.14182692307692307
1 0.7247596153846154 0.7524038461538461 0.1045673076923077 0.13701923076923078
0 0.8449519230769231 0.7992788461538461 0.04447115384615385 0.19230769230769232
1 0.9242788461538461 0.48197115384615385 0.040865384615384616 0.11177884615384616
1 0.9771634615384616 0.484375 0.040865384615384616 0.11298076923076923