1 0.15625 0.23197115384615385 0.07211538461538461 0.12740384615384615
1 0.3125 0.22235576923076922 0.06850961538461539 0.12379807692307693
1 0.47475961538461536 0.21514423076923078 0.06850961538461539 0.12259615384615384
1 0.6502403846153846 0.20432692307692307 0.07091346153846154 0.1310096153846154
1 0.8245192307692307 0.18990384615384615 0.06971153846153846 0.13581730769230768
1 0.12980769230769232 0.48677884615384615 0.07451923076923077 0.12740384615384615
1 0.296875 0.45913461538461536 0.06610576923076923 0.09014423076923077
1 0.46153846153846156 0.4519230769230769 0.07932692307692307 0.08653846153846154
1 0.6442307692307693 0.4483173076923077 0.078125 0.09615384615384616
1 0.8329326923076923 0.46033653846153844 0.08173076923076923 0.13942307692307693
1 0.09615384615384616 0.7908653846153846 0.0829326923076923 0.15985576923076922
1 0.265625 0.7920673076923077 0.0829326923076923 0.16346153846153846
1 0.44711538461538464 0.7572115384615384 0.07692307692307693 0.10216346153846154
1 0.640625 0.7319711538461539 0.07091346153846154 0.05889423076923077
1 0.8389423076923077 0.7872596153846154 0.08653846153846154 0.17067307692307693
0 0.6394230769230769 0.8533653846153846 0.07692307692307693 0.16466346153846154