1 0.20432692307692307 0.15865384615384615 0.078125 0.06610576923076923
1 0.3245192307692308 0.13822115384615385 0.051682692307692304 0.057692307692307696
1 0.42427884615384615 0.11778846153846154 0.0889423076923077 0.06129807692307692
1 0.41466346153846156 0.2644230769230769 0.09975961538461539 0.07451923076923077
1 0.5697115384615384 0.25 0.1045673076923077 0.07572115384615384
1 0.40384615384615385 0.43509615384615385 0.10576923076923077 0.08533653846153846
1 0.3954326923076923 0.6346153846153846 0.1141826923076923 0.09735576923076923
1 0.5709134615384616 0.4254807692307692 0.11057692307692307 0.09014423076923077
1 0.5288461538461539 0.6370192307692307 0.03365384615384615 0.10216346153846154
1 0.5853365384615384 0.6358173076923077 0.09254807692307693 0.10697115384615384
1 0.5456730769230769 0.8317307692307693 0.02403846153846154 0.04447115384615385
1 0.5985576923076923 0.8305288461538461 0.015625 0.040865384615384616
0 0.4230769230769231 0.8665865384615384 0.08413461538461539 0.1814903846153846
0 0.07572115384615384 0.8653846153846154 0.13341346153846154 0.16466346153846154
1 0.23918269230769232 0.8293269230769231 0.06490384615384616 0.040865384615384616
1 0.11538461538461539 0.6490384615384616 0.10817307692307693 0.1141826923076923
1 0.2644230769230769 0.6394230769230769 0.07091346153846154 0.09975961538461539
1 0.28725961538461536 0.44350961538461536 0.06129807692307692 0.08052884615384616
1 0.14903846153846154 0.45552884615384615 0.09615384615384616 0.09134615384615384
1 0.17908653846153846 0.2956730769230769 0.08774038461538461 0.08052884615384616
1 0.30528846153846156 0.27884615384615385 0.056490384615384616 0.07091346153846154
1 0.016826923076923076 0.2848557692307692 0.03245192307692308 0.07572115384615384
1 0.7403846153846154 0.08413461538461539 0.0985576923076923 0.07932692307692307
1 0.7560096153846154 0.234375 0.109375 0.09134615384615384
1 0.9026442307692307 0.07692307692307693 0.06129807692307692 0.07932692307692307
1 0.9290865384615384 0.23557692307692307 0.07211538461538461 0.09615384615384616
1 0.9879807692307693 0.054086538461538464 0.02283653846153846 0.054086538461538464
1 0.7728365384615384 0.41466346153846156 0.12139423076923077 0.11177884615384616
1 0.9591346153846154 0.4206730769230769 0.07692307692307693 0.11899038461538461
1 0.7896634615384616 0.6382211538461539 0.12980769230769232 0.125
1 0.9735576923076923 0.6466346153846154 0.04807692307692308 0.15384615384615385
0 0.8137019230769231 0.8918269230769231 0.15985576923076922 0.20552884615384615