1 0.234375 0.18028846153846154 0.20072115384615385 0.1875
1 0.5805288461538461 0.22956730769230768 0.16706730769230768 0.15985576923076922
1 0.84375 0.15745192307692307 0.0673076923076923 0.03365384615384615
1 0.8786057692307693 0.47115384615384615 0.06971153846153846 0.04447115384615385
1 0.6009615384615384 0.6057692307692307 0.17668269230769232 0.15384615384615385
0 0.8822115384615384 0.7860576923076923 0.12379807692307693 0.25
1 0.8605769230769231 0.6466346153846154 0.09375 0.026442307692307692
0 0.20432692307692307 0.8161057692307693 0.2980769230769231 0.3425480769230769
1 0.2091346153846154 0.578125 0.28725961538461536 0.11658653846153846
1 0.5889423076923077 0.8858173076923077 0.05889423076923077 0.0829326923076923
1 0.6802884615384616 0.8762019230769231 0.04927884615384615 0.0829326923076923