1 0.4026442307692308 0.171875 0.1814903846153846 0.0985576923076923
1 0.6622596153846154 0.109375 0.14302884615384615 0.09975961538461539
1 0.8581730769230769 0.06370192307692307 0.0829326923076923 0.0889423076923077
1 0.3425480769230769 0.3449519230769231 0.20192307692307693 0.11538461538461539
1 0.6298076923076923 0.29447115384615385 0.1658653846153846 0.11778846153846154
1 0.8497596153846154 0.25600961538461536 0.09375 0.1141826923076923
1 0.26802884615384615 0.5685096153846154 0.23076923076923078 0.13822115384615385
1 0.5949519230769231 0.5372596153846154 0.18990384615384615 0.14543269230769232
1 0.8497596153846154 0.5108173076923077 0.10336538461538461 0.14543269230769232
1 0.20192307692307693 0.8774038461538461 0.2644230769230769 0.17067307692307693
1 0.5625 0.8737980769230769 0.21754807692307693 0.18389423076923078