1 0.28725961538461536 0.36778846153846156 0.054086538461538464 0.07451923076923077
1 0.7728365384615384 0.26802884615384615 0.027644230769230768 0.010817307692307692
1 0.39663461538461536 0.3870192307692308 0.054086538461538464 0.052884615384615384
1 0.6057692307692307 0.4519230769230769 0.04326923076923077 0.0985576923076923
1 0.703125 0.45913461538461536 0.04326923076923077 0.09615384615384616
1 0.9122596153846154 0.5600961538461539 0.052884615384615384 0.10576923076923077
1 0.27884615384615385 0.6466346153846154 0.06610576923076923 0.09375
1 0.3942307692307692 0.6526442307692307 0.057692307692307696 0.0889423076923077
1 0.6141826923076923 0.7115384615384616 0.056490384615384616 0.1141826923076923
1 0.7139423076923077 0.7127403846153846 0.056490384615384616 0.11538461538461539
1 0.9326923076923077 0.828125 0.056490384615384616 0.11538461538461539
1 0.27283653846153844 0.9507211538461539 0.06971153846153846 0.09134615384615384
1 0.39302884615384615 0.9507211538461539 0.06610576923076923 0.0889423076923077
1 0.6201923076923077 0.9627403846153846 0.054086538461538464 0.06850961538461539
1 0.7271634615384616 0.9639423076923077 0.054086538461538464 0.06610576923076923