1 0.13341346153846154 0.2920673076923077 0.08173076923076923 0.11057692307692307
1 0.3329326923076923 0.33052884615384615 0.07692307692307693 0.09735576923076923
1 0.5865384615384616 0.3485576923076923 0.054086538461538464 0.03125
1 0.8557692307692307 0.42788461538461536 0.12740384615384615 0.0985576923076923
1 0.10216346153846154 0.5120192307692307 0.0829326923076923 0.10336538461538461
1 0.3088942307692308 0.5372596153846154 0.06370192307692307 0.09615384615384616
1 0.5673076923076923 0.5348557692307693 0.052884615384615384 0.030048076923076924
1 0.8485576923076923 0.5961538461538461 0.13341346153846154 0.0889423076923077
1 0.06490384615384616 0.7463942307692307 0.08533653846153846 0.109375
1 0.2848557692307692 0.7536057692307693 0.0673076923076923 0.09975961538461539
1 0.5516826923076923 0.7319711538461539 0.06129807692307692 0.030048076923076924
1 0.8425480769230769 0.7764423076923077 0.13221153846153846 0.0829326923076923