1 0.3581730769230769 0.12740384615384615 0.09615384615384616 0.07572115384615384
1 0.5805288461538461 0.125 0.10336538461538461 0.07932692307692307
1 0.7307692307692307 0.27884615384615385 0.1346153846153846 0.08533653846153846
1 0.8762019230769231 0.25721153846153844 0.06370192307692307 0.07211538461538461
1 0.96875 0.2848557692307692 0.057692307692307696 0.11899038461538461
1 0.7536057692307693 0.4375 0.140625 0.09254807692307693
1 0.9086538461538461 0.41586538461538464 0.06850961538461539 0.08653846153846154
1 0.9927884615384616 0.4831730769230769 0.009615384615384616 0.04326923076923077
1 0.7776442307692307 0.6225961538461539 0.14783653846153846 0.1045673076923077
1 0.9435096153846154 0.5985576923076923 0.07451923076923077 0.09735576923076923
1 0.40625 0.28846153846153844 0.10817307692307693 0.10096153846153846
1 0.5360576923076923 0.28846153846153844 0.11298076923076923 0.09615384615384616
1 0.22596153846153846 0.2860576923076923 0.12259615384615384 0.0889423076923077
1 0.21754807692307693 0.44591346153846156 0.1346153846153846 0.1045673076923077
1 0.4050480769230769 0.45552884615384615 0.1141826923076923 0.11057692307692307
1 0.40865384615384615 0.6370192307692307 0.12259615384615384 0.12620192307692307
1 0.5576923076923077 0.6394230769230769 0.12980769230769232 0.12740384615384615
1 0.5432692307692307 0.4567307692307692 0.11538461538461539 0.11057692307692307
1 0.5709134615384616 0.8629807692307693 0.13341346153846154 0.1778846153846154
1 0.4543269230769231 0.8629807692307693 0.06971153846153846 0.17668269230769232
0 0.38822115384615385 0.8641826923076923 0.05889423076923077 0.17668269230769232
0 0.07091346153846154 0.8713942307692307 0.06370192307692307 0.1814903846153846
0 0.30528846153846156 0.8653846153846154 0.06490384615384616 0.17427884615384615
1 0.2091346153846154 0.625 0.13701923076923078 0.10697115384615384
1 0.02283653846153846 0.4050480769230769 0.025240384615384616 0.06129807692307692
1 0.07091346153846154 0.4483173076923077 0.021634615384615384 0.052884615384615384
1 0.013221153846153846 0.5120192307692307 0.02403846153846154 0.0625
1 0.007211538461538462 0.6322115384615384 0.010817307692307692 0.056490384615384616
1 0.051682692307692304 0.640625 0.021634615384615384 0.027644230769230768