1 0.18629807692307693 0.18389423076923078 0.14302884615384615 0.07211538461538461
1 0.5564903846153846 0.18629807692307693 0.10096153846153846 0.0673076923076923
1 0.3605769230769231 0.17668269230769232 0.0673076923076923 0.04807692307692308
1 0.18389423076923078 0.3233173076923077 0.16346153846153846 0.08653846153846154
1 0.3786057692307692 0.31490384615384615 0.0733173076923077 0.06610576923076923
1 0.5997596153846154 0.32572115384615385 0.12620192307692307 0.08653846153846154
1 0.65625 0.5072115384615384 0.1466346153846154 0.11778846153846154
1 0.4014423076923077 0.48677884615384615 0.09495192307692307 0.09014423076923077
1 0.17668269230769232 0.4987980769230769 0.18870192307692307 0.11298076923076923
1 0.16466346153846154 0.8197115384615384 0.25841346153846156 0.31850961538461536
1 0.44591346153846156 0.8161057692307693 0.2668269230769231 0.3112980769230769
1 0.6442307692307693 0.8112980769230769 0.15985576923076922 0.29927884615384615
0 0.4795673076923077 0.8545673076923077 0.0733173076923077 0.21153846153846154
0 0.8401442307692307 0.8521634615384616 0.22355769230769232 0.21754807692307693
1 0.7860576923076923 0.6983173076923077 0.16706730769230768 0.08413461538461539