1 0.34375 0.14302884615384615 0.06009615384615385 0.08173076923076923
1 0.5516826923076923 0.1466346153846154 0.06370192307692307 0.07451923076923077
1 0.5625 0.33653846153846156 0.0625 0.08774038461538461
1 0.34615384615384615 0.5516826923076923 0.06490384615384616 0.10096153846153846
1 0.5721153846153846 0.5528846153846154 0.07211538461538461 0.0985576923076923
1 0.6262019230769231 0.796875 0.07692307692307693 0.1141826923076923
1 0.765625 0.5829326923076923 0.0625 0.08413461538461539
1 0.1310096153846154 0.5793269230769231 0.06129807692307692 0.08052884615384616
1 0.21514423076923078 0.5733173076923077 0.026442307692307692 0.02403846153846154
1 0.14182692307692307 0.7932692307692307 0.06490384615384616 0.0985576923076923
1 0.20793269230769232 0.8052884615384616 0.030048076923076924 0.0673076923076923
1 0.7632211538461539 0.7956730769230769 0.09014423076923077 0.09014423076923077
1 0.7427884615384616 0.3786057692307692 0.05048076923076923 0.04567307692307692
1 0.36538461538461536 0.796875 0.026442307692307692 0.11298076923076923
0 0.515625 0.8918269230769231 0.07932692307692307 0.21153846153846154