1 0.20673076923076922 0.07572115384615384 0.07451923076923077 0.07932692307692307
1 0.3737980769230769 0.09375 0.08173076923076923 0.1201923076923077
1 0.5757211538461539 0.07572115384615384 0.07091346153846154 0.07451923076923077
1 0.5805288461538461 0.25 0.06971153846153846 0.0889423076923077
1 0.7524038461538461 0.09975961538461539 0.06129807692307692 0.10817307692307693
1 0.7728365384615384 0.2764423076923077 0.0673076923076923 0.13701923076923078
1 0.9014423076923077 0.13221153846153846 0.056490384615384616 0.14543269230769232
1 0.796875 0.4831730769230769 0.0733173076923077 0.16105769230769232
1 0.5877403846153846 0.4543269230769231 0.08173076923076923 0.1045673076923077
1 0.15865384615384615 0.4543269230769231 0.09014423076923077 0.1045673076923077
1 0.35336538461538464 0.4831730769230769 0.09254807692307693 0.16466346153846154
1 0.18629807692307693 0.2536057692307692 0.07451923076923077 0.08413461538461539
1 0.3629807692307692 0.2776442307692308 0.08774038461538461 0.13221153846153846
0 0.8329326923076923 0.8449519230769231 0.10336538461538461 0.22596153846153846
1 0.8377403846153846 0.828125 0.18028846153846154 0.2644230769230769
1 0.5997596153846154 0.8149038461538461 0.24158653846153846 0.2956730769230769
1 0.10336538461538461 0.8125 0.20192307692307693 0.2860576923076923
1 0.021634615384615384 0.08052884615384616 0.036057692307692304 0.06850961538461539