1 0.11538461538461539 0.32211538461538464 0.17908653846153846 0.08653846153846154
1 0.265625 0.30288461538461536 0.07932692307692307 0.051682692307692304
1 0.13341346153846154 0.46033653846153844 0.2247596153846154 0.08653846153846154
1 0.8713942307692307 0.21394230769230768 0.13341346153846154 0.06129807692307692
1 0.41225961538461536 0.31971153846153844 0.13701923076923078 0.054086538461538464
1 0.6598557692307693 0.2932692307692308 0.23918269230769232 0.07091346153846154
1 0.41586538461538464 0.5228365384615384 0.16826923076923078 0.06850961538461539
1 0.6995192307692307 0.4951923076923077 0.2956730769230769 0.09615384615384616
1 0.11298076923076923 0.6286057692307693 0.22596153846153846 0.09975961538461539
1 0.07211538461538461 0.8822115384615384 0.14302884615384615 0.13221153846153846
1 0.41586538461538464 0.8617788461538461 0.13822115384615385 0.13942307692307693
1 0.7620192307692307 0.8485576923076923 0.23918269230769232 0.1622596153846154