1 0.007211538461538462 0.18269230769230768 0.01201923076923077 0.046875
1 0.15144230769230768 0.23677884615384615 0.06610576923076923 0.09254807692307693
1 0.25600961538461536 0.22355769230769232 0.042067307692307696 0.09134615384615384
1 0.140625 0.375 0.07091346153846154 0.09615384615384616
1 0.2512019230769231 0.36177884615384615 0.04326923076923077 0.0985576923076923
1 0.12980769230769232 0.5204326923076923 0.0733173076923077 0.10576923076923077
1 0.2439903846153846 0.5132211538461539 0.046875 0.10336538461538461
1 0.21514423076923078 0.6875 0.0673076923076923 0.09735576923076923
1 0.19951923076923078 0.84375 0.2091346153846154 0.1466346153846154
1 0.38100961538461536 0.8485576923076923 0.10576923076923077 0.15985576923076922
0 0.38100961538461536 0.8665865384615384 0.0625 0.12379807692307693
0 0.5192307692307693 0.8689903846153846 0.07091346153846154 0.12740384615384615
1 0.5204326923076923 0.8521634615384616 0.13221153846153846 0.16947115384615385
1 0.6646634615384616 0.8533653846153846 0.1310096153846154 0.1658653846153846
1 0.8221153846153846 0.8545673076923077 0.16706730769230768 0.17307692307692307
1 0.8870192307692307 0.984375 0.04927884615384615 0.019230769230769232
1 0.6682692307692307 0.6634615384615384 0.06370192307692307 0.12259615384615384
1 0.8197115384615384 0.6598557692307693 0.10697115384615384 0.12860576923076922
1 0.9290865384615384 0.6358173076923077 0.037259615384615384 0.07091346153846154
1 0.65625 0.48197115384615385 0.056490384615384616 0.1141826923076923
1 0.8052884615384616 0.4723557692307692 0.10216346153846154 0.12139423076923077
1 0.6502403846153846 0.3137019230769231 0.052884615384615384 0.1045673076923077
1 0.7908653846153846 0.29927884615384615 0.09735576923076923 0.11057692307692307
1 0.6430288461538461 0.1622596153846154 0.051682692307692304 0.09735576923076923
1 0.7788461538461539 0.14302884615384615 0.09014423076923077 0.10216346153846154