3 0.503125 0.974219 0.975781 0.042188
1 0.148438 0.179688 0.199219 0.007031
1 0.146094 0.290625 0.202344 0.018750
1 0.857812 0.177344 0.203125 0.012500
1 0.857031 0.290625 0.199219 0.018750
1 0.856250 0.403125 0.204687 0.022656
1 0.152344 0.404687 0.214844 0.020313
1 0.269806 0.517707 0.452909 0.031466
1 0.732968 0.516595 0.450831 0.032231
1 0.270827 0.629986 0.450680 0.038688
1 0.733788 0.630978 0.452194 0.038581
1 0.270230 0.745196 0.451831 0.042153
1 0.727344 0.746875 0.439063 0.038281
1 0.716406 0.875781 0.410938 0.061719
1 0.288281 0.874219 0.408594 0.067187
