3 0.491406 0.117188 0.522656 0.044531
1 0.377344 0.233594 0.197656 0.034375
1 0.613281 0.233594 0.206250 0.032031
1 0.850781 0.240625 0.188281 0.043750
3 0.855967 0.275558 0.192895 0.026226
1 0.855469 0.360938 0.186719 0.046875
1 0.839063 0.129688 0.178125 0.024219
1 0.136719 0.128906 0.173437 0.028906
1 0.130469 0.238281 0.194531 0.045312
1 0.132812 0.360938 0.197656 0.047656
1 0.375781 0.345313 0.207813 0.014844
1 0.612500 0.344531 0.211719 0.014844
1 0.379688 0.469531 0.207031 0.023438
1 0.608594 0.471094 0.204687 0.025000
1 0.854688 0.482031 0.203125 0.047656
1 0.134375 0.483594 0.201563 0.047656
1 0.135156 0.604688 0.203125 0.051562
1 0.378125 0.593750 0.200781 0.032813
1 0.616406 0.596094 0.211719 0.030469
1 0.861719 0.603906 0.193750 0.048438
1 0.135156 0.727344 0.193750 0.046094
1 0.382031 0.721094 0.206250 0.036719
1 0.617969 0.721875 0.199219 0.035937
1 0.863281 0.726562 0.192969 0.046875
1 0.579688 0.896875 0.133594 0.096094
1 0.410938 0.894531 0.131250 0.089063
0 0.117188 0.925781 0.107813 0.144531
1 0.264062 0.896094 0.117969 0.083594
3 0.875781 0.766406 0.196875 0.023438
3 0.634375 0.754687 0.203906 0.025000
3 0.389062 0.755469 0.204687 0.026562
3 0.871875 0.521875 0.192969 0.025000
3 0.864054 0.398020 0.189791 0.022945
3 0.872859 0.160716 0.146220 0.032641
3 0.130311 0.161847 0.169114 0.033610
3 0.151910 0.521642 0.196455 0.025153
3 0.145313 0.644531 0.201563 0.023438
3 0.875781 0.642969 0.196875 0.024219
3 0.630469 0.624219 0.220312 0.025781
3 0.385937 0.628906 0.221875 0.027344
3 0.147656 0.765625 0.201563 0.024219
3 0.628906 0.496875 0.213281 0.025000
3 0.384375 0.496094 0.222656 0.025000
3 0.628906 0.367188 0.217188 0.024219
3 0.385937 0.366406 0.209375 0.025781
3 0.140365 0.399697 0.197968 0.025838
3 0.373437 0.236719 0.226562 0.028906
3 0.622656 0.237500 0.235937 0.025000
3 0.132820 0.273205 0.202091 0.024912
