1 0.596094 0.130469 0.055469 0.084375
1 0.797656 0.128906 0.130469 0.090625
1 0.797656 0.331250 0.129688 0.100781
1 0.594531 0.328906 0.064844 0.103125
1 0.797656 0.530469 0.133594 0.103125
1 0.596875 0.527344 0.068750 0.101562
1 0.800000 0.727344 0.127344 0.097656
1 0.597656 0.723437 0.066406 0.100781
1 0.200000 0.735156 0.235156 0.075000
1 0.196094 0.546094 0.242188 0.060156
1 0.198437 0.358594 0.234375 0.032813
3 0.199219 0.214844 0.388281 0.075781
3 0.197656 0.408594 0.386719 0.059375
3 0.196875 0.610938 0.389062 0.060937
3 0.200000 0.803906 0.389844 0.059375
1 0.598437 0.926562 0.076563 0.100781
1 0.800781 0.925781 0.144531 0.101562
