1 0.174219 0.139063 0.049219 0.203125
1 0.098437 0.122656 0.073438 0.071875
1 0.323437 0.106250 0.104688 0.089844
1 0.565625 0.114062 0.105469 0.085156
1 0.799219 0.114844 0.099219 0.082812
1 0.896094 0.139844 0.050000 0.187500
1 0.950000 0.371094 0.050000 0.199219
1 0.803125 0.335938 0.100000 0.102344
1 0.334375 0.342969 0.087500 0.089063
1 0.465625 0.371094 0.047656 0.196875
1 0.571875 0.343750 0.094531 0.081250
1 0.707812 0.371094 0.052344 0.192969
1 0.802344 0.563281 0.102344 0.111719
1 0.896875 0.607031 0.050000 0.201563
1 0.914062 0.830469 0.089844 0.180469
1 0.805469 0.841406 0.114062 0.185156
1 0.709375 0.835938 0.048438 0.199219
1 0.569531 0.794531 0.104688 0.106250
1 0.468750 0.835156 0.049219 0.203906
1 0.332813 0.796094 0.092188 0.106250
1 0.176563 0.604688 0.049219 0.206250
1 0.085156 0.568750 0.091406 0.107031
1 0.089063 0.340625 0.087500 0.102344
1 0.227344 0.371094 0.044531 0.201563
1 0.228125 0.835938 0.050000 0.203906
1 0.414844 0.608594 0.055469 0.189062
1 0.330469 0.567187 0.085938 0.107031
1 0.566406 0.569531 0.096875 0.100781
3 0.077344 0.902344 0.114062 0.096875
3 0.077344 0.664062 0.113281 0.085156
3 0.075781 0.196875 0.118750 0.075781
3 0.322656 0.194531 0.108594 0.092188
3 0.566406 0.198437 0.109375 0.082812
3 0.801562 0.197656 0.106250 0.081250
3 0.803125 0.428906 0.103125 0.077344
3 0.571094 0.428125 0.095312 0.090625
3 0.325781 0.432031 0.105469 0.083594
3 0.078125 0.435156 0.113281 0.089844
3 0.323437 0.665625 0.108594 0.087500
3 0.563281 0.663281 0.105469 0.083594
3 0.565625 0.896094 0.110937 0.091406
3 0.804688 0.664062 0.105469 0.086719
3 0.325781 0.893750 0.105469 0.088281
1 0.088281 0.793750 0.085156 0.117188
1 0.657031 0.605469 0.051562 0.215625
