1 0.625781 0.623437 0.167187 0.103906
0 0.628546 0.888509 0.168995 0.180706
1 0.878125 0.624219 0.057031 0.100781
1 0.458594 0.874219 0.028906 0.032031
1 0.319531 0.875781 0.025781 0.031250
1 0.845313 0.388281 0.091406 0.057813
1 0.593750 0.387500 0.090625 0.057813
3 0.411719 0.461719 0.138281 0.071875
3 0.208594 0.464844 0.053906 0.074219
3 0.090625 0.463281 0.056250 0.077344
1 0.351562 0.196094 0.165625 0.096875
1 0.075781 0.188281 0.105469 0.035937
1 0.881250 0.177344 0.071875 0.055469
3 0.593750 0.210156 0.145313 0.014844
