0 0.493750 0.807813 0.066406 0.292187
1 0.245312 0.898438 0.056250 0.079687
1 0.100781 0.904687 0.053906 0.096094
1 0.392188 0.896875 0.050000 0.078906
1 0.599219 0.891406 0.053125 0.067187
1 0.750000 0.884375 0.054688 0.053906
1 0.897656 0.882031 0.054688 0.049219
1 0.101562 0.713281 0.053906 0.103125
1 0.250781 0.717187 0.053906 0.110156
1 0.392969 0.714844 0.049219 0.108594
1 0.601562 0.715625 0.051562 0.106250
1 0.747656 0.715625 0.048438 0.108594
1 0.896875 0.713281 0.052344 0.100781
1 0.103906 0.496094 0.055469 0.105469
1 0.250781 0.498437 0.050781 0.103906
1 0.392969 0.525000 0.054688 0.156250
1 0.602344 0.521875 0.052344 0.157031
1 0.747656 0.507812 0.052344 0.123438
1 0.896094 0.500000 0.055469 0.105469
1 0.103906 0.285156 0.049219 0.107813
1 0.247656 0.292969 0.056250 0.122656
1 0.392188 0.309375 0.053125 0.157031
1 0.600781 0.310156 0.051562 0.149219
1 0.750781 0.298438 0.056250 0.117188
1 0.896094 0.287500 0.051562 0.101562
1 0.112500 0.124219 0.053125 0.124219
1 0.253906 0.120313 0.050000 0.130469
1 0.396094 0.122656 0.049219 0.125000
1 0.597656 0.119531 0.051562 0.125000
1 0.742188 0.121094 0.054688 0.125781
1 0.882812 0.119531 0.053906 0.125781
3 0.388446 0.359914 0.149407 0.066055
3 0.609073 0.359490 0.150373 0.062981
3 0.385401 0.578386 0.150833 0.057560
3 0.607077 0.578630 0.148918 0.057560
3 0.496875 0.152344 0.980469 0.058594
