3 0.603125 0.746094 0.199219 0.082031
3 0.480469 0.965625 0.907813 0.060937
3 0.963281 0.751563 0.073438 0.075000
3 0.098437 0.739844 0.196094 0.082031
3 0.485156 0.125000 0.882031 0.063281
3 0.602344 0.296094 0.192188 0.078125
3 0.350781 0.517188 0.186719 0.079687
3 0.018750 0.551562 0.037500 0.071875
3 0.103125 0.296875 0.188281 0.083594
3 0.863281 0.524219 0.191406 0.076563
3 0.962500 0.350781 0.075000 0.071875
1 0.877344 0.314063 0.055469 0.142187
1 0.878125 0.466406 0.050781 0.032031
1 0.416406 0.463281 0.061719 0.033594
1 0.202344 0.518750 0.101562 0.132812
1 0.081250 0.515625 0.057031 0.133594
