3 0.330841 0.905704 0.232371 0.188592
0 0.719531 0.778906 0.047656 0.101562
1 0.875781 0.632031 0.100000 0.106250
1 0.893750 0.782813 0.084375 0.096875
1 0.888281 0.462500 0.061719 0.069531
1 0.886719 0.329688 0.079687 0.099219
1 0.724219 0.478125 0.035937 0.038281
1 0.720313 0.589063 0.028906 0.025781
1 0.609375 0.682813 0.067187 0.067969
1 0.619531 0.536719 0.061719 0.072656
1 0.618750 0.396094 0.065625 0.069531
1 0.730469 0.302344 0.025000 0.029687
1 0.710938 0.193750 0.038281 0.038281
1 0.390625 0.184375 0.044531 0.045312
1 0.418750 0.445312 0.024219 0.028125
1 0.419531 0.300000 0.024219 0.026562
1 0.307031 0.329688 0.081250 0.096094
1 0.295312 0.471094 0.080469 0.092188
1 0.246875 0.199219 0.022656 0.025781
1 0.285156 0.612500 0.079687 0.098437
1 0.296875 0.767188 0.096094 0.110156
1 0.196875 0.939063 0.077344 0.080469
1 0.419531 0.587500 0.024219 0.027344
1 0.417969 0.732812 0.025781 0.033594
1 0.585938 0.291406 0.022656 0.033594
1 0.658594 0.279687 0.025781 0.032031
1 0.617188 0.135937 0.010937 0.013281
