3 0.481250 0.136719 0.961719 0.029687
3 0.126635 0.362723 0.162584 0.178571
3 0.426563 0.334375 0.114062 0.103906
3 0.734929 0.360148 0.147870 0.173420
3 0.736506 0.653760 0.145242 0.125343
3 0.430125 0.650326 0.122119 0.115041
3 0.131211 0.664492 0.163307 0.127060
0 0.320312 0.884375 0.075781 0.167969
0 0.572656 0.889844 0.074219 0.161719
0 0.715625 0.886719 0.028906 0.178906
0 0.874219 0.887500 0.074219 0.176563
0 0.801562 0.890625 0.029687 0.187500
0 0.466406 0.878906 0.035937 0.180469
0 0.214062 0.883594 0.032813 0.176563
0 0.071094 0.880469 0.069531 0.170313
3 0.557031 0.670312 0.029687 0.079687
1 0.557031 0.308594 0.035156 0.126562
1 0.436719 0.557813 0.083594 0.066406
1 0.157031 0.562500 0.082031 0.088281
1 0.948438 0.312500 0.039844 0.110156
1 0.946875 0.576562 0.032813 0.112500
1 0.834375 0.581250 0.033594 0.117969
1 0.276562 0.321094 0.030469 0.112500
3 0.948438 0.410938 0.035937 0.077344
3 0.946875 0.676562 0.030469 0.082812
1 0.834375 0.314844 0.031250 0.085156
3 0.835938 0.408594 0.038281 0.102344
3 0.834375 0.676562 0.038281 0.087500
1 0.275781 0.581250 0.031250 0.122656
3 0.278125 0.681250 0.033594 0.072656
3 0.278906 0.414844 0.032813 0.064844
