1 0.079687 0.189062 0.067187 0.092188
1 0.200000 0.188281 0.065625 0.103906
1 0.318750 0.192969 0.067187 0.093750
1 0.442188 0.190625 0.062500 0.098437
1 0.560937 0.187500 0.067187 0.096094
1 0.681250 0.188281 0.065625 0.094531
1 0.800781 0.185938 0.060937 0.092188
1 0.926562 0.185938 0.065625 0.091406
1 0.922656 0.325781 0.065625 0.102344
1 0.801562 0.328906 0.065625 0.096094
1 0.679688 0.328125 0.067187 0.096875
1 0.557031 0.321875 0.068750 0.103125
1 0.437500 0.325781 0.067187 0.101562
1 0.317188 0.329688 0.064844 0.096875
1 0.196875 0.328906 0.072656 0.098437
1 0.078906 0.329688 0.063281 0.093750
1 0.081250 0.477344 0.065625 0.104688
1 0.192969 0.468750 0.067969 0.096875
1 0.318750 0.469531 0.072656 0.104688
1 0.436719 0.468750 0.067969 0.099219
1 0.557031 0.475000 0.066406 0.098437
1 0.678906 0.471875 0.065625 0.096875
1 0.800781 0.473438 0.067187 0.101562
1 0.919531 0.471094 0.071875 0.110156
1 0.925781 0.617969 0.062500 0.098437
1 0.921875 0.757031 0.061719 0.084375
1 0.800000 0.758594 0.061719 0.092188
1 0.798438 0.613281 0.061719 0.092969
1 0.680469 0.609375 0.067969 0.103125
1 0.680469 0.757031 0.063281 0.096094
1 0.557031 0.612500 0.069531 0.091406
1 0.559375 0.756250 0.067187 0.099219
1 0.434375 0.611719 0.069531 0.086719
1 0.435937 0.759375 0.065625 0.091406
1 0.315625 0.612500 0.057813 0.095312
1 0.317188 0.754687 0.063281 0.088281
1 0.193750 0.606250 0.062500 0.092188
1 0.196094 0.752344 0.066406 0.099219
1 0.079687 0.612500 0.069531 0.103906
1 0.079687 0.756250 0.064844 0.100781
0 0.143750 0.924219 0.175000 0.125781
0 0.377344 0.918750 0.174219 0.128906
0 0.617188 0.924219 0.185156 0.116406
0 0.864062 0.924219 0.185156 0.118750
