1 0.417187 0.109375 0.114062 0.081250
1 0.651563 0.107031 0.117188 0.069531
1 0.884375 0.109375 0.107813 0.069531
1 0.810937 0.234375 0.106250 0.073438
1 0.579688 0.232031 0.107813 0.066406
1 0.351562 0.235156 0.100000 0.069531
1 0.421094 0.353906 0.109375 0.075781
1 0.653906 0.356250 0.112500 0.071875
1 0.884375 0.356250 0.116406 0.067969
1 0.818750 0.475000 0.121094 0.078906
1 0.582812 0.472656 0.109375 0.071875
1 0.347656 0.475781 0.116406 0.076563
1 0.424219 0.597656 0.109375 0.085156
1 0.185156 0.596875 0.111719 0.078906
1 0.656250 0.594531 0.117188 0.077344
1 0.882812 0.596094 0.102344 0.078125
1 0.581250 0.717969 0.107031 0.081250
1 0.349219 0.720313 0.109375 0.078125
1 0.114062 0.719531 0.114844 0.084375
1 0.184375 0.837500 0.103906 0.082812
1 0.653906 0.837500 0.116406 0.085156
1 0.417187 0.839063 0.107031 0.082812
1 0.820312 0.718750 0.111719 0.081250
1 0.885156 0.835938 0.114062 0.087500
0 0.578125 0.956250 0.111719 0.087500
1 0.346875 0.942969 0.109375 0.064062
1 0.110156 0.942969 0.111719 0.065625
