3 0.839063 0.392188 0.191406 0.057813
3 0.831250 0.207813 0.191406 0.057813
3 0.835938 0.755469 0.191406 0.057813
0 0.671094 0.904687 0.154688 0.171094
1 0.247656 0.720313 0.326562 0.088281
1 0.244531 0.545312 0.325781 0.084375
1 0.245312 0.371875 0.325781 0.075781
1 0.592969 0.708594 0.128906 0.085156
1 0.787500 0.545312 0.135156 0.078125
1 0.596094 0.342187 0.128125 0.075000
1 0.594531 0.162500 0.128125 0.075000
1 0.540625 0.543750 0.114062 0.025000
1 0.246875 0.201563 0.325781 0.075781
0 0.185938 0.908594 0.195312 0.173437
1 0.827344 0.704688 0.165625 0.044531
