1 0.182031 0.163281 0.099219 0.103906
1 0.325781 0.144531 0.030469 0.083594
1 0.385156 0.144531 0.061719 0.079687
1 0.382031 0.410156 0.064844 0.067187
1 0.578906 0.145313 0.103906 0.075781
1 0.872656 0.139063 0.061719 0.086719
1 0.808594 0.142969 0.023438 0.073438
1 0.184375 0.424219 0.099219 0.081250
1 0.183594 0.673438 0.098437 0.096875
1 0.324219 0.664062 0.032031 0.069531
1 0.382812 0.668750 0.060156 0.067187
1 0.325000 0.410938 0.025781 0.064844
1 0.579688 0.423438 0.107031 0.087500
1 0.580469 0.667969 0.106250 0.076563
1 0.871875 0.676562 0.064062 0.062500
1 0.811719 0.673438 0.026562 0.068750
1 0.871094 0.414844 0.059375 0.062500
1 0.811719 0.414844 0.028906 0.065625
3 0.180469 0.258594 0.111719 0.093750
3 0.363281 0.232813 0.116406 0.100781
3 0.181250 0.512500 0.112500 0.093750
3 0.363281 0.489844 0.115625 0.101562
3 0.179688 0.764844 0.110937 0.091406
3 0.360156 0.744531 0.113281 0.099219
3 0.578906 0.747656 0.114062 0.092188
3 0.582812 0.501563 0.107813 0.071875
3 0.582031 0.231250 0.108594 0.103125
3 0.853125 0.232031 0.108594 0.105469
3 0.852344 0.492188 0.105469 0.096094
3 0.854688 0.755469 0.106250 0.096875
