1 0.196875 0.153906 0.028125 0.110156
1 0.263281 0.328125 0.028125 0.110156
1 0.470313 0.543750 0.028125 0.110156
1 0.261719 0.542188 0.028125 0.110156
1 0.265625 0.745313 0.025000 0.110156
1 0.100000 0.739844 0.028125 0.110156
1 0.100781 0.540625 0.028125 0.110156
1 0.047656 0.741406 0.028125 0.110156
1 0.365625 0.538281 0.022656 0.106250
1 0.470313 0.543750 0.028125 0.110156
1 0.372656 0.147656 0.025000 0.104688
1 0.581250 0.544531 0.025000 0.104688
1 0.686719 0.748437 0.025000 0.104688
1 0.740625 0.542969 0.025000 0.104688
1 0.740625 0.755469 0.025000 0.104688
1 0.689063 0.948438 0.025000 0.103125
1 0.850781 0.330469 0.025000 0.104688
1 0.906250 0.335938 0.021094 0.104688
1 0.117188 0.146875 0.028906 0.124219
1 0.275000 0.151562 0.028906 0.121094
1 0.475000 0.154688 0.028906 0.121094
1 0.526563 0.161719 0.031250 0.114062
1 0.649219 0.154688 0.028125 0.100781
1 0.728906 0.153125 0.025000 0.110937
1 0.911719 0.157031 0.025000 0.117969
1 0.791406 0.332031 0.024219 0.104688
1 0.736719 0.329688 0.018750 0.107813
1 0.685156 0.332031 0.017188 0.104688
1 0.629687 0.332031 0.028125 0.124219
1 0.578125 0.335156 0.025781 0.117969
1 0.525781 0.339844 0.026562 0.100781
1 0.471094 0.339844 0.025000 0.107813
1 0.414062 0.335156 0.024219 0.117969
1 0.365625 0.338281 0.021875 0.110937
1 0.314063 0.328125 0.018750 0.110937
1 0.210938 0.326562 0.028125 0.094531
1 0.151562 0.335156 0.029687 0.110937
1 0.098437 0.328125 0.024219 0.110937
1 0.045312 0.317969 0.021875 0.117969
1 0.903906 0.543750 0.020313 0.110937
1 0.628906 0.545312 0.021875 0.114062
1 0.151562 0.535156 0.030469 0.094531
1 0.208594 0.539062 0.032813 0.128125
1 0.685937 0.535156 0.022656 0.114062
1 0.793750 0.536719 0.029687 0.117969
1 0.853125 0.540625 0.034375 0.110937
1 0.903125 0.747656 0.023438 0.114062
1 0.793750 0.757812 0.028125 0.107813
1 0.628906 0.740625 0.019531 0.094531
1 0.527344 0.753906 0.029687 0.114062
1 0.469531 0.749219 0.030469 0.104688
1 0.414844 0.750781 0.016406 0.114062
1 0.367188 0.750781 0.022656 0.100781
1 0.314844 0.752344 0.019531 0.104688
1 0.210156 0.753906 0.029687 0.114062
1 0.151562 0.749219 0.024219 0.110937
1 0.211719 0.944531 0.034375 0.097656
1 0.262500 0.950000 0.015625 0.095312
1 0.316406 0.947656 0.026562 0.090625
1 0.848437 0.753906 0.026562 0.100781
1 0.793750 0.951562 0.025000 0.092188
1 0.739062 0.946094 0.025000 0.094531
1 0.417187 0.539062 0.025781 0.107813
1 0.528125 0.536719 0.031250 0.110937
1 0.525781 0.951562 0.017969 0.092188
1 0.467969 0.949219 0.029687 0.094531
1 0.414844 0.942969 0.020313 0.109375
1 0.366406 0.944531 0.020313 0.105469
1 0.100781 0.950781 0.020313 0.090625
1 0.315625 0.541406 0.025781 0.109375
1 0.149219 0.945312 0.025000 0.104688
