1 0.679688 0.285156 0.148438 0.044531
1 0.678125 0.432812 0.146094 0.047656
1 0.682031 0.583594 0.151562 0.053125
1 0.682031 0.735938 0.154688 0.060937
1 0.549219 0.658594 0.047656 0.050000
1 0.546094 0.342969 0.025781 0.028906
1 0.474219 0.354687 0.045312 0.046875
1 0.474219 0.506250 0.045312 0.049219
1 0.423438 0.489844 0.015625 0.016406
1 0.870209 0.733812 0.157469 0.053698
1 0.875000 0.571875 0.157812 0.020313
1 0.862500 0.418750 0.150000 0.014844
1 0.551562 0.791406 0.052344 0.055469
1 0.458594 0.810937 0.084375 0.012500
1 0.457813 0.678906 0.081250 0.009375
1 0.079687 0.125000 0.045312 0.055469
1 0.154688 0.123438 0.050000 0.057813
1 0.229687 0.121094 0.050000 0.057031
1 0.303906 0.122656 0.050781 0.053125
1 0.142969 0.286719 0.102344 0.050781
1 0.141406 0.436719 0.099219 0.052344
3 0.287500 0.447656 0.180469 0.042969
1 0.145313 0.584375 0.113281 0.054688
1 0.314844 0.575000 0.145313 0.029687
1 0.146094 0.740625 0.103125 0.057813
1 0.316406 0.734375 0.143750 0.049219
0 0.567187 0.942969 0.045312 0.098437
0 0.496875 0.939063 0.031250 0.099219
0 0.364844 0.939844 0.049219 0.103125
0 0.287500 0.925781 0.045312 0.061719
0 0.660937 0.940625 0.055469 0.100000
0 0.739062 0.939063 0.054688 0.100781
0 0.883594 0.937500 0.064062 0.106250
1 0.861706 0.299990 0.144192 0.071676
1 0.546875 0.200000 0.046094 0.046875
3 0.286719 0.276562 0.189844 0.046094
3 0.139844 0.636719 0.103906 0.052344
3 0.138281 0.484375 0.121875 0.038281
3 0.133594 0.328906 0.124219 0.042969
3 0.694531 0.479687 0.172656 0.049219
3 0.694531 0.633594 0.178906 0.053125
3 0.701562 0.789844 0.189844 0.045312
3 0.893750 0.782031 0.199219 0.053125
3 0.295312 0.786719 0.190625 0.057813
3 0.137500 0.792188 0.117969 0.049219
3 0.290625 0.614844 0.195312 0.052344
3 0.696094 0.327344 0.178906 0.041406
3 0.889512 0.466052 0.219429 0.081205
3 0.889686 0.620456 0.208254 0.076478
3 0.079687 0.174219 0.046875 0.048438
3 0.153906 0.175781 0.050781 0.050781
3 0.228906 0.173437 0.050000 0.047656
3 0.303906 0.172656 0.050000 0.046875
3 0.891402 0.302428 0.215648 0.091108
1 0.460156 0.216406 0.087500 0.011719
