1 0.112500 0.134375 0.041406 0.135156
1 0.179688 0.138281 0.042969 0.135156
1 0.306250 0.136719 0.038281 0.137500
1 0.370312 0.117188 0.047656 0.091406
1 0.432812 0.136719 0.041406 0.134375
1 0.496094 0.136719 0.042969 0.130469
1 0.750000 0.089063 0.292187 0.041406
1 0.112500 0.307031 0.039062 0.125781
1 0.179688 0.288281 0.038281 0.096875
1 0.246094 0.307031 0.046875 0.126562
1 0.304688 0.306250 0.042188 0.128125
1 0.435156 0.303906 0.037500 0.126562
1 0.499219 0.304688 0.046875 0.130469
1 0.561719 0.305469 0.046094 0.129688
1 0.623437 0.304688 0.040625 0.120313
1 0.687500 0.307812 0.042188 0.130469
1 0.752344 0.289844 0.035156 0.094531
1 0.817187 0.303125 0.043750 0.129688
1 0.878906 0.307031 0.045312 0.117969
1 0.876563 0.469531 0.042188 0.124219
1 0.811719 0.466406 0.046094 0.121875
1 0.687500 0.454688 0.044531 0.109375
1 0.624219 0.468750 0.041406 0.132031
1 0.560156 0.463281 0.047656 0.128125
1 0.494531 0.467969 0.048438 0.123438
1 0.368750 0.453906 0.045312 0.107813
1 0.305469 0.466406 0.048438 0.127344
1 0.243750 0.464844 0.041406 0.123438
1 0.117969 0.464844 0.046094 0.129688
1 0.115625 0.628906 0.045312 0.130469
1 0.241406 0.621094 0.050781 0.119531
1 0.303125 0.628906 0.050781 0.135156
1 0.492969 0.628125 0.043750 0.128906
1 0.560937 0.631250 0.045312 0.126562
1 0.755469 0.628906 0.041406 0.129688
1 0.878906 0.633594 0.040625 0.122656
3 0.768750 0.134375 0.338281 0.051562
3 0.166387 0.316366 0.080672 0.071329
3 0.360224 0.484482 0.070028 0.064575
3 0.231092 0.658593 0.084034 0.072846
3 0.660924 0.652902 0.136975 0.055394
3 0.758824 0.315607 0.075630 0.066776
3 0.363281 0.139844 0.075000 0.053906
1 0.560156 0.139063 0.043750 0.127344
