0 0.185156 0.939063 0.280469 0.109375
0 0.510156 0.931250 0.294531 0.131250
0 0.829688 0.931250 0.260156 0.135937
1 0.089063 0.632812 0.071094 0.069531
1 0.282813 0.736719 0.071875 0.065625
3 0.507031 0.760938 0.284375 0.021094
1 0.747656 0.214844 0.026562 0.061719
1 0.120313 0.214844 0.045312 0.065625
1 0.111719 0.112500 0.026562 0.064062
1 0.123438 0.425000 0.046094 0.064844
1 0.303906 0.424219 0.028906 0.068750
1 0.440625 0.425781 0.012500 0.064844
1 0.917969 0.526563 0.066406 0.057031
1 0.899219 0.630469 0.020313 0.063281
1 0.278906 0.110937 0.070312 0.068750
1 0.078906 0.109375 0.035937 0.067969
1 0.299219 0.214844 0.036719 0.067969
1 0.087500 0.317188 0.075781 0.064844
1 0.263281 0.320312 0.035937 0.067187
1 0.185938 0.423438 0.071875 0.067969
1 0.089063 0.528906 0.078125 0.064062
1 0.300781 0.527344 0.029687 0.061719
1 0.518750 0.531250 0.068750 0.065625
1 0.378125 0.529687 0.031250 0.063281
1 0.615625 0.528906 0.042188 0.067187
1 0.266406 0.630469 0.036719 0.071094
1 0.161719 0.632031 0.068750 0.072656
1 0.103906 0.736719 0.030469 0.064062
1 0.271875 0.421875 0.032813 0.064844
1 0.180469 0.214062 0.074219 0.067969
1 0.411719 0.317969 0.030469 0.063281
1 0.517188 0.318750 0.064062 0.068750
1 0.617188 0.315625 0.043750 0.067969
1 0.583594 0.425000 0.042188 0.068750
1 0.482812 0.425781 0.061719 0.068750
1 0.378906 0.424219 0.036719 0.067187
1 0.712500 0.633594 0.039062 0.068750
1 0.732031 0.739062 0.075781 0.064844
1 0.900000 0.743750 0.031250 0.051562
1 0.712500 0.317969 0.035156 0.071875
1 0.917969 0.214062 0.085156 0.064844
1 0.714063 0.214844 0.033594 0.069531
1 0.732031 0.109375 0.070312 0.057031
1 0.891406 0.110156 0.040625 0.067969
1 0.746094 0.422656 0.038281 0.072656
3 0.599219 0.723437 0.035937 0.032813
3 0.407031 0.722656 0.036719 0.036719
3 0.503906 0.722656 0.029687 0.014063
3 0.503125 0.200781 0.264844 0.007031
3 0.506250 0.244531 0.289062 0.011719
1 0.877344 0.316406 0.072656 0.068750
1 0.849219 0.525781 0.068750 0.063281
1 0.852344 0.631250 0.066406 0.057813
1 0.743750 0.528125 0.030469 0.058594
1 0.920312 0.424219 0.079687 0.060937
