1 0.243750 0.616406 0.072656 0.053125
1 0.435156 0.616406 0.055469 0.046094
1 0.609375 0.616406 0.061719 0.048438
1 0.792969 0.617188 0.054688 0.052344
1 0.791406 0.860156 0.062500 0.106250
1 0.607812 0.887500 0.054688 0.048438
1 0.427344 0.789844 0.070312 0.085156
1 0.240625 0.885938 0.069531 0.046094
1 0.078125 0.392188 0.064062 0.071875
1 0.160938 0.392969 0.071094 0.067187
1 0.239063 0.392969 0.067969 0.067969
1 0.327344 0.393750 0.071094 0.064844
1 0.410156 0.393750 0.071094 0.064844
1 0.496094 0.394531 0.071094 0.068750
1 0.582031 0.392969 0.067969 0.067187
1 0.667188 0.392969 0.074219 0.067187
1 0.751563 0.392188 0.067969 0.066406
1 0.838281 0.392969 0.066406 0.069531
1 0.078125 0.192188 0.057813 0.053906
1 0.161719 0.191406 0.067969 0.055469
1 0.242188 0.194531 0.065625 0.052344
1 0.328906 0.194531 0.075781 0.054688
1 0.415625 0.192969 0.078906 0.053125
1 0.496875 0.192188 0.071875 0.052344
1 0.582031 0.194531 0.070312 0.055469
1 0.667188 0.194531 0.074219 0.052344
1 0.752344 0.194531 0.065625 0.052344
1 0.838281 0.194531 0.064844 0.053125
3 0.502344 0.248438 0.914844 0.050781
3 0.506250 0.453125 0.917969 0.056250
3 0.247656 0.667969 0.071094 0.048438
3 0.436719 0.668750 0.078906 0.057031
3 0.619531 0.668750 0.065625 0.059375
3 0.795312 0.669531 0.068750 0.057031
