3 0.096094 0.199219 0.100781 0.078125
3 0.257031 0.200000 0.105469 0.077344
3 0.418750 0.198437 0.104688 0.072656
3 0.574219 0.196875 0.092188 0.070312
3 0.732812 0.202344 0.096875 0.074219
3 0.898438 0.198437 0.096094 0.073438
3 0.892969 0.433594 0.089063 0.068750
3 0.738281 0.430469 0.101562 0.066406
3 0.578906 0.432812 0.091406 0.065625
3 0.424219 0.435156 0.110156 0.064062
3 0.260937 0.430469 0.092188 0.064062
3 0.099219 0.432031 0.096094 0.070312
3 0.098437 0.665625 0.100000 0.051562
3 0.260937 0.661719 0.087500 0.052344
3 0.419531 0.660937 0.095312 0.057813
3 0.575781 0.661719 0.095312 0.054688
3 0.737500 0.661719 0.100000 0.053906
3 0.897656 0.662500 0.092969 0.053906
