1 0.099219 0.414844 0.129688 0.190625
1 0.253125 0.201563 0.145313 0.175000
3 0.098437 0.258594 0.120313 0.075781
1 0.255469 0.648438 0.143750 0.182031
1 0.101562 0.614844 0.122656 0.112500
1 0.579688 0.648438 0.147656 0.179688
1 0.742188 0.426563 0.140625 0.178906
1 0.418750 0.427344 0.143750 0.189062
1 0.578906 0.207813 0.146094 0.185156
1 0.415625 0.175000 0.144531 0.098437
1 0.578125 0.390625 0.144531 0.112500
1 0.739062 0.615625 0.136719 0.116406
1 0.896094 0.652344 0.130469 0.180469
1 0.898438 0.200781 0.128906 0.166406
3 0.892969 0.494531 0.133594 0.078906
3 0.734375 0.721094 0.141406 0.071875
3 0.414844 0.724219 0.153906 0.068750
3 0.095312 0.717187 0.126562 0.070312
3 0.252344 0.498437 0.146094 0.072656
3 0.412500 0.264844 0.150000 0.070312
3 0.735938 0.264844 0.137500 0.065625
3 0.575781 0.492188 0.145313 0.079687
