1 0.042969 0.116406 0.011719 0.060156
1 0.060937 0.116406 0.011719 0.064844
1 0.060156 0.256250 0.011719 0.087500
1 0.042188 0.257031 0.012500 0.088281
1 0.060156 0.427344 0.010937 0.046094
1 0.042188 0.425781 0.012500 0.050000
1 0.060937 0.690625 0.014063 0.078125
1 0.042188 0.691406 0.011719 0.079687
1 0.060937 0.539062 0.011719 0.078125
1 0.042188 0.537500 0.012500 0.078125
1 0.110156 0.256250 0.012500 0.088281
1 0.128125 0.255469 0.011719 0.087500
1 0.128906 0.114844 0.011719 0.064844
1 0.110937 0.115625 0.011719 0.060156
1 0.109375 0.425000 0.012500 0.050000
1 0.127344 0.426563 0.010937 0.046094
1 0.128906 0.538281 0.011719 0.078125
1 0.109375 0.536719 0.012500 0.078125
1 0.109375 0.690625 0.011719 0.079687
1 0.128125 0.689844 0.014063 0.078125
1 0.198437 0.119531 0.011719 0.064844
1 0.180469 0.119531 0.011719 0.060156
1 0.179688 0.260156 0.012500 0.088281
1 0.197656 0.255469 0.011719 0.087500
1 0.196875 0.430469 0.010937 0.046094
1 0.178906 0.428906 0.012500 0.050000
1 0.178906 0.541406 0.012500 0.078125
1 0.198437 0.542188 0.011719 0.078125
1 0.197656 0.693750 0.014063 0.078125
1 0.178906 0.694531 0.011719 0.079687
1 0.403906 0.253125 0.011719 0.087500
1 0.385937 0.258594 0.012500 0.088281
1 0.404687 0.117188 0.011719 0.064844
1 0.386719 0.117188 0.011719 0.060156
1 0.385156 0.426563 0.012500 0.050000
1 0.403125 0.428125 0.010937 0.046094
1 0.403906 0.540625 0.011719 0.078125
1 0.385156 0.539062 0.012500 0.078125
1 0.384375 0.692187 0.011719 0.079687
1 0.403125 0.691406 0.014063 0.078125
1 0.384375 0.853125 0.012500 0.076563
1 0.403906 0.853125 0.009375 0.078906
1 0.478125 0.853125 0.009375 0.078906
1 0.458594 0.853125 0.012500 0.076563
1 0.478125 0.691406 0.014063 0.078125
1 0.458594 0.693750 0.011719 0.079687
1 0.478906 0.540625 0.011719 0.078125
1 0.459375 0.539062 0.012500 0.078125
1 0.478125 0.428125 0.010937 0.046094
1 0.459375 0.426563 0.012500 0.050000
1 0.478906 0.252344 0.011719 0.087500
1 0.460938 0.258594 0.012500 0.088281
1 0.479687 0.117188 0.011719 0.064844
1 0.461719 0.117188 0.011719 0.060156
1 0.550781 0.853125 0.009375 0.078906
1 0.532813 0.851562 0.012500 0.076563
1 0.542188 0.707812 0.033594 0.119531
1 0.550781 0.537500 0.011719 0.078125
1 0.531250 0.535937 0.012500 0.078125
1 0.550000 0.425000 0.010937 0.046094
1 0.532031 0.427344 0.010937 0.042188
1 0.550781 0.249219 0.011719 0.087500
1 0.532813 0.255469 0.012500 0.088281
1 0.551562 0.114062 0.011719 0.064844
1 0.533594 0.114062 0.011719 0.060156
1 0.603125 0.114062 0.011719 0.066406
1 0.622656 0.112500 0.013281 0.063281
1 0.621094 0.254688 0.010937 0.076563
1 0.602344 0.257031 0.010156 0.083594
1 0.600781 0.424219 0.009375 0.044531
1 0.621094 0.424219 0.010937 0.046094
1 0.621094 0.535156 0.011719 0.082812
1 0.602344 0.535156 0.014063 0.081250
1 0.621875 0.688281 0.012500 0.081250
1 0.602344 0.691406 0.012500 0.082812
1 0.621875 0.850781 0.010937 0.083594
1 0.602344 0.850781 0.013281 0.082812
1 0.671875 0.557813 0.012500 0.117969
1 0.690625 0.560156 0.010937 0.119531
1 0.740625 0.559375 0.010937 0.117188
1 0.760156 0.559375 0.010937 0.120313
1 0.691406 0.692187 0.012500 0.079687
1 0.671875 0.689844 0.011719 0.081250
1 0.739844 0.711719 0.012500 0.120313
1 0.760938 0.710938 0.012500 0.126562
1 0.671875 0.850781 0.012500 0.078906
1 0.690625 0.850000 0.010937 0.075781
1 0.750781 0.871094 0.034375 0.124219
1 0.671875 0.425781 0.010156 0.041406
1 0.690625 0.425000 0.010156 0.042969
1 0.741406 0.425000 0.012500 0.044531
1 0.760938 0.426563 0.011719 0.047656
1 0.672656 0.125000 0.012500 0.081250
1 0.689844 0.125000 0.011719 0.078125
1 0.691406 0.261719 0.010937 0.090625
1 0.671875 0.260937 0.012500 0.090625
1 0.741406 0.125781 0.010156 0.078906
1 0.760938 0.128125 0.012500 0.081250
1 0.741406 0.260937 0.010937 0.091406
1 0.760156 0.260937 0.011719 0.089063
1 0.828906 0.853906 0.013281 0.077344
1 0.810937 0.850000 0.011719 0.078125
1 0.828906 0.689844 0.013281 0.071875
1 0.810156 0.689844 0.010937 0.073438
1 0.828906 0.535937 0.011719 0.076563
1 0.810937 0.534375 0.010937 0.077344
1 0.828906 0.425781 0.011719 0.039844
1 0.810937 0.425000 0.012500 0.039062
1 0.828906 0.257812 0.011719 0.082812
1 0.810937 0.257031 0.011719 0.077344
1 0.829688 0.118750 0.013281 0.060156
1 0.809375 0.117188 0.013281 0.060156
1 0.889844 0.870313 0.046875 0.141406
1 0.897656 0.690625 0.010156 0.075000
1 0.878906 0.692187 0.010937 0.076563
1 0.879687 0.535937 0.010937 0.077344
1 0.898438 0.534375 0.011719 0.077344
1 0.898438 0.427344 0.011719 0.039844
1 0.880469 0.425000 0.013281 0.045312
1 0.878906 0.257031 0.011719 0.080469
1 0.899219 0.258594 0.010937 0.081250
1 0.878906 0.115625 0.012500 0.063281
1 0.898438 0.115625 0.010937 0.061719
1 0.948438 0.115625 0.011719 0.066406
1 0.965625 0.114844 0.011719 0.061719
1 0.965625 0.259375 0.011719 0.081250
1 0.946875 0.258594 0.012500 0.085156
1 0.966406 0.425000 0.010156 0.046875
1 0.947656 0.427344 0.011719 0.046875
1 0.947656 0.534375 0.010937 0.077344
1 0.965625 0.536719 0.011719 0.078906
1 0.965625 0.689063 0.011719 0.078125
1 0.947656 0.689844 0.010937 0.078906
1 0.957812 0.863281 0.048438 0.133594
1 0.264844 0.853125 0.012500 0.076563
1 0.246094 0.853125 0.011719 0.078125
1 0.311719 0.850781 0.011719 0.075000
1 0.333594 0.853125 0.014063 0.077344
1 0.332813 0.692187 0.014063 0.070312
1 0.311719 0.690625 0.014063 0.076563
1 0.264844 0.692187 0.012500 0.077344
1 0.246094 0.691406 0.011719 0.076563
1 0.332031 0.558594 0.010937 0.114062
1 0.312500 0.557813 0.010937 0.118750
1 0.264844 0.558594 0.010937 0.118750
1 0.246094 0.555469 0.014063 0.117969
1 0.331250 0.425781 0.012500 0.044531
1 0.313281 0.425781 0.011719 0.048438
1 0.264844 0.424219 0.011719 0.041406
1 0.246094 0.426563 0.010156 0.046875
1 0.332031 0.261719 0.010937 0.091406
1 0.313281 0.254688 0.011719 0.076563
1 0.246875 0.261719 0.011719 0.088281
1 0.264062 0.264844 0.013281 0.091406
1 0.331250 0.125000 0.012500 0.078906
1 0.314063 0.126562 0.011719 0.080469
1 0.266406 0.125781 0.012500 0.080469
1 0.246094 0.126562 0.010156 0.079687
3 0.287500 0.147656 0.115625 0.061719
3 0.285156 0.283594 0.117188 0.065625
3 0.285938 0.604688 0.111719 0.049219
3 0.721094 0.146094 0.115625 0.057813
3 0.719531 0.289844 0.119531 0.042969
3 0.719531 0.603125 0.115625 0.042969
