3 0.210156 0.272656 0.116406 0.079687
3 0.445312 0.272656 0.114844 0.073438
3 0.646875 0.271094 0.113281 0.073438
3 0.898438 0.270313 0.115625 0.080469
3 0.896094 0.490625 0.118750 0.076563
3 0.650781 0.492969 0.114844 0.075000
3 0.445312 0.492969 0.109375 0.076563
3 0.210938 0.494531 0.115625 0.075781
3 0.212500 0.716406 0.119531 0.075000
3 0.445312 0.714063 0.114844 0.076563
3 0.649091 0.712373 0.118788 0.081693
3 0.897656 0.714844 0.107031 0.076563
0 0.528906 0.875781 0.108594 0.110937
1 0.213281 0.896094 0.110156 0.156250
