1 0.182031 0.304688 0.046875 0.028125
1 0.273438 0.311719 0.050781 0.032813
1 0.460156 0.310156 0.047656 0.028125
1 0.553906 0.307812 0.052344 0.030469
1 0.647656 0.304688 0.053125 0.031250
1 0.742969 0.299219 0.051562 0.032813
1 0.835156 0.321875 0.047656 0.085156
1 0.741406 0.479687 0.051562 0.040625
1 0.646875 0.484375 0.053125 0.048438
1 0.555469 0.488281 0.053906 0.050000
1 0.466406 0.485938 0.050000 0.039062
1 0.463281 0.667188 0.053125 0.059375
1 0.553125 0.664844 0.050781 0.059375
1 0.647656 0.663281 0.052344 0.060156
1 0.181250 0.481250 0.050781 0.043750
1 0.275000 0.483594 0.050781 0.042969
1 0.180469 0.660156 0.051562 0.053906
1 0.275781 0.660937 0.050781 0.053125
1 0.181250 0.836719 0.046875 0.065625
1 0.275781 0.840625 0.048438 0.058594
1 0.461719 0.842969 0.043750 0.061719
1 0.553125 0.839844 0.048438 0.062500
1 0.647656 0.836719 0.049219 0.062500
1 0.741406 0.835938 0.050781 0.064844
1 0.741406 0.661719 0.055469 0.060937
1 0.742188 0.114062 0.053125 0.047656
1 0.460156 0.127344 0.050781 0.042188
1 0.909048 0.114048 0.036123 0.047079
1 0.917085 0.313697 0.040872 0.048210
1 0.916203 0.486210 0.040942 0.053151
1 0.916050 0.661046 0.041858 0.058915
1 0.368750 0.485156 0.051562 0.043750
1 0.917188 0.828906 0.043750 0.085156
3 0.057813 0.350781 0.089844 0.066406
3 0.159375 0.357031 0.086719 0.069531
3 0.259375 0.358594 0.079687 0.067187
3 0.360156 0.360938 0.075781 0.059375
3 0.455469 0.361719 0.084375 0.064062
3 0.652344 0.356250 0.084375 0.060937
3 0.751563 0.352344 0.085156 0.060156
3 0.057813 0.536719 0.090625 0.063281
3 0.160938 0.539844 0.085156 0.067187
3 0.259375 0.542969 0.083594 0.065625
3 0.359375 0.542969 0.082031 0.062500
3 0.456250 0.542969 0.082031 0.063281
3 0.553125 0.542188 0.081250 0.062500
3 0.454688 0.725000 0.082031 0.060937
3 0.358594 0.725000 0.082031 0.062500
3 0.260937 0.725000 0.082812 0.063281
3 0.162500 0.724219 0.085938 0.063281
3 0.057813 0.724219 0.092969 0.064844
3 0.553125 0.725781 0.081250 0.064844
3 0.650781 0.541406 0.085938 0.063281
3 0.750781 0.542188 0.085156 0.067969
3 0.650781 0.723437 0.082812 0.061719
3 0.750781 0.721094 0.085938 0.060156
3 0.057031 0.909375 0.091406 0.067187
3 0.161719 0.907031 0.082812 0.065625
3 0.272656 0.906250 0.053906 0.059375
3 0.359375 0.907031 0.083594 0.060156
3 0.464062 0.907813 0.067187 0.063281
3 0.552344 0.905469 0.080469 0.060937
3 0.650781 0.906250 0.082031 0.060156
3 0.750000 0.903906 0.083594 0.059375
3 0.942376 0.156803 0.115248 0.117352
3 0.931352 0.364661 0.102388 0.103370
3 0.929941 0.549729 0.103373 0.097262
3 0.930532 0.724166 0.108099 0.086690
3 0.935587 0.906532 0.101531 0.072946
3 0.557031 0.356250 0.084375 0.060937
