3 0.341584 0.032921 0.550916 0.063230
3 0.868257 0.330060 0.200643 0.025972
3 0.536241 0.316168 0.173174 0.041072
1 0.546094 0.892188 0.082031 0.103125
1 0.257812 0.893750 0.092188 0.107813
1 0.115625 0.893750 0.085938 0.110156
1 0.405469 0.730469 0.069531 0.047656
1 0.261719 0.728906 0.082031 0.056250
1 0.112500 0.728125 0.089844 0.056250
3 0.857031 0.787500 0.141406 0.030469
1 0.806250 0.754687 0.036719 0.039062
1 0.886719 0.754687 0.055469 0.038281
3 0.884375 0.697656 0.053125 0.027344
3 0.810937 0.693750 0.052344 0.031250
1 0.883594 0.665625 0.046875 0.034375
1 0.800781 0.662500 0.050000 0.028906
1 0.800000 0.575781 0.047656 0.027344
1 0.889062 0.572656 0.053906 0.029687
1 0.710156 0.578906 0.044531 0.033594
3 0.700000 0.632031 0.086719 0.038281
1 0.710938 0.484375 0.055469 0.023438
1 0.802344 0.482812 0.050781 0.023438
1 0.798438 0.389844 0.048438 0.017188
1 0.713281 0.391406 0.048438 0.014063
1 0.564844 0.425781 0.074219 0.057813
1 0.546094 0.588281 0.075781 0.053125
1 0.404687 0.284375 0.067969 0.017969
1 0.258594 0.296094 0.080469 0.050000
1 0.114062 0.289844 0.078906 0.050781
1 0.117969 0.433594 0.088281 0.054688
1 0.256250 0.441406 0.077344 0.049219
1 0.258594 0.583594 0.078125 0.053906
1 0.114844 0.582031 0.082031 0.053125
1 0.404687 0.586719 0.075000 0.051562
1 0.410156 0.892969 0.079687 0.107031
1 0.260937 0.142969 0.078125 0.042969
1 0.114844 0.139063 0.071094 0.040625
3 0.114062 0.187500 0.083594 0.060937
3 0.262500 0.192969 0.083594 0.059375
3 0.116406 0.339844 0.079687 0.050781
3 0.260937 0.343750 0.082031 0.048438
3 0.407031 0.310937 0.072656 0.038281
3 0.114844 0.486719 0.087500 0.050781
3 0.259375 0.489844 0.084375 0.048438
3 0.566406 0.477344 0.084375 0.050000
3 0.760938 0.417187 0.163281 0.035156
3 0.759375 0.511719 0.168750 0.031250
3 0.851562 0.603125 0.163281 0.029687
3 0.711719 0.604688 0.051562 0.018750
3 0.547656 0.637500 0.082031 0.045312
3 0.407031 0.634375 0.077344 0.046875
3 0.256250 0.631250 0.078125 0.043750
3 0.110937 0.631250 0.075000 0.046875
3 0.113281 0.781250 0.091406 0.050781
3 0.260937 0.781250 0.082031 0.049219
3 0.407031 0.780469 0.078906 0.049219
