1 0.107813 0.254688 0.087500 0.115625
1 0.220312 0.266406 0.035156 0.078906
1 0.137500 0.415625 0.031250 0.077344
1 0.190625 0.383594 0.021094 0.044531
1 0.227344 0.116406 0.018750 0.035156
1 0.178125 0.090625 0.022656 0.039062
1 0.057031 0.564063 0.030469 0.078125
1 0.103906 0.533594 0.014844 0.040625
1 0.076563 0.702344 0.069531 0.121094
1 0.089063 0.913281 0.114844 0.129688
0 0.186719 0.917188 0.065625 0.139063
0 0.478125 0.894531 0.064062 0.142969
1 0.665625 0.705469 0.085938 0.127344
1 0.530469 0.683594 0.021875 0.044531
1 0.572656 0.728906 0.021875 0.042969
1 0.548438 0.557031 0.053906 0.085938
1 0.678906 0.540625 0.021875 0.043750
1 0.646094 0.417969 0.033594 0.079687
1 0.699219 0.386719 0.020313 0.039844
1 0.540625 0.421875 0.018750 0.039844
1 0.563281 0.255469 0.067187 0.116406
1 0.646875 0.274219 0.017188 0.039844
1 0.686719 0.238281 0.018750 0.038281
1 0.668750 0.103125 0.072656 0.100781
1 0.540625 0.111719 0.028906 0.075000
1 0.228947 0.682369 0.078791 0.062141
1 0.303360 0.401680 0.028284 0.037917
3 0.392188 0.136719 0.203906 0.045312
3 0.392188 0.285938 0.215625 0.057813
3 0.867969 0.138281 0.196094 0.042188
3 0.867188 0.439063 0.210156 0.050000
3 0.864844 0.289844 0.207031 0.053906
3 0.386719 0.439844 0.209375 0.050781
3 0.320312 0.588281 0.339062 0.050781
3 0.862500 0.588281 0.217188 0.051562
3 0.867188 0.745313 0.210938 0.060937
3 0.323437 0.739062 0.328906 0.051562
1 0.076563 0.108594 0.026562 0.078125
