1 0.058594 0.250781 0.015625 0.131250
1 0.145313 0.236719 0.057031 0.131250
1 0.223438 0.235937 0.031250 0.126562
1 0.257031 0.236719 0.019531 0.137500
1 0.318750 0.233594 0.057031 0.136719
1 0.414844 0.230469 0.058594 0.130469
1 0.510156 0.233594 0.026562 0.128125
1 0.475781 0.235156 0.018750 0.129688
1 0.580469 0.233594 0.028125 0.128125
1 0.614062 0.235156 0.016406 0.130469
1 0.675000 0.232813 0.056250 0.125000
1 0.771094 0.254688 0.014063 0.133594
1 0.897656 0.235156 0.032813 0.127344
1 0.852344 0.233594 0.024219 0.127344
3 0.877344 0.487500 0.244531 0.082812
3 0.882031 0.710938 0.235156 0.092969
3 0.063281 0.708594 0.125000 0.084375
0 0.258594 0.887500 0.015625 0.119531
0 0.303125 0.900000 0.026562 0.139063
0 0.435937 0.890625 0.018750 0.130469
0 0.616406 0.886719 0.018750 0.125000
0 0.675781 0.895312 0.053125 0.139844
0 0.770312 0.900781 0.018750 0.131250
0 0.891406 0.907031 0.053125 0.153125
0 0.496875 0.895312 0.057031 0.128125
0 0.059375 0.886719 0.013281 0.092188
3 0.642188 0.710938 0.161719 0.087500
3 0.445312 0.710156 0.162500 0.089844
3 0.246094 0.706250 0.154688 0.085938
1 0.880469 0.423438 0.073438 0.039062
1 0.771094 0.425781 0.014844 0.035937
1 0.693750 0.410156 0.031250 0.035937
1 0.879687 0.637500 0.070312 0.055469
1 0.772656 0.642188 0.017188 0.044531
1 0.690625 0.632031 0.027344 0.050781
1 0.654687 0.631250 0.017969 0.050781
1 0.596875 0.630469 0.057031 0.052344
1 0.497656 0.628125 0.054688 0.053125
1 0.437500 0.628906 0.017188 0.056250
1 0.403906 0.630469 0.027344 0.053906
1 0.308594 0.628906 0.035156 0.046094
1 0.238281 0.626563 0.057813 0.046094
1 0.120313 0.623437 0.011719 0.052344
1 0.059375 0.635156 0.014844 0.030469
1 0.655469 0.410156 0.016406 0.035156
1 0.593750 0.413281 0.060937 0.021875
1 0.414844 0.410938 0.054688 0.028125
1 0.496875 0.413281 0.057031 0.024219
0 0.583594 0.896094 0.026562 0.138281
0 0.403906 0.894531 0.030469 0.144531
0 0.225781 0.891406 0.025000 0.135937
0 0.120313 0.889062 0.014844 0.135937
