1 0.504687 0.316406 0.069531 0.065625
1 0.860938 0.170313 0.069531 0.059375
1 0.866406 0.456250 0.075000 0.074219
1 0.862500 0.604688 0.069531 0.072656
1 0.862500 0.750000 0.069531 0.073438
1 0.730469 0.746094 0.072656 0.061719
1 0.510156 0.460156 0.067187 0.067969
1 0.509375 0.605469 0.060937 0.070312
1 0.510938 0.748437 0.058594 0.068750
1 0.292187 0.448437 0.070312 0.043750
1 0.289844 0.596875 0.069531 0.049219
1 0.290625 0.743750 0.067187 0.063281
1 0.147026 0.605248 0.053484 0.071996
1 0.507031 0.171094 0.061719 0.058594
1 0.709375 0.938281 0.481250 0.104688
0 0.360156 0.941406 0.077344 0.106250
1 0.152157 0.459956 0.054360 0.068237
1 0.148492 0.749114 0.061690 0.073980
1 0.151739 0.316172 0.055196 0.055152
1 0.150982 0.173890 0.051851 0.056041
3 0.260458 0.194192 0.222456 0.087733
3 0.499219 0.075000 0.998437 0.025000
3 0.676530 0.196301 0.200966 0.097932
3 0.677955 0.346916 0.200966 0.088751
3 0.679737 0.502558 0.195978 0.073012
3 0.261057 0.498924 0.220920 0.068912
3 0.261413 0.650111 0.227334 0.060333
3 0.676886 0.651204 0.198828 0.064268
3 0.263165 0.345842 0.220392 0.083252
3 0.675563 0.799415 0.203708 0.051020
3 0.264292 0.799216 0.218425 0.047182
1 0.727066 0.454337 0.084931 0.057420
1 0.729445 0.162182 0.076680 0.044976
3 0.503125 0.221094 0.069531 0.039844
3 0.860938 0.219531 0.074219 0.039062
3 0.503906 0.362500 0.072656 0.039062
3 0.860938 0.513281 0.077344 0.035156
3 0.510156 0.511719 0.068750 0.035156
3 0.510156 0.657813 0.063281 0.035156
3 0.863281 0.657813 0.071094 0.032813
3 0.509375 0.800000 0.060937 0.035937
3 0.863281 0.802344 0.071875 0.032031
3 0.135937 0.802344 0.044531 0.033594
3 0.136719 0.657813 0.037500 0.034375
3 0.135937 0.511719 0.032813 0.036719
3 0.138281 0.220312 0.030469 0.037500
1 0.868750 0.330469 0.078125 0.106250
0 0.840625 0.941406 0.108594 0.111719
1 0.732812 0.592969 0.084375 0.063281
1 0.728906 0.295312 0.090625 0.039844
