0 0.794531 0.911719 0.139844 0.132812
1 0.188281 0.605469 0.120313 0.132812
1 0.349219 0.606250 0.118750 0.132812
1 0.506250 0.607812 0.126562 0.126562
1 0.760938 0.611719 0.043750 0.082812
1 0.857812 0.612500 0.053906 0.083594
1 0.800000 0.392969 0.121094 0.098437
1 0.507812 0.392969 0.106250 0.097656
1 0.185938 0.390625 0.115625 0.100000
1 0.214844 0.197656 0.082031 0.065625
1 0.350781 0.197656 0.075000 0.065625
1 0.487500 0.196875 0.082812 0.065625
1 0.730469 0.198437 0.063281 0.064844
1 0.838281 0.198437 0.050781 0.063281
1 0.692895 0.542081 0.026263 0.021460
1 0.915218 0.543775 0.016491 0.020330
1 0.692895 0.616909 0.029928 0.085840
1 0.918272 0.617897 0.020156 0.086687
0 0.344531 0.914062 0.214062 0.153125
1 0.760156 0.537500 0.042969 0.017969
1 0.853906 0.537500 0.046094 0.017969
1 0.160156 0.898438 0.105469 0.112500
1 0.339062 0.796094 0.459375 0.069531
1 0.532031 0.899219 0.095312 0.112500
