1 0.535156 0.281250 0.123438 0.092188
1 0.841406 0.280469 0.057813 0.090625
1 0.740625 0.281250 0.027344 0.089063
1 0.165625 0.282813 0.031250 0.087500
1 0.277344 0.589063 0.055469 0.103125
1 0.512500 0.432031 0.065625 0.099219
1 0.682031 0.433594 0.153125 0.101562
1 0.409375 0.436719 0.045312 0.099219
1 0.239063 0.433594 0.025781 0.098437
1 0.137500 0.432812 0.053906 0.100000
1 0.861719 0.435156 0.025000 0.099219
1 0.529687 0.587500 0.113281 0.107813
1 0.566406 0.717187 0.140625 0.063281
1 0.839063 0.713281 0.060156 0.060156
1 0.741406 0.714063 0.032031 0.057031
0 0.834375 0.931250 0.103906 0.115625
1 0.178906 0.893750 0.160938 0.050000
1 0.350000 0.714063 0.102344 0.066406
1 0.143750 0.713281 0.107813 0.064844
1 0.858594 0.582031 0.070312 0.114844
1 0.696094 0.583594 0.042969 0.121094
1 0.106250 0.583594 0.046875 0.121094
1 0.328906 0.271875 0.111719 0.120313
1 0.126214 0.064787 0.038835 0.021811
1 0.229450 0.064643 0.067961 0.020376
1 0.356311 0.065504 0.047249 0.020950
1 0.200290 0.134228 0.099381 0.030506
1 0.336366 0.135245 0.077976 0.029150
1 0.476263 0.135414 0.059628 0.028812
1 0.650944 0.135075 0.107790 0.030845
1 0.519456 0.066775 0.097087 0.020338
1 0.701399 0.065080 0.100145 0.021693
1 0.823714 0.136092 0.061922 0.029489
