1 0.242969 0.604688 0.309375 0.073438
1 0.614062 0.596094 0.039844 0.085938
1 0.618750 0.750000 0.269531 0.070312
1 0.301563 0.735156 0.049219 0.060937
1 0.328906 0.320312 0.257031 0.057813
1 0.331250 0.441406 0.265625 0.048438
1 0.702344 0.353125 0.052344 0.083594
1 0.701562 0.456250 0.050000 0.054688
1 0.616406 0.160938 0.269531 0.030469
3 0.225781 0.626563 0.345313 0.032813
3 0.719531 0.635938 0.254688 0.031250
3 0.628906 0.776563 0.289844 0.031250
1 0.109375 0.225000 0.051562 0.021094
3 0.711719 0.497656 0.078125 0.032031
3 0.317188 0.332813 0.292187 0.033594
3 0.290625 0.769531 0.073438 0.033594
1 0.500781 0.877344 0.092188 0.033594
