1 0.132812 0.205469 0.207031 0.207813
1 0.375781 0.206250 0.200781 0.210156
1 0.619531 0.204687 0.210156 0.215625
1 0.864844 0.212500 0.210156 0.214844
1 0.863281 0.448437 0.207813 0.188281
1 0.621875 0.444531 0.200781 0.195312
1 0.378125 0.448437 0.207031 0.192969
1 0.133594 0.445312 0.203125 0.189062
1 0.133594 0.656250 0.213281 0.137500
1 0.375000 0.657813 0.204687 0.135156
1 0.620313 0.663281 0.211719 0.135937
1 0.858594 0.660937 0.212500 0.128906
0 0.795312 0.879687 0.126562 0.210156
0 0.557031 0.878125 0.129688 0.207813
0 0.316406 0.878125 0.132031 0.218750
0 0.082031 0.882031 0.131250 0.217188
