0 0.499219 0.916406 0.064062 0.167187
1 0.384375 0.264844 0.073438 0.141406
1 0.360938 0.443750 0.025781 0.142187
1 0.459375 0.264844 0.025781 0.138281
1 0.507812 0.266406 0.023438 0.142187
1 0.599219 0.263281 0.104688 0.136719
1 0.502344 0.046875 0.025000 0.075781
1 0.690625 0.285938 0.023438 0.097656
1 0.732031 0.287500 0.021094 0.095312
1 0.767188 0.288281 0.009375 0.096875
1 0.275781 0.434375 0.092188 0.050000
1 0.065625 0.436719 0.045312 0.063281
1 0.130469 0.492188 0.021094 0.056250
1 0.175781 0.460156 0.021875 0.109375
1 0.409375 0.443750 0.023438 0.144531
1 0.482812 0.442969 0.072656 0.143750
1 0.825000 0.433594 0.021094 0.050781
1 0.728906 0.434375 0.074219 0.053906
1 0.641406 0.444531 0.023438 0.139063
1 0.598437 0.443750 0.023438 0.140625
1 0.557031 0.443750 0.022656 0.141406
1 0.160938 0.609375 0.046875 0.057813
1 0.232813 0.607031 0.008594 0.062500
1 0.267188 0.634375 0.025781 0.114062
1 0.310937 0.635938 0.025000 0.115625
1 0.385156 0.622656 0.072656 0.137500
1 0.457031 0.622656 0.025000 0.141406
1 0.598437 0.621875 0.107031 0.138281
1 0.690625 0.632812 0.023438 0.110937
1 0.732812 0.633594 0.023438 0.114844
1 0.766406 0.635156 0.008594 0.111719
1 0.725000 0.775781 0.089844 0.070312
1 0.825781 0.807813 0.021875 0.125781
1 0.274219 0.776563 0.089063 0.059375
1 0.067187 0.781250 0.044531 0.065625
1 0.507031 0.621875 0.025781 0.149219
3 0.031250 0.311719 0.025781 0.056250
3 0.031250 0.311719 0.025781 0.056250
3 0.078906 0.309375 0.025781 0.056250
3 0.150781 0.307812 0.067969 0.055469
3 0.053125 0.489063 0.067969 0.055469
3 0.266406 0.487500 0.110937 0.055469
3 0.149219 0.664844 0.070312 0.054688
3 0.030469 0.668750 0.026562 0.052344
3 0.077344 0.668750 0.026562 0.052344
3 0.053906 0.846094 0.068750 0.060156
3 0.128906 0.843750 0.026562 0.052344
3 0.171094 0.844531 0.026562 0.052344
3 0.265625 0.842969 0.110156 0.058594
3 0.224219 0.666406 0.027344 0.057813
3 0.732031 0.488281 0.107813 0.058594
3 0.224219 0.307812 0.026562 0.051562
3 0.267969 0.307031 0.025781 0.056250
3 0.308594 0.308594 0.025781 0.056250
3 0.847656 0.306250 0.066406 0.055469
3 0.824219 0.485156 0.022656 0.057813
3 0.868750 0.484375 0.022656 0.057813
3 0.942187 0.485938 0.066406 0.055469
3 0.919531 0.307812 0.021875 0.050781
3 0.963281 0.305469 0.021875 0.050781
3 0.847656 0.666406 0.067187 0.055469
3 0.964844 0.662500 0.022656 0.057813
3 0.918750 0.667188 0.020313 0.051562
3 0.941406 0.842187 0.070312 0.051562
3 0.732812 0.839844 0.107813 0.054688
1 0.078906 0.259375 0.022656 0.048438
1 0.160938 0.257812 0.050781 0.050000
1 0.232031 0.258594 0.010156 0.042969
1 0.267188 0.257812 0.025781 0.046875
1 0.308594 0.259375 0.025000 0.042188
1 0.838281 0.256250 0.050781 0.041406
1 0.921094 0.259375 0.021875 0.047656
1 0.932031 0.433594 0.044531 0.054688
1 0.838281 0.610938 0.047656 0.068750
1 0.919531 0.607812 0.022656 0.064844
3 0.870313 0.842969 0.028125 0.057813
1 0.929688 0.778125 0.047656 0.071094
1 0.174219 0.780469 0.024219 0.063281
1 0.078906 0.614844 0.025781 0.064844
