1 0.825000 0.080469 0.147656 0.017188
1 0.610938 0.082812 0.108594 0.023438
1 0.386719 0.082031 0.101562 0.025000
1 0.175781 0.085938 0.150781 0.012500
1 0.136789 0.259138 0.161698 0.109616
1 0.367969 0.292187 0.249219 0.043750
1 0.632031 0.292187 0.246875 0.037500
1 0.863725 0.261825 0.162355 0.105005
1 0.160327 0.462286 0.113327 0.105628
1 0.364063 0.485938 0.250781 0.060937
1 0.633594 0.487500 0.245312 0.067187
1 0.863980 0.465822 0.160398 0.107494
1 0.868646 0.665604 0.159129 0.109366
1 0.367969 0.679688 0.241406 0.078906
1 0.138531 0.664842 0.160475 0.111077
0 0.364063 0.908594 0.060156 0.135156
1 0.653125 0.687500 0.282813 0.067969
3 0.292187 0.078125 0.079687 0.028125
3 0.496094 0.082812 0.111719 0.033594
3 0.707031 0.080469 0.078125 0.034375
1 0.081250 0.463281 0.053906 0.105469
