1 0.578845 0.206412 0.018520 0.067902
1 0.212500 0.441406 0.017969 0.087500
1 0.303906 0.671875 0.015625 0.087500
3 0.507031 0.667969 0.088281 0.088281
1 0.489063 0.435937 0.017188 0.083594
3 0.561719 0.434375 0.092188 0.085938
1 0.578906 0.668750 0.018750 0.086719
1 0.367188 0.631250 0.032031 0.162500
1 0.659375 0.639062 0.032031 0.143750
1 0.694531 0.399219 0.029687 0.153125
1 0.795312 0.401562 0.026562 0.153906
1 0.959375 0.664844 0.017188 0.080469
1 0.871094 0.437500 0.017188 0.081250
0 0.679688 0.858594 0.158594 0.139844
1 0.519531 0.603125 0.064062 0.042188
1 0.871094 0.605469 0.053906 0.046094
1 0.220312 0.598437 0.017969 0.057031
1 0.267969 0.606250 0.021094 0.046875
1 0.306250 0.606250 0.014844 0.045312
3 0.030433 0.447781 0.054134 0.109810
3 0.235494 0.208505 0.100083 0.079862
3 0.289110 0.437442 0.094126 0.093172
3 0.231250 0.672656 0.093750 0.087500
3 0.890625 0.664062 0.089844 0.087500
3 0.944531 0.439063 0.089063 0.085156
3 0.884845 0.210502 0.096509 0.073206
3 0.505957 0.207174 0.091743 0.077200
1 0.767188 0.629687 0.031250 0.163281
1 0.366406 0.399219 0.035937 0.169531
1 0.099219 0.401562 0.026562 0.160938
1 0.653906 0.191406 0.025000 0.114844
