3 0.568750 0.162500 0.080469 0.060937
3 0.140625 0.162500 0.218750 0.058594
3 0.117969 0.345313 0.075000 0.062500
3 0.294531 0.345313 0.075000 0.058594
3 0.503125 0.350000 0.078125 0.063281
3 0.685156 0.531250 0.074219 0.068750
3 0.817969 0.528125 0.075000 0.064062
3 0.367969 0.510938 0.180469 0.078125
3 0.115625 0.528906 0.076563 0.062500
3 0.117188 0.711719 0.074219 0.062500
3 0.323437 0.710156 0.080469 0.066406
3 0.571875 0.699219 0.221094 0.079687
3 0.892969 0.714844 0.124219 0.066406
1 0.837500 0.246875 0.100000 0.108594
1 0.571094 0.096875 0.074219 0.061719
1 0.817187 0.459375 0.070312 0.070312
1 0.684375 0.458594 0.071875 0.064062
1 0.125781 0.459375 0.068750 0.071094
1 0.586719 0.645312 0.198437 0.020313
1 0.888281 0.642969 0.108594 0.071094
1 0.325781 0.639062 0.075000 0.073438
1 0.118750 0.639844 0.071094 0.071094
1 0.729688 0.870313 0.076563 0.150000
0 0.165625 0.883594 0.154688 0.188281
0 0.454688 0.884375 0.089063 0.173437
1 0.501563 0.285156 0.074219 0.067187
1 0.293750 0.285938 0.065625 0.060156
1 0.125781 0.285156 0.066406 0.053906
