0 0.493750 0.917969 0.951562 0.143750
1 0.073438 0.403125 0.040625 0.117188
1 0.166406 0.575000 0.035937 0.107813
1 0.074219 0.742188 0.039062 0.113281
3 0.316406 0.242188 0.069531 0.082812
1 0.153906 0.235156 0.038281 0.108594
3 0.146875 0.416406 0.068750 0.078906
1 0.228906 0.386719 0.016406 0.040625
1 0.278906 0.407031 0.017188 0.106250
1 0.224219 0.575000 0.011719 0.105469
1 0.336719 0.742188 0.037500 0.107813
1 0.328906 0.584375 0.039062 0.121094
1 0.335938 0.407813 0.040625 0.114844
1 0.271094 0.218750 0.015625 0.040625
1 0.224219 0.237500 0.014063 0.105469
1 0.418750 0.575000 0.050781 0.109375
1 0.473438 0.743750 0.016406 0.111719
1 0.471875 0.551562 0.015625 0.041406
3 0.442969 0.421094 0.067969 0.078906
1 0.401562 0.388281 0.004687 0.039062
1 0.420312 0.239844 0.048438 0.111719
1 0.471875 0.220312 0.016406 0.039062
1 0.563281 0.411719 0.048438 0.103125
1 0.514062 0.390625 0.016406 0.039844
1 0.562500 0.742188 0.048438 0.111719
1 0.514062 0.712500 0.017188 0.041406
1 0.751563 0.742188 0.039062 0.114062
1 0.742188 0.411719 0.015625 0.109375
1 0.771094 0.390625 0.016406 0.039062
1 0.675000 0.240625 0.040625 0.107813
1 0.627344 0.220312 0.016406 0.039062
1 0.588281 0.222656 0.008594 0.039844
1 0.627344 0.392188 0.015625 0.035156
1 0.642969 0.573438 0.039062 0.113281
1 0.624219 0.716406 0.017188 0.041406
1 0.834375 0.578125 0.016406 0.114844
1 0.809375 0.556250 0.004687 0.038281
1 0.935156 0.409375 0.037500 0.109375
1 0.836719 0.240625 0.016406 0.106250
1 0.810937 0.217969 0.003906 0.037500
1 0.884375 0.217188 0.012500 0.032813
1 0.883594 0.563281 0.014063 0.035156
3 0.039844 0.236719 0.069531 0.082812
3 0.682813 0.420312 0.068750 0.078906
3 0.546094 0.244531 0.069531 0.082812
3 0.769531 0.243750 0.069531 0.082812
3 0.960156 0.247656 0.069531 0.082812
3 0.872656 0.421875 0.069531 0.082812
3 0.957812 0.598437 0.068750 0.078906
3 0.769531 0.592969 0.068750 0.078906
3 0.536719 0.594531 0.068750 0.078906
3 0.037500 0.592969 0.068750 0.078906
3 0.138281 0.768750 0.068750 0.078906
3 0.414062 0.764844 0.068750 0.078906
1 0.158594 0.703125 0.036719 0.057813
1 0.060937 0.541406 0.029687 0.035937
1 0.675781 0.366406 0.050000 0.032813
1 0.544531 0.196875 0.048438 0.021875
1 0.757812 0.537500 0.041406 0.039062
1 0.941406 0.539062 0.033594 0.034375
1 0.582812 0.552344 0.013281 0.039062
1 0.540625 0.534375 0.030469 0.035156
1 0.858594 0.368750 0.038281 0.030469
1 0.453125 0.364844 0.050781 0.032813
1 0.330469 0.191406 0.043750 0.017969
1 0.165625 0.364063 0.037500 0.028125
1 0.060937 0.188281 0.029687 0.017969
