1 0.771094 0.180469 0.260156 0.050781
1 0.221094 0.181250 0.260937 0.052344
1 0.126562 0.070312 0.058594 0.052344
1 0.868750 0.068750 0.072656 0.049219
1 0.770312 0.289844 0.255469 0.053125
1 0.222656 0.289844 0.256250 0.052344
1 0.228906 0.398438 0.252344 0.053125
1 0.770312 0.399219 0.260937 0.053125
1 0.767969 0.507031 0.248438 0.049219
1 0.226562 0.507812 0.250781 0.053125
1 0.225781 0.617188 0.254688 0.052344
1 0.765625 0.616406 0.254688 0.053906
1 0.764062 0.723437 0.251563 0.050781
1 0.228125 0.725000 0.250000 0.050781
1 0.763281 0.833594 0.253125 0.050781
1 0.225781 0.834375 0.248438 0.050000
