0 0.474219 0.860938 0.670312 0.245312
3 0.284375 0.640625 0.112500 0.043750
1 0.250781 0.485938 0.039062 0.180469
3 0.656250 0.636719 0.175781 0.050000
1 0.645312 0.593750 0.150000 0.037500
3 0.636719 0.417187 0.116406 0.058594
1 0.634375 0.352344 0.106250 0.071094
3 0.413281 0.634375 0.049219 0.053906
1 0.415625 0.573438 0.047656 0.065625
3 0.414062 0.417187 0.050000 0.059375
1 0.410938 0.356250 0.048438 0.061719
3 0.154688 0.208594 0.042188 0.052344
1 0.158594 0.155469 0.034375 0.058594
3 0.319531 0.209375 0.046094 0.056250
1 0.324219 0.153125 0.035156 0.059375
3 0.886719 0.416406 0.043750 0.058594
1 0.884375 0.357031 0.037500 0.064844
3 0.886719 0.209375 0.040625 0.053906
1 0.882812 0.154688 0.031250 0.058594
3 0.696094 0.209375 0.117969 0.051562
1 0.692187 0.148438 0.109375 0.067969
3 0.510938 0.211719 0.054688 0.057031
1 0.053571 0.866891 0.045788 0.190632
