1 0.720313 0.124219 0.185156 0.049219
1 0.207813 0.124219 0.176563 0.045312
1 0.291406 0.253906 0.175781 0.065625
1 0.822656 0.257031 0.189062 0.059375
1 0.724219 0.389844 0.188281 0.067969
1 0.446094 0.371094 0.060937 0.117969
1 0.567187 0.233594 0.057813 0.112500
1 0.445312 0.090625 0.051562 0.116406
1 0.206250 0.395313 0.176563 0.069531
1 0.292187 0.527344 0.173437 0.077344
1 0.817969 0.526563 0.185938 0.081250
1 0.566406 0.510156 0.039062 0.114844
1 0.200000 0.660937 0.176563 0.096094
1 0.728906 0.660937 0.187500 0.093750
1 0.816406 0.796875 0.176563 0.102344
1 0.299219 0.800000 0.164062 0.096875
1 0.572656 0.807813 0.053906 0.080469
3 0.796875 0.683594 0.335938 0.046094
3 0.226562 0.685156 0.334375 0.042969
3 0.237500 0.547656 0.324219 0.041406
3 0.810156 0.547656 0.307031 0.042188
3 0.791406 0.407031 0.331250 0.041406
3 0.223438 0.408594 0.330469 0.041406
3 0.782813 0.128125 0.332813 0.041406
3 0.221875 0.125781 0.320312 0.046094
3 0.224219 0.263281 0.338281 0.049219
3 0.792969 0.264062 0.342187 0.047656
3 0.790625 0.821094 0.333594 0.048438
3 0.234375 0.821875 0.342187 0.050000
0 0.268750 0.931250 0.103906 0.107813
