0 0.508616 0.882451 0.054113 0.195160
1 0.447245 0.396848 0.041951 0.200619
1 0.593668 0.379927 0.054506 0.200115
1 0.756974 0.388249 0.050731 0.194768
1 0.165246 0.398701 0.025352 0.197373
1 0.259738 0.402871 0.042253 0.196181
1 0.165169 0.638567 0.027349 0.202932
1 0.038896 0.670371 0.025411 0.223308
0 0.166988 0.877038 0.036768 0.186109
0 0.960938 0.883594 0.027344 0.205469
1 0.420062 0.644903 0.038163 0.188114
1 0.629721 0.634633 0.052091 0.206644
1 0.790844 0.633872 0.060405 0.207920
1 0.942675 0.385355 0.036059 0.208110
1 0.917832 0.633372 0.039076 0.210172
3 0.570438 0.919266 0.850784 0.138769
3 0.365625 0.827344 0.025781 0.082812
1 0.221875 0.648438 0.020313 0.183594
0 0.327344 0.827344 0.028906 0.073438
0 0.592969 0.825000 0.037500 0.096875
0 0.672656 0.828906 0.024219 0.094531
0 0.728125 0.834375 0.029687 0.094531
