1 0.188281 0.659375 0.149219 0.132031
1 0.342187 0.891406 0.149219 0.123438
1 0.657031 0.894531 0.142187 0.127344
1 0.821875 0.895312 0.077344 0.061719
1 0.187500 0.896094 0.071875 0.062500
1 0.372656 0.635938 0.067187 0.058594
1 0.651563 0.635938 0.068750 0.060937
1 0.814844 0.656250 0.136719 0.124219
1 0.840625 0.374219 0.069531 0.060937
1 0.650000 0.400000 0.140625 0.127344
1 0.332031 0.395313 0.160938 0.135156
1 0.171094 0.373437 0.070312 0.060937
1 0.211719 0.156250 0.144531 0.127344
1 0.373437 0.109375 0.069531 0.064062
1 0.810937 0.155469 0.142969 0.126562
1 0.646094 0.110156 0.074219 0.064844
