3 0.288281 0.253125 0.161719 0.070312
1 0.485156 0.187500 0.119531 0.124219
1 0.749219 0.189844 0.119531 0.120313
3 0.735938 0.486719 0.179688 0.069531
1 0.484375 0.411719 0.114844 0.121094
3 0.126562 0.486719 0.167969 0.068750
1 0.153125 0.427344 0.107031 0.029687
3 0.281250 0.714063 0.178906 0.075000
1 0.298438 0.650781 0.132031 0.053125
1 0.549219 0.643750 0.121094 0.119531
1 0.750000 0.647656 0.116406 0.121094
0 0.889062 0.889062 0.142969 0.146875
1 0.483594 0.876563 0.118750 0.116406
1 0.116406 0.889062 0.145313 0.144531
