0 0.207813 0.900000 0.086719 0.164844
1 0.953906 0.732812 0.021875 0.068750
1 0.900781 0.684375 0.062500 0.167969
1 0.810937 0.681250 0.071094 0.170313
1 0.100781 0.685156 0.058594 0.172656
1 0.796094 0.457813 0.077344 0.191406
1 0.876563 0.462500 0.032813 0.191406
1 0.900781 0.246875 0.067969 0.188281
1 0.743750 0.244531 0.036719 0.182031
1 0.807813 0.241406 0.029687 0.186719
1 0.682031 0.244531 0.030469 0.185156
1 0.162500 0.287500 0.156250 0.113281
1 0.217969 0.092188 0.258594 0.090625
1 0.796875 0.092969 0.267188 0.080469
0 0.701562 0.891406 0.153906 0.112500
1 0.367969 0.902344 0.233594 0.177344
