1 0.821094 0.114844 0.057031 0.086719
1 0.672656 0.118750 0.057031 0.081250
1 0.557031 0.116406 0.057813 0.086719
1 0.840625 0.351562 0.091406 0.123438
1 0.672656 0.350781 0.058594 0.138281
1 0.562500 0.352344 0.053125 0.126562
1 0.825781 0.496094 0.059375 0.097656
1 0.670312 0.496875 0.058594 0.087500
1 0.567187 0.499219 0.071875 0.086719
1 0.444531 0.500000 0.052344 0.083594
1 0.838281 0.699219 0.041406 0.049219
1 0.567187 0.698438 0.056250 0.044531
0 0.562500 0.929688 0.050781 0.135156
0 0.447656 0.928906 0.053906 0.125781
3 0.390625 0.763281 0.082031 0.072656
3 0.215625 0.757031 0.103125 0.071094
3 0.544531 0.760938 0.103125 0.078906
3 0.839063 0.757031 0.085156 0.067969
