0 0.132031 0.942187 0.166406 0.094531
0 0.323437 0.938281 0.092188 0.092188
0 0.433594 0.938281 0.050000 0.089844
1 0.575000 0.919531 0.053906 0.071875
1 0.678906 0.923438 0.101562 0.070312
1 0.807031 0.921094 0.099219 0.067969
1 0.912500 0.923438 0.053125 0.073438
1 0.909375 0.800000 0.047656 0.096094
1 0.807813 0.798438 0.104688 0.096875
1 0.651563 0.799219 0.050000 0.092969
1 0.575000 0.798438 0.053906 0.095312
1 0.419531 0.801562 0.046875 0.096094
1 0.345313 0.800000 0.052344 0.099219
1 0.190625 0.801562 0.100000 0.096094
1 0.083594 0.799219 0.050000 0.095312
1 0.907813 0.664062 0.046875 0.095312
1 0.807031 0.663281 0.101562 0.095312
1 0.650000 0.664844 0.047656 0.097656
1 0.571094 0.663281 0.055469 0.096875
1 0.422656 0.663281 0.046875 0.098437
1 0.345313 0.664844 0.046875 0.095312
1 0.188281 0.664844 0.100781 0.097656
1 0.085156 0.663281 0.045312 0.100781
1 0.910156 0.528125 0.050000 0.097656
1 0.806250 0.526563 0.106250 0.095312
1 0.649219 0.529687 0.044531 0.094531
1 0.575000 0.529687 0.050000 0.094531
1 0.424219 0.528906 0.042969 0.096094
1 0.344531 0.528906 0.050781 0.096094
1 0.187500 0.528906 0.101562 0.096875
1 0.085156 0.525781 0.047656 0.096094
1 0.188281 0.390625 0.099219 0.096875
1 0.084375 0.390625 0.045312 0.095312
1 0.422656 0.391406 0.049219 0.095312
1 0.346094 0.389062 0.053125 0.095312
1 0.650781 0.389844 0.050781 0.090625
1 0.574219 0.391406 0.051562 0.096875
1 0.805469 0.390625 0.110156 0.096875
1 0.912500 0.389844 0.049219 0.094531
1 0.913281 0.254688 0.044531 0.092969
1 0.807813 0.253906 0.107031 0.095312
1 0.650000 0.253906 0.051562 0.091406
1 0.572656 0.253125 0.051562 0.095312
1 0.422656 0.253906 0.047656 0.094531
1 0.346094 0.254688 0.050000 0.093750
1 0.187500 0.253906 0.103906 0.095312
1 0.084375 0.253125 0.051562 0.092188
1 0.189062 0.117969 0.096875 0.093750
1 0.085156 0.117969 0.046875 0.092969
1 0.346094 0.117969 0.048438 0.092969
1 0.423438 0.117188 0.047656 0.091406
