1 0.146875 0.087500 0.096094 0.031250
1 0.322656 0.087500 0.091406 0.036719
1 0.500781 0.085938 0.085938 0.034375
1 0.681250 0.087500 0.089844 0.036719
1 0.857812 0.087500 0.092188 0.035156
0 0.145313 0.937500 0.102344 0.110937
0 0.498437 0.935937 0.150000 0.112500
1 0.857812 0.183594 0.092969 0.042969
1 0.146094 0.182031 0.095312 0.037500
1 0.323437 0.182812 0.092969 0.043750
1 0.503125 0.181250 0.089844 0.042969
1 0.680469 0.181250 0.091406 0.042188
1 0.682031 0.286719 0.092188 0.039062
1 0.860156 0.289844 0.095312 0.036719
1 0.147656 0.285156 0.095312 0.037500
1 0.323437 0.287500 0.096094 0.039844
1 0.503906 0.386719 0.092188 0.037500
1 0.682813 0.385937 0.092188 0.039062
1 0.860938 0.389062 0.095312 0.036719
1 0.148438 0.385156 0.095312 0.037500
1 0.324219 0.387500 0.096094 0.039844
1 0.503906 0.386719 0.092188 0.037500
1 0.503906 0.287500 0.092188 0.039062
1 0.503906 0.488281 0.092188 0.037500
1 0.682813 0.488281 0.092188 0.039062
1 0.860938 0.491406 0.095312 0.036719
1 0.148438 0.486719 0.095312 0.037500
1 0.324219 0.489063 0.096094 0.039844
1 0.507812 0.593750 0.092188 0.037500
1 0.685937 0.592969 0.092188 0.039062
1 0.864062 0.596094 0.095312 0.036719
1 0.152344 0.592187 0.095312 0.037500
1 0.328125 0.593750 0.096094 0.039844
1 0.507031 0.695312 0.092188 0.037500
1 0.685156 0.696094 0.093750 0.042188
1 0.862500 0.698438 0.097656 0.039844
1 0.151562 0.693750 0.095312 0.037500
1 0.327344 0.695312 0.096094 0.039844
1 0.321875 0.798438 0.096094 0.039844
1 0.501563 0.797656 0.092188 0.037500
1 0.680469 0.796875 0.092188 0.039062
1 0.858594 0.800000 0.095312 0.036719
1 0.146094 0.796094 0.095312 0.037500
3 0.147656 0.125781 0.099219 0.040625
3 0.326562 0.125781 0.104688 0.037500
3 0.504687 0.125781 0.099219 0.039844
3 0.681250 0.125781 0.093750 0.040625
3 0.862500 0.128125 0.099219 0.039844
3 0.149219 0.417187 0.103906 0.021094
3 0.329688 0.417187 0.105469 0.019531
3 0.506250 0.417187 0.103125 0.021094
3 0.684375 0.417187 0.094531 0.021094
3 0.863281 0.419531 0.103906 0.021875
3 0.144531 0.314063 0.103906 0.021094
3 0.324219 0.314063 0.105469 0.019531
3 0.501563 0.314063 0.103125 0.021094
3 0.679688 0.314063 0.094531 0.021094
3 0.858594 0.315625 0.103906 0.021875
3 0.146094 0.212500 0.103906 0.021094
3 0.325781 0.212500 0.105469 0.019531
3 0.503125 0.212500 0.103125 0.021094
3 0.681250 0.212500 0.094531 0.021094
3 0.863281 0.521094 0.103906 0.021875
3 0.148438 0.518750 0.103906 0.021094
3 0.328906 0.518750 0.105469 0.019531
3 0.505469 0.518750 0.103125 0.021094
3 0.683594 0.518750 0.094531 0.021094
3 0.863281 0.521094 0.103906 0.021875
3 0.863281 0.213281 0.100781 0.015625
3 0.863281 0.628125 0.103906 0.021875
3 0.684375 0.626563 0.094531 0.021094
3 0.506250 0.626563 0.103125 0.021094
3 0.149219 0.626563 0.103906 0.021094
3 0.329688 0.626563 0.105469 0.019531
3 0.864844 0.731250 0.103906 0.021875
3 0.685937 0.728906 0.094531 0.021094
3 0.507812 0.728906 0.103125 0.021094
3 0.150781 0.728906 0.103906 0.021094
3 0.331250 0.728906 0.105469 0.019531
3 0.860938 0.832031 0.106250 0.025781
3 0.683594 0.830469 0.099219 0.026562
3 0.503125 0.830469 0.103906 0.025781
3 0.146094 0.830469 0.104688 0.025781
3 0.324219 0.831250 0.101562 0.026562
1 0.288281 0.938281 0.184375 0.122656
0 0.354687 0.956250 0.055469 0.082812
1 0.778906 0.939844 0.288281 0.119531
0 0.773438 0.953125 0.061719 0.083594
0 0.662500 0.957031 0.060937 0.084375
