1 0.167187 0.259375 0.085938 0.075000
1 0.066406 0.378125 0.078906 0.102344
1 0.065625 0.492969 0.074219 0.096875
1 0.064844 0.607031 0.077344 0.101562
1 0.066406 0.719531 0.077344 0.100000
1 0.067187 0.836719 0.076563 0.092188
1 0.067969 0.933594 0.082812 0.060937
1 0.263281 0.386719 0.057031 0.075781
1 0.264844 0.499219 0.054688 0.074219
1 0.264062 0.614844 0.055469 0.070312
1 0.264844 0.726562 0.057813 0.078125
1 0.264844 0.839844 0.057813 0.075781
1 0.296094 0.934375 0.057813 0.037500
1 0.170313 0.953125 0.052344 0.076563
1 0.285938 0.272656 0.014063 0.071875
1 0.388281 0.274219 0.058594 0.072656
1 0.371094 0.385937 0.013281 0.073438
1 0.371875 0.497656 0.010937 0.075000
1 0.372656 0.612500 0.013281 0.075781
1 0.374219 0.725781 0.014063 0.076563
1 0.374219 0.840625 0.014844 0.076563
1 0.936719 0.377344 0.075781 0.102344
1 0.940625 0.492969 0.071875 0.091406
1 0.939063 0.605469 0.072656 0.095312
1 0.939063 0.719531 0.079687 0.091406
1 0.941406 0.835938 0.078906 0.103906
1 0.787500 0.834375 0.060156 0.073438
1 0.786719 0.725000 0.060937 0.074219
1 0.782813 0.500781 0.056250 0.075000
1 0.783594 0.385156 0.055469 0.074219
1 0.782813 0.606250 0.059375 0.076563
1 0.514062 0.146875 0.014844 0.075000
1 0.515625 0.272656 0.014844 0.073438
1 0.630469 0.272656 0.059375 0.070312
0 0.502344 0.957812 0.072656 0.080469
3 0.632812 0.853906 0.059375 0.039062
3 0.471875 0.853906 0.057813 0.039062
3 0.471094 0.742188 0.057813 0.042188
3 0.633594 0.741406 0.055469 0.042188
3 0.632812 0.627344 0.058594 0.041406
3 0.467969 0.632031 0.055469 0.051562
3 0.468750 0.517969 0.057031 0.046875
3 0.631250 0.513281 0.057031 0.039844
3 0.632031 0.400781 0.056250 0.040625
3 0.469531 0.400781 0.058594 0.041406
3 0.633594 0.969531 0.059375 0.039062
1 0.631250 0.364063 0.057031 0.030469
1 0.468750 0.362500 0.057813 0.033594
1 0.631250 0.477344 0.058594 0.035937
1 0.468750 0.477344 0.058594 0.033594
1 0.632812 0.589844 0.058594 0.032813
1 0.469531 0.589844 0.057813 0.032813
1 0.470313 0.703906 0.057813 0.032031
1 0.633594 0.703125 0.056250 0.033594
1 0.632812 0.817187 0.056250 0.035156
1 0.471094 0.819531 0.059375 0.034375
3 0.296875 0.973437 0.058594 0.039062
1 0.630469 0.934375 0.061719 0.030469
