1 0.387500 0.220312 0.064062 0.114844
1 0.532031 0.221094 0.068750 0.106250
1 0.532031 0.440625 0.070312 0.107813
1 0.386719 0.441406 0.071094 0.110937
1 0.237500 0.438281 0.068750 0.111719
1 0.237500 0.660156 0.068750 0.118750
1 0.383594 0.660156 0.066406 0.116406
1 0.531250 0.662500 0.068750 0.110156
1 0.528125 0.878906 0.064062 0.102344
1 0.381250 0.880469 0.071094 0.115625
1 0.235156 0.900000 0.070312 0.147656
3 0.815625 0.732812 0.345313 0.107813
3 0.818750 0.513281 0.350000 0.105469
3 0.817187 0.290625 0.352344 0.102344
1 0.684375 0.653906 0.067187 0.053906
1 0.786719 0.656250 0.066406 0.053125
1 0.883594 0.654687 0.060937 0.050000
1 0.880469 0.447656 0.067969 0.032031
1 0.785937 0.442188 0.063281 0.030469
1 0.684375 0.446094 0.065625 0.031250
1 0.685156 0.232813 0.065625 0.016406
1 0.881250 0.231250 0.064844 0.025781
3 0.221094 0.242188 0.177344 0.064844
