1 0.868750 0.224219 0.132812 0.092188
1 0.710156 0.224219 0.087500 0.085156
1 0.277344 0.225000 0.185938 0.091406
1 0.104688 0.367969 0.092188 0.089844
1 0.538281 0.370312 0.172656 0.091406
1 0.867188 0.367188 0.139844 0.089063
1 0.711719 0.514062 0.077344 0.089063
1 0.546875 0.509375 0.177344 0.092188
1 0.286719 0.511719 0.178906 0.087500
1 0.107813 0.510938 0.092188 0.089063
1 0.539062 0.657031 0.169531 0.089063
1 0.870313 0.657813 0.140625 0.093750
1 0.713281 0.658594 0.096875 0.092969
1 0.113281 0.628906 0.077344 0.032031
1 0.283594 0.797656 0.168750 0.090625
1 0.536719 0.803906 0.179688 0.089063
1 0.716406 0.796875 0.078125 0.085156
0 0.384375 0.954688 0.146094 0.089844
0 0.689063 0.953906 0.289062 0.089844
3 0.289844 0.042969 0.405469 0.076563
