1 0.295312 0.237500 0.071094 0.125781
1 0.296094 0.586719 0.075000 0.085156
1 0.575000 0.493750 0.070312 0.082812
1 0.467969 0.600000 0.035156 0.028906
1 0.717969 0.439844 0.121875 0.138281
1 0.702344 0.617969 0.092188 0.108594
1 0.573438 0.689844 0.067187 0.080469
1 0.700000 0.785156 0.089063 0.050781
1 0.821094 0.780469 0.038281 0.046094
1 0.676562 0.898438 0.046875 0.056250
0 0.478125 0.846875 0.100000 0.129688
1 0.400000 0.789062 0.010937 0.068750
0 0.560156 0.851562 0.061719 0.140625
1 0.506250 0.396094 0.048438 0.057031
