1 0.379688 0.261719 0.088281 0.084375
1 0.542188 0.264062 0.035937 0.075781
1 0.703906 0.269531 0.084375 0.079687
1 0.732031 0.536719 0.041406 0.086719
1 0.566406 0.535156 0.092188 0.082812
1 0.377344 0.532813 0.091406 0.080469
1 0.161719 0.551562 0.111719 0.053125
1 0.165625 0.813281 0.111719 0.082812
1 0.377344 0.810156 0.101562 0.090625
1 0.544531 0.810156 0.041406 0.089063
1 0.709375 0.810937 0.086719 0.085938
1 0.164715 0.268884 0.108725 0.058105
3 0.378906 0.354687 0.088281 0.101562
3 0.542188 0.353906 0.043750 0.103906
3 0.707812 0.359375 0.086719 0.105469
3 0.734375 0.629687 0.043750 0.099219
3 0.569531 0.626563 0.094531 0.105469
3 0.378906 0.623437 0.094531 0.104688
3 0.165625 0.632031 0.121094 0.108594
3 0.163281 0.907031 0.113281 0.100781
3 0.378906 0.900000 0.101562 0.093750
3 0.545312 0.903906 0.043750 0.104688
3 0.710156 0.903906 0.088281 0.098437
