0 0.581250 0.853906 0.076563 0.128125
1 0.781250 0.864062 0.063281 0.139844
1 0.220312 0.682031 0.057031 0.155469
1 0.150781 0.683594 0.056250 0.150781
1 0.076563 0.680469 0.060937 0.156250
1 0.930469 0.685937 0.060937 0.159375
1 0.856250 0.685937 0.055469 0.159375
1 0.786719 0.685156 0.064844 0.158594
1 0.716406 0.685937 0.062500 0.158594
1 0.644531 0.686719 0.063281 0.159375
1 0.878125 0.350000 0.018750 0.155469
1 0.664062 0.348438 0.024219 0.153906
1 0.630469 0.347656 0.028125 0.155469
1 0.173437 0.347656 0.022656 0.147656
1 0.212500 0.179688 0.016406 0.134375
1 0.176563 0.182812 0.021094 0.134375
1 0.807813 0.182812 0.022656 0.134375
1 0.770312 0.182812 0.026562 0.134375
