1 0.052344 0.220312 0.032813 0.197656
3 0.041406 0.498437 0.067187 0.077344
1 0.112500 0.455469 0.059375 0.154688
1 0.152344 0.237500 0.055469 0.150781
1 0.151562 0.679688 0.054688 0.156250
1 0.114062 0.905469 0.060937 0.156250
1 0.269531 0.901563 0.037500 0.150000
1 0.369531 0.900000 0.060937 0.157812
1 0.271875 0.678125 0.036719 0.146875
1 0.392969 0.674219 0.059375 0.153125
1 0.370312 0.454688 0.057813 0.155469
1 0.248438 0.457031 0.037500 0.152344
1 0.271094 0.236719 0.038281 0.147656
1 0.371094 0.234375 0.058594 0.150000
1 0.930469 0.699219 0.121875 0.084375
3 0.860206 0.958221 0.275772 0.073568
1 0.811719 0.874219 0.073438 0.114062
1 0.658686 0.902936 0.042517 0.162058
0 0.512470 0.891150 0.051504 0.170309
3 0.776876 0.705618 0.100127 0.103455
3 0.797299 0.467918 0.160995 0.131973
3 0.788291 0.215015 0.119924 0.124364
3 0.958594 0.447656 0.075000 0.095312
3 0.943750 0.199219 0.102344 0.092969
1 0.883594 0.626563 0.029687 0.063281
1 0.823438 0.624219 0.007031 0.060156
1 0.533024 0.686458 0.059410 0.133533
1 0.632397 0.684869 0.039163 0.149430
1 0.534623 0.499330 0.058878 0.152609
1 0.658772 0.469807 0.039696 0.158060
1 0.631997 0.265193 0.037831 0.155789
1 0.533690 0.302664 0.060210 0.159876
