1 0.125781 0.161719 0.112500 0.111719
1 0.434375 0.183594 0.107031 0.112500
1 0.637500 0.207813 0.095312 0.089063
1 0.700000 0.409375 0.113281 0.122656
1 0.880469 0.418750 0.075781 0.085938
1 0.385937 0.387500 0.106250 0.121094
1 0.177344 0.383594 0.112500 0.116406
1 0.127344 0.607031 0.111719 0.114062
1 0.411719 0.628906 0.107813 0.114062
1 0.672656 0.617969 0.104688 0.107813
1 0.857031 0.626563 0.076563 0.076563
0 0.703980 0.880812 0.162875 0.174098
0 0.391330 0.858944 0.166182 0.166700
0 0.183008 0.850152 0.163916 0.169562
