3 0.364844 0.182812 0.164062 0.030469
3 0.363281 0.089844 0.163281 0.030469
3 0.940625 0.282031 0.082031 0.034375
3 0.531250 0.282031 0.164062 0.031250
3 0.938281 0.378125 0.075781 0.034375
3 0.528125 0.377344 0.150000 0.030469
3 0.521094 0.477344 0.158594 0.033594
3 0.939063 0.476562 0.085156 0.032031
3 0.651563 0.572656 0.103125 0.032031
1 0.783594 0.591406 0.139844 0.073438
3 0.846875 0.671094 0.268750 0.035937
3 0.362500 0.670312 0.103906 0.034375
3 0.651563 0.671875 0.100781 0.034375
3 0.359375 0.572656 0.107031 0.038281
3 0.653125 0.766406 0.095312 0.033594
3 0.219531 0.767188 0.387500 0.035937
3 0.653906 0.867188 0.100781 0.036719
3 0.323437 0.857031 0.103125 0.039062
1 0.232813 0.739844 0.355469 0.021875
1 0.637500 0.744531 0.070312 0.010156
