1 0.109375 0.178906 0.075781 0.128125
1 0.265625 0.182031 0.042969 0.128125
1 0.418750 0.185938 0.046875 0.128125
1 0.572656 0.182031 0.075781 0.122656
1 0.737500 0.189844 0.049219 0.131250
1 0.894531 0.185938 0.077344 0.128125
1 0.891406 0.495312 0.072656 0.127344
1 0.736719 0.496875 0.046875 0.135937
1 0.574219 0.497656 0.073438 0.126562
1 0.418750 0.495312 0.039062 0.125000
1 0.265625 0.496094 0.046875 0.135156
1 0.115625 0.500000 0.072656 0.123438
1 0.115625 0.806250 0.071094 0.119531
1 0.574219 0.810937 0.067187 0.124219
1 0.889844 0.803906 0.064844 0.124219
0 0.750000 0.867188 0.071094 0.247656
0 0.432031 0.871875 0.067187 0.250000
0 0.262500 0.867188 0.060937 0.247656
