0 0.803125 0.907031 0.170313 0.161719
1 0.203125 0.905469 0.224219 0.155469
1 0.788281 0.803906 0.121875 0.042188
1 0.542969 0.908594 0.123438 0.164062
3 0.182883 0.394828 0.189737 0.167846
3 0.515306 0.389656 0.195093 0.169727
3 0.815214 0.387776 0.201213 0.179130
3 0.812820 0.626287 0.192229 0.168129
3 0.515306 0.630277 0.199683 0.163886
3 0.182118 0.628026 0.186677 0.167846
1 0.213281 0.589844 0.108594 0.082031
1 0.544531 0.589844 0.119531 0.089844
1 0.774219 0.587500 0.112500 0.088281
1 0.773438 0.345313 0.117188 0.087500
1 0.544531 0.345313 0.123438 0.087500
1 0.221875 0.350781 0.123438 0.088281
