3 0.191378 0.810049 0.090822 0.239706
3 0.534842 0.827474 0.086991 0.243040
3 0.901644 0.819594 0.086345 0.237585
1 0.301563 0.632812 0.039062 0.139063
1 0.432031 0.657031 0.087500 0.143750
1 0.604688 0.635938 0.054688 0.126562
1 0.403125 0.311719 0.088281 0.150000
1 0.256250 0.254688 0.068750 0.121875
1 0.116406 0.646094 0.080469 0.130469
1 0.088281 0.304688 0.088281 0.157812
1 0.750781 0.659375 0.075781 0.133594
1 0.574219 0.253906 0.074219 0.118750
1 0.725781 0.310156 0.085156 0.146094
1 0.892969 0.253906 0.078125 0.122656
1 0.910937 0.647656 0.019531 0.160156
1 0.388281 0.912500 0.046094 0.080469
1 0.708594 0.910156 0.045312 0.059375
