3 0.433594 0.710938 0.070312 0.078125
3 0.426563 0.515625 0.061719 0.072656
3 0.425781 0.315625 0.058594 0.066406
1 0.689063 0.909375 0.135156 0.117969
1 0.610156 0.618750 0.038281 0.093750
1 0.611719 0.409375 0.037500 0.092188
1 0.609375 0.200000 0.041406 0.093750
1 0.868750 0.200000 0.039844 0.094531
1 0.871094 0.410156 0.039062 0.094531
1 0.871094 0.618750 0.039062 0.096094
1 0.955469 0.303125 0.080469 0.076563
1 0.055469 0.235937 0.059375 0.158594
1 0.055469 0.446094 0.058594 0.163281
1 0.054688 0.658594 0.056250 0.167969
1 0.076563 0.917969 0.074219 0.120313
1 0.257031 0.645312 0.028125 0.040625
1 0.301563 0.644531 0.028906 0.038281
1 0.301563 0.436719 0.028906 0.019531
1 0.257031 0.438281 0.033594 0.021094
3 0.425781 0.099219 0.058594 0.057813
3 0.287500 0.263281 0.154688 0.080469
3 0.285156 0.481250 0.158594 0.067969
3 0.286719 0.706250 0.160938 0.079687
0 0.434375 0.902344 0.069531 0.167187
