1 0.438281 0.135156 0.068750 0.049219
1 0.574219 0.135937 0.067969 0.050781
1 0.725781 0.210938 0.063281 0.062500
1 0.586719 0.300000 0.078906 0.070312
1 0.428125 0.417969 0.074219 0.071875
1 0.265625 0.417969 0.074219 0.076563
1 0.426563 0.298438 0.082031 0.071094
1 0.282813 0.208594 0.069531 0.061719
1 0.909375 0.300000 0.062500 0.067187
1 0.910937 0.419531 0.071875 0.077344
1 0.747656 0.419531 0.076563 0.077344
1 0.587500 0.418750 0.081250 0.078906
1 0.103906 0.300000 0.063281 0.069531
1 0.102344 0.417187 0.071094 0.079687
1 0.103906 0.536719 0.064844 0.075000
1 0.268750 0.536719 0.070312 0.077344
1 0.105469 0.653125 0.067969 0.078906
1 0.264844 0.653125 0.077344 0.078906
1 0.266406 0.772656 0.075781 0.076563
1 0.103125 0.772656 0.068750 0.077344
1 0.425000 0.536719 0.079687 0.083594
1 0.585938 0.536719 0.079687 0.083594
1 0.428906 0.635938 0.078906 0.045312
1 0.585938 0.634375 0.082031 0.042969
1 0.909375 0.537500 0.063281 0.079687
1 0.746875 0.535937 0.075781 0.079687
1 0.746875 0.653125 0.076563 0.079687
1 0.912500 0.653906 0.073438 0.080469
1 0.912500 0.775000 0.071094 0.075781
1 0.750000 0.773438 0.078125 0.073438
1 0.915625 0.922656 0.110156 0.084375
1 0.585156 0.771875 0.078906 0.072656
1 0.427344 0.771875 0.081250 0.075000
0 0.584375 0.938281 0.118750 0.112500
0 0.746875 0.938281 0.112500 0.110156
3 0.426563 0.146875 0.081250 0.033594
3 0.571094 0.144531 0.078906 0.035156
3 0.420312 0.314844 0.093750 0.043750
3 0.582812 0.314844 0.089844 0.042969
3 0.730469 0.225000 0.085156 0.037500
3 0.917188 0.314844 0.091406 0.042969
3 0.748437 0.438281 0.092969 0.046094
3 0.271875 0.225781 0.082812 0.039844
3 0.253125 0.437500 0.091406 0.042969
3 0.086719 0.313281 0.088281 0.041406
3 0.087500 0.435937 0.091406 0.046094
3 0.420312 0.437500 0.092188 0.046094
3 0.585156 0.438281 0.089844 0.041406
3 0.419531 0.803906 0.094531 0.049219
3 0.583594 0.803906 0.089844 0.049219
3 0.583594 0.682813 0.094531 0.043750
3 0.420312 0.682813 0.093750 0.047656
3 0.253125 0.805469 0.094531 0.048438
3 0.087500 0.804688 0.090625 0.048438
3 0.086719 0.680469 0.090625 0.046875
3 0.085938 0.561719 0.089844 0.048438
3 0.749219 0.560156 0.092188 0.046094
3 0.749219 0.680469 0.090625 0.045312
3 0.749219 0.801562 0.090625 0.046094
3 0.917188 0.436719 0.089063 0.042969
3 0.915625 0.557031 0.089844 0.042188
3 0.914844 0.681250 0.089063 0.048438
3 0.917188 0.803906 0.091406 0.047656
3 0.419531 0.559375 0.092969 0.044531
3 0.583594 0.560937 0.096094 0.048438
3 0.253125 0.558594 0.088281 0.046094
1 0.421094 0.923438 0.119531 0.096094
