3 0.092188 0.302344 0.134375 0.098437
3 0.092969 0.633594 0.136719 0.101562
1 0.230469 0.546094 0.110156 0.266406
0 0.359375 0.849219 0.067969 0.204687
1 0.359375 0.595313 0.067969 0.264062
3 0.624219 0.619531 0.121875 0.108594
1 0.604688 0.506250 0.086719 0.119531
1 0.480469 0.536719 0.138281 0.270313
1 0.760938 0.537500 0.110156 0.278125
3 0.900781 0.621094 0.131250 0.094531
3 0.896875 0.293750 0.129688 0.100000
1 0.760156 0.210156 0.109375 0.271875
3 0.619531 0.295312 0.114844 0.089844
1 0.604688 0.214062 0.083594 0.078906
1 0.428125 0.211719 0.247656 0.272656
1 0.228906 0.206250 0.117969 0.265625
