1 0.159375 0.297656 0.153125 0.114844
1 0.301563 0.257812 0.132812 0.044531
1 0.233594 0.120313 0.265625 0.031250
1 0.831250 0.261719 0.159375 0.040625
1 0.812500 0.435156 0.120313 0.119531
1 0.821094 0.546094 0.146875 0.057031
1 0.647656 0.576562 0.032813 0.109375
1 0.561719 0.546094 0.035156 0.054688
1 0.431250 0.545312 0.032031 0.056250
1 0.225000 0.688281 0.288281 0.065625
1 0.435937 0.685156 0.035156 0.065625
1 0.560937 0.689063 0.042969 0.062500
1 0.643750 0.692187 0.035937 0.061719
1 0.810156 0.718750 0.115625 0.107031
1 0.646875 0.405469 0.035156 0.043750
1 0.559375 0.406250 0.039062 0.041406
1 0.431250 0.407813 0.028125 0.043750
1 0.225000 0.402344 0.276562 0.050781
0 0.825781 0.897656 0.081250 0.099219
0 0.417969 0.913281 0.085156 0.139063
1 0.621094 0.896094 0.326562 0.099219
1 0.229687 0.913281 0.287500 0.135156
1 0.889062 0.896094 0.047656 0.097656
3 0.868758 0.182034 0.243101 0.094752
3 0.738995 0.325073 0.500986 0.085641
1 0.642969 0.260156 0.035156 0.044531
1 0.561719 0.258594 0.035937 0.043750
1 0.642969 0.117969 0.035937 0.038281
1 0.560937 0.117969 0.035156 0.040625
3 0.608821 0.178389 0.148653 0.078353
3 0.303125 0.307812 0.137500 0.056250
3 0.951708 0.464468 0.077201 0.072886
3 0.634375 0.462500 0.191406 0.062500
3 0.806250 0.604688 0.367969 0.059375
3 0.956225 0.749180 0.076380 0.059220
3 0.675000 0.753906 0.279687 0.064844
3 0.189062 0.751563 0.365625 0.065625
1 0.228154 0.575164 0.275953 0.112063
3 0.325781 0.600781 0.096875 0.059375
3 0.435940 0.177478 0.054205 0.080175
3 0.435118 0.319151 0.054205 0.079264
1 0.432812 0.259375 0.035937 0.035156
1 0.433594 0.117969 0.035156 0.034375
3 0.456250 0.459375 0.109375 0.064844
3 0.503125 0.605469 0.187500 0.067187
3 0.435937 0.751563 0.053906 0.064062
3 0.189844 0.455469 0.364844 0.057031
3 0.190625 0.165625 0.366406 0.064062
