1 0.060182 0.088629 0.046807 0.094219
1 0.179060 0.086068 0.045211 0.089098
1 0.301274 0.086533 0.044394 0.091321
1 0.421933 0.087264 0.043635 0.086937
1 0.543622 0.088853 0.045463 0.087536
1 0.665138 0.089880 0.046536 0.087722
1 0.788056 0.087421 0.044831 0.088604
1 0.911529 0.085274 0.047724 0.080306
1 0.059937 0.289147 0.045484 0.088709
1 0.179167 0.289766 0.045206 0.089612
1 0.300909 0.285386 0.046021 0.090670
1 0.423438 0.289201 0.047007 0.089831
1 0.543772 0.288014 0.046479 0.088814
1 0.665200 0.291028 0.044361 0.090751
1 0.787303 0.292458 0.044361 0.090751
1 0.909866 0.296369 0.044361 0.090751
1 0.909866 0.497151 0.044361 0.090751
1 0.787303 0.493240 0.044361 0.090751
1 0.665200 0.491810 0.044361 0.090751
1 0.543772 0.492708 0.046479 0.088814
1 0.423438 0.493894 0.047007 0.089831
1 0.300909 0.490080 0.046021 0.090670
1 0.179167 0.494460 0.045206 0.089612
1 0.059937 0.493840 0.045484 0.088709
1 0.909189 0.703149 0.044361 0.090751
1 0.786626 0.700541 0.044361 0.090751
1 0.664523 0.700415 0.044361 0.090751
1 0.543095 0.702616 0.046479 0.088814
1 0.422761 0.703803 0.047007 0.089831
1 0.300232 0.701293 0.046021 0.090670
1 0.178490 0.706976 0.045206 0.089612
1 0.059259 0.707660 0.045484 0.088709
1 0.912982 0.899639 0.044361 0.090751
1 0.790420 0.897031 0.044361 0.090751
1 0.668316 0.896905 0.044361 0.090751
1 0.546888 0.899107 0.046479 0.088814
1 0.426554 0.900293 0.047007 0.089831
1 0.304025 0.897783 0.046021 0.090670
1 0.181606 0.903466 0.045206 0.089612
1 0.062375 0.904150 0.045484 0.088709
