1 0.288281 0.434375 0.116406 0.150781
1 0.272656 0.722656 0.090625 0.191406
1 0.460938 0.427344 0.107031 0.144531
1 0.427054 0.143825 0.091035 0.112128
1 0.621094 0.669531 0.105469 0.141406
1 0.462500 0.689063 0.103906 0.155469
1 0.618750 0.428906 0.097656 0.142187
1 0.767188 0.425000 0.099219 0.138281
1 0.916406 0.654687 0.099219 0.128906
1 0.767773 0.679060 0.103761 0.181026
1 0.696233 0.155800 0.070505 0.107811
3 0.919531 0.454688 0.104688 0.067187
1 0.108594 0.698438 0.117969 0.146875
3 0.108594 0.474219 0.120313 0.089844
