1 0.708594 0.151562 0.061719 0.098437
1 0.577344 0.151562 0.051562 0.093750
1 0.562500 0.375781 0.057813 0.090625
1 0.703906 0.384375 0.061719 0.093750
1 0.592969 0.607031 0.053906 0.091406
1 0.700781 0.608594 0.053906 0.089063
1 0.439063 0.602344 0.076563 0.132031
1 0.434375 0.366406 0.117969 0.067187
1 0.404687 0.158594 0.069531 0.105469
1 0.235156 0.180469 0.101562 0.140625
1 0.092969 0.363281 0.113281 0.076563
1 0.228125 0.829688 0.050781 0.080469
1 0.091406 0.832031 0.067969 0.125781
1 0.285938 0.598437 0.114844 0.081250
1 0.146875 0.603906 0.054688 0.080469
0 0.556250 0.862500 0.114062 0.164062
0 0.777344 0.862500 0.098437 0.171875
1 0.867969 0.596094 0.115625 0.083594
1 0.815625 0.364063 0.111719 0.074219
1 0.903906 0.137500 0.104688 0.052344
1 0.415625 0.814844 0.071094 0.050000
1 0.248438 0.379688 0.053125 0.087500
3 0.295406 0.696872 0.178164 0.115295
3 0.822717 0.453773 0.139007 0.114207
3 0.427560 0.447791 0.127912 0.100067
3 0.918978 0.213394 0.138354 0.103331
3 0.075475 0.453229 0.148143 0.106594
3 0.881779 0.682732 0.140965 0.089191
