3 0.506284 0.920501 0.984490 0.149054
1 0.775000 0.221094 0.248438 0.039062
1 0.772656 0.388281 0.243750 0.050781
1 0.464844 0.217188 0.177344 0.035156
1 0.160938 0.381250 0.219531 0.057031
1 0.159375 0.222656 0.219531 0.032813
1 0.195312 0.098437 0.145313 0.030469
1 0.490625 0.103906 0.121094 0.029687
1 0.458594 0.381250 0.178906 0.049219
1 0.773438 0.671094 0.247656 0.039844
1 0.501563 0.528906 0.108594 0.035156
1 0.456250 0.664062 0.187500 0.042969
1 0.158594 0.667969 0.204687 0.042969
1 0.187500 0.532813 0.143750 0.042969
1 0.154688 0.810156 0.210156 0.057813
1 0.454688 0.811719 0.187500 0.055469
1 0.773438 0.812500 0.251563 0.054688
