1 0.496875 0.434375 0.178125 0.140625
1 0.497656 0.628125 0.175000 0.107813
3 0.109375 0.256250 0.129688 0.072656
1 0.128906 0.197656 0.085938 0.049219
3 0.110937 0.460938 0.130469 0.047656
1 0.132031 0.407031 0.092188 0.060937
3 0.222656 0.690625 0.131250 0.049219
1 0.232813 0.626563 0.119531 0.077344
1 0.375781 0.150000 0.070312 0.127344
1 0.586719 0.157031 0.040625 0.067969
1 0.695312 0.388281 0.041406 0.072656
1 0.782813 0.185156 0.101562 0.188281
1 0.784375 0.618750 0.071094 0.131250
1 0.831250 0.865625 0.070312 0.128906
1 0.714063 0.857812 0.045312 0.081250
1 0.577344 0.863281 0.071094 0.132031
0 0.386719 0.887500 0.110156 0.183594
1 0.197656 0.861719 0.068750 0.136719
3 0.944531 0.485156 0.057813 0.079687
3 0.940625 0.693750 0.059375 0.052344
