3 0.484375 0.147656 0.810937 0.032813
3 0.491728 0.246644 0.777544 0.054153
3 0.396094 0.358594 0.506250 0.029687
1 0.702344 0.463281 0.257812 0.039844
3 0.280469 0.478125 0.524219 0.027344
3 0.509375 0.605469 0.856250 0.033594
3 0.679688 0.721094 0.422656 0.039844
1 0.648438 0.578125 0.185156 0.011719
1 0.632812 0.696094 0.151562 0.010937
1 0.845313 0.829688 0.055469 0.077344
1 0.632812 0.809375 0.272656 0.042188
1 0.309375 0.812500 0.241406 0.031250
1 0.120313 0.806250 0.052344 0.042969
1 0.495312 0.578125 0.042969 0.011719
