1 0.146094 0.207031 0.037500 0.135156
1 0.329688 0.208594 0.042188 0.127344
1 0.507812 0.206250 0.042188 0.140625
1 0.641287 0.225843 0.156836 0.094823
1 0.875781 0.208594 0.042969 0.129688
1 0.957031 0.200000 0.042188 0.123438
1 0.827344 0.430469 0.045312 0.124219
1 0.953906 0.428906 0.047656 0.130469
1 0.874219 0.659375 0.038281 0.132812
1 0.952344 0.653906 0.042969 0.132031
1 0.636719 0.669531 0.162500 0.123438
1 0.292187 0.664844 0.135156 0.129688
1 0.142969 0.663281 0.041406 0.132031
1 0.103906 0.426563 0.036719 0.124219
1 0.460938 0.428906 0.044531 0.124219
1 0.292534 0.447097 0.148581 0.107902
1 0.639912 0.446007 0.156836 0.110082
0 0.218076 0.899843 0.054276 0.124941
0 0.578555 0.882284 0.054590 0.084310
1 0.825000 0.864062 0.042188 0.082812
1 0.953125 0.863281 0.045312 0.083594
1 0.100000 0.883594 0.045312 0.141406
1 0.507031 0.657031 0.041406 0.135156
1 0.296200 0.900204 0.100040 0.127070
1 0.662461 0.878589 0.116575 0.075980
1 0.457813 0.874219 0.041406 0.116406
3 0.671969 0.297791 0.239852 0.105407
3 0.243857 0.533701 0.247997 0.091066
3 0.304046 0.769970 0.230801 0.087480
3 0.670159 0.772480 0.243472 0.083895
3 0.616079 0.536570 0.233968 0.093934
