3 0.702344 0.664062 0.234375 0.071094
1 0.186719 0.207813 0.074219 0.114844
1 0.342969 0.201563 0.072656 0.110937
1 0.186719 0.412500 0.075000 0.127344
1 0.185938 0.621875 0.078125 0.135156
1 0.652344 0.203125 0.077344 0.110937
1 0.807031 0.203125 0.076563 0.107031
1 0.794531 0.418750 0.048438 0.100781
1 0.654687 0.415625 0.079687 0.122656
1 0.653125 0.619531 0.078906 0.131250
1 0.784375 0.613281 0.025000 0.144531
1 0.652344 0.809375 0.079687 0.128906
1 0.807813 0.805469 0.076563 0.130469
3 0.237500 0.242969 0.282813 0.075000
3 0.739844 0.241406 0.309375 0.074219
3 0.704688 0.449219 0.234375 0.071094
3 0.197656 0.454688 0.195312 0.069531
3 0.202344 0.665625 0.203906 0.069531
1 0.317969 0.593750 0.027344 0.060156
