1 0.973437 0.899219 0.029687 0.038281
1 0.807813 0.896875 0.216406 0.034375
1 0.523438 0.898438 0.274219 0.035156
1 0.234375 0.898438 0.203906 0.039844
1 0.069531 0.898438 0.025000 0.032031
1 0.975781 0.839063 0.029687 0.038281
1 0.812500 0.840625 0.216406 0.034375
1 0.521875 0.839844 0.274219 0.035156
1 0.239844 0.839844 0.203906 0.039844
1 0.778906 0.742188 0.184375 0.037500
1 0.925000 0.742188 0.021094 0.038281
1 0.517969 0.737500 0.246875 0.023438
1 0.254688 0.743750 0.192188 0.036719
0 0.496094 0.963281 0.743750 0.039844
1 0.522656 0.789062 0.241406 0.015625
1 0.783594 0.787500 0.193750 0.017188
1 0.253125 0.787500 0.192188 0.017188
1 0.785937 0.689063 0.189062 0.036719
1 0.520312 0.680469 0.246875 0.019531
1 0.253906 0.688281 0.197656 0.035156
1 0.259375 0.634375 0.196875 0.036719
1 0.253906 0.578125 0.196875 0.036719
1 0.253906 0.523438 0.197656 0.035156
1 0.789062 0.635156 0.189062 0.036719
1 0.791406 0.579688 0.196875 0.036719
1 0.790625 0.469531 0.196875 0.036719
1 0.789844 0.523438 0.197656 0.035156
1 0.790625 0.412500 0.196875 0.036719
1 0.785937 0.360156 0.197656 0.035156
1 0.254688 0.360156 0.196875 0.036719
1 0.253906 0.466406 0.197656 0.035156
1 0.260156 0.413281 0.196875 0.036719
1 0.254688 0.247656 0.196875 0.036719
1 0.792188 0.303906 0.197656 0.035156
1 0.789844 0.247656 0.197656 0.035156
1 0.789062 0.192969 0.196875 0.036719
1 0.789062 0.192969 0.196875 0.036719
1 0.521875 0.625781 0.246094 0.016406
1 0.519531 0.572656 0.239844 0.014844
1 0.513281 0.513281 0.245312 0.013281
3 0.513281 0.046094 0.941406 0.025000
3 0.516406 0.105469 0.935937 0.022656
3 0.514844 0.162500 0.327344 0.022656
3 0.516406 0.221094 0.328125 0.022656
3 0.519531 0.278906 0.319531 0.021094
3 0.514062 0.335938 0.318750 0.023438
3 0.518750 0.396094 0.321094 0.023438
3 0.521094 0.453125 0.317188 0.023438
1 0.250000 0.307031 0.196094 0.040625
3 0.517188 0.795312 0.954688 0.032813
1 0.252344 0.193750 0.188281 0.040625
