0 0.648438 0.851562 0.082031 0.104688
0 0.820312 0.850000 0.046094 0.101562
1 0.201563 0.094531 0.088281 0.075781
1 0.820312 0.095312 0.044531 0.076563
1 0.424219 0.660937 0.089063 0.090625
1 0.424219 0.660937 0.089063 0.090625
1 0.201563 0.475000 0.088281 0.075781
1 0.227344 0.664062 0.050000 0.091406
1 0.595313 0.662500 0.089063 0.088281
1 0.790625 0.664844 0.041406 0.092969
1 0.817187 0.473438 0.045312 0.090625
1 0.792188 0.286719 0.045312 0.090625
1 0.595313 0.289844 0.086719 0.069531
1 0.435156 0.290625 0.058594 0.064844
1 0.230469 0.282031 0.045312 0.078125
1 0.464062 0.478125 0.065625 0.080469
0 0.443750 0.850781 0.091406 0.105469
0 0.203125 0.847656 0.091406 0.105469
3 0.163281 0.357812 0.309375 0.062500
3 0.194531 0.163281 0.378906 0.063281
3 0.176563 0.547656 0.332813 0.061719
3 0.547656 0.740625 0.710938 0.067969
3 0.509375 0.547656 0.154688 0.060937
3 0.844531 0.544531 0.289062 0.062500
3 0.542188 0.355469 0.278906 0.060156
3 0.835938 0.162500 0.306250 0.062500
3 0.328125 0.933594 0.473438 0.064062
3 0.746094 0.934375 0.278125 0.064062
3 0.115625 0.739062 0.065625 0.060937
3 0.024219 0.738281 0.028125 0.059375
3 0.642969 0.546094 0.028125 0.059375
3 0.878906 0.357031 0.218750 0.056250
3 0.528906 0.163281 0.121094 0.059375
1 0.642969 0.474219 0.032031 0.085938
