0 0.506250 0.910937 0.171094 0.165625
1 0.085938 0.779687 0.041406 0.088281
1 0.230469 0.789062 0.064062 0.125000
1 0.347656 0.772656 0.032031 0.089063
3 0.444531 0.738281 0.038281 0.039062
3 0.505469 0.733594 0.039844 0.032813
3 0.572656 0.734375 0.041406 0.032031
1 0.782813 0.791406 0.066406 0.129688
1 0.920312 0.770312 0.037500 0.105469
1 0.661719 0.573438 0.031250 0.084375
3 0.570312 0.530469 0.037500 0.032031
3 0.442188 0.531250 0.044531 0.042969
1 0.347656 0.567187 0.035156 0.085156
1 0.230469 0.587500 0.067187 0.129688
1 0.085938 0.563281 0.032813 0.093750
1 0.226562 0.379688 0.060937 0.121094
1 0.084375 0.358594 0.042188 0.082031
1 0.348438 0.364063 0.036719 0.096875
3 0.439063 0.324219 0.039844 0.025781
3 0.505469 0.323437 0.040625 0.042969
3 0.568750 0.321094 0.040625 0.035156
1 0.664062 0.363281 0.042188 0.083594
1 0.782031 0.379688 0.060156 0.125000
1 0.920312 0.360156 0.041406 0.089063
1 0.921875 0.564844 0.038281 0.090625
1 0.441406 0.460938 0.039844 0.089844
1 0.568750 0.465625 0.039844 0.096875
1 0.570312 0.669531 0.036719 0.092969
1 0.507812 0.671094 0.039062 0.092188
1 0.442969 0.668750 0.040625 0.100781
1 0.667188 0.775000 0.042188 0.095312
1 0.441406 0.257812 0.040625 0.097656
1 0.503906 0.258594 0.041406 0.089844
1 0.567187 0.260937 0.039062 0.082031
1 0.779687 0.587500 0.059375 0.146094
1 0.664062 0.157031 0.047656 0.111719
1 0.782813 0.153125 0.068750 0.112500
1 0.857812 0.150000 0.047656 0.110156
1 0.150000 0.149219 0.045312 0.116406
1 0.225781 0.152344 0.067969 0.114844
1 0.344531 0.155469 0.046875 0.113281
