3 0.174408 0.301208 0.196791 0.129802
3 0.427908 0.336840 0.175009 0.123015
3 0.792949 0.376714 0.153978 0.117925
3 0.870313 0.651164 0.137453 0.108592
3 0.662631 0.643953 0.160738 0.104350
3 0.343033 0.626137 0.184022 0.111138
1 0.427908 0.230793 0.173507 0.126408
1 0.176661 0.192616 0.193787 0.138286
1 0.791071 0.283816 0.148720 0.117076
1 0.866933 0.556570 0.130693 0.100957
1 0.660753 0.546813 0.155480 0.110289
1 0.341906 0.517120 0.187778 0.125560
0 0.181168 0.880226 0.198293 0.234152
0 0.435419 0.874712 0.179516 0.219730
0 0.744126 0.868349 0.153978 0.203611
