1 0.500781 0.596094 0.021875 0.191406
1 0.595313 0.337500 0.066406 0.157812
1 0.658594 0.337500 0.021875 0.165625
1 0.564063 0.602344 0.064844 0.189844
3 0.631250 0.369531 0.139844 0.106250
3 0.550000 0.663281 0.145313 0.103906
3 0.236250 0.389352 0.170718 0.154184
3 0.282976 0.666005 0.166874 0.122839
1 0.825781 0.592187 0.028125 0.132812
1 0.860938 0.582812 0.011719 0.132031
1 0.842187 0.859375 0.043750 0.185156
1 0.745313 0.851562 0.039062 0.182031
1 0.735156 0.593750 0.038281 0.147656
1 0.871875 0.339062 0.018750 0.135937
1 0.944531 0.587500 0.028125 0.156250
1 0.824219 0.335156 0.034375 0.139063
1 0.930469 0.859375 0.010937 0.180469
1 0.757812 0.336719 0.036719 0.139844
1 0.932031 0.342187 0.025000 0.143750
1 0.660156 0.853906 0.026562 0.185938
1 0.524219 0.869531 0.070312 0.175781
1 0.603906 0.849219 0.026562 0.185938
1 0.435937 0.858594 0.037500 0.183594
1 0.413281 0.580469 0.046094 0.150781
1 0.514844 0.334375 0.029687 0.155469
1 0.414844 0.330469 0.031250 0.152344
1 0.346875 0.335156 0.027344 0.147656
1 0.296094 0.550000 0.108594 0.093750
1 0.175781 0.582812 0.045312 0.146875
1 0.269531 0.287500 0.067969 0.054688
1 0.460938 0.326562 0.014063 0.150781
0 0.160938 0.876563 0.039844 0.189062
1 0.259375 0.856250 0.045312 0.195312
1 0.336719 0.850000 0.025781 0.166406
1 0.078125 0.336719 0.025000 0.146094
1 0.035937 0.338281 0.019531 0.144531
1 0.138281 0.340625 0.025000 0.146094
1 0.304688 0.117969 0.022656 0.030469
1 0.368750 0.114844 0.032031 0.032031
1 0.427344 0.114844 0.018750 0.030469
1 0.487500 0.115625 0.034375 0.031250
1 0.561719 0.117188 0.042188 0.032031
1 0.652344 0.118750 0.058594 0.028125
1 0.741406 0.122656 0.021875 0.025781
1 0.670312 0.586719 0.027344 0.151562
1 0.632031 0.590625 0.012500 0.141406
