0 0.264844 0.830469 0.092969 0.225781
1 0.026562 0.398438 0.014063 0.116406
1 0.047656 0.401562 0.014063 0.116406
1 0.090625 0.401562 0.014063 0.116406
1 0.100000 0.634375 0.014063 0.116406
1 0.036719 0.885938 0.014063 0.116406
1 0.036719 0.638281 0.014063 0.116406
1 0.078906 0.634375 0.014063 0.116406
1 0.188281 0.396875 0.041406 0.108594
1 0.142187 0.400781 0.039844 0.115625
1 0.143750 0.634375 0.036719 0.120313
1 0.189844 0.633594 0.040625 0.112500
1 0.139844 0.874219 0.014063 0.126562
1 0.182812 0.875781 0.017969 0.139844
1 0.205469 0.875781 0.017969 0.139844
1 0.100781 0.882031 0.017969 0.139844
1 0.078125 0.871094 0.014063 0.126562
1 0.233594 0.402344 0.014063 0.116406
1 0.291406 0.401562 0.014063 0.116406
1 0.328906 0.401562 0.014063 0.116406
1 0.350781 0.402344 0.014063 0.116406
1 0.392969 0.401562 0.018750 0.125781
1 0.450781 0.396875 0.047656 0.110156
1 0.496875 0.400000 0.033594 0.119531
1 0.573438 0.398438 0.085156 0.112500
1 0.290625 0.640625 0.014063 0.116406
1 0.242969 0.628125 0.014063 0.116406
1 0.328906 0.638281 0.014063 0.116406
1 0.351562 0.633594 0.014063 0.116406
1 0.392188 0.638281 0.018750 0.125781
1 0.495312 0.877344 0.039062 0.141406
1 0.471094 0.635156 0.084375 0.121094
1 0.575781 0.630469 0.085156 0.112500
1 0.391406 0.878906 0.041406 0.134375
1 0.340625 0.870313 0.014063 0.116406
1 0.649219 0.401562 0.035937 0.114062
1 0.650000 0.635938 0.035156 0.119531
1 0.546094 0.873437 0.037500 0.136719
1 0.443750 0.880469 0.016406 0.139844
1 0.828125 0.632031 0.085156 0.108594
1 0.828125 0.402344 0.089844 0.128906
1 0.701562 0.410938 0.014844 0.117188
1 0.700781 0.633594 0.018750 0.115625
1 0.754687 0.636719 0.018750 0.115625
1 0.765625 0.407813 0.014844 0.117188
1 0.904687 0.406250 0.014844 0.117188
1 0.905469 0.636719 0.036719 0.116406
1 0.946094 0.406250 0.014844 0.117188
1 0.969531 0.403906 0.014844 0.117188
1 0.957812 0.630469 0.014844 0.117188
1 0.947656 0.877344 0.014844 0.117188
1 0.968750 0.877344 0.014844 0.117188
1 0.903125 0.872656 0.014844 0.117188
1 0.855469 0.872656 0.014844 0.117188
1 0.812500 0.866406 0.014844 0.117188
1 0.791406 0.867969 0.014844 0.117188
1 0.650000 0.872656 0.014844 0.117188
1 0.689844 0.875000 0.014844 0.117188
1 0.712500 0.870313 0.014844 0.117188
1 0.750781 0.877344 0.014844 0.117188
1 0.598437 0.874219 0.014844 0.117188
1 0.340625 0.169531 0.019531 0.120313
1 0.300000 0.168750 0.019531 0.120313
1 0.242969 0.168750 0.014844 0.118750
1 0.380469 0.171094 0.015625 0.118750
1 0.402344 0.168750 0.015625 0.118750
1 0.442188 0.168750 0.015625 0.118750
1 0.485938 0.172656 0.015625 0.118750
1 0.507031 0.172656 0.015625 0.118750
1 0.535156 0.173437 0.015625 0.118750
1 0.557031 0.175781 0.015625 0.118750
1 0.599219 0.171094 0.015625 0.118750
1 0.647656 0.177344 0.015625 0.118750
1 0.690625 0.172656 0.015625 0.118750
1 0.751563 0.172656 0.015625 0.118750
1 0.711719 0.176563 0.015625 0.118750
3 0.116406 0.215625 0.198437 0.033594
3 0.881250 0.216406 0.196875 0.048438
