1 0.294531 0.110156 0.072656 0.035937
1 0.191406 0.198437 0.076563 0.030469
1 0.419531 0.115625 0.071875 0.032813
1 0.553906 0.098437 0.071875 0.028125
1 0.664062 0.113281 0.070312 0.029687
1 0.773389 0.105186 0.072586 0.042187
1 0.895412 0.094907 0.070702 0.040847
1 0.900660 0.166537 0.077883 0.031375
1 0.776102 0.193176 0.070702 0.044398
1 0.662294 0.199233 0.071991 0.042580
1 0.552610 0.203964 0.070632 0.036029
1 0.422758 0.209544 0.068844 0.020495
1 0.409371 0.286810 0.068462 0.029923
1 0.300081 0.303718 0.071713 0.027668
1 0.299863 0.399193 0.071898 0.032157
1 0.408594 0.406250 0.070312 0.032813
1 0.410156 0.502344 0.071094 0.034375
1 0.298438 0.514844 0.071875 0.057031
1 0.187500 0.507031 0.076563 0.039062
1 0.185938 0.615625 0.072656 0.035937
1 0.299219 0.614844 0.071094 0.035156
1 0.299219 0.721875 0.071094 0.037500
1 0.409375 0.616406 0.074219 0.036719
1 0.410938 0.725000 0.069531 0.036719
1 0.561719 0.724219 0.065625 0.035937
1 0.671875 0.720313 0.067969 0.039844
1 0.782031 0.727344 0.072656 0.035156
1 0.938281 0.716406 0.075000 0.035156
1 0.898438 0.606250 0.075781 0.035937
1 0.559375 0.610156 0.075000 0.035937
1 0.667969 0.622656 0.062500 0.035156
1 0.670312 0.515625 0.071094 0.044531
1 0.559375 0.522656 0.071875 0.016406
1 0.782813 0.515625 0.073438 0.028125
1 0.670312 0.411719 0.068750 0.029687
1 0.299219 0.832031 0.074219 0.039062
1 0.413281 0.831250 0.073438 0.036719
1 0.671875 0.833594 0.072656 0.038281
1 0.782031 0.834375 0.071875 0.035937
1 0.899219 0.834375 0.075781 0.037500
1 0.782813 0.625000 0.073438 0.055469
1 0.939844 0.500000 0.072656 0.032813
1 0.555469 0.306250 0.075781 0.063281
1 0.671875 0.303125 0.069531 0.031250
1 0.782813 0.297656 0.073438 0.032031
1 0.939844 0.275000 0.078906 0.028906
1 0.898438 0.385937 0.073438 0.028125
3 0.498437 0.942187 0.994531 0.059375
1 0.779687 0.400781 0.075781 0.029687
3 0.559583 0.444125 0.105463 0.063218
3 0.901294 0.431034 0.086992 0.060026
3 0.941811 0.542784 0.089375 0.062580
3 0.901890 0.652618 0.089375 0.062580
3 0.937044 0.761814 0.086992 0.060026
3 0.675781 0.767188 0.103125 0.053906
3 0.410938 0.325781 0.103125 0.053906
3 0.410156 0.542969 0.096875 0.051562
3 0.940625 0.314063 0.088281 0.050000
3 0.901563 0.204687 0.102344 0.057031
3 0.562500 0.654687 0.096875 0.051562
3 0.550000 0.132031 0.091406 0.045312
1 0.555469 0.398438 0.071875 0.030469
