1 0.515625 0.481250 0.129688 0.079687
1 0.675000 0.454688 0.053125 0.071094
1 0.639062 0.583594 0.032031 0.043750
1 0.516406 0.585156 0.129688 0.050781
1 0.363281 0.470313 0.077344 0.023438
1 0.309375 0.614062 0.077344 0.070312
1 0.309375 0.717969 0.077344 0.064844
0 0.653125 0.844531 0.068750 0.095312
1 0.560937 0.818750 0.032813 0.044531
1 0.481250 0.824219 0.052344 0.071094
1 0.760938 0.821094 0.036719 0.046094
1 0.312500 0.829688 0.050000 0.075000
1 0.449219 0.700781 0.054688 0.069531
1 0.582031 0.710156 0.032031 0.042188
1 0.685156 0.700781 0.053906 0.067969
3 0.762500 0.513281 0.041406 0.044531
3 0.763281 0.620313 0.043750 0.026562
3 0.298438 0.629687 0.098437 0.042188
3 0.301563 0.740625 0.100781 0.028906
3 0.361719 0.495312 0.094531 0.022656
