0 0.416235 0.896036 0.113291 0.144979
3 0.487500 0.762500 0.288281 0.052344
3 0.728125 0.759375 0.041406 0.049219
3 0.833594 0.758594 0.039062 0.042969
3 0.960938 0.616406 0.057031 0.060156
3 0.789844 0.614062 0.055469 0.054688
3 0.485938 0.612500 0.300000 0.047656
3 0.245312 0.612500 0.047656 0.053125
3 0.080469 0.612500 0.045312 0.047656
3 0.118750 0.760938 0.039062 0.047656
3 0.257031 0.762500 0.039844 0.052344
3 0.602344 0.464844 0.045312 0.050781
3 0.696094 0.467187 0.037500 0.048438
3 0.832031 0.467969 0.035156 0.047656
3 0.489063 0.468750 0.040625 0.051562
3 0.409375 0.468750 0.046094 0.052344
3 0.293750 0.467187 0.046875 0.053125
3 0.089063 0.467187 0.156250 0.052344
3 0.249219 0.323437 0.046875 0.050781
3 0.115625 0.319531 0.045312 0.051562
3 0.428125 0.317188 0.186719 0.056250
3 0.627344 0.320312 0.042969 0.050781
3 0.753125 0.321875 0.036719 0.047656
3 0.443750 0.120313 0.078125 0.042969
3 0.518750 0.121094 0.015625 0.040625
3 0.353906 0.118750 0.039062 0.043750
3 0.268750 0.171094 0.520312 0.051562
3 0.756250 0.174219 0.046094 0.051562
3 0.603906 0.171094 0.045312 0.047656
1 0.249219 0.881250 0.038281 0.092969
1 0.091406 0.880469 0.032813 0.095312
1 0.744531 0.880469 0.041406 0.097656
1 0.893750 0.878906 0.042188 0.096094
1 0.727344 0.711719 0.039062 0.042188
1 0.614844 0.716406 0.033594 0.032813
1 0.512500 0.719531 0.030469 0.035156
1 0.432812 0.717187 0.082031 0.036719
1 0.434375 0.574219 0.075781 0.028125
1 0.619531 0.575000 0.042188 0.025781
1 0.515625 0.577344 0.038281 0.024219
1 0.785156 0.565625 0.042969 0.040625
1 0.828125 0.421875 0.025000 0.042969
1 0.695312 0.419531 0.039062 0.046094
1 0.600000 0.419531 0.043750 0.041406
1 0.489844 0.421875 0.036719 0.042969
1 0.414062 0.421094 0.040625 0.045312
1 0.295312 0.421094 0.045312 0.040625
1 0.083594 0.567187 0.040625 0.043750
1 0.247656 0.565625 0.045312 0.039062
1 0.257031 0.715625 0.041406 0.040625
1 0.120313 0.711719 0.039844 0.049219
1 0.117969 0.276562 0.035156 0.041406
1 0.250000 0.276562 0.041406 0.042188
1 0.750000 0.272656 0.040625 0.045312
1 0.621875 0.275000 0.039062 0.040625
1 0.602344 0.128906 0.035937 0.037500
1 0.753906 0.128125 0.041406 0.040625
1 0.442969 0.082031 0.076563 0.035937
1 0.356250 0.084375 0.035937 0.032031
3 0.226562 0.123438 0.044531 0.050781
1 0.232031 0.081250 0.030469 0.032813
1 0.520312 0.083594 0.010937 0.040625
3 0.968750 0.317969 0.050000 0.050781
3 0.938281 0.170313 0.091406 0.051562
3 0.707812 0.027344 0.350000 0.054688
1 0.831250 0.715625 0.032813 0.040625
