1 0.809375 0.290625 0.166406 0.120313
1 0.807031 0.734375 0.173437 0.117188
1 0.642969 0.736719 0.103125 0.121094
1 0.393750 0.540625 0.073438 0.121094
1 0.391406 0.763281 0.080469 0.120313
1 0.205469 0.749219 0.089844 0.089063
1 0.389844 0.314063 0.073438 0.120313
1 0.205469 0.314844 0.080469 0.128906
1 0.392188 0.110156 0.062500 0.107813
1 0.624219 0.098437 0.067969 0.105469
1 0.621875 0.293750 0.087500 0.125781
1 0.626563 0.515625 0.060156 0.132031
3 0.809375 0.824219 0.171875 0.059375
3 0.203906 0.839063 0.087500 0.083594
