3 0.459375 0.365625 0.090625 0.027344
3 0.691406 0.364063 0.100000 0.027344
3 0.689844 0.444531 0.092969 0.028125
3 0.459375 0.445312 0.089844 0.028906
3 0.557813 0.526563 0.067187 0.027344
3 0.558594 0.606250 0.069531 0.025000
3 0.689844 0.694531 0.089844 0.028906
3 0.457031 0.696875 0.084375 0.028906
3 0.559375 0.778906 0.068750 0.028125
1 0.290625 0.268750 0.052344 0.051562
3 0.332031 0.285938 0.332813 0.028906
3 0.558594 0.207031 0.071875 0.026562
3 0.560156 0.285156 0.068750 0.025000
1 0.295312 0.550000 0.053906 0.060156
1 0.205469 0.344531 0.067969 0.067969
1 0.207813 0.426563 0.059375 0.067969
3 0.328906 0.613281 0.333594 0.018750
1 0.296094 0.768750 0.047656 0.059375
0 0.360938 0.860156 0.051562 0.068750
0 0.699219 0.858594 0.060156 0.071094
1 0.551562 0.508594 0.053906 0.008594
1 0.550000 0.589063 0.054688 0.009375
1 0.431711 0.845060 0.147316 0.097477
1 0.239063 0.860938 0.060937 0.062500
1 0.598437 0.859375 0.139063 0.067969
