3 0.496094 0.081250 0.911719 0.046875
3 0.142969 0.239063 0.033594 0.051562
3 0.204687 0.239063 0.031250 0.056250
3 0.334375 0.238281 0.050781 0.056250
3 0.455469 0.235156 0.053125 0.056250
3 0.393750 0.238281 0.015625 0.053906
3 0.536719 0.233594 0.053125 0.056250
3 0.612500 0.233594 0.035156 0.051562
3 0.767188 0.233594 0.050781 0.053125
3 0.829688 0.235937 0.012500 0.052344
3 0.970313 0.233594 0.035156 0.052344
3 0.914062 0.232813 0.014063 0.050781
3 0.746094 0.388281 0.070312 0.052344
3 0.708594 0.238281 0.012500 0.052344
3 0.874219 0.236719 0.012500 0.052344
3 0.664062 0.234375 0.012500 0.052344
3 0.920312 0.389062 0.137500 0.051562
3 0.551562 0.392188 0.057031 0.052344
3 0.631250 0.389062 0.044531 0.053125
3 0.704688 0.543750 0.070312 0.052344
3 0.845313 0.545312 0.070312 0.052344
3 0.617969 0.547656 0.044531 0.053125
3 0.482031 0.544531 0.057031 0.052344
3 0.554688 0.546094 0.027344 0.049219
3 0.948438 0.545312 0.081250 0.061719
3 0.575000 0.701562 0.062500 0.057813
3 0.453125 0.699219 0.044531 0.051562
3 0.357812 0.700000 0.085938 0.057813
3 0.248438 0.700000 0.036719 0.053125
3 0.511719 0.702344 0.015625 0.053906
3 0.671094 0.697656 0.050781 0.057813
3 0.775781 0.702344 0.037500 0.061719
3 0.880469 0.698438 0.028906 0.050781
3 0.941406 0.699219 0.034375 0.053906
3 0.830469 0.697656 0.012500 0.057813
3 0.228906 0.546094 0.084375 0.054688
3 0.310937 0.548438 0.021094 0.057031
3 0.109375 0.702344 0.047656 0.049219
3 0.211719 0.392188 0.104688 0.053906
3 0.373437 0.392188 0.037500 0.055469
3 0.387500 0.857812 0.060937 0.051562
3 0.635938 0.857812 0.077344 0.057031
3 0.850000 0.851562 0.081250 0.051562
3 0.200000 0.856250 0.070312 0.051562
3 0.552344 0.854688 0.029687 0.052344
1 0.057813 0.808594 0.046875 0.114844
1 0.229687 0.473438 0.079687 0.082812
1 0.482031 0.475000 0.058594 0.082031
1 0.617969 0.478125 0.049219 0.088281
1 0.727344 0.476562 0.027344 0.086719
1 0.675781 0.475781 0.012500 0.089063
1 0.845313 0.475000 0.065625 0.088281
1 0.886719 0.322656 0.063281 0.082031
1 0.734375 0.321094 0.040625 0.080469
1 0.142969 0.171875 0.035937 0.080469
1 0.142969 0.171875 0.035937 0.080469
1 0.220312 0.324219 0.079687 0.082812
1 0.204687 0.172656 0.023438 0.077344
1 0.453125 0.168750 0.055469 0.076563
1 0.532813 0.165625 0.043750 0.071875
1 0.611719 0.168750 0.033594 0.075000
1 0.630469 0.320312 0.039844 0.078906
1 0.547656 0.322656 0.059375 0.075000
1 0.378906 0.322656 0.025000 0.075781
1 0.588281 0.629687 0.046094 0.085938
1 0.670312 0.626563 0.046094 0.077344
1 0.453125 0.631250 0.046094 0.077344
1 0.363281 0.631250 0.071875 0.075781
1 0.245312 0.628906 0.035156 0.076563
1 0.108594 0.633594 0.051562 0.087500
1 0.201563 0.786719 0.071094 0.082812
1 0.387500 0.786719 0.062500 0.080469
1 0.635938 0.784375 0.072656 0.078906
1 0.849219 0.782813 0.082812 0.079687
1 0.937500 0.630469 0.032813 0.094531
1 0.880469 0.632031 0.032813 0.094531
1 0.782813 0.628906 0.018750 0.081250
1 0.829688 0.627344 0.012500 0.081250
3 0.151562 0.547656 0.013281 0.056250
3 0.079687 0.549219 0.016406 0.055469
3 0.356250 0.548438 0.012500 0.054688
1 0.510938 0.628906 0.011719 0.080469
0 0.879687 0.947656 0.140625 0.102344
0 0.153125 0.951562 0.064844 0.094531
0 0.253125 0.950781 0.115625 0.096094
0 0.481250 0.950781 0.128906 0.096875
0 0.639844 0.949219 0.140625 0.100000
