3 0.396094 0.520312 0.047656 0.094531
1 0.589063 0.780469 0.139063 0.149219
1 0.590625 0.435156 0.141406 0.103125
3 0.900000 0.881250 0.118750 0.089063
3 0.900000 0.881250 0.118750 0.089063
3 0.900000 0.881250 0.118750 0.089063
3 0.898438 0.530469 0.118750 0.089063
1 0.257812 0.743750 0.105469 0.209375
1 0.260156 0.425781 0.101562 0.162500
0 0.396094 0.851562 0.048438 0.217188
1 0.519531 0.203125 0.129688 0.104688
1 0.898438 0.425000 0.121094 0.111719
1 0.900000 0.744531 0.125781 0.177344
1 0.396875 0.692969 0.045312 0.097656
1 0.399219 0.413281 0.046094 0.116406
