1 0.140625 0.291406 0.152344 0.146875
1 0.371875 0.293750 0.046094 0.090625
1 0.521875 0.285938 0.042188 0.092188
1 0.709375 0.284375 0.169531 0.150000
1 0.911719 0.294531 0.042188 0.086719
1 0.885156 0.522656 0.042969 0.088281
1 0.757812 0.525000 0.042188 0.098437
1 0.605469 0.528906 0.163281 0.152344
1 0.332031 0.527344 0.155469 0.142969
1 0.135937 0.526563 0.039062 0.092969
1 0.276562 0.765625 0.164062 0.156250
1 0.096094 0.758594 0.039062 0.082031
1 0.514062 0.758594 0.045312 0.084375
0 0.579688 0.884375 0.039844 0.158594
0 0.903125 0.895312 0.101562 0.148438
0 0.677344 0.825000 0.108594 0.267969
