1 0.125000 0.096094 0.111719 0.104688
1 0.125000 0.096094 0.111719 0.104688
1 0.328125 0.096875 0.111719 0.104688
1 0.666406 0.096875 0.111719 0.104688
1 0.869531 0.095312 0.111719 0.104688
1 0.528906 0.092969 0.053906 0.045312
1 0.125000 0.208594 0.109375 0.040625
1 0.330469 0.228125 0.114062 0.078125
1 0.667969 0.229687 0.114062 0.080469
1 0.870313 0.210938 0.112500 0.046875
1 0.869531 0.325000 0.112500 0.046875
1 0.124219 0.322656 0.109375 0.040625
1 0.868750 0.443750 0.112500 0.046875
1 0.123438 0.441406 0.109375 0.040625
1 0.121094 0.555469 0.109375 0.040625
1 0.868750 0.557813 0.112500 0.046875
1 0.873437 0.792188 0.112500 0.046875
1 0.128125 0.789844 0.109375 0.040625
1 0.128906 0.671094 0.109375 0.040625
1 0.874219 0.673438 0.112500 0.046875
0 0.616406 0.914844 0.062500 0.088281
3 0.690769 0.825188 0.188462 0.055783
3 0.304231 0.575433 0.190769 0.076067
3 0.695769 0.577969 0.190769 0.082406
1 0.667969 0.691406 0.114844 0.084375
1 0.329688 0.692969 0.118750 0.087500
1 0.331250 0.801562 0.121875 0.073438
1 0.668750 0.783594 0.110156 0.032031
1 0.526563 0.649219 0.045312 0.045312
1 0.530469 0.487500 0.045312 0.045312
1 0.530469 0.192969 0.053906 0.045312
1 0.526563 0.341406 0.045312 0.045312
1 0.528906 0.814844 0.045312 0.045312
3 0.303462 0.454043 0.189231 0.093182
3 0.304231 0.328849 0.187692 0.100155
3 0.696538 0.452141 0.189231 0.086844
3 0.693627 0.329936 0.189216 0.105835
