0 0.104688 0.942187 0.047656 0.089844
0 0.439844 0.903125 0.041406 0.101562
1 0.455469 0.161719 0.029687 0.031250
1 0.567969 0.334375 0.017969 0.035937
1 0.893750 0.514844 0.033594 0.090625
1 0.736719 0.655469 0.028906 0.041406
1 0.579688 0.653906 0.032813 0.049219
1 0.396094 0.653125 0.031250 0.042188
1 0.279687 0.656250 0.013281 0.042188
1 0.738281 0.484375 0.033594 0.039062
1 0.283594 0.139063 0.033594 0.039844
1 0.576562 0.166406 0.041406 0.092188
1 0.686719 0.160938 0.041406 0.037500
1 0.738281 0.138281 0.043750 0.039844
1 0.898438 0.132812 0.042188 0.057813
1 0.849219 0.335156 0.042969 0.113281
1 0.687500 0.678125 0.039844 0.050781
1 0.630469 0.483594 0.036719 0.046094
1 0.578125 0.483594 0.037500 0.050000
1 0.397656 0.509375 0.035156 0.098437
1 0.281250 0.479687 0.029687 0.044531
1 0.336719 0.297656 0.044531 0.058594
1 0.457031 0.308594 0.033594 0.040625
1 0.739062 0.337500 0.043750 0.048438
1 0.089844 0.672656 0.039062 0.052344
1 0.848437 0.657813 0.042188 0.054688
1 0.205469 0.327344 0.026562 0.041406
1 0.199219 0.497656 0.042188 0.056250
1 0.632031 0.310937 0.039062 0.047656
