1 0.505469 0.528906 0.136719 0.096875
1 0.832031 0.531250 0.117188 0.097656
1 0.829688 0.702344 0.113281 0.098437
1 0.507812 0.692187 0.121875 0.091406
1 0.178906 0.703906 0.115625 0.108594
1 0.181250 0.532031 0.121875 0.101562
1 0.819531 0.339844 0.057031 0.044531
1 0.436719 0.099219 0.016406 0.044531
0 0.821094 0.918750 0.100000 0.133594
0 0.502344 0.910937 0.105469 0.142187
3 0.518750 0.761719 0.273438 0.025781
1 0.183594 0.891406 0.107813 0.105469
0 0.616406 0.932813 0.046094 0.105469
0 0.393750 0.933594 0.044531 0.092969
