3 0.514062 0.200781 0.951562 0.084375
3 0.694752 0.045897 0.134363 0.058937
3 0.500506 0.476713 0.978929 0.082977
0 0.093750 0.831250 0.115625 0.307812
1 0.409375 0.918750 0.157031 0.130469
0 0.823438 0.888281 0.261719 0.185938
1 0.589648 0.629088 0.732593 0.187089
1 0.890625 0.353125 0.139063 0.151562
1 0.506439 0.353132 0.166036 0.155385
1 0.391072 0.406818 0.074653 0.045120
1 0.125000 0.110156 0.160156 0.117188
1 0.758594 0.135937 0.310937 0.039844
0 0.525000 0.920312 0.057813 0.138281
1 0.521875 0.105469 0.159375 0.109375
