1 0.432031 0.331250 0.052344 0.107031
3 0.578906 0.124219 0.446094 0.050781
3 0.742969 0.309375 0.122656 0.048438
3 0.735938 0.603906 0.120313 0.049219
3 0.572656 0.763281 0.125781 0.051562
1 0.584375 0.598437 0.046875 0.101562
3 0.243750 0.602344 0.119531 0.049219
3 0.081250 0.761719 0.106250 0.056250
3 0.081250 0.446875 0.110937 0.057031
3 0.571094 0.445312 0.119531 0.055469
0 0.441406 0.907031 0.072656 0.125000
1 0.586719 0.324219 0.055469 0.103906
1 0.741406 0.452344 0.056250 0.094531
1 0.745313 0.563281 0.047656 0.027344
1 0.742188 0.738281 0.046875 0.116406
1 0.740625 0.898438 0.047656 0.134375
1 0.583594 0.896094 0.046094 0.128125
1 0.232813 0.898438 0.039844 0.102344
1 0.159375 0.892969 0.042188 0.120313
1 0.093750 0.892188 0.042969 0.121875
1 0.276562 0.738281 0.057813 0.123438
1 0.128125 0.705469 0.047656 0.053906
1 0.129688 0.596875 0.046094 0.097656
1 0.275000 0.457031 0.046094 0.086719
3 0.239844 0.312500 0.116406 0.052344
1 0.432031 0.460156 0.042969 0.096094
1 0.431250 0.603906 0.042188 0.108594
1 0.431250 0.738281 0.050781 0.125781
1 0.131250 0.329688 0.051562 0.095312
1 0.922656 0.350781 0.033594 0.109375
1 0.926342 0.470597 0.025994 0.092109
1 0.925391 0.612718 0.026628 0.104342
1 0.926679 0.755978 0.025510 0.123171
1 0.926631 0.904099 0.025415 0.125815
3 0.271094 0.196094 0.126562 0.028125
3 0.122656 0.196094 0.114062 0.034375
1 0.582031 0.711719 0.048438 0.053906
1 0.273438 0.567969 0.048438 0.023438
