1 0.913281 0.258594 0.078125 0.089844
1 0.913281 0.127344 0.077344 0.078906
1 0.914844 0.406250 0.080469 0.084375
1 0.821094 0.255469 0.040625 0.086719
1 0.825000 0.404687 0.045312 0.093750
1 0.822656 0.125781 0.045312 0.080469
1 0.822656 0.830469 0.039844 0.097656
1 0.821875 0.543750 0.045312 0.100000
1 0.917188 0.686719 0.076563 0.093750
1 0.821094 0.683594 0.045312 0.096094
1 0.912500 0.547656 0.082031 0.085156
1 0.692969 0.124219 0.042188 0.080469
1 0.597656 0.121875 0.080469 0.086719
1 0.600000 0.260937 0.082031 0.081250
1 0.696094 0.260937 0.039844 0.085938
1 0.696094 0.403906 0.040625 0.095312
1 0.597656 0.406250 0.078906 0.084375
1 0.600781 0.547656 0.079687 0.095312
1 0.696875 0.671094 0.039062 0.063281
1 0.695312 0.542969 0.045312 0.094531
1 0.600781 0.675781 0.084375 0.055469
1 0.696094 0.825000 0.036719 0.091406
1 0.502344 0.831250 0.050000 0.089844
1 0.503125 0.257812 0.040625 0.091406
1 0.503125 0.121094 0.042188 0.100781
1 0.089063 0.121094 0.075781 0.086719
1 0.089063 0.246875 0.082031 0.071875
1 0.084375 0.402344 0.082031 0.078125
1 0.503125 0.403125 0.039844 0.094531
1 0.503125 0.546094 0.042188 0.090625
1 0.090625 0.681250 0.079687 0.085156
1 0.087500 0.547656 0.076563 0.088281
1 0.506250 0.671875 0.048438 0.061719
1 0.083594 0.824219 0.077344 0.094531
1 0.177344 0.825781 0.040625 0.085938
1 0.381250 0.107813 0.043750 0.063281
1 0.383594 0.246094 0.038281 0.061719
1 0.382812 0.403125 0.045312 0.097656
1 0.382812 0.546094 0.049219 0.092188
1 0.384375 0.670312 0.047656 0.063281
1 0.384375 0.815625 0.038281 0.081250
1 0.383594 0.957031 0.038281 0.081250
1 0.175781 0.123438 0.044531 0.091406
1 0.172656 0.245312 0.046875 0.065625
1 0.170313 0.546094 0.040625 0.085156
1 0.176563 0.407813 0.049219 0.087500
1 0.301563 0.246875 0.043750 0.064844
1 0.175000 0.682031 0.040625 0.085156
1 0.302344 0.110156 0.045312 0.069531
1 0.080469 0.961719 0.080469 0.068750
1 0.175000 0.958594 0.050000 0.060156
1 0.914062 0.833594 0.087500 0.096094
1 0.918750 0.960938 0.086719 0.072656
1 0.824219 0.963281 0.042969 0.070312
1 0.697656 0.966406 0.040625 0.064062
1 0.600781 0.828125 0.085156 0.081250
1 0.597656 0.963281 0.077344 0.063281
1 0.510938 0.960156 0.047656 0.059375
