3 0.156879 0.084185 0.274197 0.058904
3 0.663281 0.142187 0.478125 0.042969
3 0.861719 0.256250 0.217188 0.052344
3 0.456250 0.253125 0.289844 0.049219
3 0.781250 0.583594 0.382031 0.056250
3 0.217969 0.421875 0.385156 0.052344
3 0.221094 0.745313 0.385937 0.047656
3 0.914062 0.939844 0.163281 0.062500
3 0.633594 0.935937 0.213281 0.054688
3 0.147656 0.934375 0.254688 0.061719
1 0.236083 0.285137 0.347248 0.224925
1 0.584375 0.379688 0.210156 0.132812
1 0.826562 0.442188 0.228125 0.227344
1 0.422656 0.543750 0.214844 0.128906
1 0.584375 0.710938 0.204687 0.128125
0 0.419531 0.893750 0.147656 0.117969
1 0.156250 0.854688 0.244531 0.092969
1 0.632812 0.515625 0.085938 0.072656
1 0.238250 0.599490 0.350612 0.243386
1 0.843401 0.867474 0.254836 0.134310
1 0.842187 0.715625 0.257031 0.149219
1 0.604688 0.853125 0.165625 0.107031
1 0.491406 0.210156 0.217188 0.033594
1 0.823438 0.208594 0.139063 0.032031
1 0.612500 0.107031 0.062500 0.025781
