3 0.575781 0.280469 0.541406 0.053125
3 0.590625 0.420312 0.128125 0.050781
3 0.452344 0.562500 0.124219 0.049219
3 0.782031 0.563281 0.122656 0.050000
3 0.585938 0.703906 0.110937 0.048438
3 0.262500 0.703906 0.131250 0.050781
1 0.585938 0.658594 0.096875 0.039844
1 0.817969 0.667188 0.049219 0.128125
1 0.554688 0.528125 0.049219 0.128125
1 0.554688 0.528125 0.049219 0.128125
1 0.480469 0.386719 0.049219 0.128125
1 0.818750 0.388281 0.049219 0.128125
1 0.486719 0.664062 0.049219 0.128125
1 0.760156 0.807813 0.166406 0.121875
1 0.454688 0.519531 0.096875 0.033594
1 0.582031 0.385937 0.102344 0.016406
1 0.763281 0.518750 0.085938 0.039062
1 0.276562 0.652344 0.085938 0.053906
0 0.600000 0.807031 0.145313 0.121094
1 0.814844 0.363281 0.045312 0.074219
