3 0.209375 0.557031 0.061719 0.072656
3 0.383594 0.555469 0.107813 0.079687
3 0.757031 0.551562 0.060156 0.082031
3 0.320312 0.342969 0.440625 0.060156
3 0.707812 0.346875 0.064062 0.077344
3 0.760938 0.746094 0.057031 0.078906
3 0.446875 0.748437 0.068750 0.079687
3 0.361719 0.747656 0.066406 0.074219
3 0.054688 0.748437 0.081250 0.078906
3 0.054688 0.557031 0.092188 0.081250
1 0.212500 0.483594 0.057813 0.079687
1 0.383594 0.481250 0.107813 0.079687
1 0.361719 0.671094 0.054688 0.080469
1 0.443750 0.672656 0.060156 0.081250
1 0.756250 0.666406 0.053906 0.078906
0 0.558594 0.900781 0.190625 0.146875
0 0.821094 0.902344 0.282813 0.146875
1 0.705469 0.272656 0.054688 0.071094
1 0.754687 0.476562 0.060156 0.070312
