0 0.089063 0.932813 0.065625 0.095312
0 0.240625 0.931250 0.067969 0.092969
0 0.378906 0.934375 0.064844 0.092969
0 0.521875 0.935937 0.064844 0.084375
0 0.664844 0.932031 0.064062 0.089844
0 0.810156 0.931250 0.055469 0.082031
1 0.812500 0.801562 0.058594 0.046875
1 0.669531 0.803125 0.070312 0.052344
1 0.530469 0.803906 0.070312 0.047656
1 0.386719 0.803125 0.071875 0.050781
1 0.238281 0.801562 0.064844 0.050000
1 0.096094 0.800000 0.065625 0.048438
1 0.094531 0.701562 0.065625 0.048438
1 0.237500 0.703125 0.064844 0.050000
1 0.385156 0.704688 0.071875 0.050781
1 0.529687 0.705469 0.070312 0.047656
1 0.668750 0.704688 0.070312 0.052344
1 0.811719 0.703125 0.058594 0.046875
1 0.816406 0.610156 0.058594 0.032031
1 0.675781 0.607031 0.068750 0.032813
1 0.532031 0.607812 0.068750 0.035937
1 0.385937 0.608594 0.071094 0.032031
1 0.236719 0.609375 0.070312 0.036719
1 0.096875 0.606250 0.071875 0.034375
1 0.814844 0.509375 0.058594 0.032031
1 0.673438 0.506250 0.068750 0.032813
1 0.530469 0.506250 0.068750 0.035937
1 0.383594 0.507812 0.071094 0.032031
1 0.235156 0.507812 0.070312 0.036719
1 0.094531 0.504687 0.071875 0.034375
1 0.811719 0.413281 0.057031 0.017969
1 0.671094 0.410938 0.064844 0.017969
1 0.528125 0.411719 0.064844 0.019531
1 0.379688 0.412500 0.071094 0.016406
1 0.231250 0.411719 0.068750 0.022656
1 0.089844 0.410938 0.077344 0.021094
