0 0.878906 0.838281 0.085156 0.175781
1 0.110156 0.215625 0.089063 0.172656
1 0.242188 0.214844 0.089063 0.172656
1 0.390625 0.216406 0.089063 0.172656
1 0.691406 0.212500 0.089063 0.172656
1 0.864844 0.214844 0.089063 0.172656
1 0.107813 0.507031 0.089063 0.172656
1 0.245312 0.505469 0.089063 0.172656
1 0.388281 0.507812 0.089063 0.172656
1 0.696094 0.507031 0.086719 0.172656
1 0.863281 0.506250 0.089063 0.172656
1 0.112500 0.795312 0.089063 0.172656
1 0.244531 0.794531 0.089063 0.172656
1 0.392969 0.796094 0.089063 0.172656
1 0.693750 0.792188 0.089063 0.172656
