0 0.499219 0.810156 0.078125 0.324219
1 0.603906 0.629687 0.044531 0.139063
1 0.895312 0.365625 0.110937 0.151562
1 0.897656 0.625781 0.110937 0.151562
1 0.896094 0.871094 0.106250 0.140625
1 0.738281 0.869531 0.051562 0.143750
1 0.736719 0.632031 0.051562 0.143750
1 0.739844 0.367969 0.051562 0.143750
1 0.395313 0.364844 0.051562 0.143750
1 0.396094 0.628125 0.051562 0.143750
1 0.396875 0.863281 0.051562 0.143750
1 0.250781 0.829688 0.054688 0.074219
1 0.110937 0.617969 0.110937 0.151562
1 0.108594 0.863281 0.106250 0.140625
1 0.108594 0.357812 0.110937 0.151562
1 0.500000 0.367188 0.100781 0.139063
1 0.607031 0.376563 0.051562 0.143750
1 0.607031 0.874219 0.051562 0.143750
1 0.252344 0.371875 0.051562 0.143750
1 0.237500 0.627344 0.035937 0.132812
