1 0.082805 0.162552 0.097379 0.219003
1 0.628060 0.126165 0.336824 0.114943
1 0.180294 0.366098 0.237953 0.095072
1 0.712557 0.361841 0.246302 0.105005
1 0.449905 0.399444 0.091146 0.197239
1 0.305881 0.127708 0.102278 0.097910
1 0.918853 0.392349 0.045225 0.200077
1 0.903198 0.145801 0.079318 0.200786
1 0.183078 0.606970 0.246302 0.117066
1 0.452340 0.641735 0.098799 0.206462
1 0.651330 0.609453 0.130804 0.117776
1 0.867714 0.641380 0.148894 0.210010
3 0.296140 0.202915 0.118976 0.124871
3 0.625238 0.206462 0.345797 0.129127
3 0.710470 0.450882 0.244910 0.121323
3 0.651677 0.707008 0.135675 0.102876
3 0.170554 0.708073 0.275524 0.107843
3 0.163248 0.452656 0.273437 0.122033
0 0.835938 0.900781 0.077344 0.168750
0 0.326001 0.905856 0.053729 0.174480
1 0.604688 0.901563 0.243750 0.173437
