0 0.473438 0.927344 0.049219 0.117969
1 0.674219 0.760156 0.085156 0.082031
1 0.691406 0.602344 0.086719 0.075781
1 0.515625 0.617188 0.041406 0.100781
1 0.392969 0.619531 0.034375 0.096094
1 0.238281 0.611719 0.078125 0.071094
1 0.521875 0.767188 0.044531 0.100000
1 0.382812 0.763281 0.042969 0.089844
1 0.248438 0.759375 0.079687 0.082812
3 0.479687 0.481250 0.608594 0.048438
1 0.689036 0.324835 0.081507 0.083648
1 0.422624 0.396898 0.055363 0.066559
3 0.569491 0.245342 0.493656 0.214967
1 0.453906 0.205469 0.064844 0.052344
3 0.542188 0.110156 0.451562 0.036719
3 0.899219 0.785156 0.150781 0.058594
