1 0.241406 0.286719 0.146875 0.103125
1 0.797656 0.288281 0.149219 0.101562
1 0.392188 0.260156 0.075000 0.057813
1 0.642188 0.257031 0.075000 0.057813
1 0.361719 0.465625 0.149219 0.104688
1 0.207813 0.450000 0.075000 0.057813
1 0.822656 0.449219 0.075000 0.050781
1 0.653125 0.465625 0.146875 0.103125
1 0.227344 0.654687 0.143750 0.109375
1 0.398438 0.640625 0.075000 0.050781
1 0.646875 0.644531 0.075000 0.057813
1 0.808594 0.832031 0.075000 0.050781
1 0.216406 0.830469 0.075000 0.050781
1 0.368750 0.832812 0.149219 0.095312
1 0.655469 0.832812 0.143750 0.109375
