1 0.092188 0.210938 0.016406 0.143750
1 0.192969 0.212500 0.048438 0.137500
1 0.262500 0.213281 0.016406 0.143750
1 0.444531 0.241406 0.017969 0.087500
1 0.334375 0.218750 0.016406 0.143750
1 0.189062 0.467969 0.050000 0.143750
1 0.071875 0.470313 0.048438 0.137500
1 0.128906 0.735938 0.048438 0.137500
1 0.253125 0.735938 0.048438 0.137500
1 0.443750 0.493750 0.017969 0.087500
1 0.510938 0.488281 0.049219 0.109375
1 0.521094 0.244531 0.050000 0.087500
1 0.704688 0.239844 0.050000 0.087500
1 0.601562 0.244531 0.017969 0.087500
1 0.600000 0.485156 0.017969 0.087500
1 0.703906 0.488281 0.049219 0.109375
1 0.705469 0.752344 0.049219 0.109375
1 0.520312 0.746094 0.049219 0.109375
1 0.705469 0.752344 0.049219 0.109375
1 0.445312 0.745313 0.015625 0.125781
0 0.335156 0.777344 0.035156 0.221875
3 0.571094 0.842969 0.352344 0.075000
3 0.568750 0.585156 0.348438 0.078906
3 0.571094 0.316406 0.346094 0.068750
1 0.800000 0.207813 0.018750 0.139063
1 0.896094 0.212500 0.053906 0.143750
1 0.925000 0.466406 0.055469 0.137500
1 0.817187 0.732812 0.017969 0.137500
1 0.896094 0.732812 0.057031 0.150781
1 0.816406 0.474219 0.022656 0.141406
1 0.600000 0.741406 0.020313 0.128125
1 0.263281 0.474219 0.020313 0.153906
0 0.921875 0.963281 0.032031 0.070312
0 0.819531 0.962500 0.015625 0.072656
