0 0.519531 0.921094 0.173437 0.096875
1 0.764844 0.748437 0.114062 0.069531
1 0.593750 0.750781 0.089844 0.068750
1 0.347656 0.774219 0.252344 0.115625
1 0.349219 0.596094 0.258594 0.072656
1 0.836719 0.621875 0.117188 0.119531
1 0.674219 0.441406 0.231250 0.060156
1 0.225781 0.489063 0.259375 0.063281
1 0.222656 0.310937 0.114062 0.112500
1 0.648438 0.285938 0.342969 0.063281
1 0.546094 0.157812 0.403906 0.110156
1 0.160156 0.133594 0.117188 0.055469
1 0.774219 0.825781 0.127344 0.014063
1 0.590625 0.824219 0.089063 0.019531
1 0.596094 0.595313 0.089063 0.069531
1 0.317969 0.673438 0.321094 0.014844
0 0.229687 0.940625 0.267969 0.092188
