3 0.417969 0.618750 0.187500 0.089844
3 0.414062 0.325781 0.187500 0.082812
3 0.797897 0.330791 0.199813 0.094018
0 0.614062 0.857031 0.153125 0.210156
3 0.794602 0.617142 0.193911 0.096018
1 0.603125 0.539844 0.112500 0.082812
1 0.607031 0.264062 0.117188 0.085938
1 0.167969 0.537500 0.109375 0.079687
1 0.166406 0.262500 0.113281 0.082031
1 0.171094 0.807031 0.107813 0.089063
1 0.395313 0.807813 0.114844 0.089844
1 0.804688 0.530469 0.114062 0.082812
1 0.802344 0.259375 0.105469 0.056250
1 0.395313 0.253906 0.120313 0.057031
1 0.396875 0.532031 0.112500 0.071094
