0 0.431250 0.810937 0.074219 0.154688
0 0.101562 0.769531 0.039844 0.159375
1 0.180469 0.742969 0.074219 0.165625
1 0.293750 0.751563 0.079687 0.162500
0 0.544531 0.799219 0.043750 0.156250
1 0.656250 0.754687 0.081250 0.160938
1 0.663281 0.486719 0.047656 0.105469
1 0.543750 0.489844 0.047656 0.105469
3 0.143750 0.549219 0.125781 0.089844
3 0.209459 0.311306 0.131920 0.089073
3 0.483018 0.311697 0.112484 0.080478
1 0.304688 0.485156 0.052344 0.118750
1 0.424219 0.489063 0.050000 0.115625
1 0.169531 0.487500 0.068750 0.036719
1 0.224554 0.265598 0.105867 0.049225
1 0.488281 0.254688 0.107031 0.032031
1 0.708594 0.258594 0.066406 0.082031
1 0.900781 0.740625 0.027344 0.174219
1 0.793750 0.739062 0.023438 0.178906
3 0.954250 0.565725 0.063195 0.092014
