1 0.155469 0.220312 0.063281 0.154688
1 0.474219 0.220312 0.075000 0.149219
1 0.604688 0.219531 0.063281 0.154688
1 0.915625 0.220312 0.059375 0.152344
1 0.798438 0.221875 0.117188 0.164062
1 0.151562 0.505469 0.059375 0.196094
1 0.462500 0.487500 0.056250 0.155469
1 0.601562 0.505469 0.060937 0.197656
1 0.913281 0.483594 0.059375 0.152344
1 0.826562 0.488281 0.056250 0.160938
1 0.735938 0.484375 0.059375 0.152344
1 0.916406 0.750000 0.059375 0.154688
1 0.824219 0.752344 0.059375 0.152344
1 0.737500 0.756250 0.056250 0.160938
1 0.602344 0.750781 0.075000 0.150781
1 0.155469 0.753906 0.075000 0.149219
1 0.370312 0.486719 0.063281 0.154688
1 0.366406 0.750781 0.056250 0.155469
1 0.464062 0.749219 0.060156 0.161719
1 0.223438 0.189062 0.032031 0.082812
