1 0.282813 0.728906 0.075781 0.120313
1 0.394531 0.566406 0.098437 0.111719
1 0.080469 0.566406 0.039062 0.132812
1 0.233594 0.399219 0.071875 0.127344
1 0.496875 0.401562 0.124219 0.128906
1 0.835156 0.403125 0.117188 0.129688
1 0.755469 0.567969 0.098437 0.131250
1 0.153906 0.239063 0.257031 0.042188
1 0.392188 0.178906 0.035937 0.233594
3 0.340625 0.445312 0.085938 0.045312
1 0.239844 0.564844 0.064844 0.036719
1 0.065625 0.729688 0.077344 0.042188
3 0.046875 0.440625 0.042969 0.047656
3 0.544531 0.607812 0.085938 0.045312
3 0.439063 0.774219 0.087500 0.044531
3 0.544531 0.607812 0.085938 0.045312
1 0.925000 0.567969 0.059375 0.038281
1 0.910156 0.737500 0.121094 0.125000
1 0.735156 0.737500 0.064844 0.039062
3 0.542969 0.788281 0.085938 0.045312
3 0.111719 0.141406 0.149219 0.051562
3 0.710938 0.140625 0.070312 0.047656
1 0.762500 0.236719 0.117188 0.039062
1 0.942187 0.183594 0.034375 0.235156
3 0.551562 0.278906 0.075781 0.049219
3 0.544531 0.173437 0.057031 0.047656
1 0.050000 0.382812 0.039844 0.073438
1 0.332813 0.395313 0.068750 0.048438
1 0.536719 0.556250 0.070312 0.062500
1 0.440625 0.715625 0.072656 0.064844
1 0.544531 0.234375 0.053906 0.035156
