0 0.092969 0.896094 0.074219 0.174219
0 0.246875 0.901563 0.067969 0.166406
0 0.404687 0.900781 0.074219 0.174219
0 0.719531 0.901563 0.067969 0.166406
3 0.100701 0.460956 0.197652 0.129371
3 0.101500 0.217366 0.198184 0.162005
3 0.103898 0.710373 0.191259 0.099068
3 0.884915 0.222028 0.227486 0.166667
3 0.885234 0.465618 0.228125 0.136364
3 0.799940 0.710373 0.053275 0.094406
3 0.721094 0.715625 0.075781 0.076563
3 0.563281 0.716406 0.075781 0.076563
3 0.406250 0.717969 0.075781 0.076563
3 0.255469 0.717969 0.075781 0.076563
3 0.561719 0.492188 0.075781 0.076563
3 0.719531 0.490625 0.075781 0.076563
3 0.405469 0.490625 0.075781 0.076563
3 0.251563 0.487500 0.075781 0.076563
3 0.405469 0.260937 0.075781 0.076563
3 0.249219 0.256250 0.075781 0.076563
3 0.564063 0.263281 0.075781 0.076563
3 0.724219 0.267969 0.075781 0.076563
1 0.251563 0.169531 0.073438 0.078125
1 0.406250 0.178125 0.073438 0.078125
1 0.721094 0.181250 0.072656 0.079687
1 0.248438 0.404687 0.073438 0.078125
1 0.560156 0.408594 0.064844 0.080469
1 0.720313 0.629687 0.073438 0.078125
1 0.405469 0.634375 0.072656 0.088281
1 0.248438 0.634375 0.073438 0.078125
1 0.093750 0.624219 0.069531 0.066406
1 0.093750 0.376563 0.073438 0.042188
1 0.560937 0.181250 0.072656 0.083594
1 0.404687 0.397656 0.073438 0.089063
1 0.718750 0.403125 0.067969 0.085156
1 0.560937 0.630469 0.073438 0.083594
1 0.876563 0.359375 0.067187 0.074219
