3 0.489844 0.085938 0.962500 0.071875
3 0.804784 0.280830 0.268543 0.118717
3 0.252252 0.271241 0.112883 0.128762
3 0.656848 0.459362 0.262601 0.086755
3 0.805675 0.679902 0.266760 0.098627
3 0.174125 0.679446 0.264384 0.094060
3 0.100454 0.478996 0.112289 0.107759
3 0.881128 0.478083 0.115854 0.104106
3 0.110937 0.296094 0.085938 0.068750
3 0.409375 0.262500 0.095312 0.080469
3 0.564844 0.297656 0.085156 0.071875
3 0.415625 0.488281 0.085938 0.069531
3 0.264844 0.486719 0.080469 0.060937
3 0.565625 0.680469 0.083594 0.067187
3 0.403906 0.664062 0.097656 0.086719
1 0.113281 0.235156 0.085938 0.047656
1 0.564844 0.234375 0.085938 0.047656
1 0.262500 0.427344 0.089063 0.062500
1 0.417187 0.425781 0.087500 0.053125
1 0.569531 0.618750 0.085938 0.047656
1 0.716406 0.612500 0.087500 0.053125
1 0.871875 0.609375 0.085938 0.047656
1 0.413281 0.603906 0.085938 0.034375
0 0.716406 0.903906 0.091406 0.136719
0 0.869531 0.903906 0.091406 0.136719
0 0.564844 0.900781 0.084375 0.137500
0 0.417187 0.900000 0.091406 0.136719
0 0.111719 0.900000 0.091406 0.136719
1 0.115625 0.809375 0.084375 0.049219
1 0.264062 0.811719 0.086719 0.060156
1 0.414844 0.806250 0.078906 0.055469
1 0.564063 0.806250 0.086719 0.057813
1 0.718750 0.810156 0.089063 0.053125
1 0.867188 0.807813 0.091406 0.057813
1 0.716406 0.407813 0.085938 0.020313
1 0.867973 0.423073 0.084507 0.055488
0 0.264062 0.868750 0.085156 0.051562
