3 0.229687 0.646094 0.250000 0.078125
3 0.506250 0.649219 0.242969 0.072656
3 0.786719 0.653906 0.275000 0.078125
0 0.768750 0.878906 0.201563 0.222656
0 0.222656 0.879687 0.159375 0.223438
1 0.490625 0.857031 0.162500 0.171875
1 0.231250 0.539062 0.155469 0.139063
1 0.496875 0.542969 0.157812 0.135937
1 0.764844 0.546875 0.153906 0.135937
1 0.765625 0.251563 0.152344 0.123438
1 0.494531 0.246094 0.153125 0.124219
1 0.236719 0.246875 0.145313 0.123438
3 0.238281 0.343750 0.241406 0.073438
3 0.513281 0.344531 0.248438 0.073438
3 0.780469 0.347656 0.256250 0.071094
3 0.500781 0.027344 0.867188 0.053125
