3 0.275781 0.602344 0.134375 0.063281
3 0.528906 0.603125 0.134375 0.067969
3 0.778125 0.603125 0.135156 0.058594
3 0.780469 0.364844 0.130469 0.061719
3 0.525781 0.364844 0.135156 0.058594
3 0.273438 0.366406 0.128906 0.062500
1 0.278125 0.303125 0.110937 0.068750
1 0.528906 0.301563 0.111719 0.070312
1 0.776563 0.300000 0.110156 0.071875
1 0.777344 0.535156 0.103906 0.067969
1 0.525000 0.541406 0.101562 0.064062
1 0.278906 0.535937 0.100781 0.072656
1 0.774219 0.150000 0.077344 0.035156
1 0.527344 0.151562 0.081250 0.037500
1 0.280469 0.150781 0.078125 0.038281
