1 0.209375 0.136719 0.017188 0.103125
1 0.278125 0.135937 0.017188 0.103125
1 0.400781 0.215625 0.024219 0.087500
1 0.604688 0.214062 0.037500 0.089844
1 0.722656 0.373437 0.021094 0.097656
1 0.790625 0.372656 0.019531 0.107031
1 0.209375 0.372656 0.017188 0.103125
1 0.279687 0.380469 0.017188 0.103125
1 0.403125 0.425000 0.024219 0.087500
1 0.600781 0.424219 0.027344 0.099219
1 0.724219 0.600781 0.021094 0.097656
1 0.792188 0.600000 0.019531 0.107031
1 0.211719 0.603906 0.017188 0.103125
1 0.278125 0.601562 0.017188 0.103125
1 0.396875 0.621875 0.036719 0.083594
1 0.606250 0.621094 0.035156 0.081250
1 0.725781 0.832812 0.021094 0.097656
1 0.793750 0.832031 0.019531 0.107031
1 0.210156 0.829688 0.017188 0.103125
1 0.277344 0.827344 0.017188 0.103125
