0 0.492188 0.766406 0.117188 0.291406
1 0.491406 0.403906 0.110937 0.182812
3 0.721765 0.397896 0.229412 0.093029
3 0.182059 0.395059 0.320588 0.110046
1 0.793750 0.700000 0.064844 0.228125
1 0.932031 0.703906 0.036719 0.175781
1 0.915625 0.399219 0.047656 0.239063
1 0.992188 0.382812 0.015625 0.167187
1 0.697656 0.312500 0.114844 0.079687
3 0.800338 0.153412 0.398324 0.035169
1 0.708594 0.120313 0.091406 0.035156
1 0.876563 0.124219 0.039062 0.039844
1 0.947656 0.128125 0.038281 0.032031
1 0.492969 0.198437 0.091406 0.067969
1 0.198437 0.328125 0.072656 0.035156
1 0.040625 0.712500 0.054688 0.200781
3 0.275781 0.840625 0.142969 0.102344
