3 0.409375 0.106250 0.114844 0.011719
3 0.264844 0.103125 0.142969 0.012500
3 0.092969 0.103906 0.171094 0.013281
3 0.266406 0.210938 0.142969 0.014063
3 0.408594 0.210938 0.111719 0.015625
3 0.095312 0.207031 0.164844 0.014844
3 0.266406 0.315625 0.142187 0.014063
3 0.409375 0.317969 0.108594 0.016406
3 0.093750 0.315625 0.167969 0.016406
3 0.094531 0.422656 0.167969 0.014844
3 0.265625 0.423438 0.145313 0.020313
3 0.408594 0.425000 0.108594 0.017969
3 0.094531 0.527344 0.167187 0.019531
3 0.265625 0.529687 0.146094 0.020313
3 0.408594 0.529687 0.109375 0.015625
3 0.410938 0.636719 0.113281 0.019531
3 0.267188 0.635156 0.147656 0.019531
3 0.094531 0.632031 0.170313 0.020313
3 0.096094 0.739062 0.164844 0.020313
3 0.266406 0.740625 0.144531 0.020313
3 0.411719 0.741406 0.111719 0.021875
3 0.546094 0.739844 0.132812 0.021094
3 0.546094 0.635938 0.132812 0.020313
3 0.700781 0.635938 0.146094 0.017969
3 0.885938 0.637500 0.190625 0.024219
3 0.886719 0.742969 0.188281 0.022656
3 0.700781 0.742188 0.147656 0.021094
3 0.887500 0.846875 0.185938 0.024219
3 0.698438 0.846094 0.150000 0.021875
3 0.547656 0.846875 0.132031 0.021875
3 0.410938 0.846875 0.113281 0.022656
3 0.264844 0.843750 0.144531 0.021094
3 0.097656 0.844531 0.166406 0.027344
1 0.566064 0.710403 0.065183 0.035583
1 0.714929 0.714657 0.065183 0.031715
1 0.869519 0.716978 0.078396 0.028621
1 0.869078 0.816764 0.079277 0.037903
1 0.714929 0.815991 0.068707 0.039450
1 0.568266 0.814057 0.071349 0.043318
1 0.568667 0.611003 0.067025 0.034809
1 0.431646 0.815281 0.018820 0.041529
1 0.430922 0.714849 0.015442 0.033901
1 0.430440 0.613357 0.018337 0.029240
1 0.308836 0.813798 0.039570 0.039410
1 0.309801 0.711670 0.040535 0.037715
1 0.307629 0.607424 0.041982 0.035172
1 0.876718 0.616425 0.067767 0.019212
1 0.715039 0.610802 0.065632 0.030458
