0 0.284375 0.896875 0.092188 0.203906
0 0.140625 0.897656 0.117969 0.202344
1 0.555469 0.900000 0.307031 0.196875
0 0.483594 0.898438 0.060156 0.200781
3 0.704430 0.680026 0.501944 0.086347
1 0.364844 0.593750 0.058594 0.164844
1 0.264844 0.600781 0.060156 0.159375
3 0.118829 0.691430 0.201485 0.086347
1 0.123438 0.588281 0.142187 0.117188
1 0.611157 0.577544 0.313040 0.119247
3 0.419671 0.363723 0.839343 0.096602
1 0.116406 0.293750 0.131250 0.064062
1 0.259375 0.287500 0.067187 0.061719
1 0.426563 0.299219 0.051562 0.050000
1 0.542969 0.295312 0.047656 0.053125
1 0.685937 0.320312 0.050781 0.085938
3 0.414062 0.162500 0.721094 0.064062
1 0.189062 0.107031 0.190625 0.048438
1 0.469531 0.114844 0.188281 0.039844
1 0.864062 0.582031 0.060156 0.117969
