1 0.731250 0.285938 0.017969 0.075781
1 0.646875 0.389844 0.063281 0.083594
1 0.695312 0.396875 0.014844 0.064844
1 0.750781 0.507031 0.056250 0.094531
1 0.797656 0.505469 0.017969 0.075781
1 0.759375 0.614062 0.063281 0.090625
1 0.806250 0.619531 0.015625 0.085938
3 0.642188 0.641406 0.126562 0.032813
3 0.641406 0.533594 0.125000 0.031250
3 0.873437 0.757812 0.103906 0.032813
1 0.756250 0.840625 0.064062 0.089844
1 0.806250 0.840625 0.017188 0.082031
1 0.645312 0.726562 0.063281 0.092188
1 0.697656 0.732812 0.017969 0.075000
3 0.592969 0.757812 0.026562 0.034375
3 0.639062 0.310156 0.117969 0.028125
3 0.640625 0.872656 0.125781 0.032813
3 0.434375 0.871875 0.072656 0.029687
1 0.352344 0.839063 0.046875 0.099219
1 0.237500 0.839844 0.051562 0.096875
1 0.232813 0.727344 0.060156 0.092969
1 0.181250 0.728125 0.013281 0.075000
3 0.332031 0.759375 0.096875 0.034375
1 0.303125 0.609375 0.017188 0.089063
1 0.353125 0.619531 0.047656 0.089063
1 0.233594 0.612500 0.049219 0.092969
1 0.352344 0.505469 0.048438 0.085938
1 0.306250 0.504687 0.020313 0.072656
1 0.237500 0.506250 0.043750 0.085156
1 0.176563 0.508594 0.050781 0.092188
1 0.174219 0.392188 0.013281 0.070312
1 0.225781 0.390625 0.057031 0.085156
3 0.331250 0.417187 0.101562 0.025781
3 0.289062 0.190625 0.308594 0.016406
3 0.775781 0.190625 0.383594 0.014063
3 0.858594 0.416406 0.042188 0.025781
0 0.767969 0.949219 0.082031 0.082031
0 0.635156 0.946875 0.103125 0.082031
0 0.421094 0.941406 0.046094 0.067969
1 0.432812 0.486719 0.013281 0.032813
1 0.432031 0.539844 0.017969 0.021875
1 0.433594 0.746875 0.017969 0.067187
1 0.310156 0.841406 0.015625 0.075000
1 0.250000 0.285938 0.015625 0.068750
1 0.431250 0.639844 0.023438 0.037500
1 0.592187 0.835156 0.017188 0.041406
1 0.429688 0.834375 0.024219 0.042969
1 0.324219 0.728125 0.017188 0.031250
1 0.589844 0.732031 0.013281 0.018750
1 0.672656 0.829688 0.018750 0.042188
1 0.359375 0.374219 0.040625 0.010156
1 0.807813 0.841406 0.014063 0.073438
