3 0.075781 0.152344 0.125000 0.046094
3 0.203906 0.150781 0.122656 0.050000
3 0.074219 0.262500 0.125000 0.046094
3 0.202344 0.260156 0.122656 0.050000
3 0.075781 0.378125 0.125000 0.046094
3 0.204687 0.376563 0.122656 0.050000
3 0.074219 0.487500 0.125000 0.046094
3 0.203125 0.485938 0.122656 0.050000
3 0.075781 0.603906 0.125000 0.046094
3 0.204687 0.601562 0.122656 0.050000
3 0.074219 0.713281 0.125000 0.046094
3 0.203125 0.711719 0.122656 0.050000
3 0.076563 0.829688 0.125000 0.046094
3 0.205469 0.827344 0.122656 0.050000
3 0.443750 0.260156 0.112500 0.050000
3 0.327344 0.262500 0.108594 0.047656
3 0.441406 0.375000 0.112500 0.050000
3 0.325781 0.377344 0.108594 0.047656
3 0.446094 0.484375 0.112500 0.050000
3 0.330469 0.487500 0.108594 0.047656
3 0.444531 0.599219 0.112500 0.050000
3 0.328125 0.601562 0.108594 0.047656
3 0.447656 0.711719 0.112500 0.050000
3 0.332031 0.714063 0.108594 0.047656
3 0.446094 0.826562 0.112500 0.050000
3 0.329688 0.828906 0.108594 0.047656
3 0.678125 0.371094 0.112500 0.050000
3 0.562500 0.373437 0.108594 0.047656
3 0.675781 0.485938 0.112500 0.050000
3 0.560156 0.488281 0.108594 0.047656
3 0.680469 0.599219 0.112500 0.050000
3 0.564063 0.601562 0.108594 0.047656
3 0.678125 0.714063 0.112500 0.050000
3 0.562500 0.716406 0.108594 0.047656
3 0.680469 0.823438 0.112500 0.050000
3 0.564844 0.826562 0.108594 0.047656
3 0.931250 0.490625 0.117969 0.041406
3 0.796875 0.488281 0.108594 0.047656
3 0.932031 0.601562 0.117969 0.042969
3 0.800781 0.601562 0.108594 0.047656
3 0.931250 0.711719 0.120313 0.047656
3 0.798438 0.716406 0.108594 0.047656
3 0.932813 0.821094 0.121875 0.047656
3 0.801562 0.826562 0.108594 0.047656
0 0.900781 0.944531 0.063281 0.101562
0 0.789844 0.944531 0.088281 0.103906
0 0.675000 0.942969 0.076563 0.087500
0 0.582812 0.942969 0.037500 0.107031
0 0.529687 0.946094 0.026562 0.105469
0 0.446094 0.946875 0.082812 0.103125
0 0.332031 0.946875 0.082812 0.103125
0 0.217188 0.946094 0.089063 0.104688
0 0.092969 0.938281 0.085156 0.096094
1 0.092969 0.346875 0.085938 0.021094
1 0.088281 0.451562 0.085938 0.021094
1 0.334375 0.452344 0.079687 0.019531
1 0.094531 0.568750 0.085938 0.021094
1 0.093750 0.676562 0.085156 0.021094
1 0.091406 0.786719 0.088281 0.028906
1 0.335156 0.674219 0.081250 0.021875
1 0.333594 0.564844 0.081250 0.024219
1 0.189062 0.565625 0.039844 0.021094
1 0.245312 0.569531 0.039844 0.021875
1 0.190625 0.675781 0.037500 0.017188
1 0.246875 0.678125 0.041406 0.028906
1 0.246875 0.784375 0.042969 0.028906
1 0.190625 0.784375 0.039062 0.026562
1 0.561719 0.569531 0.083594 0.021875
1 0.672656 0.561719 0.078125 0.023438
1 0.671875 0.450000 0.079687 0.017188
1 0.560156 0.457031 0.082812 0.013281
1 0.560937 0.671094 0.089844 0.032813
1 0.447656 0.674219 0.089844 0.026562
1 0.449219 0.785937 0.086719 0.025781
1 0.335938 0.785156 0.082812 0.036719
1 0.760156 0.784375 0.041406 0.032031
1 0.901563 0.783594 0.053906 0.028125
1 0.903125 0.674219 0.060937 0.021875
1 0.816406 0.679688 0.039062 0.025781
1 0.765625 0.675000 0.042969 0.030469
1 0.900781 0.570312 0.060937 0.021094
1 0.817969 0.567969 0.037500 0.028125
1 0.762500 0.566406 0.038281 0.017969
1 0.902344 0.457813 0.061719 0.021094
1 0.816406 0.454688 0.038281 0.012500
1 0.672656 0.674219 0.076563 0.024219
1 0.559375 0.786719 0.085156 0.028906
1 0.673438 0.783594 0.079687 0.030469
1 0.449219 0.566406 0.078906 0.015625
1 0.817187 0.786719 0.038281 0.030469
1 0.761719 0.457031 0.036719 0.018750
1 0.446875 0.455469 0.082031 0.014844
1 0.189844 0.454688 0.037500 0.013281
1 0.246094 0.454688 0.037500 0.012500
1 0.189844 0.345313 0.036719 0.010937
1 0.246094 0.344531 0.038281 0.012500
1 0.330469 0.345313 0.071094 0.012500
