3 0.517188 0.099219 0.879687 0.028906
3 0.505469 0.188281 0.910937 0.032031
3 0.491406 0.274219 0.878125 0.028906
3 0.517969 0.360156 0.874219 0.033594
3 0.509375 0.446094 0.903125 0.032813
3 0.208594 0.532031 0.289844 0.029687
3 0.737500 0.528125 0.389062 0.021094
3 0.783594 0.873437 0.308594 0.025000
1 0.395313 0.075781 0.528906 0.015625
1 0.401562 0.162500 0.521094 0.019531
1 0.634375 0.248438 0.465625 0.026562
1 0.392969 0.331250 0.546094 0.025000
1 0.389062 0.417187 0.523438 0.019531
1 0.685156 0.503906 0.379688 0.028906
3 0.550000 0.970313 0.819531 0.029687
1 0.582031 0.938281 0.368750 0.032813
0 0.735938 0.944531 0.083594 0.022656
0 0.453125 0.944531 0.088281 0.019531
3 0.155469 0.613281 0.170313 0.028125
