3 0.249754 0.186156 0.493655 0.051153
3 0.752297 0.188746 0.418444 0.047268
1 0.071875 0.337500 0.113281 0.121875
3 0.580469 0.296875 0.293750 0.062500
3 0.834375 0.487500 0.289844 0.059375
1 0.196094 0.508594 0.369531 0.128125
3 0.578906 0.679688 0.298438 0.054688
1 0.075000 0.676562 0.118750 0.132812
1 0.198437 0.847656 0.360938 0.132031
3 0.832812 0.872656 0.320312 0.061719
1 0.799219 0.808594 0.242188 0.060156
0 0.335156 0.983594 0.490625 0.023438
0 0.678906 0.977344 0.109375 0.043750
1 0.675000 0.065625 0.369531 0.042188
