3 0.776563 0.300781 0.421094 0.082031
1 0.820312 0.217969 0.217188 0.088281
3 0.687500 0.610156 0.228125 0.082031
1 0.641406 0.506250 0.040625 0.123438
1 0.733594 0.507812 0.041406 0.132031
1 0.818750 0.557813 0.038281 0.222656
1 0.903906 0.556250 0.028125 0.237500
3 0.500000 0.330469 0.107813 0.061719
3 0.212500 0.610156 0.385156 0.099219
1 0.078906 0.458594 0.048438 0.203906
1 0.160156 0.460938 0.032813 0.202344
1 0.238281 0.462500 0.029687 0.207813
1 0.313281 0.462500 0.027344 0.207813
1 0.392188 0.464062 0.035156 0.207813
1 0.198437 0.863281 0.283594 0.178906
0 0.486719 0.725781 0.086719 0.514844
1 0.682813 0.859375 0.206250 0.193750
1 0.907813 0.839844 0.028906 0.224219
1 0.824219 0.827344 0.025000 0.178906
