1 0.117188 0.504687 0.017969 0.836719
1 0.155469 0.504687 0.016406 0.831250
1 0.198437 0.515625 0.018750 0.864062
1 0.076563 0.507812 0.020313 0.842969
1 0.035937 0.527344 0.017969 0.892188
1 0.238281 0.538281 0.019531 0.890625
1 0.279687 0.542969 0.019531 0.890625
1 0.320312 0.538281 0.019531 0.890625
1 0.439844 0.535937 0.019531 0.890625
1 0.361719 0.534375 0.019531 0.890625
1 0.398438 0.543750 0.019531 0.890625
1 0.519531 0.541406 0.017969 0.889062
1 0.559375 0.540625 0.017969 0.889062
1 0.479687 0.424219 0.019531 0.666406
1 0.600000 0.546875 0.017969 0.889062
1 0.639844 0.546094 0.017969 0.889062
1 0.679688 0.546875 0.017969 0.906250
1 0.960938 0.540625 0.017969 0.889062
1 0.923438 0.546094 0.017969 0.889062
1 0.882031 0.546875 0.016406 0.900000
1 0.842969 0.546875 0.017969 0.889062
1 0.721094 0.540625 0.017969 0.889062
1 0.760938 0.542188 0.017969 0.889062
1 0.801562 0.539062 0.017969 0.889062
1 0.519531 0.541406 0.017969 0.889062
0 0.487500 0.901563 0.042188 0.185156
