0 0.029687 0.919531 0.031250 0.098437
0 0.138281 0.921094 0.031250 0.098437
0 0.245312 0.922656 0.035156 0.102344
0 0.462500 0.914844 0.042969 0.105469
0 0.462500 0.914844 0.042969 0.105469
0 0.356250 0.919531 0.037500 0.105469
0 0.408594 0.896875 0.046094 0.064844
0 0.563281 0.911719 0.035156 0.100781
0 0.515625 0.901563 0.046094 0.078906
0 0.680469 0.959375 0.027344 0.076563
0 0.717187 0.957031 0.031250 0.081250
0 0.754687 0.960156 0.028125 0.075000
0 0.811719 0.957812 0.064062 0.079687
1 0.025000 0.237500 0.026562 0.127344
1 0.050000 0.236719 0.010937 0.117969
1 0.078906 0.240625 0.028125 0.133594
1 0.105469 0.238281 0.012500 0.114844
1 0.132812 0.242188 0.029687 0.126562
1 0.160938 0.239063 0.014063 0.112500
1 0.189062 0.239063 0.030469 0.133594
1 0.215625 0.239063 0.012500 0.121094
1 0.242969 0.239844 0.030469 0.133594
1 0.271094 0.241406 0.013281 0.115625
1 0.298438 0.239063 0.028906 0.122656
1 0.325000 0.238281 0.013281 0.119531
1 0.352344 0.240625 0.029687 0.124219
1 0.379688 0.241406 0.014063 0.117969
1 0.407813 0.240625 0.032031 0.121094
1 0.434375 0.242188 0.014844 0.119531
1 0.461719 0.242188 0.031250 0.126562
1 0.489063 0.238281 0.014063 0.124219
1 0.517188 0.238281 0.033594 0.141406
1 0.543750 0.237500 0.015625 0.127344
1 0.570312 0.241406 0.032031 0.124219
1 0.571094 0.408594 0.033594 0.126562
1 0.542188 0.417969 0.015625 0.127344
1 0.542969 0.581250 0.015625 0.127344
1 0.542969 0.746094 0.015625 0.127344
1 0.571875 0.573438 0.033594 0.126562
1 0.571875 0.746094 0.033594 0.126562
1 0.517188 0.410156 0.033594 0.126562
1 0.489063 0.419531 0.015625 0.127344
1 0.489844 0.582812 0.015625 0.127344
1 0.517969 0.575000 0.033594 0.126562
1 0.489844 0.748437 0.015625 0.127344
1 0.517969 0.747656 0.033594 0.126562
1 0.460938 0.740625 0.033594 0.126562
1 0.432812 0.740625 0.015625 0.127344
1 0.432812 0.575000 0.015625 0.127344
1 0.461719 0.575000 0.033594 0.126562
1 0.460938 0.402344 0.033594 0.126562
1 0.432812 0.406250 0.015625 0.127344
1 0.407031 0.735938 0.033594 0.126562
1 0.380469 0.731250 0.015625 0.127344
1 0.379688 0.566406 0.015625 0.127344
1 0.408594 0.566406 0.033594 0.126562
1 0.407813 0.393750 0.033594 0.126562
1 0.379688 0.397656 0.015625 0.127344
1 0.323437 0.737500 0.015625 0.127344
1 0.350781 0.742188 0.033594 0.126562
1 0.352344 0.571875 0.033594 0.126562
1 0.323437 0.572656 0.015625 0.127344
1 0.351562 0.399219 0.033594 0.126562
1 0.323437 0.403125 0.015625 0.127344
1 0.296094 0.400781 0.033594 0.126562
1 0.267969 0.404687 0.015625 0.127344
1 0.267969 0.574219 0.015625 0.127344
1 0.296875 0.573438 0.033594 0.126562
1 0.295312 0.742969 0.033594 0.126562
1 0.267969 0.739062 0.015625 0.127344
1 0.240625 0.745313 0.033594 0.126562
1 0.242188 0.577344 0.033594 0.126562
1 0.241406 0.404687 0.033594 0.126562
1 0.214844 0.407031 0.014063 0.114062
1 0.214844 0.570312 0.011719 0.118750
1 0.214844 0.742188 0.013281 0.128125
1 0.188281 0.743750 0.028125 0.117188
1 0.188281 0.579688 0.031250 0.121094
1 0.187500 0.406250 0.029687 0.118750
1 0.160938 0.405469 0.011719 0.122656
1 0.160156 0.577344 0.010156 0.107813
1 0.160938 0.739062 0.012500 0.115625
1 0.133594 0.406250 0.029687 0.128125
1 0.132812 0.571875 0.029687 0.128906
1 0.135156 0.741406 0.028125 0.128906
1 0.105469 0.737500 0.014063 0.126562
1 0.107031 0.573438 0.010937 0.115625
1 0.079687 0.744531 0.028125 0.131250
1 0.078906 0.576562 0.028906 0.131250
1 0.079687 0.405469 0.029687 0.125000
1 0.051562 0.742188 0.011719 0.117969
1 0.051562 0.573438 0.012500 0.114844
1 0.051562 0.403906 0.011719 0.125000
1 0.025000 0.409375 0.028906 0.137500
1 0.024219 0.579688 0.026562 0.135937
1 0.025000 0.742188 0.026562 0.132812
1 0.607812 0.518750 0.025781 0.082031
1 0.606250 0.626563 0.025781 0.082031
1 0.606250 0.839844 0.025781 0.082031
1 0.606250 0.839844 0.025781 0.082031
1 0.644531 0.498437 0.022656 0.093750
1 0.717969 0.493750 0.021875 0.091406
1 0.736719 0.493750 0.008594 0.079687
1 0.719531 0.610156 0.021875 0.091406
1 0.738281 0.610156 0.008594 0.079687
1 0.718750 0.719531 0.021875 0.091406
1 0.737500 0.719531 0.008594 0.079687
1 0.718750 0.834375 0.021875 0.089844
1 0.737500 0.831250 0.007812 0.078125
1 0.699219 0.834375 0.009375 0.086719
1 0.679688 0.831250 0.019531 0.089844
1 0.681250 0.723437 0.021875 0.092188
1 0.679688 0.608594 0.022656 0.089844
1 0.681250 0.492969 0.020313 0.086719
1 0.643750 0.604688 0.021875 0.094531
1 0.644531 0.717969 0.022656 0.089063
1 0.644531 0.832031 0.021094 0.082812
1 0.700781 0.719531 0.010937 0.082812
1 0.700000 0.604688 0.010156 0.079687
1 0.755469 0.495312 0.020313 0.080469
1 0.756250 0.604688 0.021094 0.082812
1 0.755469 0.721875 0.021875 0.091406
1 0.755469 0.838281 0.021094 0.091406
1 0.774219 0.832812 0.009375 0.082812
1 0.774219 0.721094 0.008594 0.082031
1 0.773438 0.607812 0.009375 0.081250
1 0.774219 0.493750 0.008594 0.075781
1 0.791406 0.491406 0.021094 0.087500
1 0.811719 0.493750 0.009375 0.085938
1 0.830469 0.496094 0.020313 0.087500
1 0.849219 0.496094 0.008594 0.078125
1 0.868750 0.495312 0.021875 0.085938
1 0.793750 0.608594 0.023438 0.092969
1 0.811719 0.607031 0.009375 0.089063
1 0.830469 0.607812 0.019531 0.092969
1 0.849219 0.606250 0.008594 0.082031
1 0.830469 0.721875 0.019531 0.089844
1 0.848437 0.721094 0.009375 0.087500
1 0.792969 0.722656 0.020313 0.087500
1 0.810937 0.719531 0.008594 0.083594
1 0.792969 0.834375 0.019531 0.084375
1 0.811719 0.832812 0.007812 0.085938
1 0.828906 0.833594 0.018750 0.086719
1 0.849219 0.831250 0.007812 0.080469
1 0.867188 0.830469 0.018750 0.089844
1 0.885938 0.828906 0.008594 0.083594
1 0.867188 0.721094 0.019531 0.082812
1 0.866406 0.606250 0.020313 0.089063
1 0.885938 0.494531 0.010156 0.080469
1 0.886719 0.608594 0.010937 0.082812
1 0.886719 0.720313 0.009375 0.075000
1 0.904687 0.493750 0.019531 0.085156
1 0.904687 0.603906 0.019531 0.089063
1 0.904687 0.720313 0.019531 0.090625
1 0.904687 0.835156 0.020313 0.094531
1 0.931250 0.517969 0.020313 0.086719
1 0.930469 0.628906 0.020313 0.090625
1 0.931250 0.737500 0.021875 0.093750
1 0.931250 0.842969 0.020313 0.092188
1 0.964043 0.498033 0.015426 0.103882
1 0.963498 0.605850 0.015837 0.103882
1 0.963601 0.719963 0.015632 0.103882
1 0.963498 0.834469 0.017071 0.096799
1 0.948484 0.839191 0.005553 0.081060
1 0.948484 0.839191 0.005553 0.081060
1 0.949101 0.732161 0.005553 0.081060
1 0.949306 0.626705 0.005553 0.081060
1 0.949065 0.509339 0.005553 0.081060
1 0.993977 0.458476 0.010882 0.103809
1 0.979339 0.478273 0.006555 0.090553
1 0.979339 0.595294 0.006062 0.090553
1 0.979339 0.711371 0.006062 0.090553
1 0.993484 0.578328 0.010882 0.103809
1 0.993222 0.701012 0.010359 0.098147
1 0.993607 0.824167 0.011622 0.102865
1 0.978599 0.833110 0.006062 0.090553
