0 0.421875 0.884375 0.028125 0.180469
0 0.500781 0.892188 0.025781 0.167969
0 0.579688 0.888281 0.018750 0.179688
1 0.194531 0.887500 0.014063 0.175781
1 0.194531 0.656250 0.014063 0.175781
1 0.194531 0.341406 0.013281 0.335938
1 0.232813 0.335938 0.008594 0.331250
1 0.234375 0.650781 0.010937 0.171875
1 0.233594 0.889062 0.010156 0.185938
1 0.300781 0.335156 0.010156 0.336719
1 0.342187 0.329688 0.014063 0.327344
1 0.303125 0.654687 0.008594 0.169531
1 0.303125 0.893750 0.008594 0.184375
1 0.342187 0.649219 0.012500 0.163281
1 0.341406 0.893750 0.012500 0.168750
1 0.380469 0.336719 0.017969 0.331250
1 0.378906 0.654687 0.012500 0.163281
1 0.378906 0.899219 0.012500 0.168750
1 0.421094 0.421094 0.026562 0.167187
1 0.461719 0.420312 0.032813 0.167969
1 0.502344 0.419531 0.035156 0.168750
1 0.543750 0.417187 0.035156 0.172656
1 0.580469 0.420312 0.019531 0.164062
1 0.460156 0.771094 0.034375 0.409375
1 0.421094 0.662500 0.026562 0.167187
1 0.502344 0.682031 0.034375 0.228125
1 0.545312 0.776563 0.035156 0.400000
1 0.640625 0.347656 0.010156 0.189844
1 0.663281 0.349219 0.010156 0.189844
1 0.684375 0.353906 0.010156 0.189844
1 0.707031 0.353906 0.010156 0.189844
1 0.726562 0.349219 0.010156 0.189844
1 0.749219 0.350000 0.010156 0.189844
1 0.770312 0.354687 0.010156 0.189844
1 0.792969 0.354687 0.010156 0.189844
1 0.638281 0.608594 0.010156 0.189844
1 0.660937 0.609375 0.010156 0.189844
1 0.682031 0.614062 0.010156 0.189844
1 0.704688 0.614062 0.010156 0.189844
1 0.724219 0.609375 0.010156 0.189844
1 0.746875 0.610938 0.010156 0.189844
1 0.767969 0.615625 0.010156 0.189844
1 0.790625 0.615625 0.010156 0.189844
1 0.810156 0.345313 0.010156 0.189844
1 0.832812 0.346875 0.010156 0.189844
1 0.853906 0.351562 0.010156 0.189844
1 0.876563 0.351562 0.010156 0.189844
1 0.896094 0.346875 0.010156 0.189844
1 0.918750 0.347656 0.010156 0.189844
1 0.939844 0.352344 0.010156 0.189844
1 0.962500 0.352344 0.010156 0.189844
1 0.807813 0.606250 0.010156 0.189844
1 0.830469 0.607031 0.010156 0.189844
1 0.851562 0.611719 0.010156 0.189844
1 0.874219 0.611719 0.010156 0.189844
1 0.893750 0.607031 0.010156 0.189844
1 0.916406 0.608594 0.010156 0.189844
1 0.937500 0.613281 0.010156 0.189844
1 0.960156 0.613281 0.010156 0.189844
1 0.810156 0.345313 0.010156 0.189844
1 0.832812 0.346875 0.010156 0.189844
1 0.853906 0.351562 0.010156 0.189844
1 0.876563 0.351562 0.010156 0.189844
1 0.965625 0.636719 0.010156 0.189844
1 0.811719 0.890625 0.010156 0.189844
1 0.834375 0.891406 0.010156 0.189844
1 0.855469 0.896094 0.010156 0.189844
1 0.878125 0.896094 0.010156 0.189844
1 0.896875 0.891406 0.010156 0.189844
1 0.919531 0.892969 0.010156 0.189844
1 0.940625 0.897656 0.010156 0.189844
1 0.963281 0.897656 0.010156 0.189844
1 0.636719 0.885938 0.010156 0.189844
1 0.659375 0.886719 0.010156 0.189844
1 0.680469 0.891406 0.010156 0.189844
1 0.703125 0.891406 0.010156 0.189844
1 0.722656 0.886719 0.010156 0.189844
1 0.745313 0.888281 0.010156 0.189844
1 0.766406 0.892969 0.010156 0.189844
1 0.789062 0.892969 0.010156 0.189844
1 0.274219 0.420312 0.006250 0.164844
1 0.275000 0.659375 0.003906 0.171875
1 0.275000 0.895312 0.005469 0.178906
