1 0.083594 0.199219 0.057031 0.135156
1 0.217188 0.202344 0.065625 0.135156
1 0.352344 0.202344 0.060937 0.129688
1 0.487500 0.203906 0.065625 0.135156
1 0.626563 0.199219 0.065625 0.135156
1 0.768750 0.202344 0.065625 0.135156
1 0.903125 0.199219 0.060156 0.135937
1 0.902344 0.439844 0.060156 0.135937
1 0.767969 0.442188 0.065625 0.135156
1 0.625781 0.439844 0.065625 0.135156
1 0.486719 0.443750 0.065625 0.135156
1 0.351562 0.442188 0.060937 0.129688
1 0.216406 0.443750 0.065625 0.135156
1 0.082812 0.441406 0.057031 0.135156
1 0.078125 0.917969 0.063281 0.161719
1 0.079687 0.672656 0.063281 0.154688
1 0.217188 0.674219 0.067187 0.151562
1 0.351562 0.675781 0.065625 0.151562
1 0.489063 0.671094 0.065625 0.135156
1 0.628906 0.677344 0.064844 0.148438
1 0.766406 0.678906 0.065625 0.135156
1 0.901563 0.676562 0.060156 0.135937
1 0.903906 0.917969 0.063281 0.161719
1 0.762500 0.914844 0.059375 0.167969
1 0.630469 0.915625 0.066406 0.159375
1 0.490625 0.917188 0.064844 0.157031
1 0.353906 0.919531 0.067187 0.158594
1 0.215625 0.917188 0.066406 0.162500
1 0.625781 0.439844 0.066406 0.142187
