1 0.142187 0.443750 0.064062 0.146875
3 0.133594 0.294531 0.078906 0.039844
0 0.138281 0.929688 0.042188 0.110156
0 0.227344 0.923438 0.050000 0.120313
0 0.321875 0.921875 0.049219 0.116406
0 0.410938 0.921875 0.047656 0.121094
0 0.501563 0.922656 0.060156 0.118750
0 0.592187 0.919531 0.053125 0.129688
0 0.683594 0.921875 0.047656 0.125781
0 0.773438 0.919531 0.045312 0.121094
0 0.866406 0.914062 0.044531 0.114062
3 0.225781 0.292969 0.075000 0.041406
3 0.316406 0.296094 0.074219 0.040625
3 0.410156 0.295312 0.072656 0.039062
3 0.501563 0.293750 0.075781 0.039062
3 0.594531 0.295312 0.075000 0.037500
3 0.684375 0.295312 0.074219 0.037500
3 0.777344 0.295312 0.072656 0.044531
3 0.867188 0.293750 0.072656 0.039844
1 0.229687 0.448437 0.064844 0.140625
1 0.319531 0.447656 0.069531 0.149219
1 0.412500 0.446875 0.068750 0.149219
1 0.502344 0.445312 0.071094 0.152344
1 0.592187 0.445312 0.066406 0.146094
1 0.682031 0.446875 0.072656 0.149219
1 0.775000 0.446094 0.067969 0.147656
1 0.867969 0.445312 0.071094 0.148438
1 0.322656 0.689063 0.064062 0.146875
1 0.412500 0.689844 0.064062 0.146875
1 0.503906 0.691406 0.064062 0.146875
1 0.592187 0.689063 0.064062 0.146875
1 0.685937 0.689063 0.064062 0.146875
1 0.773438 0.683594 0.064062 0.146875
1 0.864062 0.682813 0.064062 0.146875
1 0.142187 0.443750 0.064062 0.146875
1 0.245312 0.657031 0.025000 0.056250
