1 0.228906 0.220312 0.020313 0.332031
1 0.276562 0.224219 0.022656 0.353906
1 0.328125 0.217188 0.022656 0.353906
1 0.274219 0.755469 0.022656 0.353906
1 0.325781 0.748437 0.022656 0.353906
1 0.425781 0.232813 0.022656 0.353906
1 0.375781 0.233594 0.022656 0.353906
1 0.521875 0.234375 0.026562 0.374219
1 0.471875 0.231250 0.022656 0.353906
1 0.570312 0.239063 0.022656 0.339062
1 0.621875 0.234375 0.021875 0.344531
1 0.667969 0.237500 0.025781 0.344531
1 0.721094 0.237500 0.021875 0.352344
1 0.765625 0.239844 0.017969 0.348438
1 0.669531 0.753125 0.026562 0.341406
1 0.521875 0.762500 0.026562 0.337500
1 0.473438 0.757812 0.025000 0.353906
1 0.817187 0.746875 0.023438 0.346875
1 0.864844 0.752344 0.022656 0.332031
0 0.064062 0.835938 0.020313 0.303906
