1 0.027344 0.194531 0.022656 0.264062
0 0.596875 0.871875 0.032031 0.189062
1 0.057031 0.195312 0.021875 0.265625
1 0.087500 0.192969 0.022656 0.264062
1 0.121094 0.192969 0.021875 0.265625
1 0.150781 0.188281 0.023438 0.275000
1 0.182812 0.184375 0.023438 0.275000
1 0.084375 0.492969 0.024219 0.264062
1 0.275000 0.186719 0.022656 0.264062
1 0.307812 0.186719 0.021875 0.265625
1 0.338281 0.182031 0.023438 0.275000
1 0.370312 0.179688 0.023438 0.275000
1 0.559375 0.178906 0.022656 0.264062
1 0.559375 0.178906 0.022656 0.264062
1 0.401562 0.185156 0.021875 0.265625
1 0.432031 0.182812 0.022656 0.264062
1 0.465625 0.182812 0.021875 0.265625
1 0.496094 0.185938 0.021875 0.259375
1 0.527344 0.178906 0.022656 0.247656
1 0.410156 0.494531 0.035156 0.267188
1 0.619531 0.176563 0.022656 0.264062
1 0.653125 0.176563 0.021875 0.265625
1 0.678906 0.171094 0.022656 0.252344
1 0.707812 0.180469 0.020313 0.250781
1 0.215625 0.182812 0.023438 0.275000
1 0.244531 0.187500 0.023438 0.275000
1 0.033594 0.493750 0.034375 0.267188
1 0.174219 0.495312 0.038281 0.268750
1 0.129688 0.492969 0.031250 0.267188
1 0.221875 0.492969 0.035937 0.260937
1 0.269531 0.492188 0.038281 0.268750
1 0.316406 0.496875 0.035937 0.265625
1 0.361719 0.489844 0.034375 0.262500
1 0.067187 0.850781 0.062500 0.282031
1 0.456250 0.489063 0.034375 0.270313
1 0.150000 0.848437 0.078125 0.277344
1 0.241406 0.852344 0.075781 0.285156
1 0.587500 0.177344 0.021094 0.250781
1 0.580469 0.442188 0.142187 0.083594
1 0.338281 0.837500 0.078906 0.275000
1 0.433594 0.842969 0.082812 0.282031
0 0.557031 0.876563 0.020313 0.203125
1 0.526172 0.839371 0.080091 0.273996
1 0.605705 0.834083 0.050510 0.273035
1 0.971875 0.831250 0.054688 0.283594
1 0.739062 0.189844 0.017969 0.267188
1 0.768750 0.192188 0.017969 0.267188
1 0.797656 0.189844 0.017969 0.267188
1 0.825000 0.196875 0.017969 0.267188
1 0.855469 0.196875 0.017969 0.267188
1 0.884375 0.193750 0.017969 0.267188
1 0.914062 0.193750 0.017969 0.267188
1 0.945312 0.195312 0.017969 0.267188
1 0.973437 0.192188 0.017969 0.267188
3 0.605469 0.539062 0.192188 0.096094
1 0.854688 0.830469 0.125781 0.266406
