1 0.067187 0.134375 0.017969 0.053125
1 0.109375 0.138281 0.045312 0.065625
1 0.338281 0.157812 0.045312 0.138281
1 0.283594 0.153906 0.043750 0.139063
1 0.225000 0.156250 0.046875 0.143750
1 0.170313 0.152344 0.046094 0.143750
1 0.339062 0.310937 0.047656 0.112500
1 0.283594 0.314063 0.046094 0.116406
1 0.225000 0.314063 0.043750 0.116406
1 0.339062 0.451562 0.046094 0.110937
1 0.283594 0.454688 0.044531 0.116406
1 0.223438 0.452344 0.046094 0.110937
1 0.338281 0.596094 0.046094 0.110937
1 0.282813 0.600000 0.046094 0.110937
1 0.225000 0.595313 0.042188 0.114062
1 0.509375 0.514844 0.264844 0.951562
1 0.679688 0.164062 0.046094 0.110937
1 0.732812 0.167969 0.046094 0.110937
1 0.202344 0.906250 0.085938 0.153125
1 0.313281 0.910156 0.086719 0.145313
1 0.680469 0.910156 0.045312 0.159375
1 0.734375 0.908594 0.045312 0.159375
1 0.792969 0.912500 0.045312 0.159375
1 0.847656 0.913281 0.045312 0.159375
1 0.901563 0.911719 0.045312 0.159375
1 0.960156 0.914844 0.045312 0.159375
1 0.679688 0.742188 0.044531 0.111719
1 0.732812 0.740625 0.044531 0.111719
1 0.791406 0.740625 0.044531 0.111719
1 0.847656 0.741406 0.044531 0.111719
1 0.905469 0.741406 0.044531 0.111719
1 0.962500 0.742188 0.044531 0.111719
1 0.680469 0.597656 0.044531 0.111719
1 0.733594 0.596094 0.044531 0.111719
1 0.792188 0.596094 0.044531 0.111719
1 0.848437 0.596875 0.044531 0.111719
1 0.906250 0.596094 0.044531 0.111719
1 0.963281 0.596094 0.044531 0.111719
1 0.963281 0.452344 0.044531 0.111719
1 0.906250 0.453125 0.044531 0.111719
1 0.848437 0.453906 0.044531 0.111719
1 0.792188 0.453906 0.044531 0.111719
1 0.733594 0.453906 0.044531 0.111719
1 0.680469 0.456250 0.044531 0.111719
1 0.792969 0.169531 0.046094 0.110937
1 0.848437 0.170313 0.046094 0.110937
1 0.907031 0.169531 0.046094 0.110937
1 0.961719 0.172656 0.046094 0.110937
1 0.966406 0.304688 0.044531 0.111719
1 0.909375 0.304688 0.044531 0.111719
1 0.850781 0.306250 0.044531 0.111719
1 0.795312 0.306250 0.044531 0.111719
1 0.736719 0.307812 0.044531 0.111719
1 0.683594 0.309375 0.044531 0.111719
1 0.338281 0.767188 0.039062 0.062500
1 0.288281 0.767188 0.036719 0.065625
1 0.225000 0.769531 0.039844 0.064062
1 0.178125 0.782813 0.024219 0.032813
