1 0.499219 0.899219 0.048438 0.176563
0 0.499219 0.929688 0.026562 0.120313
1 0.500000 0.269531 0.147656 0.214062
1 0.240384 0.219963 0.107061 0.318535
1 0.434375 0.567969 0.008594 0.325781
1 0.447656 0.568750 0.008594 0.325781
1 0.478906 0.571094 0.008594 0.325781
1 0.464062 0.568750 0.008594 0.325781
1 0.492188 0.568750 0.008594 0.325781
1 0.506250 0.568750 0.008594 0.325781
1 0.521094 0.569531 0.008594 0.325781
1 0.535937 0.568750 0.008594 0.325781
1 0.550781 0.567187 0.008594 0.325781
1 0.566406 0.572656 0.008594 0.325781
1 0.040625 0.635156 0.007812 0.192969
1 0.056250 0.637500 0.007812 0.192969
1 0.071094 0.636719 0.007812 0.192969
1 0.085938 0.639062 0.007812 0.192969
1 0.098437 0.636719 0.007812 0.192969
1 0.114062 0.639062 0.007812 0.192969
1 0.128906 0.638281 0.007812 0.192969
1 0.144531 0.640625 0.007812 0.192969
1 0.157031 0.643750 0.007812 0.192969
1 0.172656 0.646094 0.007812 0.192969
1 0.187500 0.645312 0.007812 0.192969
1 0.203125 0.647656 0.007812 0.192969
1 0.217188 0.646094 0.007812 0.192969
1 0.232031 0.648438 0.007812 0.192969
1 0.246875 0.647656 0.007812 0.192969
1 0.262500 0.650000 0.007812 0.192969
1 0.273438 0.643750 0.007812 0.192969
1 0.288281 0.646094 0.007812 0.192969
1 0.303125 0.645312 0.007812 0.192969
1 0.318750 0.647656 0.007812 0.192969
1 0.332813 0.636719 0.007812 0.192969
1 0.347656 0.639062 0.007812 0.192969
1 0.362500 0.638281 0.007812 0.192969
1 0.378125 0.640625 0.007812 0.192969
1 0.391406 0.637500 0.007812 0.192969
1 0.406250 0.639844 0.007812 0.192969
1 0.622656 0.640625 0.007812 0.192969
1 0.637500 0.642969 0.007812 0.192969
1 0.609375 0.643750 0.007812 0.192969
1 0.593750 0.641406 0.007812 0.192969
1 0.680469 0.642969 0.007812 0.192969
1 0.696094 0.645312 0.007812 0.192969
1 0.667188 0.646094 0.007812 0.192969
1 0.652344 0.643750 0.007812 0.192969
1 0.622656 0.640625 0.007812 0.192969
1 0.637500 0.642969 0.007812 0.192969
1 0.609375 0.643750 0.007812 0.192969
1 0.593750 0.641406 0.007812 0.192969
1 0.680469 0.642969 0.007812 0.192969
1 0.696094 0.645312 0.007812 0.192969
1 0.667188 0.646094 0.007812 0.192969
1 0.782813 0.648438 0.007812 0.192969
1 0.782813 0.648438 0.007812 0.192969
1 0.753125 0.645312 0.007812 0.192969
1 0.768750 0.647656 0.007812 0.192969
1 0.740625 0.648438 0.007812 0.192969
1 0.725000 0.646094 0.007812 0.192969
1 0.811719 0.647656 0.007812 0.192969
1 0.827344 0.650000 0.007812 0.192969
1 0.798438 0.650781 0.007812 0.192969
1 0.782813 0.648438 0.007812 0.192969
1 0.840625 0.642969 0.007812 0.192969
1 0.927344 0.642969 0.007812 0.192969
1 0.942969 0.646875 0.007812 0.192969
1 0.914062 0.647656 0.007812 0.192969
1 0.898438 0.645312 0.007812 0.192969
1 0.885938 0.642969 0.007812 0.192969
1 0.872656 0.647656 0.007812 0.192969
1 0.857031 0.645312 0.007812 0.192969
1 0.960938 0.646875 0.007812 0.192969
1 0.988281 0.644531 0.007812 0.192969
1 0.444531 0.901563 0.045312 0.180469
1 0.540625 0.558594 0.044531 0.176563
1 0.553125 0.900781 0.046094 0.190625
0 0.548438 0.930469 0.025781 0.120313
0 0.445312 0.926562 0.028125 0.126562
