1 0.797656 0.807813 0.400000 0.301563
1 0.685156 0.475781 0.040625 0.163281
1 0.686719 0.610156 0.039844 0.020313
1 0.888281 0.609375 0.049219 0.017969
1 0.954688 0.612500 0.020313 0.014063
1 0.821875 0.608594 0.020313 0.015625
1 0.523438 0.454688 0.044531 0.177344
1 0.523438 0.603125 0.035156 0.038281
1 0.385937 0.717969 0.028906 0.263281
1 0.314844 0.717969 0.057813 0.272656
1 0.247656 0.714063 0.023438 0.272656
1 0.185938 0.715625 0.033594 0.271875
1 0.119531 0.710156 0.055469 0.269531
1 0.166406 0.426563 0.042188 0.119531
1 0.104688 0.422656 0.032031 0.120313
1 0.452344 0.177344 0.047656 0.133594
1 0.517969 0.175781 0.030469 0.123438
1 0.388281 0.175781 0.029687 0.126562
