1 0.053906 0.417187 0.041406 0.128906
1 0.143750 0.410938 0.041406 0.128906
1 0.143750 0.409375 0.041406 0.128906
1 0.232031 0.414062 0.041406 0.128906
1 0.317188 0.414844 0.041406 0.128906
1 0.053906 0.637500 0.041406 0.128906
1 0.142969 0.629687 0.041406 0.128906
1 0.231250 0.634375 0.041406 0.128906
1 0.316406 0.635156 0.041406 0.128906
1 0.317188 0.864062 0.041406 0.128906
1 0.232031 0.862500 0.041406 0.128906
1 0.143750 0.858594 0.041406 0.128906
1 0.053906 0.866406 0.041406 0.128906
0 0.388281 0.887500 0.032031 0.151562
1 0.389062 0.573438 0.018750 0.342969
1 0.422656 0.671875 0.020313 0.539062
1 0.455469 0.774219 0.020313 0.337500
1 0.489844 0.775000 0.021875 0.337500
1 0.456250 0.445312 0.019531 0.081250
1 0.522656 0.678906 0.020313 0.132031
1 0.669531 0.636719 0.031250 0.121094
1 0.669531 0.855469 0.031250 0.121094
1 0.757031 0.854688 0.031250 0.121094
1 0.925000 0.422656 0.025000 0.107813
1 0.925000 0.855469 0.025000 0.112500
1 0.924219 0.633594 0.025000 0.107813
