1 0.271094 0.380469 0.025000 0.160938
1 0.514062 0.378125 0.028906 0.165625
1 0.574219 0.381250 0.031250 0.172656
1 0.667188 0.375000 0.027344 0.161719
1 0.767969 0.381250 0.034375 0.097656
3 0.346875 0.664844 0.691406 0.089063
1 0.496875 0.844531 0.090625 0.153125
1 0.721094 0.613281 0.032813 0.099219
1 0.878125 0.380469 0.032031 0.092188
1 0.505469 0.586719 0.052344 0.050000
1 0.589063 0.579688 0.032813 0.077344
1 0.649219 0.582812 0.029687 0.067187
1 0.360156 0.362500 0.024219 0.167969
1 0.436719 0.374219 0.029687 0.182812
