0 0.401562 0.803906 0.061719 0.314063
1 0.627344 0.739062 0.124219 0.292187
1 0.793750 0.727344 0.120313 0.296094
1 0.478125 0.736719 0.092969 0.293750
1 0.470313 0.239063 0.107031 0.235937
1 0.293750 0.235937 0.123438 0.221094
1 0.635938 0.233594 0.106250 0.232813
1 0.793750 0.232031 0.126562 0.232031
3 0.944531 0.431250 0.084375 0.153906
3 0.806250 0.432812 0.161719 0.150781
3 0.624219 0.427344 0.154688 0.145313
3 0.451562 0.425781 0.160156 0.148438
3 0.280469 0.424219 0.154688 0.156250
3 0.098437 0.431250 0.165625 0.153906
