1 0.099219 0.259375 0.163281 0.117969
1 0.285938 0.256250 0.163281 0.117969
1 0.608594 0.239063 0.163281 0.117969
1 0.804688 0.221875 0.163281 0.117969
1 0.609375 0.493750 0.163281 0.117969
1 0.812500 0.487500 0.163281 0.117969
1 0.287500 0.502344 0.163281 0.117969
1 0.103125 0.521094 0.163281 0.117969
1 0.227344 0.789844 0.043750 0.159375
1 0.322656 0.792188 0.085938 0.145313
1 0.550781 0.795312 0.043750 0.159375
1 0.651563 0.788281 0.094531 0.132031
1 0.753125 0.786719 0.043750 0.159375
1 0.852344 0.789844 0.094531 0.145313
0 0.459375 0.817187 0.118750 0.210156
1 0.947119 0.255328 0.010520 0.138600
1 0.967108 0.289271 0.006312 0.118800
1 0.948434 0.504243 0.012099 0.135772
1 0.966056 0.524043 0.008416 0.124457
