1 0.039062 0.253125 0.048438 0.218750
1 0.121875 0.253125 0.053125 0.226562
1 0.203125 0.263281 0.056250 0.222656
0 0.122656 0.798438 0.050000 0.290625
1 0.204687 0.746875 0.053906 0.242188
1 0.285156 0.746094 0.054688 0.248438
1 0.289406 0.261968 0.051500 0.218972
1 0.370709 0.293276 0.053684 0.160508
1 0.367969 0.747656 0.057813 0.246094
1 0.452344 0.747656 0.055469 0.252344
1 0.453125 0.257812 0.057031 0.235156
1 0.535937 0.256250 0.060156 0.240625
1 0.621094 0.253125 0.061719 0.222656
0 0.704688 0.785937 0.059375 0.321875
1 0.535937 0.749219 0.061719 0.253125
1 0.618750 0.743750 0.059375 0.251563
1 0.704688 0.258594 0.058594 0.227344
1 0.788281 0.254688 0.056250 0.225000
1 0.789062 0.747656 0.057031 0.250781
1 0.871875 0.742188 0.057813 0.248438
1 0.957812 0.740625 0.058594 0.255469
1 0.868750 0.291406 0.053125 0.156250
