0 0.128906 0.888281 0.085156 0.189062
0 0.315625 0.883594 0.075000 0.194531
0 0.430469 0.904687 0.026562 0.153906
0 0.678125 0.889062 0.075781 0.181250
3 0.498437 0.687500 0.187500 0.072656
3 0.503906 0.475000 0.163281 0.067187
1 0.630814 0.613011 0.045116 0.100841
1 0.753125 0.582031 0.059375 0.087500
1 0.723437 0.439844 0.032813 0.090625
1 0.664844 0.462500 0.019531 0.095312
1 0.848437 0.630469 0.021094 0.101562
1 0.900781 0.596094 0.040625 0.059375
1 0.979688 0.635156 0.031250 0.090625
1 0.935156 0.485156 0.021094 0.055469
1 0.112500 0.642188 0.053125 0.071875
1 0.184375 0.576562 0.018750 0.084375
1 0.273438 0.635156 0.040625 0.075000
1 0.250781 0.527344 0.050000 0.040625
1 0.348438 0.633594 0.046094 0.072656
1 0.349219 0.519531 0.015625 0.056250
1 0.294531 0.346094 0.055469 0.072656
1 0.357031 0.284375 0.032813 0.052344
1 0.292187 0.208594 0.022656 0.050000
1 0.235156 0.256250 0.017188 0.080469
1 0.026562 0.335156 0.031250 0.093750
1 0.078906 0.267969 0.022656 0.113281
1 0.133594 0.356250 0.034375 0.064062
1 0.135156 0.530469 0.008594 0.042969
1 0.183594 0.251563 0.038281 0.039062
1 0.101562 0.139063 0.020313 0.039844
1 0.034375 0.566406 0.020313 0.103125
0 0.569531 0.901563 0.023438 0.155469
0 0.757031 0.896875 0.026562 0.171875
1 0.500000 0.613281 0.164844 0.069531
1 0.499219 0.907813 0.111719 0.157812
1 0.796875 0.900000 0.053906 0.188281
