1 0.042188 0.348438 0.022656 0.064844
1 0.075781 0.347656 0.021094 0.071875
1 0.707812 0.496875 0.048438 0.219531
1 0.860938 0.268750 0.043750 0.189844
1 0.785156 0.752344 0.045312 0.220312
1 0.042188 0.519531 0.026562 0.095312
1 0.076563 0.517188 0.023438 0.097656
1 0.075781 0.702344 0.027344 0.094531
1 0.041406 0.702344 0.027344 0.095312
1 0.151562 0.601562 0.039844 0.108594
1 0.150781 0.414844 0.033594 0.106250
1 0.220312 0.419531 0.035156 0.107813
1 0.289062 0.416406 0.035156 0.113281
1 0.357812 0.417969 0.033594 0.108594
1 0.426563 0.412500 0.035937 0.112500
1 0.496094 0.417187 0.036719 0.108594
1 0.568750 0.349219 0.021094 0.075000
1 0.599219 0.347656 0.021875 0.067187
1 0.217969 0.599219 0.040625 0.115625
1 0.286719 0.601562 0.039844 0.110156
1 0.357812 0.597656 0.040625 0.113281
1 0.425781 0.598437 0.036719 0.111719
1 0.492969 0.598437 0.040625 0.115625
1 0.567187 0.517969 0.024219 0.099219
1 0.601562 0.518750 0.022656 0.100000
1 0.602344 0.701562 0.023438 0.100000
1 0.567969 0.702344 0.024219 0.097656
1 0.150781 0.784375 0.035156 0.107813
1 0.220312 0.785937 0.034375 0.107813
1 0.289062 0.786719 0.034375 0.106250
1 0.357812 0.785156 0.035937 0.107813
1 0.426563 0.782813 0.034375 0.110156
1 0.494531 0.783594 0.034375 0.113281
1 0.567187 0.885938 0.025000 0.097656
1 0.601562 0.883594 0.024219 0.101562
1 0.152344 0.946875 0.040625 0.096094
1 0.492188 0.950000 0.038281 0.089063
1 0.425781 0.950000 0.039844 0.089844
1 0.282813 0.952344 0.039062 0.089844
1 0.220312 0.950781 0.038281 0.094531
1 0.077344 0.884375 0.026562 0.096094
1 0.042969 0.884375 0.021875 0.100000
1 0.946875 0.784375 0.025000 0.113281
1 0.946875 0.616406 0.023438 0.109375
1 0.950000 0.440625 0.025781 0.103906
1 0.935937 0.951562 0.032031 0.089063
1 0.866406 0.957031 0.030469 0.076563
1 0.354687 0.952344 0.034375 0.093750
