1 0.059375 0.278906 0.086719 0.157031
1 0.292969 0.224219 0.070312 0.177344
1 0.397656 0.214844 0.071875 0.175000
1 0.503906 0.224219 0.076563 0.186719
1 0.605469 0.222656 0.071875 0.178125
1 0.703125 0.278906 0.048438 0.159375
1 0.793750 0.282813 0.063281 0.153906
1 0.887500 0.283594 0.067187 0.167187
1 0.889844 0.563281 0.064062 0.151562
1 0.792969 0.553906 0.063281 0.169531
1 0.607812 0.525781 0.079687 0.194531
1 0.500781 0.529687 0.070312 0.186719
1 0.396094 0.526563 0.074219 0.191406
1 0.293750 0.527344 0.067969 0.189062
1 0.054688 0.588281 0.096875 0.114062
0 0.057813 0.893750 0.085156 0.167969
0 0.288281 0.867188 0.064062 0.246094
0 0.393750 0.857031 0.069531 0.264844
0 0.500000 0.860156 0.072656 0.249219
0 0.607812 0.863281 0.069531 0.250000
0 0.793750 0.862500 0.059375 0.222656
0 0.893750 0.863281 0.062500 0.235937
