1 0.830469 0.540625 0.178906 0.089844
1 0.618750 0.542969 0.105469 0.098437
1 0.618750 0.396094 0.096875 0.079687
1 0.720313 0.389062 0.026562 0.039062
1 0.824219 0.402344 0.091406 0.060937
1 0.855469 0.286719 0.025000 0.093750
1 0.751563 0.281250 0.095312 0.094531
1 0.616406 0.271094 0.099219 0.096875
1 0.615625 0.131250 0.098437 0.099219
1 0.718750 0.141406 0.030469 0.091406
1 0.820312 0.150781 0.097656 0.093750
3 0.198437 0.721094 0.368750 0.035937
3 0.215593 0.639241 0.334238 0.044174
3 0.230135 0.573948 0.309770 0.023355
1 0.460156 0.619531 0.068750 0.091406
1 0.457813 0.485938 0.068750 0.092969
1 0.458594 0.362500 0.071875 0.090625
1 0.460156 0.199219 0.067187 0.143750
1 0.820312 0.696875 0.092969 0.093750
1 0.853125 0.831250 0.023438 0.094531
1 0.071094 0.860156 0.028906 0.035937
1 0.139844 0.860938 0.028906 0.037500
1 0.209375 0.860938 0.028125 0.039062
1 0.277344 0.859375 0.030469 0.038281
1 0.345313 0.859375 0.031250 0.038281
1 0.273438 0.942187 0.027344 0.041406
1 0.208594 0.941406 0.027344 0.038281
1 0.139844 0.942187 0.024219 0.038281
0 0.654687 0.944531 0.085938 0.058594
0 0.839063 0.953906 0.048438 0.087500
1 0.344531 0.932031 0.032031 0.041406
