0 0.385937 0.769531 0.042188 0.138281
0 0.329688 0.744531 0.039062 0.187500
1 0.329688 0.510938 0.040625 0.160938
3 0.321094 0.308594 0.056250 0.075781
1 0.183594 0.446094 0.039062 0.120313
1 0.144531 0.710938 0.040625 0.092969
1 0.091406 0.210156 0.042969 0.101562
3 0.527816 0.431427 0.339776 0.321372
1 0.671875 0.494531 0.054688 0.046875
1 0.604425 0.495588 0.054838 0.053068
1 0.328906 0.241406 0.039062 0.056250
1 0.617188 0.726562 0.163281 0.157031
0 0.661719 0.744531 0.029687 0.107031
1 0.385937 0.673438 0.042188 0.047656
