1 0.116406 0.489063 0.178125 0.134375
1 0.325781 0.496094 0.179688 0.126562
1 0.676562 0.495312 0.181250 0.126562
1 0.886719 0.507031 0.179688 0.143750
1 0.885156 0.231250 0.180469 0.139063
1 0.678125 0.221094 0.178125 0.127344
1 0.328125 0.231250 0.182812 0.139063
1 0.117188 0.228125 0.175000 0.141406
1 0.288281 0.821094 0.102344 0.144531
1 0.183594 0.822656 0.052344 0.162500
1 0.075000 0.816406 0.100000 0.170313
1 0.392969 0.828125 0.048438 0.157812
1 0.742188 0.858594 0.475781 0.206250
0 0.577344 0.876563 0.109375 0.171094
