0 0.443750 0.880469 0.049219 0.167969
3 0.059894 0.580409 0.111918 0.117546
3 0.059472 0.796667 0.107702 0.119261
1 0.203906 0.762500 0.053125 0.082812
1 0.325781 0.757031 0.056250 0.078125
3 0.471415 0.420354 0.037889 0.064148
1 0.567969 0.322656 0.031250 0.086719
1 0.807031 0.328125 0.029687 0.088281
1 0.566406 0.759375 0.053906 0.088281
1 0.687500 0.755469 0.054688 0.087500
1 0.807031 0.757031 0.053125 0.084375
1 0.889844 0.778125 0.010156 0.364063
1 0.892188 0.444531 0.010937 0.192188
1 0.445312 0.754687 0.050000 0.076563
1 0.492969 0.841406 0.012500 0.265625
1 0.253125 0.836719 0.011719 0.239063
1 0.752344 0.842969 0.005469 0.253125
1 0.635156 0.832031 0.007031 0.232813
1 0.613281 0.833594 0.003906 0.234375
1 0.518750 0.831250 0.011719 0.232031
1 0.373437 0.830469 0.010937 0.236719
1 0.402344 0.830469 0.007031 0.230469
