1 0.178125 0.349219 0.010937 0.220312
1 0.164062 0.349219 0.010937 0.220312
1 0.149219 0.350781 0.010937 0.220312
1 0.133594 0.355469 0.010937 0.220312
1 0.119531 0.353906 0.010937 0.220312
1 0.105469 0.355469 0.010937 0.220312
1 0.092188 0.358594 0.010937 0.220312
1 0.078125 0.358594 0.010937 0.220312
1 0.064062 0.360156 0.010937 0.220312
1 0.048438 0.364063 0.010937 0.220312
1 0.034375 0.363281 0.010937 0.220312
1 0.019531 0.364063 0.010937 0.220312
1 0.496875 0.350781 0.010937 0.220312
1 0.481250 0.355469 0.010937 0.220312
1 0.465625 0.346875 0.010937 0.220312
1 0.450000 0.350781 0.010937 0.220312
1 0.435937 0.350000 0.010937 0.220312
1 0.421875 0.350781 0.010937 0.220312
1 0.408594 0.353906 0.010937 0.220312
1 0.394531 0.353906 0.010937 0.220312
1 0.380469 0.355469 0.010937 0.220312
1 0.511719 0.350781 0.010937 0.220312
1 0.526563 0.352344 0.010937 0.220312
1 0.540625 0.348438 0.010937 0.220312
1 0.875000 0.360938 0.008594 0.245312
1 0.860156 0.353906 0.007812 0.223438
1 0.845313 0.352344 0.008594 0.220312
1 0.831250 0.352344 0.009375 0.225000
1 0.816406 0.355469 0.010937 0.220312
1 0.959375 0.367969 0.010937 0.220312
1 0.931250 0.365625 0.007812 0.231250
1 0.917188 0.365625 0.008594 0.230469
1 0.903125 0.359375 0.008594 0.212500
1 0.889062 0.357031 0.010156 0.225000
1 0.946094 0.363281 0.010937 0.220312
1 0.974219 0.367969 0.010937 0.220312
