3 0.483655 0.846079 0.955523 0.190455
1 0.050000 0.249219 0.042188 0.076563
1 0.145313 0.255469 0.107031 0.081250
1 0.117969 0.456250 0.150781 0.080469
1 0.168750 0.657813 0.085156 0.078906
1 0.072656 0.658594 0.077344 0.079687
1 0.237500 0.662500 0.025000 0.075781
1 0.291406 0.664844 0.051562 0.066406
1 0.345313 0.661719 0.026562 0.073438
1 0.376563 0.665625 0.026562 0.068750
1 0.442188 0.664844 0.049219 0.071094
1 0.495312 0.665625 0.024219 0.072656
1 0.553906 0.664844 0.046875 0.072656
1 0.614844 0.663281 0.025000 0.078125
1 0.657031 0.663281 0.049219 0.072656
1 0.716406 0.669531 0.048438 0.063281
1 0.761719 0.667188 0.023438 0.062500
1 0.805469 0.667969 0.046875 0.068750
1 0.853125 0.667188 0.021875 0.069531
1 0.728906 0.491406 0.077344 0.121875
1 0.729688 0.300781 0.077344 0.123438
1 0.825781 0.267969 0.066406 0.049219
1 0.918750 0.271875 0.057813 0.044531
1 0.848437 0.464062 0.107813 0.062500
3 0.945312 0.730469 0.022656 0.043750
1 0.640625 0.464062 0.075781 0.064062
1 0.568750 0.467187 0.046094 0.061719
1 0.637500 0.267969 0.071875 0.068750
1 0.567187 0.271094 0.047656 0.063281
1 0.525000 0.268750 0.024219 0.064062
1 0.386719 0.467969 0.024219 0.076563
1 0.344531 0.464844 0.050781 0.075000
1 0.488281 0.463281 0.088281 0.073438
1 0.467187 0.271094 0.046094 0.070312
1 0.380469 0.269531 0.049219 0.073438
1 0.337500 0.264844 0.025781 0.066406
1 0.264844 0.264062 0.050000 0.082031
1 0.256250 0.460938 0.025000 0.071875
1 0.297656 0.464844 0.025000 0.074219
0 0.141406 0.928906 0.017969 0.092188
0 0.246094 0.927344 0.015625 0.096094
0 0.375000 0.925000 0.032813 0.087500
0 0.714844 0.928125 0.029687 0.093750
0 0.799219 0.924219 0.017188 0.100781
0 0.491406 0.906250 0.016406 0.049219
0 0.446094 0.907813 0.014844 0.056250
