1 0.296094 0.739062 0.103906 0.128906
1 0.375781 0.737500 0.033594 0.131250
1 0.216406 0.927344 0.025781 0.114062
1 0.500000 0.750781 0.038281 0.153906
1 0.441406 0.735156 0.031250 0.122656
1 0.557031 0.737500 0.028125 0.126562
1 0.621094 0.735156 0.026562 0.123438
1 0.095156 0.756818 0.098647 0.168424
1 0.214844 0.738281 0.028125 0.127344
1 0.151562 0.535156 0.026562 0.097656
1 0.151562 0.321094 0.021094 0.091406
1 0.260156 0.360156 0.019531 0.087500
1 0.326562 0.357812 0.021875 0.091406
1 0.328906 0.539062 0.025000 0.088281
1 0.259375 0.539062 0.025000 0.090625
1 0.395313 0.535156 0.026562 0.089063
1 0.449219 0.535156 0.026562 0.091406
1 0.393750 0.357031 0.023438 0.092969
1 0.449219 0.356250 0.021875 0.091406
1 0.546094 0.354687 0.019531 0.090625
1 0.497656 0.355469 0.023438 0.090625
1 0.497656 0.534375 0.026562 0.085156
1 0.548438 0.535937 0.028125 0.088281
1 0.843750 0.531250 0.031250 0.104688
1 0.842187 0.316406 0.033594 0.100781
1 0.735156 0.355469 0.021875 0.087500
1 0.667969 0.356250 0.024219 0.092188
1 0.735938 0.538281 0.027344 0.092969
1 0.668750 0.537500 0.027344 0.096875
1 0.600781 0.535156 0.028125 0.093750
1 0.600781 0.358594 0.023438 0.094531
1 0.723437 0.739062 0.146094 0.129688
1 0.781250 0.925781 0.027344 0.114062
0 0.686719 0.928125 0.066406 0.112500
1 0.623437 0.924219 0.028906 0.112500
1 0.558594 0.925781 0.026562 0.117188
1 0.438281 0.926562 0.023438 0.112500
1 0.253906 0.928906 0.017969 0.114844
1 0.296094 0.928906 0.034375 0.121875
1 0.375781 0.928906 0.023438 0.114844
1 0.337500 0.928125 0.014063 0.114062
1 0.902344 0.737500 0.110937 0.132812
3 0.181330 0.187614 0.108937 0.073502
3 0.813788 0.187730 0.107368 0.075114
3 0.289228 0.032163 0.041455 0.047993
3 0.705203 0.027288 0.040299 0.038243
