3 0.065414 0.375523 0.124443 0.231481
3 0.969551 0.872383 0.029760 0.200359
1 0.198437 0.723437 0.116406 0.396094
1 0.206250 0.267188 0.081250 0.301563
1 0.329688 0.270313 0.082031 0.300000
1 0.478906 0.269531 0.080469 0.295312
1 0.598437 0.270313 0.081250 0.296094
1 0.744531 0.266406 0.081250 0.288281
1 0.869531 0.264062 0.081250 0.294531
1 0.093602 0.214406 0.063619 0.222978
1 0.879687 0.716406 0.138281 0.392969
0 0.213281 0.780469 0.047656 0.283594
1 0.338281 0.722656 0.142187 0.397656
1 0.475000 0.721094 0.115625 0.386719
1 0.609375 0.720313 0.124219 0.385937
1 0.739062 0.721094 0.120313 0.394531
0 0.351562 0.781250 0.048438 0.278906
0 0.485938 0.778125 0.048438 0.279687
0 0.620313 0.777344 0.047656 0.280469
0 0.750781 0.777344 0.049219 0.276562
0 0.891406 0.777344 0.049219 0.278125
