1 0.254636 0.316034 0.022401 0.349352
1 0.342187 0.403125 0.035156 0.231250
1 0.328906 0.682031 0.012500 0.215625
1 0.300046 0.376693 0.016314 0.279706
1 0.270219 0.712565 0.020940 0.313406
1 0.303699 0.699086 0.009983 0.246007
1 0.456250 0.478906 0.010156 0.154688
1 0.442188 0.475000 0.012500 0.152344
1 0.501563 0.478906 0.010937 0.152344
1 0.530469 0.479687 0.010937 0.152344
1 0.545312 0.479687 0.013281 0.164844
1 0.516406 0.479687 0.012500 0.153906
1 0.485938 0.662500 0.012500 0.162500
1 0.456250 0.663281 0.010156 0.155469
1 0.544531 0.660937 0.010937 0.149219
1 0.516406 0.652344 0.011719 0.139063
1 0.643750 0.405469 0.025781 0.249219
1 0.643750 0.692187 0.025000 0.250781
1 0.676014 0.698611 0.016439 0.264098
1 0.785937 0.732031 0.024219 0.367188
1 0.717042 0.721807 0.025075 0.322804
1 0.733483 0.313799 0.027628 0.356054
1 0.682250 0.370290 0.018992 0.277010
1 0.574163 0.434602 0.011751 0.213493
1 0.964063 0.279687 0.025781 0.366406
1 0.031250 0.289844 0.016406 0.358594
