1 0.376563 0.888281 0.232031 0.167969
0 0.379688 0.927344 0.082031 0.105469
1 0.437500 0.144531 0.114844 0.260156
1 0.560156 0.143750 0.114062 0.261719
1 0.682031 0.142969 0.113281 0.257031
1 0.803906 0.141406 0.116406 0.257031
1 0.926562 0.141406 0.113281 0.258594
1 0.315625 0.547656 0.115625 0.157031
1 0.439063 0.550000 0.113281 0.157031
1 0.561719 0.546875 0.115625 0.157031
1 0.682813 0.547656 0.113281 0.157031
1 0.437500 0.716406 0.113281 0.157031
1 0.314063 0.713281 0.115625 0.157031
1 0.562500 0.714063 0.115625 0.157031
1 0.685156 0.718750 0.113281 0.157031
1 0.682813 0.893750 0.112500 0.172656
1 0.559375 0.896875 0.114062 0.175000
1 0.806250 0.900781 0.112500 0.172656
1 0.928125 0.900781 0.112500 0.172656
