1 0.464062 0.257031 0.148438 0.054688
1 0.285938 0.257812 0.144531 0.053906
1 0.107031 0.253906 0.146094 0.058594
1 0.642188 0.257812 0.146875 0.049219
3 0.642188 0.317969 0.145313 0.045312
3 0.464062 0.310937 0.146875 0.046875
3 0.292187 0.306250 0.149219 0.057813
3 0.107813 0.306250 0.145313 0.042188
3 0.643750 0.585156 0.150000 0.042188
3 0.463281 0.591406 0.149219 0.051562
3 0.283594 0.580469 0.151562 0.040625
3 0.107813 0.578125 0.146875 0.055469
1 0.640625 0.537500 0.146875 0.049219
1 0.462500 0.532031 0.148438 0.055469
1 0.284375 0.528125 0.151562 0.052344
1 0.107813 0.524219 0.145313 0.048438
0 0.107813 0.821094 0.144531 0.217188
0 0.288281 0.826562 0.147656 0.211719
0 0.467969 0.828125 0.150000 0.209375
0 0.643750 0.832812 0.153125 0.214062
