1 0.591406 0.208594 0.075000 0.050781
1 0.687500 0.208594 0.036719 0.050000
1 0.664062 0.309375 0.084375 0.047656
1 0.571094 0.306250 0.040625 0.047656
1 0.687500 0.402344 0.039844 0.055469
1 0.592187 0.405469 0.082812 0.057813
1 0.667188 0.492969 0.094531 0.076563
1 0.573438 0.496875 0.050781 0.060937
1 0.687500 0.595313 0.046875 0.063281
1 0.592187 0.590625 0.092188 0.071094
1 0.572656 0.684375 0.043750 0.057031
1 0.668750 0.687500 0.087500 0.055469
1 0.685156 0.780469 0.050781 0.060937
1 0.592187 0.781250 0.090625 0.063281
1 0.574219 0.874219 0.049219 0.070312
1 0.667969 0.875781 0.092969 0.060937
1 0.425781 0.872656 0.050781 0.064062
1 0.331250 0.869531 0.086719 0.067187
1 0.406250 0.778125 0.084375 0.060156
1 0.310937 0.775000 0.046875 0.067187
1 0.426563 0.682813 0.042969 0.057031
1 0.332031 0.684375 0.084375 0.055469
1 0.406250 0.593750 0.085156 0.062500
1 0.307812 0.591406 0.049219 0.061719
1 0.425000 0.496094 0.046875 0.063281
1 0.403906 0.399219 0.083594 0.059375
1 0.425000 0.309375 0.046875 0.060937
1 0.404687 0.210156 0.084375 0.064062
1 0.306250 0.204687 0.051562 0.071875
