1 0.115625 0.329688 0.032031 0.326562
1 0.157812 0.336719 0.028906 0.313281
1 0.220312 0.336719 0.037500 0.314844
1 0.279687 0.338281 0.022656 0.312500
1 0.375000 0.339844 0.044531 0.310156
1 0.314844 0.337500 0.032813 0.316406
1 0.417187 0.338281 0.028906 0.320312
1 0.479687 0.336719 0.047656 0.307812
1 0.521094 0.339062 0.031250 0.309375
1 0.582812 0.336719 0.048438 0.308594
1 0.625781 0.339062 0.030469 0.309375
1 0.682813 0.335156 0.042969 0.311719
1 0.683594 0.773438 0.045312 0.321875
1 0.624219 0.772656 0.032813 0.320312
1 0.571875 0.774219 0.030469 0.330469
1 0.528906 0.771875 0.050781 0.329688
1 0.485938 0.768750 0.028906 0.319531
1 0.426563 0.771875 0.047656 0.332031
1 0.366406 0.778906 0.032031 0.328906
1 0.321875 0.774219 0.047656 0.323437
1 0.279687 0.776563 0.027344 0.317969
1 0.217188 0.774219 0.047656 0.329688
1 0.175000 0.777344 0.025000 0.329688
1 0.114844 0.775000 0.037500 0.333594
