1 0.492188 0.183594 0.113281 0.164062
3 0.477344 0.205469 0.078906 0.042969
3 0.495312 0.372656 0.109375 0.052344
3 0.493750 0.536719 0.107031 0.041406
3 0.492969 0.703906 0.107813 0.044531
1 0.491406 0.845313 0.110937 0.097656
1 0.492969 0.307812 0.108594 0.078906
1 0.493750 0.472656 0.108594 0.077344
1 0.491406 0.642188 0.108594 0.082031
1 0.238281 0.475000 0.014844 0.103125
1 0.371875 0.298438 0.014844 0.103125
1 0.068750 0.301563 0.014063 0.103125
1 0.211719 0.652344 0.013281 0.099219
1 0.371875 0.650781 0.010937 0.103125
1 0.067969 0.650781 0.017969 0.103125
1 0.619531 0.297656 0.012500 0.101562
1 0.754687 0.299219 0.014063 0.105469
1 0.907813 0.475000 0.012500 0.098437
1 0.636719 0.473438 0.010937 0.102344
1 0.779687 0.651563 0.012500 0.103125
1 0.922656 0.648438 0.010156 0.102344
1 0.087500 0.474219 0.014063 0.102344
