3 0.226562 0.540625 0.053125 0.081250
3 0.288281 0.536719 0.056250 0.085156
3 0.351562 0.538281 0.057031 0.085156
3 0.414844 0.533594 0.056250 0.083594
3 0.478125 0.535937 0.057031 0.085938
3 0.477344 0.788281 0.055469 0.079687
3 0.413281 0.789844 0.056250 0.083594
3 0.351562 0.787500 0.055469 0.068750
3 0.289062 0.786719 0.057813 0.087500
3 0.226562 0.789062 0.054688 0.087500
3 0.869531 0.498437 0.147656 0.089063
3 0.757812 0.493750 0.054688 0.083594
3 0.757812 0.862500 0.054688 0.085156
3 0.870313 0.860938 0.147656 0.083594
1 0.849219 0.754687 0.088281 0.125781
1 0.848437 0.404687 0.086719 0.099219
1 0.150781 0.751563 0.015625 0.048438
1 0.150781 0.503906 0.014844 0.047656
1 0.228125 0.470313 0.054688 0.057031
1 0.289062 0.467187 0.054688 0.051562
1 0.350781 0.467187 0.055469 0.055469
1 0.414062 0.464062 0.056250 0.053125
1 0.478125 0.464844 0.056250 0.053906
1 0.477344 0.698438 0.054688 0.104688
1 0.414844 0.697656 0.054688 0.095312
1 0.350000 0.701562 0.053906 0.104688
1 0.288281 0.696875 0.056250 0.094531
1 0.226562 0.696875 0.053906 0.092969
3 0.667969 0.128125 0.221875 0.082031
1 0.636719 0.417187 0.025781 0.070312
1 0.638281 0.785156 0.028125 0.078906
