1 0.575000 0.402344 0.085938 0.129688
1 0.739062 0.399219 0.075781 0.120313
1 0.740625 0.198437 0.078906 0.114062
1 0.572656 0.196875 0.080469 0.122656
1 0.415625 0.196875 0.082031 0.128906
1 0.416406 0.401562 0.077344 0.118750
1 0.739844 0.621094 0.075781 0.132812
1 0.572656 0.617188 0.078125 0.132031
1 0.414844 0.622656 0.078906 0.131250
1 0.246875 0.622656 0.079687 0.137500
1 0.902344 0.617188 0.085938 0.135156
3 0.498437 0.708594 0.990625 0.044531
3 0.504687 0.967187 0.329688 0.063281
3 0.889844 0.964063 0.218750 0.068750
3 0.099219 0.967187 0.183594 0.054688
0 0.267969 0.885938 0.089844 0.191406
1 0.432031 0.849219 0.076563 0.128125
1 0.593750 0.861719 0.091406 0.150781
1 0.757031 0.849219 0.093750 0.134375
