1 0.128984 0.198421 0.047147 0.107844
1 0.205441 0.205727 0.076832 0.121064
1 0.326426 0.198769 0.078827 0.107148
1 0.403125 0.207031 0.047656 0.121094
1 0.495312 0.198437 0.047656 0.109375
1 0.570312 0.207813 0.078125 0.120313
1 0.676159 0.199066 0.047566 0.106011
1 0.753510 0.206083 0.077912 0.119433
1 0.859045 0.207212 0.047290 0.122605
1 0.904351 0.206548 0.016663 0.120392
1 0.949386 0.199540 0.045850 0.103905
1 0.129582 0.426204 0.048223 0.116217
1 0.127833 0.651526 0.047932 0.117436
1 0.129217 0.876442 0.046329 0.120280
1 0.175781 0.430469 0.017188 0.124219
1 0.221584 0.429540 0.047571 0.118897
1 0.205058 0.651611 0.078461 0.119328
1 0.221276 0.876698 0.047262 0.118036
1 0.327662 0.875646 0.078341 0.121517
1 0.312500 0.655469 0.047656 0.122656
1 0.358594 0.654687 0.017188 0.117969
1 0.327362 0.424975 0.078941 0.114270
1 0.402406 0.431106 0.048364 0.120959
1 0.403906 0.651563 0.046875 0.121875
1 0.418750 0.876563 0.016406 0.116406
1 0.493750 0.425781 0.048438 0.120313
1 0.571094 0.429688 0.078906 0.123438
1 0.510156 0.655469 0.078125 0.123438
1 0.585938 0.652344 0.046094 0.117969
1 0.525000 0.876563 0.047656 0.121094
1 0.600781 0.877344 0.016406 0.122656
1 0.692187 0.874219 0.079687 0.118750
1 0.676851 0.428831 0.046232 0.111859
1 0.768341 0.431938 0.045954 0.119627
1 0.874313 0.430385 0.076311 0.121181
1 0.950861 0.425984 0.045835 0.112900
1 0.676445 0.653443 0.047621 0.119541
1 0.752489 0.651368 0.075301 0.115390
1 0.858744 0.652613 0.046728 0.117880
1 0.949819 0.650538 0.046133 0.120371
1 0.948480 0.876337 0.046431 0.117050
1 0.873179 0.875092 0.079765 0.119541
1 0.767371 0.875092 0.046728 0.117880
3 0.121094 0.282031 0.052344 0.056250
3 0.323437 0.279687 0.081250 0.056250
3 0.499219 0.283594 0.052344 0.046875
3 0.685156 0.282813 0.050781 0.050781
3 0.499219 0.513281 0.052344 0.046875
3 0.685156 0.513281 0.050781 0.050781
3 0.971875 0.279687 0.050781 0.050781
3 0.968750 0.508594 0.050781 0.050781
3 0.683594 0.742188 0.050781 0.050781
3 0.967187 0.736719 0.050781 0.050781
3 0.779687 0.964063 0.050000 0.044531
3 0.882812 0.960156 0.068750 0.046875
3 0.594531 0.744531 0.050781 0.050781
3 0.529687 0.962500 0.049219 0.042969
3 0.403906 0.742188 0.050781 0.050781
3 0.324219 0.512500 0.081250 0.049219
3 0.121875 0.508594 0.050000 0.050000
3 0.118750 0.742188 0.050781 0.050781
3 0.325000 0.964063 0.082031 0.040625
1 0.903125 0.657031 0.014844 0.122656
