1 0.085387 0.381164 0.100136 0.372454
1 0.214844 0.270313 0.114844 0.146094
1 0.356250 0.372656 0.117188 0.366406
1 0.492188 0.275781 0.127344 0.153906
1 0.357031 0.825000 0.124219 0.289844
1 0.630469 0.375781 0.128906 0.364844
0 0.632812 0.811719 0.054688 0.255469
1 0.771875 0.816406 0.125781 0.289062
1 0.770312 0.268750 0.126562 0.163281
1 0.905469 0.373437 0.110937 0.372656
0 0.478906 0.807813 0.025000 0.260156
0 0.248438 0.809375 0.025000 0.260156
1 0.450781 0.813281 0.032813 0.284375
1 0.588281 0.818750 0.036719 0.264844
1 0.678125 0.817969 0.035156 0.282031
