1 0.303125 0.280469 0.065625 0.086719
1 0.345313 0.764062 0.121875 0.164844
1 0.496094 0.766406 0.141406 0.164844
1 0.650781 0.766406 0.130469 0.169531
1 0.918750 0.735156 0.067187 0.129688
1 0.084375 0.735938 0.063281 0.128125
1 0.089063 0.511719 0.063281 0.128125
1 0.922656 0.510938 0.067187 0.129688
1 0.499219 0.274219 0.065625 0.086719
1 0.696875 0.502344 0.065625 0.132031
1 0.695312 0.275000 0.065625 0.086719
1 0.304688 0.500781 0.067969 0.135937
1 0.498437 0.507031 0.064062 0.128125
0 0.650781 0.910937 0.128125 0.126562
0 0.499219 0.914844 0.128125 0.129688
0 0.345313 0.914062 0.125000 0.124219
1 0.078125 0.934375 0.069531 0.075000
