1 0.155601 0.509175 0.199778 0.421657
1 0.147656 0.859375 0.052344 0.153125
1 0.300781 0.386719 0.017188 0.131250
1 0.300781 0.607812 0.016406 0.135156
1 0.246094 0.921875 0.037500 0.135937
1 0.300000 0.850000 0.017969 0.160938
1 0.132812 0.178125 0.079687 0.118750
1 0.245312 0.167187 0.016406 0.128906
1 0.302344 0.167187 0.017188 0.125000
1 0.472656 0.186719 0.102344 0.117969
1 0.616406 0.187500 0.101562 0.109375
1 0.757031 0.187500 0.102344 0.113281
1 0.900781 0.185938 0.100781 0.121094
3 0.596875 0.508594 0.485938 0.052344
3 0.828906 0.710938 0.039062 0.053125
1 0.735156 0.664844 0.125781 0.162500
1 0.600781 0.664844 0.126562 0.161719
1 0.599219 0.825781 0.124219 0.079687
1 0.735156 0.825000 0.126562 0.072656
1 0.825000 0.825000 0.039844 0.077344
1 0.828906 0.632031 0.038281 0.092188
3 0.446094 0.777344 0.072656 0.047656
3 0.511719 0.778906 0.024219 0.048438
3 0.443750 0.857031 0.073438 0.045312
3 0.358385 0.712885 0.031124 0.071379
3 0.896875 0.832812 0.080469 0.049219
3 0.939844 0.747656 0.108594 0.045312
3 0.973054 0.875548 0.041733 0.144306
1 0.907057 0.527906 0.023871 0.087403
1 0.906751 0.645484 0.024891 0.085322
1 0.885532 0.654848 0.004080 0.070755
1 0.885532 0.539351 0.004080 0.075610
1 0.931514 0.515235 0.008027 0.079518
1 0.930337 0.634747 0.007335 0.075754
1 0.962513 0.622278 0.016607 0.086576
1 0.962928 0.496884 0.016330 0.087988
1 0.984976 0.487809 0.007437 0.106983
1 0.983832 0.615216 0.007437 0.073916
