0 0.785937 0.714063 0.059375 0.202344
1 0.784375 0.263281 0.045312 0.178125
1 0.407813 0.433594 0.032031 0.100781
1 0.510938 0.700781 0.036719 0.119531
1 0.286719 0.642969 0.025000 0.082031
1 0.163281 0.610156 0.025000 0.082031
1 0.160938 0.205469 0.021875 0.073438
1 0.510156 0.422656 0.028906 0.058594
1 0.510156 0.207813 0.022656 0.075781
1 0.409375 0.208594 0.022656 0.075781
1 0.285156 0.202344 0.021094 0.064844
1 0.293750 0.427344 0.020313 0.100781
1 0.428906 0.633594 0.031250 0.051562
1 0.174219 0.432031 0.014844 0.096875
1 0.067187 0.423438 0.020313 0.057031
1 0.067187 0.205469 0.021875 0.073438
