1 0.222656 0.700781 0.042188 0.505469
1 0.289062 0.645312 0.021875 0.116406
1 0.340625 0.642969 0.041406 0.108594
1 0.391406 0.644531 0.020313 0.107813
0 0.425000 0.899219 0.047656 0.171094
1 0.592187 0.840625 0.067969 0.146094
1 0.816406 0.536719 0.288281 0.197656
1 0.838281 0.839844 0.077344 0.161719
1 0.746875 0.837500 0.039062 0.154688
1 0.673438 0.843750 0.035156 0.156250
1 0.456843 0.848438 0.148392 0.210970
1 0.285156 0.873437 0.059375 0.112500
1 0.345313 0.873437 0.014844 0.108594
3 0.107813 0.894531 0.178906 0.167969
