0 0.667188 0.910937 0.128125 0.151562
1 0.603906 0.561719 0.016406 0.155469
1 0.639062 0.558594 0.016406 0.152344
1 0.718750 0.559375 0.071094 0.154688
1 0.433594 0.858594 0.150000 0.151562
1 0.300000 0.571094 0.067187 0.128125
1 0.268750 0.857031 0.150781 0.149219
1 0.832812 0.556250 0.016406 0.152344
1 0.902344 0.543750 0.016406 0.155469
1 0.936719 0.557031 0.016406 0.155469
1 0.098437 0.863281 0.153125 0.151562
1 0.402344 0.268750 0.066406 0.119531
1 0.135156 0.572656 0.046875 0.117969
1 0.220312 0.271094 0.050000 0.117969
1 0.378125 0.574219 0.014844 0.124219
1 0.411719 0.573438 0.014844 0.115625
1 0.499219 0.265625 0.014844 0.115625
1 0.464844 0.266406 0.014844 0.124219
1 0.480469 0.564844 0.046875 0.115625
1 0.299219 0.268750 0.032031 0.103906
1 0.212500 0.571094 0.032031 0.103906
1 0.092188 0.271094 0.030469 0.117969
1 0.067187 0.581250 0.014844 0.116406
1 0.031250 0.577344 0.014844 0.116406
1 0.041406 0.270313 0.031250 0.120313
1 0.135937 0.271875 0.015625 0.123438
1 0.548495 0.543591 0.060296 0.774539
