0 0.721875 0.932813 0.065625 0.103125
0 0.262500 0.925000 0.062500 0.121875
0 0.262500 0.925000 0.062500 0.121875
0 0.385156 0.932031 0.065625 0.103125
1 0.304688 0.126562 0.055469 0.071875
1 0.396094 0.129688 0.085938 0.075781
1 0.500000 0.127344 0.088281 0.072656
1 0.609375 0.128125 0.085938 0.072656
1 0.714844 0.128906 0.086719 0.075781
1 0.807813 0.128125 0.055469 0.071875
1 0.717187 0.739062 0.022656 0.110156
1 0.305469 0.285156 0.055469 0.071875
1 0.396875 0.288281 0.085938 0.075781
1 0.500781 0.285938 0.088281 0.072656
1 0.610156 0.286719 0.085938 0.072656
1 0.715625 0.287500 0.086719 0.075781
1 0.808594 0.285938 0.055469 0.071875
1 0.302344 0.436719 0.055469 0.071875
1 0.393750 0.439844 0.085938 0.075781
1 0.497656 0.437500 0.088281 0.072656
1 0.607031 0.438281 0.085938 0.072656
1 0.712500 0.439063 0.086719 0.075781
1 0.805469 0.437500 0.055469 0.071875
1 0.303906 0.585156 0.055469 0.071875
1 0.395313 0.588281 0.085938 0.075781
1 0.499219 0.585938 0.088281 0.072656
1 0.608594 0.586719 0.085938 0.072656
1 0.714063 0.587500 0.086719 0.075781
1 0.807031 0.586719 0.055469 0.071875
1 0.175781 0.587500 0.078906 0.078125
1 0.071875 0.587500 0.079687 0.075000
1 0.176563 0.732031 0.050000 0.105469
1 0.080469 0.732812 0.050000 0.105469
1 0.502344 0.920312 0.083594 0.126562
1 0.607812 0.922656 0.083594 0.126562
1 0.394531 0.735938 0.025000 0.112500
1 0.500000 0.741406 0.024219 0.111719
1 0.608594 0.738281 0.025000 0.107813
