0 0.263281 0.880469 0.037500 0.208594
1 0.432812 0.867188 0.281250 0.220312
1 0.337500 0.235156 0.047656 0.153906
1 0.485938 0.238281 0.047656 0.161719
1 0.114062 0.707031 0.047656 0.153906
1 0.391406 0.531250 0.047656 0.161719
1 0.142969 0.229687 0.047656 0.153906
1 0.114062 0.707031 0.047656 0.153906
1 0.114062 0.707031 0.047656 0.153906
1 0.232031 0.532813 0.047656 0.153906
1 0.541406 0.534375 0.047656 0.161719
1 0.635156 0.228906 0.047656 0.161719
1 0.690625 0.531250 0.047656 0.161719
1 0.833594 0.540625 0.047656 0.161719
