1 0.512500 0.826562 0.773438 0.254688
1 0.057599 0.801119 0.108258 0.258383
1 0.140625 0.596875 0.032031 0.073438
1 0.238366 0.617454 0.121753 0.114911
1 0.377976 0.616305 0.070887 0.103420
1 0.494727 0.616125 0.114995 0.114504
1 0.625486 0.621226 0.098679 0.110550
1 0.735592 0.601445 0.076601 0.068712
1 0.855242 0.620584 0.070025 0.104931
0 0.628125 0.902344 0.041406 0.102344
0 0.755469 0.900781 0.041406 0.102344
0 0.391406 0.899219 0.041406 0.102344
0 0.275000 0.902344 0.041406 0.102344
1 0.967172 0.659683 0.037037 0.096525
1 0.958754 0.840817 0.058923 0.220459
1 0.919531 0.764844 0.017969 0.070312
1 0.916406 0.646875 0.018750 0.066406
