0 0.219531 0.891406 0.094531 0.202344
1 0.103125 0.171875 0.084375 0.189844
1 0.218750 0.166406 0.084375 0.189844
1 0.339844 0.175000 0.084375 0.189844
1 0.456250 0.169531 0.084375 0.189844
1 0.574219 0.175000 0.084375 0.189844
1 0.689844 0.169531 0.084375 0.189844
1 0.810937 0.178125 0.084375 0.189844
1 0.927344 0.172656 0.084375 0.189844
1 0.100000 0.407813 0.084375 0.189844
1 0.216406 0.402344 0.084375 0.189844
1 0.337500 0.410938 0.084375 0.189844
1 0.453125 0.405469 0.084375 0.189844
1 0.571094 0.410938 0.084375 0.189844
1 0.687500 0.405469 0.084375 0.189844
1 0.808594 0.414062 0.084375 0.189844
1 0.924219 0.408594 0.084375 0.189844
1 0.096875 0.644531 0.084375 0.189844
1 0.217969 0.642969 0.084375 0.196875
1 0.341406 0.643750 0.084375 0.189844
1 0.457031 0.644531 0.085938 0.187500
1 0.573438 0.645312 0.084375 0.189844
1 0.687500 0.646094 0.084375 0.189844
1 0.805469 0.651563 0.084375 0.189844
1 0.921875 0.644531 0.084375 0.189844
1 0.924219 0.886719 0.084375 0.189844
1 0.800781 0.885156 0.084375 0.189844
1 0.689844 0.877344 0.084375 0.189844
1 0.574219 0.885156 0.084375 0.189844
1 0.457031 0.873437 0.084375 0.189844
1 0.337500 0.879687 0.084375 0.189844
