0 0.577344 0.868750 0.085938 0.183594
0 0.417187 0.861719 0.071094 0.160938
0 0.098437 0.861719 0.090625 0.175000
0 0.904687 0.866406 0.077344 0.188281
1 0.098400 0.326179 0.091489 0.437355
1 0.417624 0.425411 0.069110 0.297696
1 0.576562 0.373437 0.087500 0.310156
1 0.909375 0.320312 0.084375 0.414062
1 0.578125 0.711719 0.079687 0.117969
1 0.417187 0.726562 0.067187 0.092188
1 0.094531 0.710156 0.084375 0.107813
1 0.907031 0.715625 0.071094 0.100781
1 0.493750 0.734375 0.024219 0.101562
1 0.491406 0.480469 0.024219 0.214062
