0 0.700781 0.861719 0.076563 0.225781
0 0.281250 0.845313 0.028906 0.203125
1 0.334790 0.726741 0.134058 0.448281
1 0.235937 0.425781 0.019531 0.096875
1 0.426563 0.407813 0.021875 0.092969
1 0.554688 0.737500 0.005469 0.294531
1 0.578125 0.845313 0.006250 0.170313
1 0.585156 0.491406 0.032031 0.042969
1 0.552344 0.509375 0.010156 0.045312
1 0.525000 0.595313 0.024219 0.053125
1 0.515625 0.496094 0.046875 0.019531
1 0.542188 0.338281 0.006250 0.179688
1 0.563281 0.357812 0.007812 0.053125
1 0.961623 0.773892 0.047245 0.372701
