0 0.631250 0.871094 0.067969 0.221094
1 0.285938 0.802344 0.082812 0.248438
1 0.403906 0.802344 0.087500 0.232813
1 0.519531 0.803906 0.085938 0.232813
1 0.729688 0.803906 0.039844 0.240625
1 0.870313 0.800000 0.082031 0.237500
1 0.971875 0.794531 0.055469 0.228125
1 0.977344 0.435156 0.042969 0.317969
1 0.873437 0.432812 0.073438 0.299219
1 0.755469 0.425781 0.073438 0.313281
1 0.635938 0.434375 0.076563 0.312500
1 0.517969 0.433594 0.071875 0.314063
1 0.402344 0.439063 0.071875 0.301563
1 0.284375 0.429688 0.069531 0.310156
1 0.169531 0.428906 0.071875 0.311719
1 0.093750 0.431250 0.015625 0.301563
1 0.192188 0.797656 0.046875 0.200781
1 0.633594 0.725000 0.073438 0.075000
