0 0.246875 0.868750 0.078125 0.232813
1 0.110937 0.203906 0.035937 0.091406
3 0.217969 0.655469 0.423438 0.045312
3 0.921875 0.656250 0.146094 0.035937
3 0.903906 0.447656 0.054688 0.034375
3 0.235937 0.446875 0.048438 0.032813
3 0.367969 0.446875 0.057813 0.036719
3 0.103125 0.446094 0.057031 0.034375
1 0.086719 0.575781 0.031250 0.118750
1 0.139063 0.575000 0.031250 0.118750
1 0.214062 0.572656 0.031250 0.118750
1 0.268750 0.573438 0.031250 0.118750
1 0.345313 0.576562 0.031250 0.118750
1 0.870313 0.573438 0.031250 0.118750
1 0.502344 0.591406 0.031250 0.118750
1 0.592187 0.852344 0.031250 0.118750
1 0.589844 0.588281 0.031250 0.118750
1 0.684375 0.589063 0.031250 0.118750
1 0.771094 0.585156 0.031250 0.118750
1 0.927344 0.577344 0.031250 0.118750
1 0.089844 0.850000 0.031250 0.118750
1 0.142187 0.849219 0.031250 0.118750
1 0.351562 0.853125 0.031250 0.118750
1 0.399219 0.848437 0.031250 0.118750
1 0.503906 0.846094 0.031250 0.118750
1 0.682031 0.851562 0.031250 0.118750
1 0.772656 0.846094 0.031250 0.118750
1 0.878125 0.851562 0.031250 0.118750
1 0.923438 0.852344 0.031250 0.118750
1 0.240625 0.201563 0.032031 0.096094
1 0.369531 0.202344 0.035937 0.091406
1 0.500000 0.200000 0.032031 0.096094
1 0.110937 0.383594 0.035937 0.091406
1 0.240625 0.381250 0.032031 0.096094
1 0.369531 0.382812 0.035937 0.091406
1 0.500000 0.380469 0.032031 0.096094
1 0.592969 0.207031 0.032031 0.096094
1 0.592969 0.387500 0.032031 0.096094
1 0.681250 0.203906 0.032031 0.096094
1 0.681250 0.384375 0.032031 0.096094
1 0.769531 0.207031 0.032031 0.096094
1 0.769531 0.388281 0.032031 0.096094
1 0.899219 0.197656 0.032031 0.096094
1 0.899219 0.378906 0.032031 0.096094
1 0.398438 0.575781 0.035937 0.112500
