3 0.320312 0.492188 0.115625 0.062500
0 0.668750 0.864062 0.058594 0.170313
1 0.439063 0.864844 0.397656 0.158594
1 0.166031 0.889624 0.157700 0.208871
1 0.846825 0.877790 0.165128 0.137867
1 0.904820 0.644254 0.141701 0.145777
1 0.406580 0.651464 0.697079 0.170410
1 0.165173 0.481941 0.163985 0.168635
1 0.589063 0.436719 0.335156 0.109375
1 0.863110 0.455019 0.077707 0.128991
3 0.953101 0.527206 0.059995 0.073371
3 0.897964 0.339045 0.033140 0.067454
1 0.591406 0.224219 0.124219 0.028906
1 0.823399 0.264787 0.074850 0.107098
1 0.131462 0.333424 0.041710 0.090530
1 0.218597 0.278396 0.041139 0.092897
1 0.338284 0.439481 0.068212 0.048018
