0 0.506250 0.932813 0.146875 0.097656
0 0.200000 0.942187 0.109375 0.095312
0 0.721875 0.920312 0.057031 0.078906
3 0.124219 0.115625 0.160156 0.040625
3 0.872656 0.114062 0.160156 0.040625
3 0.705469 0.114062 0.094531 0.037500
3 0.566406 0.114062 0.094531 0.037500
3 0.427344 0.111719 0.094531 0.037500
3 0.293750 0.116406 0.094531 0.037500
3 0.124219 0.232031 0.160156 0.040625
3 0.872656 0.231250 0.160156 0.040625
3 0.705469 0.231250 0.094531 0.037500
3 0.566406 0.231250 0.094531 0.037500
3 0.427344 0.228125 0.094531 0.037500
3 0.293750 0.232813 0.094531 0.037500
3 0.121875 0.348438 0.160156 0.040625
3 0.870313 0.346875 0.160156 0.040625
3 0.703125 0.346875 0.094531 0.037500
3 0.564063 0.346875 0.094531 0.037500
3 0.425000 0.344531 0.094531 0.037500
3 0.291406 0.349219 0.094531 0.037500
3 0.120313 0.458594 0.160156 0.040625
3 0.869531 0.457031 0.160156 0.040625
3 0.702344 0.457031 0.094531 0.037500
3 0.563281 0.457031 0.094531 0.037500
3 0.424219 0.454688 0.094531 0.037500
3 0.290625 0.459375 0.094531 0.037500
3 0.130469 0.574219 0.160156 0.040625
3 0.879687 0.572656 0.160156 0.040625
3 0.711719 0.572656 0.094531 0.037500
3 0.573438 0.572656 0.094531 0.037500
3 0.434375 0.569531 0.094531 0.037500
3 0.300000 0.574219 0.094531 0.037500
3 0.120313 0.685937 0.160156 0.040625
3 0.869531 0.684375 0.160156 0.040625
3 0.702344 0.684375 0.094531 0.037500
3 0.563281 0.684375 0.094531 0.037500
3 0.424219 0.682031 0.094531 0.037500
3 0.290625 0.686719 0.094531 0.037500
3 0.122656 0.803906 0.160156 0.040625
3 0.871094 0.802344 0.160156 0.040625
3 0.703906 0.802344 0.094531 0.037500
3 0.564844 0.802344 0.094531 0.037500
3 0.425781 0.800000 0.094531 0.037500
3 0.292187 0.804688 0.094531 0.037500
1 0.136719 0.078125 0.134375 0.032813
1 0.429688 0.072656 0.089844 0.035156
1 0.300781 0.075781 0.080469 0.034375
1 0.566406 0.075000 0.088281 0.035156
1 0.703125 0.074219 0.089844 0.039062
1 0.871094 0.077344 0.142969 0.031250
1 0.128906 0.191406 0.151562 0.041406
1 0.427344 0.188281 0.093750 0.040625
1 0.299219 0.191406 0.085938 0.039844
1 0.565625 0.189844 0.093750 0.038281
1 0.703125 0.193750 0.088281 0.032031
1 0.875000 0.304688 0.152344 0.039844
1 0.130469 0.307031 0.151562 0.041406
1 0.428906 0.303906 0.093750 0.040625
1 0.300781 0.307031 0.085938 0.039844
1 0.567187 0.304688 0.093750 0.038281
1 0.704688 0.309375 0.088281 0.032031
1 0.875000 0.304688 0.152344 0.039844
1 0.123438 0.416406 0.151562 0.041406
1 0.421875 0.413281 0.093750 0.040625
1 0.293750 0.416406 0.085938 0.039844
1 0.559375 0.414062 0.093750 0.038281
1 0.707031 0.418750 0.096875 0.034375
1 0.867188 0.414062 0.152344 0.039844
1 0.126562 0.531250 0.151562 0.041406
1 0.425000 0.528906 0.093750 0.040625
1 0.296875 0.532031 0.085938 0.039844
1 0.562500 0.529687 0.093750 0.038281
1 0.706250 0.533594 0.090625 0.039062
1 0.871094 0.529687 0.152344 0.039844
1 0.132031 0.647656 0.151562 0.041406
1 0.430469 0.644531 0.093750 0.040625
1 0.302344 0.647656 0.085938 0.039844
1 0.568750 0.646094 0.093750 0.038281
1 0.708594 0.645312 0.092969 0.034375
1 0.876563 0.646094 0.152344 0.039844
1 0.132812 0.764062 0.151562 0.041406
1 0.298438 0.762500 0.082812 0.044531
1 0.569531 0.762500 0.093750 0.038281
1 0.708594 0.762500 0.094531 0.032813
1 0.877344 0.762500 0.152344 0.039844
1 0.805406 0.907737 0.270292 0.106716
1 0.195819 0.913778 0.272742 0.121482
1 0.438281 0.760156 0.085938 0.042188
