1 0.702605 0.923340 0.453019 0.144494
0 0.770049 0.932512 0.078683 0.117516
1 0.217526 0.920277 0.154800 0.122411
1 0.282658 0.363634 0.081823 0.120632
1 0.456250 0.334375 0.026562 0.077344
1 0.584870 0.355166 0.060886 0.074996
1 0.700000 0.370312 0.017969 0.072656
1 0.589129 0.190553 0.056253 0.030720
1 0.813411 0.221273 0.047487 0.041210
1 0.930301 0.248621 0.047487 0.044956
1 0.342187 0.157812 0.071875 0.053906
1 0.774219 0.382031 0.017969 0.069531
1 0.846875 0.396094 0.019531 0.064844
1 0.912500 0.405469 0.015625 0.064844
1 0.884375 0.559375 0.041406 0.071094
1 0.792188 0.548438 0.019531 0.067969
1 0.772656 0.707812 0.016406 0.066406
1 0.698438 0.700781 0.054688 0.071875
1 0.624219 0.527344 0.018750 0.071094
1 0.707812 0.535937 0.017188 0.075000
1 0.529687 0.518750 0.021875 0.078906
1 0.432812 0.511719 0.025781 0.078906
1 0.308594 0.515625 0.021094 0.074219
1 0.189844 0.553906 0.029687 0.108594
1 0.582031 0.695312 0.024219 0.074219
1 0.485938 0.691406 0.032031 0.075000
1 0.221875 0.701562 0.050000 0.065625
1 0.155898 0.202058 0.055311 0.054719
1 0.656250 0.180469 0.024219 0.025781
1 0.722656 0.195312 0.018750 0.024219
1 0.185938 0.382812 0.007031 0.108594
