1 0.667969 0.868750 0.276562 0.236719
0 0.658594 0.896875 0.030469 0.182031
1 0.043750 0.239844 0.062500 0.197656
1 0.145313 0.238281 0.071875 0.195312
1 0.250000 0.235156 0.066406 0.192188
1 0.353125 0.232813 0.071875 0.195312
1 0.511719 0.246875 0.162500 0.125000
1 0.670312 0.241406 0.071875 0.195312
1 0.775000 0.236719 0.066406 0.192188
1 0.878125 0.234375 0.071875 0.195312
3 0.511719 0.323437 0.174219 0.025000
1 0.875781 0.526563 0.071875 0.195312
1 0.771875 0.529687 0.066406 0.192188
1 0.667188 0.533594 0.071875 0.195312
1 0.564063 0.538281 0.071875 0.195312
1 0.458594 0.532813 0.066406 0.192188
1 0.353906 0.537500 0.071875 0.195312
1 0.455469 0.850000 0.071875 0.220312
1 0.353906 0.857812 0.068750 0.227344
1 0.248438 0.853906 0.073438 0.213281
1 0.145313 0.853906 0.068750 0.227344
1 0.044531 0.849219 0.060937 0.221875
1 0.145313 0.853906 0.068750 0.227344
1 0.044531 0.849219 0.060937 0.221875
1 0.260156 0.541406 0.048438 0.142187
3 0.250000 0.625781 0.071875 0.019531
1 0.962500 0.239063 0.030469 0.196094
1 0.962500 0.540625 0.030469 0.196094
1 0.146094 0.536719 0.071875 0.195312
1 0.044531 0.538281 0.062500 0.197656
