0 0.500781 0.941406 0.064062 0.111719
1 0.045312 0.114062 0.038281 0.078906
1 0.165625 0.112500 0.038281 0.078906
1 0.228125 0.114844 0.038281 0.078906
1 0.348438 0.114062 0.038281 0.078906
1 0.287500 0.114062 0.038281 0.078906
1 0.412500 0.114062 0.038281 0.078906
1 0.532031 0.112500 0.038281 0.078906
1 0.595313 0.114844 0.038281 0.078906
1 0.712500 0.114062 0.038281 0.078906
1 0.651563 0.114062 0.038281 0.078906
1 0.467969 0.111719 0.038281 0.078906
1 0.768750 0.111719 0.038281 0.078906
1 0.832031 0.114062 0.038281 0.078906
1 0.949219 0.112500 0.038281 0.078906
1 0.888281 0.112500 0.038281 0.078906
1 0.045312 0.377344 0.038281 0.078906
1 0.044531 0.245312 0.038281 0.078906
1 0.107813 0.246875 0.038281 0.078906
1 0.228125 0.246094 0.038281 0.078906
1 0.167187 0.246094 0.038281 0.078906
1 0.291406 0.246094 0.038281 0.078906
1 0.411719 0.245312 0.038281 0.078906
1 0.475000 0.246875 0.038281 0.078906
1 0.592187 0.246094 0.038281 0.078906
1 0.531250 0.246094 0.038281 0.078906
1 0.346875 0.243750 0.038281 0.078906
1 0.650000 0.242969 0.038281 0.078906
1 0.710938 0.246094 0.038281 0.078906
1 0.107813 0.375781 0.039844 0.082031
1 0.044531 0.500781 0.041406 0.093750
1 0.106250 0.502344 0.039062 0.092188
1 0.226562 0.380469 0.038281 0.078906
1 0.165625 0.380469 0.038281 0.078906
1 0.290625 0.380469 0.038281 0.078906
1 0.407813 0.371875 0.042969 0.093750
1 0.468750 0.375781 0.040625 0.096875
1 0.589844 0.374219 0.039844 0.091406
1 0.528906 0.373437 0.039844 0.093750
1 0.346094 0.378906 0.038281 0.078906
1 0.650000 0.372656 0.037500 0.095312
1 0.712500 0.372656 0.039062 0.102344
1 0.772656 0.370312 0.037500 0.101562
1 0.955469 0.372656 0.039062 0.099219
1 0.893750 0.371875 0.038281 0.098437
1 0.832812 0.372656 0.039062 0.097656
1 0.771875 0.243750 0.042969 0.087500
1 0.169531 0.506250 0.034375 0.092188
1 0.229687 0.507812 0.039062 0.093750
1 0.285156 0.635938 0.041406 0.093750
1 0.346875 0.637500 0.039062 0.092188
1 0.410156 0.642188 0.034375 0.092188
1 0.471094 0.635938 0.039062 0.093750
1 0.289062 0.505469 0.039062 0.093750
1 0.347656 0.504687 0.039062 0.093750
1 0.407813 0.503906 0.040625 0.095312
1 0.467969 0.507812 0.042188 0.096094
1 0.529687 0.507812 0.037500 0.096875
1 0.589063 0.507812 0.042188 0.093750
1 0.650781 0.507031 0.043750 0.096875
1 0.710938 0.506250 0.043750 0.100781
1 0.772656 0.507812 0.041406 0.098437
1 0.833594 0.507031 0.042188 0.095312
1 0.894531 0.506250 0.039844 0.099219
1 0.954688 0.506250 0.039062 0.099219
1 0.712500 0.638281 0.039062 0.093750
1 0.650781 0.639062 0.037500 0.092188
1 0.594531 0.639062 0.039062 0.092188
1 0.532813 0.637500 0.041406 0.093750
1 0.950000 0.639062 0.039062 0.093750
1 0.888281 0.639844 0.037500 0.092188
1 0.832031 0.639844 0.039062 0.092188
1 0.770312 0.638281 0.041406 0.093750
1 0.125781 0.635156 0.247656 0.091406
1 0.041406 0.767188 0.046094 0.092188
1 0.103906 0.767188 0.042969 0.088281
1 0.165625 0.770312 0.035937 0.094531
1 0.225781 0.767188 0.043750 0.092188
1 0.285938 0.772656 0.042188 0.092188
1 0.347656 0.767969 0.044531 0.089844
1 0.408594 0.767969 0.046094 0.092969
1 0.590625 0.769531 0.038281 0.096094
1 0.650781 0.771094 0.039844 0.095312
1 0.711719 0.767969 0.041406 0.092969
1 0.773438 0.771094 0.041406 0.089063
1 0.834375 0.769531 0.044531 0.096094
1 0.894531 0.771875 0.039062 0.097656
1 0.956250 0.764844 0.040625 0.092969
1 0.043750 0.923438 0.042188 0.142969
1 0.105469 0.920312 0.042188 0.142969
1 0.167187 0.921875 0.037500 0.140625
1 0.228906 0.921094 0.039062 0.146094
1 0.777344 0.925000 0.042188 0.142969
1 0.715625 0.928125 0.042188 0.142969
1 0.651563 0.925781 0.042188 0.142969
1 0.589844 0.928125 0.042188 0.141406
1 0.833594 0.926562 0.042188 0.142969
1 0.900000 0.925000 0.042188 0.142969
1 0.959375 0.928125 0.042188 0.142969
1 0.348438 0.923438 0.039062 0.146094
1 0.286719 0.923438 0.037500 0.140625
1 0.410156 0.921875 0.039062 0.146094
1 0.906250 0.236719 0.185938 0.101562
1 0.499072 0.856366 0.102094 0.273319
1 0.104688 0.103906 0.041406 0.092188
