1 0.392188 0.100781 0.670312 0.049219
1 0.499219 0.209375 0.880469 0.055469
1 0.502344 0.329688 0.882812 0.057031
1 0.503125 0.442188 0.887500 0.067969
1 0.498437 0.561719 0.886719 0.072656
1 0.500000 0.678906 0.882812 0.073438
1 0.496875 0.799219 0.895312 0.074219
0 0.806250 0.212500 0.055469 0.055469
0 0.807031 0.331250 0.055469 0.055469
0 0.807813 0.445312 0.055469 0.067969
0 0.807031 0.561719 0.055469 0.067969
0 0.807813 0.679688 0.055469 0.067969
0 0.796875 0.796094 0.033594 0.082031
1 0.221094 0.939844 0.112500 0.102344
1 0.360938 0.939844 0.112500 0.102344
1 0.498437 0.938281 0.121875 0.100781
1 0.637500 0.942187 0.121875 0.100781
1 0.779687 0.926562 0.117969 0.066406
0 0.498437 0.939844 0.077344 0.107813
0 0.360156 0.939063 0.056250 0.100781
