1 0.282031 0.932031 0.521094 0.121875
1 0.851562 0.767188 0.134375 0.087500
1 0.668750 0.755469 0.149219 0.114844
1 0.475781 0.757031 0.149219 0.114844
1 0.280469 0.753125 0.149219 0.114844
1 0.096875 0.750000 0.149219 0.114844
1 0.117969 0.617188 0.103125 0.102344
1 0.297656 0.616406 0.118750 0.099219
1 0.492969 0.617969 0.119531 0.102344
1 0.685156 0.617969 0.118750 0.101562
1 0.682813 0.482031 0.118750 0.101562
1 0.491406 0.482031 0.119531 0.102344
1 0.300781 0.483594 0.118750 0.099219
1 0.125781 0.483594 0.122656 0.098437
1 0.685937 0.350781 0.118750 0.101562
1 0.493750 0.350781 0.119531 0.102344
1 0.298438 0.349219 0.118750 0.099219
1 0.127344 0.351562 0.121094 0.100000
1 0.689844 0.219531 0.133594 0.101562
1 0.503125 0.220312 0.142969 0.100781
1 0.309375 0.218750 0.146875 0.096875
1 0.124219 0.220312 0.121094 0.100000
1 0.124219 0.085156 0.121094 0.100000
1 0.309375 0.083594 0.146875 0.096875
1 0.503125 0.084375 0.142969 0.100781
1 0.689844 0.082812 0.133594 0.101562
0 0.617188 0.942187 0.061719 0.096875
