0 0.514062 0.896094 0.094531 0.107813
1 0.264062 0.891406 0.095312 0.110937
1 0.144531 0.892188 0.095312 0.110937
1 0.895312 0.888281 0.095312 0.110937
1 0.867969 0.753125 0.042188 0.084375
1 0.748437 0.748437 0.042188 0.084375
1 0.617969 0.749219 0.042188 0.084375
1 0.864844 0.624219 0.042188 0.084375
1 0.746094 0.619531 0.042188 0.084375
1 0.673438 0.355469 0.042188 0.084375
1 0.917188 0.488281 0.040625 0.073438
1 0.793750 0.487500 0.042188 0.084375
1 0.668750 0.489844 0.042188 0.084375
1 0.914062 0.358594 0.039844 0.071875
1 0.796094 0.356250 0.042969 0.077344
1 0.633594 0.228906 0.071094 0.087500
1 0.621875 0.616406 0.042188 0.084375
1 0.757812 0.232031 0.071094 0.087500
1 0.878125 0.232031 0.071094 0.087500
1 0.513281 0.371094 0.105469 0.048438
1 0.516406 0.242188 0.105469 0.065625
1 0.511719 0.492969 0.105469 0.065625
1 0.515625 0.622656 0.108594 0.062500
1 0.514062 0.749219 0.105469 0.065625
1 0.135156 0.235156 0.066406 0.080469
1 0.254688 0.232031 0.077344 0.086719
1 0.375781 0.233594 0.069531 0.078125
1 0.039062 0.110156 0.060156 0.091406
1 0.042969 0.235937 0.060156 0.091406
1 0.038281 0.360938 0.060156 0.091406
1 0.135937 0.104688 0.066406 0.080469
1 0.255469 0.101562 0.077344 0.086719
1 0.376563 0.102344 0.069531 0.078125
1 0.167187 0.360938 0.042188 0.084375
1 0.290625 0.361719 0.042969 0.077344
1 0.412500 0.357812 0.039844 0.071875
1 0.165625 0.483594 0.042188 0.084375
1 0.289062 0.485938 0.042188 0.084375
1 0.408594 0.489844 0.042188 0.084375
1 0.358594 0.620313 0.042188 0.084375
1 0.239063 0.616406 0.042188 0.084375
1 0.115625 0.613281 0.042188 0.084375
1 0.359375 0.756250 0.042188 0.084375
1 0.240625 0.752344 0.042188 0.084375
1 0.117188 0.749219 0.042188 0.084375
1 0.035156 0.491406 0.060156 0.091406
1 0.513281 0.117188 0.117969 0.063281
1 0.637500 0.107031 0.069531 0.082812
1 0.756250 0.103125 0.068750 0.084375
1 0.878906 0.103125 0.068750 0.087500
1 0.036719 0.877344 0.066406 0.073438
1 0.010937 0.630469 0.014844 0.089063
