3 0.500781 0.931250 0.996094 0.120313
0 0.603906 0.798438 0.138281 0.150000
1 0.146875 0.344531 0.080469 0.131250
1 0.283594 0.343750 0.080469 0.131250
1 0.407813 0.339062 0.080469 0.131250
1 0.667969 0.345313 0.080469 0.131250
1 0.816406 0.346094 0.080469 0.131250
1 0.167969 0.557031 0.080469 0.131250
1 0.276562 0.786719 0.080469 0.131250
1 0.406250 0.790625 0.080469 0.131250
1 0.842187 0.559375 0.080469 0.131250
1 0.150000 0.786719 0.080469 0.131250
1 0.274219 0.786719 0.080469 0.131250
1 0.386719 0.560937 0.080469 0.131250
1 0.406250 0.790625 0.080469 0.131250
1 0.766406 0.789844 0.080469 0.131250
1 0.892188 0.789062 0.080469 0.131250
1 0.640625 0.563281 0.080469 0.131250
