1 0.110937 0.356250 0.107813 0.175781
0 0.500781 0.771875 0.044531 0.258594
1 0.239063 0.340625 0.110937 0.160938
1 0.370312 0.346094 0.110937 0.160938
1 0.631250 0.331250 0.110937 0.160938
1 0.762500 0.337500 0.110937 0.160938
1 0.895312 0.347656 0.107813 0.175781
1 0.892969 0.710938 0.107813 0.175781
1 0.760938 0.700781 0.110937 0.160938
1 0.629687 0.694531 0.110937 0.160938
1 0.371094 0.721094 0.110937 0.160938
1 0.239844 0.712500 0.110937 0.160938
1 0.111719 0.728906 0.107813 0.175781
1 0.500781 0.377344 0.103906 0.096094
1 0.462500 0.771875 0.033594 0.267188
1 0.540625 0.775000 0.033594 0.267188
