1 0.176563 0.871875 0.073438 0.237500
1 0.307031 0.875781 0.073438 0.237500
1 0.432812 0.871875 0.073438 0.237500
1 0.689844 0.874219 0.078125 0.239063
1 0.689844 0.874219 0.078125 0.239063
1 0.817187 0.872656 0.072656 0.242188
0 0.675000 0.945312 0.049219 0.090625
1 0.253906 0.649219 0.093750 0.106250
1 0.415625 0.515625 0.029687 0.106250
1 0.870313 0.514844 0.020313 0.105469
1 0.968750 0.249219 0.028125 0.102344
1 0.951562 0.647656 0.057031 0.110156
1 0.839063 0.646875 0.092969 0.106250
1 0.707031 0.510156 0.092969 0.106250
1 0.692969 0.103125 0.123438 0.108594
1 0.269531 0.245312 0.127344 0.110937
1 0.237500 0.514062 0.063281 0.110156
1 0.336719 0.511719 0.063281 0.110156
1 0.352344 0.375000 0.091406 0.111719
1 0.467969 0.246875 0.063281 0.110156
1 0.418750 0.105469 0.092969 0.106250
1 0.239844 0.110156 0.059375 0.100781
1 0.319531 0.109375 0.029687 0.101562
1 0.824219 0.106250 0.065625 0.104688
1 0.935156 0.109375 0.089063 0.105469
1 0.825781 0.240625 0.065625 0.104688
1 0.904687 0.242969 0.025000 0.101562
1 0.969531 0.384375 0.028125 0.102344
1 0.953906 0.513281 0.062500 0.107031
1 0.803906 0.518750 0.027344 0.103906
1 0.792188 0.381250 0.060156 0.106250
1 0.887500 0.381250 0.059375 0.107031
1 0.691406 0.375000 0.060156 0.106250
1 0.726562 0.246094 0.060156 0.106250
1 0.646094 0.242188 0.028906 0.102344
1 0.624219 0.646875 0.060156 0.106250
1 0.529687 0.644531 0.060156 0.106250
1 0.432031 0.644531 0.068750 0.115625
1 0.562500 0.240625 0.060156 0.106250
1 0.122656 0.100000 0.094531 0.111719
1 0.547656 0.103125 0.097656 0.120313
1 0.024219 0.101562 0.026562 0.114844
1 0.027344 0.240625 0.022656 0.111719
1 0.121094 0.241406 0.097656 0.116406
1 0.382812 0.243750 0.030469 0.114844
1 0.464844 0.379688 0.063281 0.114844
1 0.579688 0.376563 0.093750 0.108594
1 0.253906 0.375781 0.028906 0.116406
1 0.172656 0.375781 0.060156 0.103906
1 0.060156 0.377344 0.089844 0.107031
1 0.057813 0.510938 0.095312 0.114844
1 0.027344 0.642969 0.026562 0.108594
1 0.123438 0.649219 0.094531 0.114844
1 0.153906 0.512500 0.030469 0.110156
1 0.513281 0.509375 0.096094 0.114844
1 0.351562 0.649219 0.030469 0.117969
1 0.610938 0.511719 0.032813 0.117969
1 0.726562 0.648438 0.063281 0.113281
1 0.560937 0.871094 0.079687 0.229687
