3 0.692187 0.319531 0.614062 0.031250
1 0.691197 0.155430 0.616605 0.296834
3 0.188281 0.629687 0.374219 0.039844
1 0.189803 0.500000 0.379605 0.229135
0 0.462500 0.927344 0.114844 0.115625
1 0.691762 0.837600 0.615476 0.291912
1 0.396875 0.514844 0.010156 0.271875
1 0.415625 0.514062 0.005469 0.273438
1 0.445312 0.514062 0.010156 0.271875
1 0.465625 0.514062 0.005469 0.273438
1 0.425781 0.514062 0.005469 0.273438
1 0.484375 0.514844 0.007812 0.272656
1 0.563281 0.511719 0.005469 0.273438
1 0.532813 0.510938 0.010156 0.271875
1 0.553906 0.510938 0.005469 0.273438
1 0.514844 0.510156 0.005469 0.273438
1 0.495312 0.513281 0.007812 0.272656
1 0.602344 0.515625 0.007031 0.267188
1 0.809375 0.516406 0.007812 0.269531
1 0.582812 0.515625 0.010156 0.271875
1 0.621094 0.516406 0.005469 0.273438
1 0.652344 0.514062 0.007031 0.271875
1 0.671875 0.513281 0.005469 0.273438
1 0.633594 0.513281 0.005469 0.273438
1 0.690625 0.515625 0.007812 0.272656
1 0.771094 0.516406 0.005469 0.273438
1 0.739844 0.513281 0.009375 0.267969
1 0.758594 0.515625 0.005469 0.273438
1 0.719531 0.516406 0.005469 0.273438
1 0.702344 0.516406 0.007812 0.272656
1 0.828125 0.517969 0.007031 0.267188
1 0.789062 0.515625 0.007812 0.269531
1 0.839063 0.514844 0.007031 0.267188
1 0.857812 0.511719 0.007812 0.269531
1 0.876563 0.514062 0.007031 0.267188
1 0.894531 0.510938 0.007812 0.269531
1 0.906250 0.514062 0.007812 0.269531
1 0.926562 0.510938 0.007812 0.269531
1 0.945312 0.511719 0.007031 0.267188
1 0.963281 0.512500 0.007812 0.269531
1 0.976562 0.517188 0.007812 0.269531
1 0.993750 0.503906 0.007031 0.267188
1 0.248438 0.195312 0.007031 0.267188
1 0.266406 0.192188 0.007812 0.269531
1 0.278125 0.195312 0.007812 0.269531
1 0.298438 0.192969 0.007812 0.269531
1 0.317188 0.193750 0.007031 0.267188
1 0.335156 0.193750 0.007812 0.269531
1 0.348438 0.198437 0.007812 0.269531
1 0.365625 0.185156 0.007031 0.267188
1 0.110937 0.192188 0.007031 0.267188
1 0.129688 0.189062 0.007812 0.269531
1 0.141406 0.192188 0.007812 0.269531
1 0.161719 0.189062 0.007812 0.269531
1 0.179688 0.189844 0.007031 0.267188
1 0.197656 0.190625 0.007812 0.269531
1 0.210938 0.195312 0.007812 0.269531
1 0.228906 0.182031 0.007031 0.267188
1 0.250000 0.817969 0.008594 0.253906
1 0.267188 0.815625 0.007031 0.258594
1 0.278906 0.817969 0.007812 0.256250
1 0.299219 0.816406 0.007812 0.259375
1 0.317969 0.816406 0.007031 0.255469
1 0.335938 0.815625 0.007812 0.256250
1 0.349219 0.818750 0.007812 0.251563
1 0.366406 0.814844 0.007031 0.267188
1 0.003906 0.200781 0.007812 0.270313
1 0.024219 0.197656 0.007812 0.269531
1 0.042188 0.198437 0.007031 0.267188
1 0.060156 0.199219 0.007812 0.269531
1 0.073438 0.203906 0.007812 0.269531
1 0.091406 0.190625 0.007031 0.267188
1 0.160156 0.819531 0.008594 0.253125
1 0.178906 0.821094 0.009375 0.251563
1 0.197656 0.819531 0.009375 0.250781
1 0.209375 0.822656 0.007812 0.246094
1 0.228125 0.813281 0.007812 0.243750
1 0.022656 0.822656 0.007031 0.253125
1 0.044531 0.819531 0.009375 0.253125
1 0.060937 0.818750 0.006250 0.247656
1 0.092188 0.825000 0.005469 0.251563
1 0.110937 0.818750 0.008594 0.262500
1 0.139844 0.819531 0.007812 0.259375
1 0.128906 0.815625 0.007812 0.257031
1 0.071875 0.817187 0.006250 0.247656
