1 0.822656 0.942187 0.134375 0.094531
0 0.825000 0.963281 0.035937 0.054688
1 0.828906 0.839844 0.135156 0.059375
1 0.500000 0.932813 0.214844 0.115625
1 0.336719 0.943750 0.114844 0.093750
3 0.239063 0.978125 0.088281 0.025000
1 0.175781 0.950781 0.056250 0.081250
1 0.337500 0.146875 0.071875 0.054688
1 0.264062 0.155469 0.042969 0.060156
1 0.466406 0.166406 0.058594 0.042188
1 0.736719 0.154688 0.048438 0.060156
1 0.339062 0.225000 0.069531 0.057813
1 0.266406 0.232813 0.041406 0.061719
1 0.467969 0.250781 0.056250 0.058594
1 0.736719 0.231250 0.042969 0.060156
1 0.339062 0.300000 0.069531 0.057813
1 0.266406 0.307812 0.041406 0.061719
1 0.467969 0.324219 0.056250 0.054688
1 0.736719 0.306250 0.042969 0.060156
1 0.337500 0.378125 0.069531 0.057813
1 0.264062 0.385937 0.041406 0.061719
1 0.467187 0.390625 0.056250 0.053906
1 0.734375 0.384375 0.042969 0.060156
1 0.338281 0.457813 0.069531 0.057813
1 0.265625 0.461719 0.041406 0.061719
1 0.470313 0.456250 0.056250 0.053906
1 0.735938 0.460156 0.042969 0.060156
1 0.337500 0.535156 0.069531 0.057813
1 0.264062 0.539062 0.041406 0.061719
1 0.470313 0.526563 0.053906 0.052344
1 0.734375 0.538281 0.042969 0.060156
1 0.338281 0.613281 0.069531 0.057813
1 0.265625 0.617969 0.041406 0.061719
1 0.467969 0.660937 0.053906 0.052344
1 0.735938 0.616406 0.042969 0.060156
1 0.338281 0.613281 0.069531 0.057813
1 0.265625 0.617969 0.041406 0.061719
1 0.467969 0.660937 0.053906 0.052344
1 0.735938 0.616406 0.042969 0.060156
1 0.471094 0.591406 0.053906 0.052344
1 0.467969 0.729688 0.053906 0.052344
1 0.334375 0.689063 0.069531 0.057813
1 0.261719 0.693750 0.041406 0.061719
1 0.733594 0.692969 0.042969 0.060156
