0 0.103125 0.938281 0.057813 0.096875
1 0.285938 0.928906 0.134375 0.117969
1 0.452344 0.930469 0.139844 0.123438
1 0.613281 0.917188 0.119531 0.095312
3 0.428906 0.097656 0.810937 0.045312
1 0.903125 0.128125 0.070312 0.091406
1 0.774219 0.219531 0.070312 0.091406
1 0.923438 0.357031 0.070312 0.091406
1 0.925000 0.490625 0.070312 0.091406
1 0.689063 0.219531 0.031250 0.092188
1 0.535937 0.219531 0.035156 0.091406
1 0.619531 0.219531 0.045312 0.092188
1 0.474219 0.218750 0.046094 0.095312
3 0.912500 0.232813 0.142969 0.046875
1 0.088281 0.223438 0.075000 0.096875
1 0.814063 0.629687 0.071094 0.089063
1 0.720313 0.625781 0.046875 0.095312
1 0.646094 0.628906 0.034375 0.092969
1 0.583594 0.628906 0.043750 0.094531
1 0.484375 0.628906 0.046094 0.095312
1 0.817187 0.491406 0.044531 0.089063
1 0.817187 0.357031 0.044531 0.089063
1 0.742188 0.355469 0.044531 0.091406
1 0.652344 0.357031 0.034375 0.089063
1 0.740625 0.491406 0.044531 0.091406
1 0.649219 0.492969 0.034375 0.089063
1 0.596094 0.354687 0.022656 0.092969
1 0.513281 0.357031 0.039844 0.090625
1 0.459375 0.357812 0.021875 0.093750
1 0.399219 0.358594 0.034375 0.088281
1 0.340625 0.357031 0.039062 0.096094
1 0.300000 0.357812 0.036719 0.095312
1 0.297656 0.494531 0.036719 0.095312
1 0.343750 0.495312 0.034375 0.096094
1 0.396094 0.494531 0.035937 0.096094
1 0.460156 0.494531 0.023438 0.093750
1 0.514062 0.494531 0.043750 0.093750
1 0.596094 0.494531 0.025000 0.093750
1 0.227344 0.764062 0.034375 0.085156
1 0.282813 0.763281 0.038281 0.086719
1 0.342969 0.764062 0.022656 0.085156
1 0.399219 0.760156 0.050000 0.095312
1 0.463281 0.762500 0.028906 0.092188
1 0.510938 0.760156 0.039844 0.087500
1 0.580469 0.762500 0.049219 0.085938
1 0.664844 0.756250 0.035937 0.079687
1 0.723437 0.752344 0.050000 0.075781
1 0.102623 0.929268 0.132716 0.121951
1 0.112500 0.743750 0.028125 0.030469
1 0.168750 0.742188 0.034375 0.036719
1 0.111719 0.608594 0.032031 0.033594
1 0.049219 0.610938 0.035937 0.032813
1 0.110937 0.332031 0.026562 0.010156
1 0.164062 0.334375 0.017188 0.007031
1 0.228906 0.333594 0.040625 0.014844
1 0.228906 0.475000 0.033594 0.020313
