0 0.185938 0.910156 0.144531 0.157031
1 0.821094 0.699219 0.207813 0.091406
1 0.612500 0.148438 0.058594 0.087500
1 0.378906 0.149219 0.060156 0.093750
1 0.177344 0.150000 0.206250 0.093750
1 0.173437 0.327344 0.206250 0.093750
1 0.177344 0.511719 0.206250 0.093750
1 0.179688 0.695312 0.206250 0.093750
1 0.379688 0.331250 0.060156 0.093750
1 0.376563 0.514062 0.060156 0.093750
1 0.385937 0.695312 0.060156 0.093750
1 0.610156 0.332031 0.058594 0.087500
1 0.817969 0.522656 0.207813 0.091406
1 0.812500 0.331250 0.207813 0.091406
1 0.813281 0.152344 0.207813 0.091406
1 0.494531 0.148438 0.065625 0.086719
1 0.496875 0.332031 0.056250 0.095312
1 0.496875 0.517969 0.057813 0.092969
1 0.616406 0.515625 0.059375 0.095312
1 0.618750 0.696094 0.065625 0.089844
1 0.498437 0.697656 0.058594 0.081250
1 0.822656 0.882031 0.203906 0.089844
1 0.621875 0.882031 0.057813 0.083594
1 0.378906 0.868750 0.059375 0.068750
1 0.496875 0.867969 0.059375 0.055469
