0 0.206250 0.884375 0.073438 0.214844
1 0.236669 0.842013 0.127331 0.280165
1 0.637500 0.850781 0.117969 0.275781
3 0.912500 0.620313 0.116406 0.096094
3 0.912500 0.300781 0.116406 0.096094
1 0.772656 0.207031 0.113281 0.270313
1 0.507812 0.850781 0.117969 0.275781
1 0.771094 0.855469 0.114062 0.270313
1 0.371094 0.846094 0.114062 0.270313
1 0.372656 0.532031 0.114062 0.270313
1 0.506250 0.531250 0.117969 0.275781
1 0.640625 0.532031 0.117969 0.275781
1 0.771094 0.532031 0.117969 0.275781
1 0.237500 0.526563 0.114062 0.270313
1 0.368750 0.206250 0.114062 0.270313
1 0.237500 0.207031 0.114062 0.270313
1 0.503125 0.208594 0.114062 0.270313
1 0.637500 0.206250 0.114062 0.270313
