0 0.418750 0.940625 0.097656 0.117188
1 0.641406 0.888281 0.196875 0.200781
1 0.196875 0.892969 0.192969 0.195312
1 0.046094 0.889062 0.053906 0.191406
1 0.917188 0.133594 0.084375 0.125781
1 0.804688 0.138281 0.084375 0.125781
1 0.695312 0.128125 0.084375 0.125781
1 0.582812 0.133594 0.084375 0.125781
1 0.473438 0.128125 0.084375 0.125781
1 0.361719 0.133594 0.084375 0.125781
1 0.250781 0.132031 0.084375 0.125781
1 0.140625 0.134375 0.084375 0.125781
1 0.043750 0.132031 0.050000 0.131250
1 0.916406 0.315625 0.084375 0.125781
1 0.803906 0.320312 0.084375 0.125781
1 0.694531 0.310156 0.084375 0.125781
1 0.582812 0.315625 0.084375 0.125781
1 0.472656 0.310156 0.084375 0.125781
1 0.360938 0.315625 0.084375 0.125781
1 0.250000 0.314063 0.084375 0.125781
1 0.139844 0.316406 0.084375 0.125781
1 0.043750 0.314063 0.050000 0.131250
1 0.921094 0.495312 0.084375 0.125781
1 0.808594 0.500781 0.084375 0.125781
1 0.699219 0.494531 0.085156 0.134375
1 0.586719 0.495312 0.084375 0.125781
1 0.477344 0.489844 0.084375 0.125781
1 0.364844 0.495312 0.084375 0.125781
1 0.253906 0.494531 0.084375 0.125781
1 0.143750 0.496094 0.084375 0.125781
1 0.047656 0.493750 0.050000 0.131250
1 0.917969 0.681250 0.084375 0.125781
1 0.805469 0.686719 0.084375 0.125781
1 0.696094 0.676562 0.084375 0.125781
1 0.583594 0.681250 0.084375 0.125781
1 0.474219 0.676562 0.084375 0.125781
1 0.361719 0.681250 0.084375 0.125781
1 0.250781 0.680469 0.084375 0.125781
1 0.140625 0.682813 0.084375 0.125781
1 0.044531 0.679688 0.050000 0.131250
1 0.493750 0.892969 0.053125 0.199219
1 0.342969 0.891406 0.046875 0.202344
1 0.907031 0.882031 0.053906 0.052344
