1 0.443750 0.932031 0.101562 0.103906
1 0.553125 0.933594 0.103906 0.100000
1 0.655469 0.933594 0.079687 0.099219
1 0.336719 0.933594 0.091406 0.107813
0 0.335938 0.941406 0.058594 0.086719
0 0.653906 0.942969 0.053906 0.083594
1 0.128125 0.917188 0.139844 0.132812
1 0.165625 0.717969 0.213281 0.118750
1 0.163281 0.526563 0.213281 0.118750
1 0.164062 0.332813 0.213281 0.118750
1 0.161719 0.141406 0.213281 0.118750
1 0.831250 0.714063 0.213281 0.118750
1 0.829688 0.522656 0.213281 0.118750
1 0.829688 0.329688 0.213281 0.118750
1 0.828125 0.138281 0.213281 0.118750
1 0.866406 0.917188 0.135937 0.124219
1 0.963684 0.514827 0.047833 0.967811
1 0.032690 0.517440 0.044217 0.962585
0 0.952573 0.948031 0.025885 0.095722
0 0.042511 0.946900 0.022645 0.099678
0 0.550781 0.931250 0.040625 0.100000
0 0.439063 0.932031 0.050000 0.104688
