0 0.429688 0.946875 0.043750 0.079687
0 0.560937 0.946875 0.033594 0.078906
0 0.497656 0.946875 0.046094 0.078906
3 0.657031 0.975000 0.677344 0.047656
1 0.492188 0.793750 0.175000 0.218750
1 0.019531 0.310156 0.025000 0.586719
1 0.076563 0.309375 0.025000 0.586719
1 0.137500 0.309375 0.025000 0.586719
1 0.194531 0.307812 0.025000 0.586719
1 0.255469 0.307812 0.025000 0.586719
1 0.311719 0.307031 0.025000 0.586719
1 0.373437 0.307031 0.025000 0.586719
1 0.437500 0.307812 0.025000 0.586719
1 0.496875 0.310937 0.025000 0.586719
1 0.557813 0.306250 0.025000 0.586719
1 0.617188 0.301563 0.025000 0.600781
1 0.678125 0.310156 0.025000 0.586719
1 0.739062 0.310156 0.025000 0.586719
1 0.795312 0.309375 0.025000 0.586719
1 0.857031 0.309375 0.025000 0.586719
1 0.914062 0.307812 0.025000 0.586719
1 0.976562 0.307031 0.025000 0.586719
1 0.047656 0.694531 0.028906 0.180469
1 0.108594 0.695312 0.028906 0.180469
1 0.165625 0.697656 0.028906 0.180469
1 0.227344 0.698438 0.028906 0.180469
1 0.283594 0.695312 0.028906 0.180469
1 0.344531 0.696094 0.028906 0.180469
1 0.650000 0.698438 0.028906 0.180469
1 0.708594 0.702344 0.028906 0.180469
1 0.770312 0.698438 0.029687 0.187500
1 0.830469 0.697656 0.028906 0.180469
1 0.889844 0.696094 0.028906 0.180469
1 0.950000 0.700000 0.028906 0.180469
1 0.194531 0.888281 0.385937 0.202344
1 0.799219 0.867969 0.391406 0.150000
0 0.192188 0.942187 0.263281 0.100000
0 0.794531 0.929688 0.259375 0.060937
