3 0.071875 0.307812 0.140625 0.076563
3 0.278125 0.307031 0.156250 0.082812
3 0.278125 0.625781 0.148438 0.075000
3 0.499219 0.301563 0.158594 0.075000
3 0.716406 0.307031 0.158594 0.089063
3 0.926562 0.310937 0.146094 0.084375
3 0.926562 0.620313 0.146875 0.084375
3 0.725781 0.622656 0.158594 0.089063
3 0.068750 0.624219 0.137500 0.079687
0 0.500781 0.882031 0.067187 0.217188
1 0.499390 0.731214 0.170732 0.527442
1 0.073438 0.214062 0.144531 0.103125
1 0.280469 0.210156 0.155469 0.106250
1 0.497656 0.212500 0.159375 0.113281
1 0.715625 0.212500 0.160156 0.103906
1 0.925781 0.216406 0.147656 0.103906
1 0.721094 0.521875 0.160156 0.103906
1 0.928906 0.523438 0.142187 0.101562
1 0.719531 0.875781 0.157031 0.203125
1 0.929688 0.881250 0.140625 0.200000
1 0.281250 0.882812 0.157031 0.203125
1 0.069531 0.878906 0.139063 0.208594
1 0.280469 0.527344 0.150781 0.110937
1 0.067969 0.524219 0.135156 0.105469
