0 0.443750 0.921875 0.094531 0.146875
1 0.135937 0.885156 0.096094 0.215625
1 0.282031 0.885938 0.123438 0.214844
1 0.757031 0.882812 0.096094 0.215625
1 0.607812 0.884375 0.123438 0.214844
0 0.882031 0.935937 0.045312 0.115625
1 0.445312 0.656250 0.104688 0.108594
1 0.284375 0.654687 0.104688 0.108594
1 0.610938 0.653906 0.107031 0.105469
1 0.751563 0.651563 0.066406 0.107031
1 0.139063 0.649219 0.066406 0.107031
1 0.892969 0.742969 0.066406 0.107031
1 0.891406 0.564844 0.066406 0.107031
1 0.892969 0.383594 0.066406 0.107031
1 0.894531 0.210156 0.066406 0.107031
1 0.751563 0.471875 0.066406 0.107031
1 0.754687 0.292187 0.066406 0.107031
1 0.751563 0.129688 0.067969 0.075781
1 0.607031 0.295312 0.100781 0.107031
1 0.609375 0.479687 0.104688 0.108594
1 0.446875 0.299219 0.101562 0.106250
1 0.445312 0.475000 0.103125 0.119531
1 0.282031 0.478906 0.104688 0.108594
1 0.282031 0.304688 0.103125 0.119531
1 0.138281 0.472656 0.072656 0.107813
1 0.138281 0.293750 0.068750 0.114062
1 0.443750 0.132812 0.106250 0.074219
1 0.607812 0.135937 0.106250 0.074219
1 0.284375 0.130469 0.106250 0.074219
1 0.139844 0.132031 0.066406 0.071094
1 0.446875 0.828125 0.095312 0.044531
