1 0.444531 0.851562 0.147656 0.260156
0 0.459375 0.930469 0.060937 0.115625
1 0.634449 0.928263 0.232677 0.141538
1 0.328906 0.339844 0.020313 0.106250
1 0.278125 0.341406 0.025000 0.102344
1 0.225781 0.336719 0.020313 0.106250
1 0.171875 0.339844 0.017188 0.100781
1 0.346094 0.487500 0.020313 0.106250
1 0.274219 0.482812 0.015625 0.103906
1 0.222656 0.486719 0.020313 0.106250
1 0.185938 0.483594 0.025000 0.102344
1 0.707031 0.349219 0.022656 0.129688
1 0.657813 0.349219 0.027344 0.135156
1 0.564063 0.538281 0.022656 0.134375
1 0.566406 0.347656 0.023438 0.132812
1 0.331250 0.628125 0.020313 0.106250
1 0.280469 0.629687 0.025000 0.102344
1 0.222656 0.629687 0.020313 0.106250
1 0.169531 0.630469 0.017969 0.101562
1 0.184375 0.779687 0.024219 0.103125
1 0.236719 0.772656 0.020313 0.106250
1 0.274219 0.775781 0.020313 0.107813
1 0.326562 0.776563 0.020313 0.106250
1 0.114062 0.775000 0.017188 0.104688
1 0.118750 0.628125 0.024219 0.103125
1 0.063281 0.628906 0.017188 0.105469
1 0.064062 0.484375 0.013281 0.103906
1 0.130469 0.482812 0.020313 0.114062
1 0.115625 0.339844 0.017188 0.100781
1 0.067187 0.339844 0.021875 0.100000
1 0.010937 0.339844 0.017969 0.103125
1 0.022656 0.485156 0.020313 0.106250
1 0.010937 0.632031 0.020313 0.106250
1 0.008594 0.771094 0.017188 0.104688
1 0.571094 0.159375 0.037500 0.131250
1 0.637500 0.157031 0.023438 0.132812
1 0.710938 0.156250 0.027344 0.135156
1 0.779687 0.156250 0.023438 0.132812
1 0.845313 0.159375 0.022656 0.138281
1 0.915625 0.162500 0.020313 0.129688
1 0.989844 0.161719 0.020313 0.129688
1 0.775781 0.351562 0.022656 0.129688
1 0.865625 0.353125 0.027344 0.135937
1 0.933594 0.350781 0.027344 0.135937
1 0.978125 0.349219 0.019531 0.141406
1 0.985156 0.548438 0.019531 0.141406
1 0.920312 0.548438 0.027344 0.135937
1 0.852344 0.546094 0.027344 0.135937
1 0.776563 0.548438 0.022656 0.129688
1 0.707031 0.543750 0.022656 0.129688
1 0.648438 0.543750 0.046875 0.136719
1 0.586719 0.736719 0.027344 0.140625
1 0.635156 0.732812 0.027344 0.135156
1 0.727344 0.733594 0.027344 0.140625
1 0.795312 0.732031 0.027344 0.135156
1 0.846094 0.734375 0.025000 0.140625
1 0.917188 0.733594 0.021875 0.138281
