1 0.157812 0.054688 0.192969 0.055469
1 0.408594 0.054688 0.192969 0.055469
1 0.649219 0.055469 0.192969 0.055469
1 0.875781 0.055469 0.166406 0.059375
1 0.156250 0.134375 0.192969 0.055469
1 0.407031 0.134375 0.192969 0.055469
1 0.646875 0.135156 0.192969 0.055469
1 0.874219 0.135156 0.166406 0.059375
1 0.150781 0.213281 0.192969 0.055469
1 0.401562 0.213281 0.192969 0.055469
1 0.641406 0.214062 0.192969 0.055469
1 0.868750 0.214062 0.166406 0.059375
1 0.148438 0.292969 0.192969 0.055469
1 0.400000 0.292969 0.192969 0.055469
1 0.639844 0.293750 0.192969 0.055469
1 0.881250 0.742969 0.166406 0.059375
1 0.164844 0.357031 0.192969 0.055469
1 0.416406 0.357031 0.192969 0.055469
1 0.656250 0.357812 0.192969 0.055469
1 0.882812 0.357812 0.166406 0.059375
1 0.163281 0.436719 0.192969 0.055469
1 0.414062 0.436719 0.192969 0.055469
1 0.654687 0.437500 0.192969 0.055469
1 0.881250 0.437500 0.166406 0.059375
1 0.157812 0.514844 0.192969 0.055469
1 0.408594 0.514844 0.192969 0.055469
1 0.649219 0.515625 0.192969 0.055469
1 0.875781 0.516406 0.166406 0.059375
1 0.156250 0.587500 0.192969 0.055469
1 0.407031 0.585156 0.192969 0.055469
1 0.652344 0.589844 0.192969 0.055469
1 0.878906 0.662500 0.166406 0.059375
1 0.164844 0.357031 0.192969 0.055469
1 0.416406 0.357031 0.192969 0.055469
1 0.656250 0.357812 0.192969 0.055469
1 0.882812 0.357812 0.166406 0.059375
1 0.163281 0.436719 0.192969 0.055469
1 0.414062 0.436719 0.192969 0.055469
1 0.654687 0.437500 0.192969 0.055469
1 0.881250 0.437500 0.166406 0.059375
1 0.157812 0.514844 0.192969 0.055469
1 0.408594 0.514844 0.192969 0.055469
1 0.649219 0.515625 0.192969 0.055469
1 0.875781 0.516406 0.166406 0.059375
1 0.163281 0.735156 0.192969 0.055469
1 0.414062 0.732812 0.192969 0.055469
1 0.660156 0.737500 0.192969 0.055469
1 0.886719 0.810156 0.166406 0.059375
1 0.896094 0.587500 0.192969 0.055469
1 0.649219 0.662500 0.192969 0.055469
1 0.407031 0.660156 0.192969 0.055469
1 0.156250 0.663281 0.192969 0.055469
1 0.649219 0.813281 0.192969 0.055469
1 0.403125 0.808594 0.192969 0.055469
1 0.152344 0.810937 0.192969 0.055469
1 0.828128 0.887651 0.074839 0.060797
1 0.833186 0.965618 0.099115 0.060345
1 0.879687 0.291406 0.169531 0.050781
1 0.703906 0.884375 0.080469 0.053125
1 0.406250 0.885938 0.195312 0.057031
1 0.164844 0.886719 0.198437 0.057031
