3 0.396094 0.158594 0.751563 0.064062
1 0.064062 0.371875 0.039062 0.214062
1 0.196875 0.371875 0.039062 0.214062
1 0.337500 0.367969 0.086719 0.218750
1 0.483594 0.371875 0.060156 0.215625
1 0.628906 0.364844 0.060156 0.215625
1 0.521875 0.604688 0.040625 0.238281
1 0.369531 0.608594 0.103906 0.236719
1 0.366406 0.884375 0.117969 0.222656
0 0.378125 0.914062 0.093750 0.169531
1 0.246094 0.885156 0.042188 0.228125
1 0.111719 0.885938 0.078125 0.225781
1 0.241406 0.621875 0.038281 0.205469
1 0.131250 0.622656 0.079687 0.197656
1 0.693750 0.627344 0.058594 0.199219
1 0.503906 0.103906 0.392969 0.048438
1 0.664062 0.892188 0.080469 0.212500
1 0.789844 0.888281 0.053906 0.217969
