1 0.427344 0.081250 0.099219 0.041406
1 0.564844 0.082031 0.104688 0.046094
1 0.698438 0.082812 0.103906 0.045312
1 0.292187 0.083594 0.102344 0.042969
1 0.177344 0.185156 0.025781 0.056250
1 0.284375 0.185938 0.107031 0.057031
1 0.424219 0.188281 0.106250 0.057031
1 0.566406 0.188281 0.108594 0.053125
1 0.710938 0.189062 0.107031 0.056250
1 0.814844 0.187500 0.022656 0.050000
1 0.719531 0.322656 0.109375 0.110156
1 0.572656 0.319531 0.111719 0.103906
1 0.425000 0.319531 0.099219 0.107813
1 0.272656 0.320312 0.113281 0.096875
1 0.852344 0.321094 0.069531 0.110156
1 0.142187 0.320312 0.066406 0.103125
1 0.714844 0.477344 0.109375 0.110156
1 0.567187 0.475000 0.111719 0.103906
1 0.420312 0.474219 0.099219 0.107813
1 0.267188 0.475000 0.113281 0.096875
1 0.847656 0.475781 0.069531 0.110156
1 0.137500 0.475000 0.066406 0.103125
1 0.720313 0.625781 0.110937 0.117969
1 0.571875 0.625781 0.111719 0.117969
1 0.423438 0.624219 0.097656 0.118750
1 0.271094 0.628125 0.112500 0.113281
1 0.852344 0.625781 0.069531 0.120313
1 0.141406 0.625000 0.066406 0.114844
1 0.719531 0.777344 0.110937 0.117969
1 0.571094 0.777344 0.111719 0.117969
1 0.422656 0.775781 0.097656 0.118750
1 0.270313 0.778906 0.112500 0.113281
1 0.851562 0.777344 0.069531 0.120313
1 0.141406 0.776563 0.066406 0.114844
1 0.855469 0.921094 0.069531 0.120313
1 0.723437 0.921094 0.110937 0.117969
1 0.575000 0.921094 0.111719 0.117969
1 0.425781 0.919531 0.097656 0.118750
1 0.273438 0.922656 0.112500 0.113281
1 0.144531 0.920312 0.066406 0.114844
0 0.282813 0.941406 0.052344 0.110937
0 0.710938 0.939063 0.053906 0.109375
