1 0.323437 0.374219 0.039062 0.107031
1 0.067187 0.378125 0.039062 0.107031
1 0.153906 0.378125 0.039062 0.107031
1 0.236719 0.374219 0.039062 0.107031
1 0.412500 0.378906 0.043750 0.107031
1 0.496875 0.375781 0.039062 0.107031
1 0.590625 0.376563 0.039062 0.107031
1 0.673438 0.375781 0.039062 0.107031
1 0.757031 0.378125 0.039062 0.107031
1 0.848437 0.381250 0.042969 0.103906
1 0.929688 0.510156 0.039062 0.107031
1 0.063281 0.510156 0.039062 0.107031
1 0.150000 0.510156 0.039062 0.107031
1 0.239844 0.505469 0.039062 0.107031
1 0.408594 0.511719 0.043750 0.107031
1 0.493750 0.507812 0.039062 0.107031
1 0.586719 0.509375 0.039062 0.107031
1 0.669531 0.507812 0.039062 0.107031
1 0.753125 0.510156 0.039062 0.107031
1 0.844531 0.513281 0.042969 0.103906
1 0.929688 0.510156 0.039062 0.107031
1 0.065625 0.638281 0.039062 0.107031
1 0.153125 0.639062 0.039062 0.107031
1 0.238281 0.641406 0.039062 0.107031
1 0.407031 0.642188 0.043750 0.107031
1 0.498437 0.641406 0.042969 0.102344
1 0.589063 0.639062 0.039062 0.107031
1 0.672656 0.638281 0.039062 0.107031
1 0.758594 0.639844 0.039062 0.107031
1 0.845313 0.642188 0.042969 0.103906
1 0.930469 0.639844 0.039062 0.107031
1 0.067969 0.781250 0.039062 0.107031
1 0.155469 0.782813 0.039062 0.107031
1 0.240625 0.783594 0.039062 0.107031
1 0.676562 0.835938 0.042969 0.217969
1 0.759375 0.834375 0.036719 0.210938
1 0.846875 0.837500 0.042188 0.209375
1 0.590625 0.834375 0.038281 0.213281
1 0.410156 0.832031 0.039844 0.226562
1 0.236719 0.897656 0.040625 0.100000
1 0.151562 0.894531 0.040625 0.096094
1 0.064844 0.892188 0.042188 0.093750
1 0.319531 0.895312 0.040625 0.100000
0 0.500000 0.920312 0.048438 0.157031
1 0.235156 0.206250 0.050781 0.050000
1 0.149219 0.205469 0.050781 0.050000
1 0.062500 0.210938 0.051562 0.036719
1 0.321094 0.207813 0.054688 0.043750
1 0.407813 0.210156 0.054688 0.043750
1 0.675781 0.209375 0.054688 0.043750
1 0.761719 0.210156 0.054688 0.043750
1 0.851562 0.207813 0.054688 0.043750
1 0.935156 0.210156 0.047656 0.045312
1 0.931250 0.380469 0.038281 0.100781
1 0.664844 0.091406 0.059375 0.052344
1 0.750000 0.089844 0.058594 0.043750
1 0.835938 0.095312 0.060937 0.050781
1 0.917969 0.093750 0.056250 0.052344
1 0.585938 0.091406 0.059375 0.052344
1 0.330469 0.090625 0.064844 0.050000
1 0.248438 0.092969 0.064844 0.050000
