0 0.464844 0.942187 0.103125 0.093750
0 0.549219 0.941406 0.066406 0.096094
1 0.142969 0.307031 0.058594 0.094531
1 0.270313 0.307031 0.117969 0.097656
1 0.423438 0.300000 0.118750 0.097656
1 0.575000 0.302344 0.116406 0.099219
1 0.731250 0.303125 0.112500 0.091406
1 0.857812 0.302344 0.064062 0.087500
1 0.139844 0.467187 0.058594 0.094531
1 0.266406 0.467187 0.117969 0.097656
1 0.420312 0.460156 0.118750 0.097656
1 0.571875 0.462500 0.116406 0.099219
1 0.728125 0.463281 0.112500 0.091406
1 0.853906 0.462500 0.064062 0.087500
1 0.139844 0.619531 0.057031 0.112500
1 0.266406 0.619531 0.115625 0.115625
1 0.420312 0.613281 0.117188 0.118750
1 0.572656 0.615625 0.116406 0.118750
1 0.728125 0.615625 0.111719 0.110156
1 0.859375 0.614062 0.055469 0.104688
1 0.136719 0.773438 0.065625 0.117969
1 0.267188 0.775000 0.110156 0.124219
1 0.422656 0.770312 0.117188 0.118750
1 0.572656 0.771875 0.115625 0.121875
1 0.728906 0.771875 0.111719 0.118750
1 0.853125 0.771094 0.052344 0.118750
1 0.852344 0.921094 0.052344 0.118750
1 0.724219 0.921875 0.119531 0.119531
1 0.266406 0.909375 0.110937 0.093750
1 0.128125 0.910937 0.080469 0.105469
1 0.282813 0.177344 0.106250 0.019531
1 0.429688 0.176563 0.102344 0.014063
1 0.575781 0.176563 0.106250 0.018750
1 0.714063 0.174219 0.107813 0.025000
