1 0.942187 0.389844 0.029687 0.484375
1 0.892188 0.387500 0.029687 0.484375
1 0.799219 0.389844 0.029687 0.484375
1 0.750000 0.387500 0.029687 0.484375
1 0.844531 0.384375 0.029687 0.484375
1 0.704688 0.382812 0.025781 0.466406
1 0.658594 0.385156 0.027344 0.455469
1 0.565625 0.373437 0.025000 0.446094
1 0.521875 0.375781 0.028906 0.453125
1 0.613281 0.388281 0.027344 0.472656
1 0.475000 0.383594 0.025000 0.486719
1 0.425781 0.392969 0.027344 0.462500
1 0.380469 0.375000 0.027344 0.443750
1 0.335938 0.378125 0.025000 0.438281
1 0.289062 0.377344 0.024219 0.450000
1 0.153906 0.382031 0.010156 0.462500
1 0.200000 0.377344 0.013281 0.451562
1 0.107813 0.380469 0.010156 0.467969
1 0.246094 0.380469 0.015625 0.464844
0 0.660156 0.834375 0.065625 0.264844
0 0.793750 0.844531 0.050000 0.264844
