3 0.514844 0.080469 0.732031 0.124219
3 0.949219 0.459375 0.099219 0.134375
3 0.949219 0.793750 0.100000 0.134375
1 0.083594 0.314844 0.069531 0.162500
1 0.186719 0.310156 0.096094 0.154688
1 0.306250 0.307031 0.090625 0.154688
1 0.422656 0.308594 0.096094 0.154688
1 0.082812 0.667188 0.069531 0.162500
1 0.185156 0.662500 0.096094 0.154688
1 0.304688 0.659375 0.090625 0.154688
1 0.421094 0.662500 0.096094 0.154688
1 0.542969 0.303906 0.096094 0.154688
1 0.542188 0.657813 0.096094 0.154688
1 0.661719 0.315625 0.096094 0.154688
1 0.660156 0.669531 0.096094 0.154688
1 0.777344 0.311719 0.096094 0.154688
1 0.775781 0.666406 0.096094 0.154688
