1 0.500000 0.910156 0.999219 0.117188
0 0.381250 0.947656 0.040625 0.096094
1 0.380664 0.728383 0.056641 0.070032
1 0.381055 0.540852 0.056641 0.070032
1 0.381055 0.357601 0.056641 0.063029
1 0.457617 0.356823 0.058203 0.063029
1 0.535547 0.531515 0.058594 0.087151
1 0.459961 0.722936 0.056641 0.082483
1 0.458789 0.547466 0.059766 0.059917
1 0.537305 0.738499 0.056641 0.048245
1 0.613281 0.530347 0.056250 0.083261
1 0.614453 0.343205 0.057812 0.091820
1 0.536914 0.357212 0.055859 0.062251
1 0.692187 0.344373 0.057031 0.097267
1 0.768099 0.358184 0.053385 0.058490
1 0.842057 0.358184 0.053385 0.058490
1 0.920583 0.359484 0.053897 0.058351
1 0.982218 0.346070 0.034565 0.082786
1 0.690570 0.546280 0.057018 0.056354
1 0.767325 0.530335 0.055263 0.088244
1 0.845045 0.532405 0.056757 0.087937
1 0.920882 0.531638 0.058235 0.093743
1 0.985044 0.548336 0.028912 0.052730
1 0.615000 0.722785 0.054324 0.083450
1 0.690811 0.722785 0.055135 0.084527
1 0.768649 0.722785 0.055135 0.084527
1 0.844844 0.738098 0.054669 0.050770
1 0.920479 0.723574 0.052660 0.082648
1 0.985083 0.726428 0.028833 0.083665
1 0.303302 0.343203 0.057075 0.092554
1 0.227830 0.361291 0.056604 0.061076
1 0.152885 0.345809 0.055769 0.093616
1 0.076164 0.362765 0.055760 0.063960
1 0.012500 0.365769 0.025000 0.059771
1 0.074716 0.536785 0.055114 0.089415
1 0.150568 0.536219 0.053409 0.090547
1 0.227350 0.548447 0.053419 0.056611
1 0.303205 0.530783 0.056838 0.089386
1 0.013816 0.544559 0.027632 0.076012
1 0.304204 0.722773 0.057080 0.083736
1 0.227655 0.721671 0.054867 0.084177
1 0.074393 0.724809 0.052834 0.080246
1 0.150101 0.739729 0.054858 0.048793
1 0.011145 0.737484 0.022289 0.041041
