1 0.762500 0.796875 0.454688 0.350000
1 0.935156 0.144531 0.028906 0.107813
1 0.855469 0.144531 0.028906 0.107813
1 0.780469 0.146875 0.028906 0.107813
1 0.700000 0.146875 0.028906 0.107813
1 0.627344 0.142187 0.028906 0.107813
1 0.546875 0.142187 0.028906 0.107813
1 0.471875 0.144531 0.028906 0.107813
1 0.390625 0.327344 0.028906 0.107813
1 0.934375 0.327344 0.028906 0.107813
1 0.853906 0.327344 0.028906 0.107813
1 0.778906 0.327344 0.028906 0.112500
1 0.700000 0.325781 0.031250 0.115625
1 0.625781 0.326562 0.028906 0.111719
1 0.545312 0.325000 0.028906 0.107813
1 0.471094 0.511719 0.028906 0.107813
1 0.391406 0.511719 0.028906 0.107813
1 0.395313 0.506250 0.028906 0.107813
1 0.934375 0.507031 0.028125 0.117969
1 0.855469 0.505469 0.029687 0.120313
1 0.778906 0.502344 0.028906 0.117188
1 0.699219 0.508594 0.028906 0.118750
1 0.626563 0.503906 0.029687 0.120313
1 0.546875 0.503125 0.029687 0.121094
1 0.471094 0.504687 0.028125 0.122656
1 0.201563 0.817969 0.114844 0.346094
0 0.242188 0.935937 0.034375 0.112500
1 0.394531 0.881250 0.036719 0.162500
1 0.474219 0.887500 0.036719 0.175000
1 0.468750 0.681250 0.030469 0.118750
1 0.395313 0.679688 0.028906 0.109375
1 0.319531 0.684375 0.032813 0.124219
1 0.470313 0.325781 0.032031 0.109375
1 0.392969 0.143750 0.028906 0.107813
1 0.163281 0.147656 0.028906 0.107813
1 0.242188 0.147656 0.028906 0.107813
1 0.317969 0.146094 0.028906 0.107813
1 0.085938 0.143750 0.028906 0.107813
1 0.010937 0.141406 0.021875 0.114844
1 0.317969 0.324219 0.028906 0.107813
1 0.242188 0.327344 0.028906 0.107813
1 0.163281 0.327344 0.028906 0.107813
1 0.085938 0.322656 0.028906 0.107813
1 0.010937 0.320312 0.021875 0.114844
1 0.318750 0.503906 0.028906 0.107813
1 0.242969 0.507812 0.028906 0.107813
1 0.163281 0.508594 0.028906 0.107813
1 0.085938 0.503906 0.028906 0.107813
1 0.010937 0.503125 0.021875 0.114844
1 0.012500 0.682813 0.025000 0.107031
