3 0.496094 0.115625 0.965625 0.046875
1 0.381250 0.075000 0.204687 0.035937
1 0.532031 0.076563 0.084375 0.031250
1 0.194531 0.074219 0.071094 0.038281
1 0.560937 0.236719 0.033594 0.095312
1 0.704688 0.235156 0.058594 0.097656
1 0.479687 0.381250 0.026562 0.094531
1 0.840625 0.380469 0.042188 0.097656
1 0.953125 0.378906 0.031250 0.092969
1 0.396094 0.379688 0.017188 0.099219
1 0.282813 0.379688 0.027344 0.094531
1 0.125000 0.380469 0.039062 0.099219
1 0.288281 0.671875 0.054688 0.088281
1 0.580469 0.672656 0.072656 0.085156
1 0.857031 0.674219 0.047656 0.091406
1 0.953906 0.672656 0.034375 0.092188
1 0.687500 0.672656 0.028125 0.088281
1 0.700781 0.527344 0.048438 0.092969
1 0.472656 0.526563 0.031250 0.086719
1 0.564063 0.817969 0.036719 0.089063
0 0.538281 0.953906 0.161719 0.080469
0 0.383594 0.954688 0.052344 0.075000
