1 0.153125 0.631250 0.025000 0.085938
1 0.295312 0.637500 0.019531 0.069531
1 0.329688 0.637500 0.021875 0.052344
1 0.681250 0.550000 0.019531 0.081250
1 0.692187 0.686719 0.012500 0.055469
1 0.641406 0.668750 0.040625 0.171094
1 0.789844 0.613281 0.039844 0.145313
1 0.943750 0.738281 0.042969 0.152344
0 0.635156 0.693750 0.028906 0.122656
1 0.557031 0.596875 0.037500 0.133594
1 0.494531 0.641406 0.033594 0.134375
1 0.435156 0.617969 0.036719 0.048438
1 0.438281 0.516406 0.025000 0.093750
1 0.073438 0.363281 0.031250 0.128906
1 0.153906 0.382812 0.032813 0.121875
1 0.207813 0.301563 0.033594 0.131250
3 0.840761 0.914823 0.317227 0.165929
