0 0.050000 0.884375 0.024219 0.198437
0 0.096875 0.885938 0.024219 0.198437
0 0.143750 0.890625 0.024219 0.198437
0 0.209375 0.890625 0.024219 0.198437
0 0.256250 0.892969 0.024219 0.198437
0 0.303125 0.897656 0.024219 0.198437
0 0.347656 0.890625 0.024219 0.198437
0 0.414844 0.890625 0.024219 0.198437
0 0.463281 0.890625 0.024219 0.198437
0 0.528906 0.900781 0.024219 0.198437
0 0.689063 0.900781 0.024219 0.198437
0 0.576562 0.900781 0.024219 0.198437
0 0.639844 0.894531 0.024219 0.198437
0 0.788281 0.900781 0.024219 0.198437
0 0.739062 0.895312 0.024219 0.198437
0 0.899219 0.900781 0.024219 0.198437
0 0.850000 0.895312 0.024219 0.198437
0 0.947656 0.902344 0.023438 0.195312
1 0.907813 0.633594 0.010937 0.125781
1 0.863281 0.639062 0.009375 0.119531
1 0.840625 0.631250 0.010937 0.125781
1 0.682031 0.622656 0.010937 0.125781
1 0.636719 0.628125 0.009375 0.119531
1 0.614844 0.620313 0.010937 0.125781
1 0.697656 0.626563 0.010937 0.125781
1 0.742969 0.630469 0.008594 0.119531
1 0.777344 0.623437 0.008594 0.119531
1 0.927344 0.631250 0.010937 0.125781
1 0.961719 0.622656 0.010937 0.125781
1 0.580469 0.631250 0.010937 0.125781
1 0.506250 0.620313 0.010937 0.125781
1 0.484375 0.628906 0.010937 0.125781
1 0.454688 0.626563 0.010937 0.125781
1 0.419531 0.625000 0.010937 0.125781
1 0.380469 0.631250 0.010937 0.125781
1 0.345313 0.628906 0.010937 0.125781
1 0.311719 0.628125 0.010937 0.125781
1 0.282031 0.625781 0.010937 0.125781
1 0.260156 0.621875 0.010937 0.125781
1 0.217969 0.621875 0.010937 0.125781
1 0.196094 0.625000 0.010937 0.125781
1 0.067187 0.628906 0.010937 0.125781
1 0.039844 0.621875 0.007812 0.125000
1 0.103125 0.625781 0.010937 0.125781
1 0.134375 0.627344 0.010937 0.125781
1 0.153906 0.625000 0.010937 0.125781
1 0.180006 0.395806 0.082721 0.105303
1 0.399479 0.411878 0.074857 0.064290
1 0.404576 0.275539 0.062915 0.086459
1 0.699135 0.155956 0.010529 0.135614
1 0.746312 0.160965 0.009719 0.142549
1 0.908594 0.165625 0.006250 0.130469
1 0.074219 0.160156 0.007031 0.126562
1 0.596094 0.409375 0.081250 0.078125
1 0.583594 0.281250 0.047656 0.074219
