1 0.065625 0.256250 0.067187 0.144531
1 0.056250 0.669531 0.047656 0.146875
1 0.331250 0.785937 0.083594 0.194531
0 0.189062 0.899219 0.078906 0.189062
1 0.459375 0.712500 0.058594 0.142187
1 0.753906 0.709375 0.436719 0.140625
1 0.547656 0.534375 0.047656 0.123438
1 0.710156 0.529687 0.142969 0.119531
1 0.910937 0.363281 0.061719 0.121875
1 0.800000 0.364844 0.062500 0.115625
1 0.692187 0.363281 0.071875 0.119531
1 0.494531 0.369531 0.071875 0.116406
1 0.534548 0.213946 0.098409 0.049655
1 0.810937 0.531250 0.043750 0.099219
1 0.896094 0.529687 0.017188 0.100781
1 0.974219 0.526563 0.050000 0.118750
1 0.619531 0.532813 0.023438 0.114062
1 0.549219 0.371094 0.022656 0.100000
1 0.859375 0.362500 0.025000 0.122656
1 0.684891 0.222847 0.089520 0.023795
