1 0.505407 0.932423 0.912489 0.133464
0 0.915625 0.946094 0.098437 0.106250
1 0.200781 0.603125 0.134375 0.089844
1 0.410938 0.602344 0.157812 0.097656
1 0.639844 0.601562 0.162500 0.096875
1 0.867969 0.603906 0.170313 0.098437
1 0.134375 0.760156 0.134375 0.089844
1 0.344531 0.758594 0.157812 0.097656
1 0.573438 0.758594 0.162500 0.096875
1 0.801562 0.760938 0.170313 0.098437
1 0.142187 0.446094 0.134375 0.089844
1 0.352344 0.444531 0.157812 0.097656
1 0.581250 0.444531 0.162500 0.096875
1 0.809375 0.446875 0.170313 0.098437
1 0.209375 0.289844 0.134375 0.089844
1 0.389062 0.287500 0.096094 0.095312
1 0.625781 0.268750 0.162500 0.144531
1 0.815625 0.270313 0.059375 0.146094
1 0.742969 0.110937 0.216406 0.146875
1 0.514844 0.107031 0.094531 0.143750
