1 0.503906 0.894531 0.918750 0.195312
0 0.864844 0.939844 0.071094 0.107813
0 0.681250 0.942187 0.071094 0.107813
0 0.499219 0.944531 0.071094 0.107813
0 0.314844 0.944531 0.071094 0.107813
0 0.134375 0.941406 0.071094 0.107813
1 0.059375 0.119531 0.086719 0.079687
1 0.299219 0.116406 0.086719 0.079687
1 0.447656 0.117188 0.086719 0.079687
1 0.178906 0.119531 0.028125 0.078906
1 0.594531 0.115625 0.086719 0.079687
1 0.739844 0.118750 0.086719 0.079687
1 0.866406 0.681250 0.028125 0.078906
1 0.966406 0.681250 0.028125 0.078906
1 0.066406 0.682031 0.086719 0.079687
1 0.306250 0.678906 0.086719 0.079687
1 0.454688 0.680469 0.086719 0.079687
1 0.179688 0.682813 0.028125 0.078906
1 0.601562 0.678125 0.086719 0.079687
1 0.746094 0.681250 0.086719 0.079687
1 0.866406 0.681250 0.028125 0.078906
1 0.935937 0.260937 0.085156 0.078906
1 0.042969 0.257031 0.085156 0.079687
1 0.250000 0.257812 0.086719 0.079687
1 0.400781 0.256250 0.086719 0.079687
1 0.126562 0.257812 0.028125 0.078906
1 0.546094 0.257812 0.086719 0.079687
1 0.690625 0.258594 0.081250 0.075781
1 0.812500 0.258594 0.028125 0.078906
1 0.742188 0.395313 0.077344 0.078906
1 0.814063 0.542969 0.028125 0.078906
1 0.943750 0.543750 0.086719 0.079687
1 0.690625 0.539844 0.086719 0.079687
1 0.053906 0.394531 0.086719 0.079687
1 0.204687 0.397656 0.086719 0.079687
1 0.597656 0.398438 0.086719 0.079687
1 0.569531 0.537500 0.028125 0.078906
1 0.225781 0.534375 0.028125 0.078906
1 0.131250 0.540625 0.028125 0.078906
1 0.028125 0.535937 0.028125 0.078906
1 0.858594 0.397656 0.028125 0.078906
1 0.957812 0.397656 0.028125 0.078906
1 0.396875 0.482812 0.171094 0.225781
3 0.393750 0.575000 0.171875 0.042188
1 0.864844 0.121094 0.035937 0.085938
1 0.961719 0.121094 0.040625 0.074219
