3 0.358363 0.937029 0.716726 0.086424
1 0.480127 0.828017 0.363710 0.164991
0 0.275781 0.892188 0.047656 0.132812
0 0.382031 0.861719 0.082812 0.079687
0 0.514844 0.867188 0.096875 0.082812
1 0.813281 0.390625 0.083594 0.176563
1 0.812500 0.602344 0.084375 0.176563
3 0.832812 0.247656 0.264062 0.049219
3 0.709375 0.441406 0.125000 0.080469
3 0.712500 0.654687 0.121875 0.081250
1 0.528125 0.617969 0.113281 0.169531
1 0.524219 0.428906 0.108594 0.155469
1 0.526563 0.235937 0.110937 0.155469
3 0.384375 0.290625 0.161719 0.069531
3 0.384375 0.483594 0.164844 0.071094
3 0.385937 0.674219 0.158594 0.069531
3 0.500750 0.085068 0.389957 0.103119
3 0.186534 0.184750 0.193479 0.108030
1 0.243153 0.305056 0.072742 0.156152
1 0.243153 0.474957 0.072742 0.150259
1 0.241653 0.651241 0.071242 0.149277
3 0.149789 0.699364 0.116987 0.074639
3 0.149039 0.530936 0.118487 0.075621
3 0.150538 0.364472 0.118487 0.080531
3 0.053522 0.304159 0.107043 0.089541
3 0.034024 0.449719 0.068048 0.076213
3 0.043773 0.584430 0.087545 0.076543
3 0.036926 0.727844 0.066743 0.058925
1 0.087170 0.678249 0.035246 0.126689
1 0.087170 0.505893 0.032246 0.078567
1 0.090545 0.389515 0.037496 0.130618
