1 0.299219 0.867188 0.012500 0.212500
1 0.324219 0.842187 0.009375 0.218750
1 0.346875 0.810156 0.013281 0.151562
1 0.607812 0.820312 0.013281 0.171875
1 0.369531 0.847656 0.008594 0.223438
1 0.416406 0.815625 0.006250 0.169531
1 0.390625 0.833594 0.005469 0.138281
1 0.466406 0.817969 0.010937 0.159375
1 0.560937 0.817187 0.011719 0.160938
1 0.536719 0.817187 0.012500 0.153125
1 0.489844 0.864062 0.012500 0.192188
1 0.513281 0.809375 0.005469 0.142187
1 0.675000 0.814063 0.007812 0.154688
1 0.629687 0.814063 0.007031 0.169531
1 0.649219 0.848437 0.007031 0.223438
1 0.771094 0.814844 0.009375 0.162500
1 0.746094 0.814063 0.008594 0.157812
1 0.721875 0.845313 0.006250 0.221094
1 0.696875 0.860938 0.003906 0.183594
1 0.869531 0.438281 0.046875 0.256250
1 0.966406 0.259375 0.010937 0.221875
1 0.619531 0.550000 0.007031 0.196875
1 0.571875 0.550000 0.014844 0.199219
1 0.547656 0.545312 0.006250 0.197656
1 0.528906 0.542969 0.010937 0.192969
1 0.606250 0.271875 0.009375 0.235156
3 0.394531 0.578125 0.206250 0.070312
1 0.360938 0.267969 0.060937 0.237500
1 0.420312 0.264062 0.029687 0.239063
1 0.484375 0.276562 0.025000 0.234375
1 0.315625 0.475781 0.036719 0.132031
1 0.363281 0.475781 0.024219 0.138281
1 0.387500 0.474219 0.010156 0.134375
1 0.446094 0.476562 0.050781 0.134375
1 0.490625 0.478125 0.014844 0.128906
1 0.303906 0.264062 0.007812 0.243750
1 0.125000 0.525000 0.013281 0.228906
