1 0.261719 0.882812 0.035937 0.093750
1 0.342969 0.881250 0.035156 0.105469
1 0.456250 0.877344 0.035937 0.093750
1 0.536719 0.875781 0.035156 0.105469
1 0.928125 0.867188 0.035156 0.105469
1 0.847656 0.868750 0.035937 0.093750
1 0.735156 0.872656 0.035156 0.105469
1 0.653906 0.640625 0.035937 0.093750
1 0.262500 0.649219 0.035937 0.093750
1 0.343750 0.647656 0.035156 0.105469
1 0.456250 0.643750 0.035937 0.093750
1 0.537500 0.642188 0.035156 0.105469
1 0.928906 0.633594 0.035156 0.105469
1 0.848437 0.635156 0.035937 0.093750
1 0.735938 0.639062 0.035156 0.105469
1 0.653906 0.640625 0.035937 0.093750
1 0.065625 0.177344 0.035937 0.093750
1 0.261719 0.402344 0.035937 0.093750
1 0.342969 0.401562 0.035156 0.105469
1 0.456250 0.396875 0.035937 0.093750
1 0.536719 0.395313 0.035156 0.105469
1 0.928125 0.386719 0.035156 0.105469
1 0.847656 0.388281 0.035937 0.093750
1 0.735156 0.392188 0.035156 0.105469
1 0.653906 0.393750 0.035937 0.093750
1 0.155469 0.175781 0.035937 0.093750
1 0.256250 0.175781 0.035937 0.093750
1 0.338281 0.173437 0.035156 0.105469
1 0.450781 0.167187 0.035937 0.093750
1 0.531250 0.166406 0.035156 0.105469
1 0.648438 0.164844 0.035937 0.093750
1 0.729688 0.163281 0.035156 0.105469
1 0.842187 0.158594 0.035937 0.093750
1 0.922656 0.157031 0.035156 0.105469
1 0.150781 0.647656 0.035937 0.093750
1 0.648438 0.865625 0.034375 0.092969
