1 0.407813 0.937500 0.175000 0.109375
1 0.250000 0.937500 0.037500 0.099219
1 0.080469 0.934375 0.080469 0.114844
3 0.687500 0.123438 0.336719 0.023438
3 0.229687 0.121875 0.357031 0.028125
1 0.657031 0.769531 0.042188 0.132812
1 0.732812 0.771094 0.018750 0.134375
1 0.044531 0.775000 0.017969 0.114844
1 0.375781 0.596875 0.014844 0.129688
1 0.324219 0.593750 0.044531 0.132812
1 0.200000 0.586719 0.039844 0.117969
1 0.698438 0.594531 0.043750 0.126562
1 0.755469 0.592187 0.020313 0.135156
3 0.889062 0.598437 0.084375 0.057031
3 0.547656 0.596875 0.079687 0.062500
1 0.623437 0.419531 0.196875 0.131250
1 0.799219 0.418750 0.114844 0.127344
1 0.389844 0.416406 0.043750 0.136719
1 0.442188 0.418750 0.018750 0.134375
1 0.171875 0.416406 0.042969 0.142187
1 0.090625 0.417187 0.018750 0.132812
1 0.104688 0.244531 0.041406 0.124219
1 0.237500 0.216406 0.042969 0.073438
1 0.185156 0.242969 0.013281 0.128125
1 0.571875 0.242969 0.045312 0.131250
1 0.702344 0.242969 0.045312 0.139844
1 0.771094 0.245312 0.021875 0.134375
1 0.471094 0.200781 0.075000 0.061719
1 0.364844 0.239063 0.044531 0.130469
1 0.616406 0.079687 0.194531 0.058594
1 0.310156 0.082031 0.032031 0.058594
1 0.353906 0.080469 0.014844 0.054688
0 0.345313 0.937500 0.053125 0.111719
1 0.548438 0.546094 0.057813 0.041406
1 0.329688 0.791406 0.067187 0.172656
