1 0.186719 0.141406 0.167969 0.090625
3 0.604688 0.167969 0.244531 0.034375
1 0.817969 0.175781 0.145313 0.092969
1 0.621875 0.393750 0.435937 0.067969
1 0.276562 0.264062 0.360938 0.059375
3 0.152344 0.440625 0.230469 0.038281
1 0.205469 0.406250 0.125781 0.027344
3 0.465625 0.573438 0.152344 0.040625
1 0.680469 0.553906 0.162500 0.100781
1 0.476562 0.534375 0.116406 0.039062
1 0.182031 0.676562 0.170313 0.099219
1 0.487500 0.868750 0.864062 0.232813
0 0.378906 0.935156 0.313281 0.108594
3 0.733594 0.701562 0.386719 0.039062
1 0.664062 0.664062 0.188281 0.041406
1 0.848437 0.656250 0.085938 0.050000
