1 0.124219 0.475781 0.029687 0.648438
1 0.053906 0.298438 0.021875 0.328125
1 0.175000 0.639062 0.024219 0.319531
1 0.200781 0.312500 0.025000 0.319531
1 0.275000 0.312500 0.025781 0.325000
1 0.247656 0.635938 0.026562 0.336719
1 0.346094 0.313281 0.020313 0.321875
1 0.395313 0.317188 0.023438 0.332031
1 0.530469 0.500781 0.026562 0.646875
1 0.695312 0.358594 0.017969 0.307031
1 0.713281 0.667969 0.021094 0.313281
1 0.731250 0.360938 0.016406 0.311719
1 0.764062 0.669531 0.020313 0.304688
1 0.841406 0.677344 0.015625 0.298438
1 0.811719 0.452344 0.016406 0.148438
1 0.881250 0.400781 0.014844 0.292969
1 0.892969 0.693750 0.014063 0.300781
1 0.915625 0.413281 0.015625 0.289844
1 0.944531 0.702344 0.012500 0.290625
1 0.953906 0.472656 0.010156 0.189844
1 0.975781 0.470313 0.007812 0.189844
1 0.983594 0.710156 0.007812 0.270313
