1 0.493750 0.120313 0.821094 0.075781
1 0.487500 0.239063 0.821094 0.075781
1 0.504687 0.365625 0.821094 0.075781
1 0.492188 0.494531 0.821094 0.075781
1 0.506250 0.614844 0.821094 0.075781
1 0.509375 0.746094 0.829688 0.092188
1 0.503125 0.900781 0.825000 0.182031
0 0.600781 0.932813 0.108594 0.114844
3 0.490625 0.771875 0.869531 0.042188
3 0.492188 0.515625 0.864062 0.041406
3 0.492969 0.258594 0.867969 0.039844
0 0.603125 0.725000 0.101562 0.047656
0 0.602344 0.475781 0.103125 0.039844
0 0.603125 0.224219 0.104688 0.031250
