3 0.215625 0.208594 0.410156 0.071094
1 0.087500 0.430469 0.027344 0.179688
1 0.685156 0.873437 0.057031 0.166406
1 0.806250 0.869531 0.056250 0.163281
1 0.939063 0.864844 0.026562 0.167969
1 0.537500 0.857031 0.064062 0.191406
1 0.460156 0.861719 0.030469 0.192969
1 0.332031 0.862500 0.031250 0.196094
1 0.239844 0.860938 0.036719 0.189062
1 0.146094 0.867969 0.090625 0.161719
1 0.488281 0.657031 0.091406 0.164844
1 0.671094 0.658594 0.034375 0.160156
1 0.760938 0.659375 0.027344 0.150000
1 0.882812 0.655469 0.080469 0.159375
1 0.896094 0.428125 0.052344 0.152344
1 0.822656 0.439063 0.023438 0.176563
1 0.714844 0.436719 0.052344 0.178125
1 0.578125 0.435937 0.023438 0.176563
1 0.489844 0.435937 0.027344 0.176563
1 0.335938 0.435937 0.032031 0.172656
1 0.259375 0.432031 0.056250 0.178906
1 0.149219 0.437500 0.030469 0.175000
3 0.714063 0.261719 0.550781 0.065625
1 0.364063 0.658594 0.028125 0.156250
1 0.335156 0.654687 0.030469 0.151562
1 0.301563 0.659375 0.028125 0.154688
1 0.208594 0.659375 0.028125 0.154688
1 0.117969 0.659375 0.027344 0.164062
1 0.085156 0.656250 0.023438 0.160938
1 0.137500 0.162500 0.135937 0.016406
1 0.325781 0.163281 0.139844 0.021094
