0 0.615625 0.967187 0.034375 0.064062
0 0.571094 0.967187 0.028125 0.060156
1 0.039844 0.114062 0.025781 0.040625
1 0.084375 0.114062 0.025781 0.040625
1 0.137500 0.114062 0.025781 0.040625
1 0.182031 0.114062 0.025781 0.040625
1 0.231250 0.114062 0.025781 0.040625
1 0.275781 0.114062 0.025781 0.040625
1 0.328125 0.114844 0.025781 0.040625
1 0.373437 0.114844 0.025781 0.040625
1 0.422656 0.113281 0.025781 0.040625
1 0.467969 0.113281 0.025781 0.040625
1 0.520312 0.114062 0.025781 0.040625
1 0.565625 0.114062 0.025781 0.040625
1 0.614062 0.114062 0.025781 0.040625
1 0.658594 0.114062 0.025781 0.040625
1 0.711719 0.114062 0.025781 0.040625
1 0.756250 0.114062 0.025781 0.040625
1 0.809375 0.112500 0.025781 0.040625
1 0.854688 0.112500 0.025781 0.040625
1 0.907031 0.112500 0.025781 0.040625
1 0.951562 0.112500 0.025781 0.040625
1 0.042188 0.192969 0.025781 0.040625
1 0.088281 0.196094 0.025781 0.039062
1 0.134375 0.196094 0.025781 0.040625
1 0.179688 0.196094 0.025781 0.040625
1 0.228125 0.196094 0.025781 0.040625
1 0.272656 0.196094 0.025781 0.040625
1 0.325781 0.196875 0.025781 0.040625
1 0.370312 0.196875 0.025781 0.040625
1 0.420312 0.195312 0.025781 0.040625
1 0.464844 0.195312 0.025781 0.040625
1 0.517969 0.196094 0.025781 0.040625
1 0.562500 0.196094 0.025781 0.040625
1 0.610938 0.196094 0.025781 0.040625
1 0.656250 0.196094 0.025781 0.040625
1 0.708594 0.196094 0.025781 0.040625
1 0.753125 0.196094 0.025781 0.040625
1 0.807031 0.194531 0.025781 0.040625
1 0.851562 0.194531 0.025781 0.040625
1 0.903906 0.194531 0.025781 0.040625
1 0.950781 0.275000 0.025781 0.040625
1 0.039844 0.277344 0.025781 0.040625
1 0.083594 0.275781 0.025781 0.040625
1 0.135937 0.276562 0.025781 0.040625
1 0.180469 0.276562 0.025781 0.040625
1 0.229687 0.276562 0.025781 0.040625
1 0.274219 0.276562 0.025781 0.040625
1 0.326562 0.276562 0.025781 0.040625
1 0.371875 0.276562 0.025781 0.040625
1 0.421875 0.275781 0.025781 0.040625
1 0.466406 0.275781 0.025781 0.040625
1 0.518750 0.275781 0.025781 0.040625
1 0.564063 0.275781 0.025781 0.040625
1 0.612500 0.275781 0.025781 0.040625
1 0.657031 0.275781 0.025781 0.040625
1 0.710156 0.276562 0.025781 0.040625
1 0.754687 0.276562 0.025781 0.040625
1 0.807813 0.275000 0.025781 0.040625
1 0.853125 0.275000 0.025781 0.040625
1 0.907813 0.356250 0.025781 0.040625
1 0.952344 0.356250 0.025781 0.040625
1 0.952344 0.356250 0.025781 0.040625
1 0.038281 0.357812 0.025781 0.040625
1 0.085156 0.357031 0.025781 0.040625
1 0.138281 0.357812 0.025781 0.040625
1 0.182812 0.357812 0.025781 0.040625
1 0.231250 0.357812 0.025781 0.040625
1 0.276562 0.357812 0.025781 0.040625
1 0.328906 0.357812 0.025781 0.040625
1 0.374219 0.357812 0.025781 0.040625
1 0.423438 0.357031 0.025781 0.040625
1 0.468750 0.357031 0.025781 0.040625
1 0.521094 0.357031 0.025781 0.040625
1 0.565625 0.357031 0.025781 0.040625
1 0.614844 0.357031 0.025781 0.040625
1 0.659375 0.357031 0.025781 0.040625
1 0.712500 0.357812 0.025781 0.040625
1 0.757031 0.357812 0.025781 0.040625
1 0.810156 0.355469 0.025781 0.040625
1 0.849219 0.545312 0.025781 0.040625
1 0.902344 0.545312 0.025781 0.040625
1 0.946875 0.545312 0.025781 0.040625
1 0.079687 0.546875 0.025781 0.040625
1 0.132812 0.546875 0.025781 0.040625
1 0.177344 0.546875 0.025781 0.040625
1 0.225781 0.546875 0.025781 0.040625
1 0.271094 0.546875 0.025781 0.040625
1 0.323437 0.547656 0.025781 0.040625
1 0.367969 0.547656 0.025781 0.040625
1 0.417969 0.546094 0.025781 0.040625
1 0.463281 0.546094 0.025781 0.040625
1 0.515625 0.546875 0.025781 0.040625
1 0.560156 0.546875 0.025781 0.040625
1 0.609375 0.546875 0.025781 0.040625
1 0.653906 0.546875 0.025781 0.040625
1 0.706250 0.546875 0.025781 0.040625
1 0.751563 0.546875 0.025781 0.040625
1 0.811719 0.628125 0.025781 0.040625
1 0.856250 0.628125 0.025781 0.040625
1 0.909375 0.628125 0.025781 0.040625
1 0.953906 0.628125 0.025781 0.040625
1 0.043750 0.630469 0.025781 0.040625
1 0.086719 0.628906 0.025781 0.040625
1 0.139063 0.629687 0.025781 0.040625
1 0.184375 0.629687 0.025781 0.040625
1 0.232813 0.629687 0.025781 0.040625
1 0.278125 0.629687 0.025781 0.040625
1 0.330469 0.629687 0.025781 0.040625
1 0.375000 0.629687 0.025781 0.040625
1 0.425000 0.628906 0.025781 0.040625
1 0.469531 0.628906 0.025781 0.040625
1 0.522656 0.628906 0.025781 0.040625
1 0.567187 0.628906 0.025781 0.040625
1 0.616406 0.628906 0.025781 0.040625
1 0.660937 0.628906 0.025781 0.040625
1 0.713281 0.629687 0.025781 0.040625
1 0.758594 0.629687 0.025781 0.040625
1 0.811719 0.628125 0.025781 0.040625
1 0.856250 0.628125 0.025781 0.040625
1 0.909375 0.628125 0.025781 0.040625
1 0.950781 0.707812 0.025781 0.040625
1 0.040625 0.710156 0.025781 0.040625
1 0.083594 0.709375 0.025781 0.040625
1 0.135937 0.709375 0.025781 0.040625
1 0.180469 0.709375 0.025781 0.040625
1 0.229687 0.709375 0.025781 0.040625
1 0.274219 0.709375 0.025781 0.040625
1 0.326562 0.709375 0.025781 0.040625
1 0.371875 0.709375 0.025781 0.040625
1 0.421875 0.708594 0.025781 0.040625
1 0.466406 0.708594 0.025781 0.040625
1 0.518750 0.709375 0.025781 0.040625
1 0.564063 0.709375 0.025781 0.040625
1 0.612500 0.709375 0.025781 0.040625
1 0.657031 0.709375 0.025781 0.040625
1 0.710156 0.709375 0.025781 0.040625
1 0.754687 0.709375 0.025781 0.040625
1 0.807813 0.707812 0.025781 0.040625
1 0.853125 0.707812 0.025781 0.040625
1 0.905469 0.707812 0.025781 0.040625
1 0.950000 0.789844 0.025781 0.040625
1 0.039844 0.792188 0.025781 0.040625
1 0.082812 0.791406 0.025781 0.040625
1 0.135156 0.791406 0.025781 0.040625
1 0.179688 0.791406 0.025781 0.040625
1 0.228906 0.791406 0.025781 0.040625
1 0.273438 0.791406 0.025781 0.040625
1 0.326562 0.792188 0.025781 0.040625
1 0.371094 0.792188 0.025781 0.040625
1 0.421094 0.790625 0.025781 0.040625
1 0.465625 0.790625 0.025781 0.040625
1 0.518750 0.791406 0.025781 0.040625
1 0.563281 0.791406 0.025781 0.040625
1 0.611719 0.791406 0.025781 0.040625
1 0.657031 0.791406 0.025781 0.040625
1 0.709375 0.791406 0.025781 0.040625
1 0.753906 0.791406 0.025781 0.040625
1 0.807813 0.789844 0.025781 0.040625
1 0.852344 0.789844 0.025781 0.040625
1 0.904687 0.789844 0.025781 0.040625
1 0.950000 0.789844 0.025781 0.040625
1 0.039844 0.792188 0.025781 0.040625
1 0.085156 0.873437 0.025781 0.040625
1 0.135937 0.874219 0.025781 0.040625
1 0.180469 0.874219 0.025781 0.040625
1 0.229687 0.874219 0.025781 0.040625
1 0.274219 0.873437 0.025781 0.040625
1 0.326562 0.874219 0.025781 0.040625
1 0.371875 0.874219 0.025781 0.040625
1 0.421875 0.872656 0.025781 0.040625
1 0.466406 0.872656 0.025781 0.040625
1 0.518750 0.873437 0.025781 0.040625
1 0.564063 0.873437 0.025781 0.040625
1 0.612500 0.873437 0.025781 0.040625
1 0.657031 0.873437 0.025781 0.040625
1 0.710156 0.874219 0.025781 0.040625
1 0.754687 0.874219 0.025781 0.040625
1 0.807813 0.871875 0.025781 0.040625
1 0.853125 0.871875 0.025781 0.040625
1 0.905469 0.871875 0.025781 0.040625
1 0.950781 0.871875 0.025781 0.040625
1 0.040625 0.874219 0.025781 0.040625
1 0.957031 0.953125 0.025781 0.040625
1 0.912500 0.953125 0.025781 0.040625
1 0.860156 0.953125 0.025781 0.040625
1 0.814063 0.953125 0.025781 0.040625
1 0.760156 0.954688 0.025781 0.040625
1 0.715625 0.954688 0.025781 0.040625
1 0.663281 0.954688 0.025781 0.040625
1 0.951562 0.956250 0.025781 0.040625
1 0.907031 0.953906 0.025781 0.040625
1 0.856250 0.953906 0.025781 0.040625
1 0.807813 0.955469 0.025781 0.040625
1 0.760156 0.954688 0.025781 0.040625
1 0.715625 0.954688 0.025781 0.040625
1 0.663281 0.954688 0.025781 0.040625
1 0.514844 0.954688 0.025781 0.040625
1 0.468750 0.953906 0.025781 0.040625
1 0.418750 0.953906 0.025781 0.040625
1 0.374219 0.955469 0.025781 0.040625
1 0.324219 0.956250 0.025781 0.040625
1 0.272656 0.955469 0.025781 0.040625
1 0.228125 0.955469 0.025781 0.040625
1 0.179688 0.954688 0.025781 0.040625
1 0.135156 0.953906 0.025781 0.040625
1 0.082812 0.955469 0.025781 0.040625
1 0.032813 0.954688 0.025781 0.040625
1 0.951562 0.437500 0.025781 0.040625
1 0.039844 0.439844 0.025781 0.040625
1 0.084375 0.439844 0.025781 0.040625
1 0.137500 0.439844 0.025781 0.040625
1 0.182031 0.439844 0.025781 0.040625
1 0.231250 0.439844 0.025781 0.040625
1 0.275781 0.439844 0.025781 0.040625
1 0.328125 0.440625 0.025781 0.040625
1 0.373437 0.440625 0.025781 0.040625
1 0.422656 0.439063 0.025781 0.040625
1 0.467969 0.439063 0.025781 0.040625
1 0.520312 0.439844 0.025781 0.040625
1 0.565625 0.439844 0.025781 0.040625
1 0.614062 0.439063 0.025781 0.040625
1 0.658594 0.439063 0.025781 0.040625
1 0.711719 0.439063 0.025781 0.040625
1 0.756250 0.439063 0.025781 0.040625
1 0.809375 0.437500 0.025781 0.040625
1 0.854688 0.437500 0.025781 0.040625
1 0.907031 0.437500 0.025781 0.040625
1 0.903125 0.275000 0.032031 0.041406
1 0.948438 0.194531 0.030469 0.039062
1 0.855469 0.357031 0.035156 0.042969
1 0.035156 0.548438 0.032813 0.041406
1 0.805469 0.546875 0.032031 0.042188
