0 0.496094 0.886719 0.061719 0.139844
3 0.487912 0.064221 0.920866 0.046858
1 0.449451 0.025457 0.616841 0.047710
1 0.184375 0.363281 0.044531 0.089844
1 0.284375 0.363281 0.044531 0.089844
1 0.390625 0.362500 0.044531 0.089844
1 0.490625 0.362500 0.044531 0.089844
1 0.596875 0.361719 0.044531 0.089844
1 0.703125 0.361719 0.044531 0.089844
1 0.803125 0.361719 0.044531 0.089844
1 0.182031 0.518750 0.044531 0.089844
1 0.289844 0.518750 0.044531 0.089844
1 0.389062 0.517969 0.044531 0.089844
1 0.488281 0.517969 0.044531 0.089844
1 0.594531 0.517188 0.044531 0.089844
1 0.701562 0.517188 0.044531 0.089844
1 0.800781 0.517188 0.044531 0.089844
1 0.183594 0.672656 0.044531 0.089844
1 0.283594 0.672656 0.044531 0.089844
1 0.390625 0.672656 0.044531 0.089844
1 0.490625 0.672656 0.044531 0.089844
1 0.596094 0.671875 0.044531 0.089844
1 0.703125 0.671094 0.044531 0.089844
1 0.803125 0.671094 0.044531 0.089844
