0 0.601562 0.877344 0.342969 0.149219
0 0.189844 0.887500 0.024219 0.161719
1 0.060937 0.260937 0.042969 0.082031
1 0.159375 0.254688 0.042969 0.082031
1 0.060156 0.439844 0.042969 0.082031
1 0.157812 0.432812 0.042969 0.082031
1 0.058594 0.648438 0.042969 0.082031
1 0.158594 0.641406 0.042969 0.082031
1 0.282813 0.345313 0.032813 0.084375
1 0.285156 0.539062 0.032813 0.084375
1 0.371094 0.250000 0.050000 0.071094
1 0.469531 0.248438 0.050000 0.071094
1 0.472656 0.433594 0.050000 0.071094
1 0.375000 0.435156 0.050000 0.071094
1 0.567969 0.637500 0.047656 0.092188
1 0.673438 0.635938 0.052344 0.082031
1 0.777344 0.635156 0.046875 0.077344
1 0.620448 0.444578 0.015686 0.078757
1 0.864379 0.446984 0.015334 0.075915
1 0.865008 0.265376 0.016591 0.081805
1 0.916516 0.142048 0.015238 0.072517
1 0.915943 0.307345 0.012781 0.074650
1 0.916189 0.474135 0.012944 0.078916
1 0.866377 0.644337 0.016877 0.083182
1 0.913403 0.660973 0.007701 0.075503
