1 0.471094 0.927344 0.942187 0.126562
0 0.046875 0.945312 0.054688 0.090625
0 0.523438 0.946094 0.050781 0.088281
0 0.801562 0.944531 0.053906 0.091406
1 0.089844 0.079687 0.026562 0.059375
1 0.139063 0.080469 0.025000 0.061719
1 0.188281 0.079687 0.027344 0.058594
1 0.239063 0.078906 0.027344 0.058594
1 0.284375 0.079687 0.027344 0.058594
1 0.334375 0.078906 0.027344 0.058594
1 0.382812 0.080469 0.027344 0.058594
1 0.433594 0.079687 0.027344 0.058594
1 0.475781 0.080469 0.027344 0.058594
1 0.525781 0.080469 0.027344 0.058594
1 0.571094 0.080469 0.027344 0.058594
1 0.621875 0.080469 0.027344 0.058594
1 0.670312 0.081250 0.027344 0.058594
1 0.720313 0.080469 0.027344 0.058594
1 0.760156 0.179688 0.027344 0.058594
1 0.665625 0.181250 0.027344 0.058594
1 0.717187 0.282031 0.027344 0.058594
1 0.761719 0.281250 0.027344 0.058594
1 0.761719 0.281250 0.027344 0.058594
1 0.086719 0.281250 0.027344 0.058594
1 0.137500 0.280469 0.027344 0.058594
1 0.185938 0.281250 0.027344 0.058594
1 0.235937 0.281250 0.027344 0.058594
1 0.281250 0.281250 0.027344 0.058594
1 0.332031 0.281250 0.027344 0.058594
1 0.379688 0.282031 0.027344 0.058594
1 0.430469 0.281250 0.027344 0.058594
1 0.472656 0.282813 0.027344 0.058594
1 0.523438 0.282031 0.027344 0.058594
1 0.569531 0.382031 0.027344 0.058594
1 0.620313 0.382031 0.027344 0.058594
1 0.667969 0.382812 0.027344 0.058594
1 0.718750 0.382031 0.027344 0.058594
1 0.762500 0.381250 0.027344 0.058594
1 0.088281 0.380469 0.027344 0.058594
1 0.138281 0.380469 0.027344 0.058594
1 0.186719 0.381250 0.027344 0.058594
1 0.237500 0.380469 0.027344 0.058594
1 0.282813 0.381250 0.027344 0.058594
1 0.332813 0.380469 0.027344 0.058594
1 0.381250 0.382031 0.027344 0.058594
1 0.431250 0.381250 0.027344 0.058594
1 0.474219 0.382031 0.027344 0.058594
1 0.524219 0.382031 0.027344 0.058594
1 0.569531 0.382031 0.027344 0.058594
1 0.620313 0.382031 0.027344 0.058594
1 0.667969 0.382812 0.027344 0.058594
1 0.718750 0.382031 0.027344 0.058594
1 0.762500 0.381250 0.027344 0.058594
1 0.668750 0.281250 0.027344 0.058594
1 0.619531 0.279687 0.027344 0.058594
1 0.575000 0.279687 0.027344 0.058594
1 0.088281 0.583594 0.027344 0.058594
1 0.138281 0.582812 0.027344 0.058594
1 0.186719 0.584375 0.027344 0.058594
1 0.237500 0.583594 0.027344 0.058594
1 0.282813 0.584375 0.027344 0.058594
1 0.332813 0.583594 0.027344 0.058594
1 0.381250 0.584375 0.027344 0.058594
1 0.431250 0.584375 0.027344 0.058594
1 0.474219 0.585156 0.027344 0.058594
1 0.524219 0.584375 0.027344 0.058594
1 0.569531 0.585156 0.027344 0.058594
1 0.620313 0.584375 0.027344 0.058594
1 0.667969 0.585156 0.027344 0.058594
1 0.718750 0.585156 0.027344 0.058594
1 0.762500 0.584375 0.027344 0.058594
1 0.669531 0.483594 0.027344 0.058594
1 0.620313 0.482812 0.027344 0.058594
1 0.575000 0.482812 0.027344 0.058594
1 0.525000 0.483594 0.027344 0.058594
1 0.475781 0.482812 0.027344 0.058594
1 0.431250 0.482812 0.027344 0.058594
1 0.379688 0.482031 0.027344 0.058594
1 0.334375 0.482031 0.027344 0.058594
1 0.285156 0.483594 0.027344 0.058594
1 0.235156 0.482031 0.027344 0.058594
1 0.190625 0.482031 0.027344 0.058594
1 0.764844 0.483594 0.027344 0.058594
1 0.715625 0.482031 0.027344 0.058594
1 0.138281 0.479687 0.027344 0.058594
1 0.093750 0.479687 0.027344 0.058594
1 0.665625 0.684375 0.027344 0.058594
1 0.616406 0.683594 0.027344 0.058594
1 0.571094 0.683594 0.027344 0.058594
1 0.521094 0.684375 0.027344 0.058594
1 0.471875 0.683594 0.027344 0.058594
1 0.427344 0.683594 0.027344 0.058594
1 0.375781 0.682813 0.027344 0.058594
1 0.331250 0.682813 0.027344 0.058594
1 0.281250 0.684375 0.027344 0.058594
1 0.232031 0.682813 0.027344 0.058594
1 0.187500 0.682813 0.027344 0.058594
1 0.761719 0.684375 0.027344 0.058594
1 0.712500 0.682813 0.027344 0.058594
1 0.135156 0.680469 0.027344 0.058594
1 0.090625 0.680469 0.027344 0.058594
1 0.667969 0.783594 0.027344 0.058594
1 0.618750 0.782031 0.027344 0.058594
1 0.573438 0.782031 0.027344 0.058594
1 0.523438 0.783594 0.027344 0.058594
1 0.474219 0.782031 0.027344 0.058594
1 0.429688 0.782031 0.027344 0.058594
1 0.378125 0.781250 0.027344 0.058594
1 0.333594 0.781250 0.027344 0.058594
1 0.283594 0.782813 0.027344 0.058594
1 0.234375 0.781250 0.027344 0.058594
1 0.189844 0.781250 0.027344 0.058594
1 0.764062 0.782813 0.027344 0.058594
1 0.714844 0.781250 0.027344 0.058594
1 0.137500 0.778906 0.027344 0.058594
1 0.090625 0.785937 0.027344 0.058594
1 0.764062 0.080469 0.027344 0.058594
1 0.717969 0.180469 0.028125 0.064844
0 0.285156 0.952344 0.056250 0.073438
1 0.089063 0.179688 0.027344 0.061719
1 0.135156 0.177344 0.027344 0.061719
1 0.428125 0.182812 0.027344 0.061719
1 0.377344 0.178125 0.027344 0.061719
1 0.188281 0.180469 0.027344 0.061719
1 0.285938 0.178906 0.027344 0.061719
1 0.235937 0.178906 0.030469 0.064844
1 0.331250 0.179688 0.022656 0.066406
1 0.575000 0.182031 0.027344 0.055469
1 0.524219 0.180469 0.027344 0.061719
1 0.477344 0.180469 0.027344 0.062500
1 0.622656 0.180469 0.027344 0.055469
