1 0.516009 0.865914 0.690466 0.266800
0 0.751563 0.863281 0.205469 0.261719
1 0.217856 0.491980 0.074248 0.093478
1 0.374920 0.490044 0.102805 0.086287
1 0.531413 0.494469 0.086813 0.077437
1 0.685621 0.490044 0.105090 0.085181
1 0.800420 0.492256 0.069679 0.092924
1 0.370922 0.575778 0.103948 0.066375
1 0.529699 0.579650 0.087956 0.067481
1 0.673627 0.577990 0.103948 0.074118
1 0.216714 0.231736 0.067395 0.092924
1 0.205291 0.332128 0.044549 0.091265
1 0.525701 0.224545 0.089098 0.057525
1 0.685621 0.221227 0.111944 0.063056
1 0.526273 0.300323 0.092525 0.068587
1 0.674769 0.299217 0.108517 0.068587
1 0.204149 0.592924 0.037695 0.091818
1 0.807845 0.593754 0.041122 0.092371
1 0.389650 0.300220 0.085645 0.067790
1 0.351562 0.219531 0.128125 0.070312
