1 0.311719 0.191406 0.085156 0.067969
1 0.800781 0.865625 0.073438 0.121875
1 0.923438 0.864844 0.045312 0.128906
1 0.952344 0.650781 0.053906 0.093750
1 0.845313 0.647656 0.080469 0.093750
1 0.738281 0.648438 0.026562 0.092188
1 0.886719 0.421875 0.084375 0.070312
1 0.760156 0.422656 0.077344 0.081250
1 0.922656 0.196094 0.067187 0.062500
1 0.805469 0.199219 0.071094 0.047656
1 0.657031 0.192188 0.034375 0.059375
1 0.557813 0.194531 0.076563 0.069531
1 0.433594 0.192188 0.082031 0.067187
1 0.071094 0.189062 0.072656 0.059375
1 0.272656 0.419531 0.078906 0.083594
1 0.027344 0.423438 0.015625 0.079687
1 0.412500 0.418750 0.034375 0.082031
1 0.514062 0.414844 0.078125 0.071094
1 0.480469 0.650000 0.071875 0.096875
1 0.333594 0.648438 0.036719 0.084375
1 0.234375 0.650000 0.082031 0.092969
1 0.130469 0.646094 0.032031 0.086719
1 0.192969 0.867188 0.076563 0.128906
1 0.316406 0.860156 0.074219 0.120313
1 0.102344 0.863281 0.014063 0.114844
1 0.045312 0.864062 0.014844 0.121094
0 0.555988 0.898145 0.162610 0.153073
