1 0.721875 0.439844 0.151562 0.103906
1 0.692187 0.133594 0.103906 0.106250
1 0.942187 0.442969 0.100781 0.097656
1 0.520312 0.832812 0.153125 0.306250
1 0.321094 0.836719 0.158594 0.316406
1 0.121875 0.831250 0.147656 0.312500
1 0.718750 0.786719 0.145313 0.209375
1 0.918750 0.824219 0.156250 0.292187
0 0.323437 0.939844 0.113281 0.119531
0 0.125000 0.931250 0.107813 0.106250
0 0.517188 0.931250 0.094531 0.090625
0 0.908594 0.935937 0.053906 0.096875
1 0.125000 0.135156 0.164062 0.109375
1 0.325000 0.133594 0.164062 0.109375
1 0.522656 0.133594 0.164062 0.109375
1 0.125000 0.282031 0.164062 0.109375
1 0.325000 0.280469 0.164062 0.109375
1 0.522656 0.280469 0.164062 0.109375
1 0.126562 0.439844 0.164062 0.109375
1 0.326562 0.438281 0.164062 0.109375
1 0.523438 0.438281 0.164062 0.109375
1 0.133594 0.589063 0.164062 0.109375
1 0.333594 0.587500 0.164062 0.109375
1 0.517188 0.588281 0.164062 0.109375
1 0.719531 0.587500 0.156250 0.107031
1 0.917969 0.589063 0.151562 0.117188
