1 0.093750 0.137500 0.094531 0.139844
1 0.227344 0.134375 0.094531 0.139844
1 0.362500 0.132812 0.094531 0.139844
1 0.496094 0.129688 0.094531 0.139844
1 0.093750 0.333594 0.094531 0.139844
1 0.227344 0.331250 0.094531 0.139844
1 0.362500 0.328906 0.094531 0.139844
1 0.496094 0.326562 0.094531 0.139844
1 0.088281 0.532813 0.094531 0.139844
1 0.221875 0.529687 0.094531 0.139844
1 0.357031 0.528125 0.094531 0.139844
1 0.490625 0.525000 0.094531 0.139844
1 0.096094 0.736719 0.094531 0.139844
1 0.229687 0.734375 0.094531 0.139844
1 0.364844 0.732031 0.094531 0.139844
1 0.498437 0.729688 0.094531 0.139844
0 0.088281 0.925781 0.088281 0.140625
0 0.225781 0.925000 0.089844 0.149219
0 0.359375 0.925000 0.086719 0.148438
0 0.492969 0.925000 0.094531 0.149219
1 0.632031 0.138281 0.094531 0.139844
1 0.766406 0.134375 0.094531 0.139844
1 0.903906 0.133594 0.094531 0.139844
0 0.632812 0.923438 0.097656 0.151562
0 0.763281 0.922656 0.093750 0.153125
1 0.628906 0.337500 0.094531 0.135937
1 0.770312 0.332813 0.089063 0.139063
1 0.901563 0.337500 0.088281 0.139063
3 0.633594 0.568750 0.085938 0.067187
3 0.766406 0.570312 0.096094 0.058594
3 0.900781 0.568750 0.086719 0.061719
1 0.633594 0.721094 0.087500 0.150781
1 0.764062 0.725781 0.090625 0.146094
1 0.899219 0.727344 0.087500 0.142969
0 0.899219 0.921875 0.097656 0.150000
3 0.904625 0.968909 0.189455 0.060666
3 0.633594 0.769531 0.088281 0.059375
3 0.764844 0.767969 0.083594 0.065625
3 0.900781 0.769531 0.090625 0.062500
3 0.630469 0.175000 0.095312 0.058594
3 0.766406 0.173437 0.089063 0.057813
3 0.904687 0.179688 0.098437 0.057813
3 0.901563 0.376563 0.089063 0.062500
3 0.764062 0.375000 0.092188 0.054688
3 0.626563 0.373437 0.097656 0.059375
