1 0.367969 0.834375 0.040625 0.093750
1 0.169531 0.835938 0.040625 0.093750
1 0.038281 0.838281 0.040625 0.093750
1 0.040625 0.109375 0.041406 0.103906
1 0.103125 0.110937 0.038281 0.096875
1 0.157031 0.110937 0.020313 0.088281
1 0.181250 0.110937 0.011719 0.096875
1 0.221094 0.113281 0.017188 0.099219
1 0.249219 0.110937 0.020313 0.094531
1 0.290625 0.113281 0.018750 0.103906
1 0.313281 0.112500 0.018750 0.087500
1 0.357031 0.110156 0.014063 0.098437
1 0.379688 0.110937 0.020313 0.103906
1 0.428125 0.110937 0.005469 0.098437
1 0.445312 0.110156 0.018750 0.096094
1 0.492969 0.106250 0.011719 0.096875
1 0.511719 0.113281 0.017969 0.092969
1 0.550000 0.110937 0.018750 0.096875
1 0.576562 0.110937 0.021094 0.100000
1 0.617188 0.109375 0.022656 0.094531
1 0.643750 0.107813 0.010937 0.100000
1 0.682813 0.110937 0.021094 0.102344
1 0.700000 0.110937 0.003125 0.098437
1 0.745313 0.107813 0.016406 0.099219
1 0.769531 0.111719 0.013281 0.092969
1 0.814063 0.109375 0.011719 0.092969
1 0.836719 0.111719 0.017969 0.094531
1 0.887500 0.110937 0.035156 0.078125
1 0.953125 0.116406 0.035937 0.079687
1 0.040625 0.109375 0.041406 0.103906
1 0.103125 0.110937 0.038281 0.096875
1 0.160156 0.397656 0.012500 0.092969
1 0.180469 0.400000 0.011719 0.096875
1 0.220312 0.401562 0.017188 0.099219
1 0.248438 0.400000 0.020313 0.094531
1 0.289062 0.401562 0.018750 0.103906
1 0.311719 0.401562 0.018750 0.087500
1 0.355469 0.399219 0.014063 0.098437
1 0.378125 0.400000 0.020313 0.103906
1 0.427344 0.400000 0.005469 0.098437
1 0.444531 0.399219 0.018750 0.096094
1 0.481250 0.403125 0.011719 0.096875
1 0.507812 0.403125 0.024219 0.094531
1 0.548438 0.400000 0.018750 0.096875
1 0.575781 0.400000 0.021094 0.100000
1 0.613281 0.397656 0.017188 0.093750
1 0.640625 0.396875 0.014063 0.100000
1 0.678125 0.399219 0.014844 0.100000
1 0.704688 0.402344 0.016406 0.093750
1 0.743750 0.396094 0.016406 0.099219
1 0.768750 0.400781 0.013281 0.092969
1 0.812500 0.398438 0.011719 0.092969
1 0.832812 0.405469 0.011719 0.085938
1 0.889062 0.401562 0.040625 0.089063
1 0.958594 0.396875 0.040625 0.093750
1 0.957031 0.252344 0.040625 0.093750
1 0.890625 0.253906 0.040625 0.093750
1 0.826562 0.254688 0.040625 0.093750
1 0.760156 0.255469 0.040625 0.093750
1 0.694531 0.254688 0.040625 0.093750
1 0.628125 0.255469 0.040625 0.093750
1 0.564063 0.257031 0.040625 0.093750
1 0.497656 0.257812 0.040625 0.093750
1 0.432812 0.250000 0.040625 0.093750
1 0.368750 0.251563 0.040625 0.093750
1 0.302344 0.252344 0.040625 0.093750
1 0.237500 0.251563 0.040625 0.093750
1 0.170313 0.252344 0.040625 0.093750
1 0.106250 0.253906 0.040625 0.093750
1 0.039062 0.546875 0.040625 0.093750
1 0.957031 0.544531 0.040625 0.093750
1 0.889844 0.546094 0.040625 0.093750
1 0.825781 0.546875 0.040625 0.093750
1 0.759375 0.547656 0.040625 0.093750
1 0.694531 0.546875 0.040625 0.093750
1 0.627344 0.547656 0.040625 0.093750
1 0.563281 0.549219 0.040625 0.093750
1 0.496875 0.550000 0.040625 0.093750
1 0.432031 0.542188 0.040625 0.093750
1 0.368750 0.543750 0.040625 0.093750
1 0.301563 0.544531 0.040625 0.093750
1 0.236719 0.543750 0.040625 0.093750
1 0.169531 0.544531 0.040625 0.093750
1 0.106250 0.546094 0.040625 0.093750
1 0.039062 0.546875 0.040625 0.093750
1 0.959375 0.691406 0.040625 0.093750
1 0.818750 0.693750 0.021094 0.093750
1 0.761719 0.694531 0.040625 0.093750
1 0.696875 0.693750 0.040625 0.093750
1 0.629687 0.694531 0.040625 0.093750
1 0.565625 0.696094 0.040625 0.093750
1 0.499219 0.696875 0.040625 0.093750
1 0.434375 0.689063 0.040625 0.093750
1 0.371094 0.689844 0.040625 0.093750
1 0.303906 0.691406 0.040625 0.093750
1 0.235937 0.834375 0.040625 0.093750
1 0.169531 0.835938 0.040625 0.093750
1 0.105469 0.836719 0.040625 0.093750
1 0.038281 0.838281 0.040625 0.093750
1 0.758594 0.839063 0.040625 0.093750
1 0.693750 0.838281 0.040625 0.093750
1 0.563281 0.834375 0.040625 0.093750
1 0.499219 0.834375 0.040625 0.093750
1 0.432031 0.833594 0.040625 0.093750
1 0.300781 0.835938 0.040625 0.093750
1 0.235937 0.834375 0.040625 0.093750
1 0.105469 0.836719 0.040625 0.093750
1 0.102344 0.400000 0.040625 0.102344
1 0.038281 0.403125 0.044531 0.104688
1 0.039844 0.256250 0.046875 0.102344
1 0.102344 0.692187 0.042969 0.092969
1 0.236719 0.691406 0.040625 0.087500
1 0.157031 0.672656 0.019531 0.061719
1 0.957031 0.842187 0.035156 0.100781
