1 0.090625 0.137500 0.072656 0.124219
1 0.185156 0.135156 0.072656 0.124219
1 0.292969 0.139844 0.072656 0.124219
1 0.387500 0.136719 0.072656 0.124219
1 0.500781 0.135937 0.072656 0.124219
1 0.595313 0.132812 0.072656 0.124219
1 0.702344 0.137500 0.072656 0.124219
1 0.810156 0.133594 0.072656 0.124219
1 0.908594 0.295312 0.072656 0.124219
1 0.092188 0.296875 0.072656 0.124219
1 0.186719 0.294531 0.072656 0.124219
1 0.293750 0.299219 0.072656 0.124219
1 0.389062 0.296094 0.072656 0.124219
1 0.501563 0.295312 0.072656 0.124219
1 0.596875 0.292187 0.072656 0.124219
1 0.703906 0.296875 0.072656 0.124219
1 0.807813 0.618750 0.072656 0.124219
1 0.908594 0.460156 0.072656 0.124219
1 0.085938 0.463281 0.072656 0.124219
1 0.181250 0.460156 0.072656 0.124219
1 0.288281 0.464844 0.072656 0.124219
1 0.382812 0.461719 0.072656 0.124219
1 0.496094 0.460938 0.072656 0.124219
1 0.592187 0.460156 0.070312 0.120313
1 0.698438 0.463281 0.072656 0.124219
1 0.806250 0.459375 0.072656 0.124219
1 0.903906 0.620313 0.072656 0.124219
1 0.087500 0.622656 0.072656 0.124219
1 0.182812 0.619531 0.072656 0.124219
1 0.289844 0.624219 0.072656 0.124219
1 0.384375 0.621094 0.072656 0.124219
1 0.497656 0.620313 0.072656 0.124219
1 0.592187 0.617969 0.072656 0.124219
1 0.699219 0.622656 0.072656 0.124219
1 0.807813 0.618750 0.072656 0.124219
1 0.915625 0.774219 0.072656 0.124219
1 0.092969 0.777344 0.072656 0.124219
1 0.187500 0.774219 0.072656 0.124219
1 0.294531 0.779687 0.072656 0.124219
1 0.389844 0.776563 0.072656 0.124219
1 0.502344 0.775781 0.072656 0.124219
1 0.597656 0.772656 0.072656 0.124219
1 0.704688 0.777344 0.072656 0.124219
1 0.812500 0.773438 0.072656 0.124219
0 0.910156 0.935156 0.072656 0.124219
0 0.094531 0.936719 0.072656 0.124219
0 0.189062 0.933594 0.072656 0.124219
0 0.296875 0.938281 0.073438 0.123438
0 0.391406 0.935937 0.072656 0.124219
0 0.504687 0.935156 0.072656 0.124219
0 0.599219 0.932031 0.072656 0.124219
0 0.706250 0.936719 0.072656 0.124219
0 0.814063 0.932813 0.072656 0.124219
1 0.915625 0.774219 0.072656 0.124219
3 0.086719 0.165625 0.081250 0.065625
3 0.188281 0.164062 0.081250 0.065625
3 0.299219 0.167969 0.081250 0.065625
3 0.400781 0.165625 0.081250 0.065625
3 0.500000 0.164844 0.081250 0.065625
3 0.601562 0.163281 0.081250 0.065625
3 0.713281 0.167187 0.081250 0.065625
3 0.814844 0.164844 0.081250 0.065625
3 0.908594 0.326562 0.081250 0.065625
3 0.080469 0.325000 0.081250 0.065625
3 0.182031 0.323437 0.081250 0.065625
3 0.293750 0.327344 0.081250 0.065625
3 0.395313 0.325000 0.081250 0.065625
3 0.494531 0.324219 0.081250 0.065625
3 0.595313 0.322656 0.081250 0.065625
3 0.707031 0.326562 0.081250 0.065625
3 0.808594 0.324219 0.081250 0.065625
3 0.910156 0.651563 0.081250 0.065625
3 0.089844 0.493750 0.078125 0.060937
3 0.189844 0.489844 0.071875 0.057813
3 0.291406 0.486719 0.074219 0.059375
3 0.390625 0.490625 0.081250 0.060937
3 0.494531 0.492188 0.072656 0.056250
3 0.592969 0.491406 0.070312 0.059375
3 0.699219 0.488281 0.073438 0.060156
3 0.805469 0.488281 0.075781 0.057813
3 0.910156 0.651563 0.081250 0.065625
3 0.086719 0.650000 0.071875 0.067187
3 0.183594 0.648438 0.081250 0.065625
3 0.295312 0.652344 0.081250 0.065625
3 0.389062 0.652344 0.065625 0.070312
3 0.497656 0.653125 0.076563 0.058594
3 0.597656 0.653906 0.079687 0.054688
3 0.704688 0.653906 0.081250 0.065625
3 0.810156 0.650000 0.081250 0.065625
3 0.910156 0.651563 0.081250 0.065625
3 0.910156 0.165625 0.081250 0.065625
3 0.907813 0.489844 0.073438 0.063281
3 0.910937 0.810937 0.081250 0.065625
3 0.810937 0.809375 0.081250 0.065625
3 0.709375 0.810937 0.081250 0.065625
3 0.597656 0.807031 0.081250 0.065625
3 0.498437 0.810937 0.077344 0.061719
3 0.392188 0.807031 0.070312 0.059375
3 0.296094 0.811719 0.081250 0.065625
3 0.184375 0.807813 0.081250 0.065625
3 0.087500 0.809375 0.071875 0.067187
1 0.910156 0.105469 0.076563 0.060156
1 0.807813 0.262500 0.073438 0.060156
