1 0.260156 0.063281 0.061719 0.050000
1 0.356250 0.062500 0.061719 0.050000
1 0.457031 0.060937 0.061719 0.050000
1 0.558594 0.059375 0.061719 0.050000
1 0.509375 0.157031 0.074219 0.025781
1 0.803906 0.162500 0.085938 0.045312
1 0.721094 0.239844 0.095312 0.034375
1 0.802344 0.332031 0.090625 0.048438
1 0.721875 0.414844 0.096094 0.030469
1 0.802344 0.504687 0.089063 0.043750
1 0.722656 0.586719 0.096875 0.035156
1 0.509375 0.242969 0.074219 0.032813
1 0.507812 0.414062 0.074219 0.032813
1 0.507812 0.328125 0.074219 0.025781
1 0.510938 0.499219 0.074219 0.032813
1 0.509375 0.584375 0.074219 0.025781
1 0.303906 0.242188 0.074219 0.032813
1 0.302344 0.413281 0.074219 0.032813
1 0.302344 0.327344 0.074219 0.025781
1 0.306250 0.498437 0.074219 0.032813
1 0.303906 0.583594 0.074219 0.025781
1 0.309375 0.161719 0.074219 0.025781
1 0.303906 0.667969 0.074219 0.025781
1 0.689149 0.674518 0.604203 0.050350
1 0.094531 0.240625 0.092969 0.030469
1 0.092188 0.409375 0.093750 0.033594
1 0.096094 0.581250 0.093750 0.033594
1 0.029923 0.175286 0.059847 0.072538
1 0.031609 0.344257 0.060062 0.069124
1 0.029367 0.514508 0.053787 0.068271
1 0.031160 0.676225 0.060958 0.046936
1 0.100000 0.816406 0.057031 0.046094
1 0.235937 0.816406 0.103125 0.046094
1 0.395313 0.819531 0.103125 0.046094
1 0.706250 0.817187 0.107813 0.045312
1 0.868750 0.819531 0.103125 0.046094
1 0.542188 0.824219 0.046875 0.046875
1 0.169661 0.948882 0.115641 0.071685
1 0.437971 0.946082 0.112681 0.066527
1 0.273284 0.944277 0.042255 0.067043
1 0.329353 0.939635 0.059049 0.057760
1 0.543339 0.946082 0.053632 0.072716
1 0.638955 0.960780 0.078010 0.064980
1 0.838281 0.957812 0.082031 0.058594
1 0.735938 0.957031 0.082031 0.057031
0 0.614844 0.961719 0.032813 0.064844
0 0.210156 0.948438 0.037500 0.068750
