3 0.766406 0.414062 0.438281 0.037500
3 0.766406 0.514844 0.438281 0.037500
3 0.773438 0.617188 0.438281 0.037500
3 0.773438 0.717187 0.438281 0.037500
3 0.766406 0.815625 0.438281 0.031250
1 0.102344 0.221094 0.057031 0.073438
1 0.225000 0.217969 0.058594 0.078125
1 0.345313 0.217969 0.067187 0.075781
1 0.100000 0.315625 0.057031 0.073438
1 0.221875 0.312500 0.058594 0.078125
1 0.342187 0.312500 0.067187 0.075781
1 0.103906 0.414844 0.057031 0.073438
1 0.225781 0.410938 0.058594 0.078125
1 0.346094 0.411719 0.067187 0.075781
1 0.100000 0.512500 0.057031 0.073438
1 0.221875 0.509375 0.058594 0.078125
1 0.346875 0.508594 0.057031 0.078125
1 0.097656 0.605469 0.057031 0.073438
1 0.220312 0.602344 0.058594 0.078125
1 0.343750 0.602344 0.060156 0.077344
1 0.100000 0.698438 0.057031 0.073438
1 0.221875 0.695312 0.058594 0.078125
1 0.346875 0.697656 0.057813 0.072656
1 0.097656 0.794531 0.057031 0.073438
1 0.220312 0.790625 0.058594 0.078125
1 0.340625 0.791406 0.067187 0.075781
1 0.097656 0.903125 0.057031 0.104688
1 0.221094 0.889062 0.060937 0.089063
1 0.342187 0.903125 0.055469 0.116406
0 0.490625 0.927344 0.084375 0.105469
0 0.717969 0.938281 0.043750 0.084375
1 0.893750 0.920312 0.121094 0.131250
0 0.850781 0.940625 0.043750 0.085156
1 0.650781 0.586719 0.189062 0.028125
1 0.857031 0.587500 0.189062 0.028125
1 0.650000 0.684375 0.189062 0.028125
1 0.856250 0.685156 0.189062 0.028125
1 0.648438 0.782031 0.185938 0.036719
1 0.856250 0.781250 0.189844 0.032813
1 0.860156 0.488281 0.185156 0.012500
1 0.655469 0.487500 0.188281 0.013281
