1 0.475000 0.206250 0.137500 0.080469
1 0.824219 0.207031 0.196094 0.083594
1 0.733594 0.358594 0.106250 0.079687
1 0.407031 0.346094 0.069531 0.106250
1 0.474219 0.085156 0.224219 0.048438
1 0.769531 0.084375 0.211719 0.042188
1 0.130469 0.085156 0.052344 0.053125
1 0.219531 0.515625 0.124219 0.060937
1 0.400000 0.500000 0.073438 0.091406
1 0.734375 0.501563 0.105469 0.089844
1 0.728906 0.655469 0.096875 0.063281
1 0.882031 0.635938 0.074219 0.107813
1 0.558594 0.636719 0.078125 0.107813
1 0.219531 0.665625 0.122656 0.046875
1 0.250000 0.784375 0.139063 0.106250
1 0.562500 0.779687 0.075781 0.110937
1 0.757812 0.793750 0.048438 0.078906
1 0.882812 0.797656 0.080469 0.091406
1 0.096875 0.775000 0.035156 0.026562
1 0.100781 0.635156 0.031250 0.018750
1 0.101562 0.349219 0.028906 0.028125
1 0.100000 0.472656 0.036719 0.064844
1 0.175000 0.921875 0.295312 0.125000
1 0.490625 0.925000 0.289062 0.135156
1 0.814063 0.923438 0.283594 0.121094
0 0.693750 0.934375 0.042969 0.096875
0 0.603125 0.937500 0.046875 0.098437
0 0.272656 0.938281 0.094531 0.100000
1 0.578125 0.196094 0.048438 0.064844
