1 0.110156 0.187500 0.117969 0.078125
1 0.258594 0.186719 0.129688 0.074219
1 0.417969 0.186719 0.132812 0.075781
1 0.565625 0.188281 0.134375 0.083594
1 0.728906 0.186719 0.121094 0.077344
1 0.884375 0.184375 0.110937 0.075000
1 0.105469 0.303906 0.114062 0.086719
1 0.257812 0.304688 0.132812 0.085938
1 0.414062 0.305469 0.129688 0.089063
1 0.562500 0.303906 0.132031 0.089844
1 0.727344 0.305469 0.122656 0.089844
1 0.887500 0.537500 0.113281 0.088281
1 0.110937 0.424219 0.110937 0.084375
1 0.260937 0.424219 0.125781 0.081250
1 0.417969 0.425781 0.123438 0.085938
1 0.571094 0.421875 0.134375 0.083594
1 0.734375 0.420312 0.121094 0.077344
1 0.889062 0.418750 0.110937 0.075000
1 0.110156 0.537500 0.114062 0.086719
1 0.262500 0.538281 0.132812 0.085938
1 0.418750 0.539844 0.129688 0.089063
1 0.567187 0.537500 0.132031 0.089844
1 0.732031 0.539062 0.122656 0.089844
1 0.884375 0.656250 0.113281 0.088281
1 0.107031 0.656250 0.114062 0.086719
1 0.258594 0.657813 0.132812 0.085938
1 0.414844 0.658594 0.129688 0.089063
1 0.563281 0.656250 0.132031 0.089844
1 0.728906 0.657813 0.122656 0.089844
1 0.884375 0.656250 0.113281 0.088281
1 0.739062 0.928906 0.135937 0.119531
1 0.574219 0.926562 0.136719 0.123438
1 0.417969 0.925000 0.142969 0.126562
1 0.264062 0.927344 0.127344 0.125781
1 0.105469 0.926562 0.114062 0.123438
0 0.553906 0.952344 0.107813 0.077344
0 0.106250 0.950781 0.117188 0.077344
1 0.885938 0.303125 0.122656 0.089844
0 0.221875 0.952344 0.041406 0.077344
3 0.497246 0.040818 0.978064 0.041921
3 0.102344 0.213281 0.132031 0.032813
3 0.253906 0.212500 0.141406 0.031250
3 0.414062 0.212500 0.139844 0.028906
3 0.568750 0.214062 0.134375 0.031250
3 0.728906 0.210156 0.128906 0.031250
3 0.893750 0.208594 0.136719 0.026562
3 0.104688 0.336719 0.131250 0.028906
3 0.255469 0.334375 0.141406 0.031250
3 0.415625 0.334375 0.139844 0.028906
3 0.570312 0.335938 0.134375 0.031250
3 0.730469 0.331250 0.128906 0.031250
3 0.894531 0.450000 0.136719 0.026562
3 0.103906 0.454688 0.132031 0.032813
3 0.260156 0.452344 0.141406 0.031250
3 0.414844 0.453906 0.139844 0.028906
3 0.569531 0.455469 0.134375 0.031250
3 0.730469 0.451562 0.128906 0.031250
3 0.894531 0.450000 0.136719 0.026562
3 0.887500 0.332031 0.128906 0.031250
3 0.110156 0.689063 0.132031 0.032813
3 0.263281 0.689063 0.141406 0.031250
3 0.421094 0.688281 0.139844 0.028906
3 0.576562 0.686719 0.134375 0.031250
3 0.735156 0.687500 0.128906 0.031250
3 0.895312 0.689844 0.136719 0.026562
3 0.893750 0.571875 0.128906 0.031250
3 0.731250 0.571875 0.128906 0.031250
3 0.571875 0.571094 0.128906 0.031250
3 0.421875 0.571094 0.139844 0.028906
3 0.264062 0.569531 0.141406 0.031250
3 0.107813 0.571094 0.132031 0.032813
1 0.893750 0.771875 0.126562 0.044531
1 0.732031 0.769531 0.140625 0.041406
