3 0.497656 0.025000 0.994531 0.048438
1 0.437500 0.156250 0.047656 0.060156
1 0.314063 0.159375 0.047656 0.060156
1 0.679688 0.157031 0.047656 0.060156
1 0.556250 0.160156 0.047656 0.060156
1 0.435156 0.286719 0.047656 0.060156
1 0.311719 0.289844 0.047656 0.060156
1 0.677344 0.287500 0.047656 0.060156
1 0.557813 0.552344 0.047656 0.060156
1 0.440625 0.417969 0.047656 0.060156
1 0.317188 0.421094 0.047656 0.060156
1 0.683594 0.418750 0.047656 0.060156
1 0.560156 0.421875 0.047656 0.060156
1 0.438281 0.548438 0.047656 0.060156
1 0.315625 0.551562 0.047656 0.060156
1 0.681250 0.549219 0.047656 0.060156
1 0.554688 0.804688 0.047656 0.060156
1 0.554688 0.804688 0.047656 0.060156
1 0.437500 0.671094 0.047656 0.060156
1 0.314844 0.674219 0.047656 0.060156
1 0.680469 0.671875 0.047656 0.060156
1 0.557031 0.675000 0.047656 0.060156
1 0.435156 0.800781 0.047656 0.060156
1 0.312500 0.803906 0.047656 0.060156
1 0.678906 0.801562 0.047656 0.060156
1 0.554688 0.804688 0.047656 0.060156
1 0.800781 0.795312 0.047656 0.060156
1 0.802344 0.664844 0.047656 0.060156
1 0.803906 0.541406 0.047656 0.060156
1 0.806250 0.411719 0.047656 0.060156
1 0.800000 0.279687 0.047656 0.060156
1 0.802344 0.149219 0.047656 0.060156
1 0.921094 0.156250 0.045312 0.071094
1 0.921875 0.282031 0.047656 0.069531
1 0.921875 0.411719 0.047656 0.060156
1 0.920312 0.540625 0.047656 0.060156
1 0.924219 0.669531 0.046875 0.073438
1 0.924219 0.797656 0.043750 0.071094
1 0.191406 0.800000 0.047656 0.060156
1 0.193750 0.668750 0.047656 0.060156
1 0.195312 0.546094 0.047656 0.060156
1 0.196875 0.414844 0.047656 0.060156
1 0.191406 0.282813 0.047656 0.060156
1 0.193750 0.153125 0.047656 0.060156
1 0.917188 0.912500 0.107031 0.045312
1 0.071094 0.146875 0.047656 0.060156
1 0.068750 0.276562 0.047656 0.060156
1 0.075000 0.408594 0.047656 0.060156
1 0.072656 0.539844 0.047656 0.060156
1 0.071875 0.662500 0.047656 0.060156
1 0.068750 0.793750 0.047656 0.060156
1 0.557031 0.285156 0.050000 0.078906
1 0.075781 0.914062 0.035156 0.048438
