3 0.499493 0.129161 0.967618 0.122669
3 0.500000 0.331566 0.962552 0.117951
3 0.502533 0.520288 0.961538 0.108515
3 0.502533 0.717030 0.961538 0.086812
1 0.266406 0.674219 0.110156 0.039844
1 0.543750 0.672656 0.110156 0.039844
1 0.542969 0.491406 0.106250 0.019531
1 0.264062 0.494531 0.106250 0.019531
0 0.229687 0.900781 0.060937 0.153906
1 0.828906 0.660156 0.107813 0.042188
0 0.372656 0.902344 0.069531 0.154688
0 0.509375 0.899219 0.065625 0.153906
0 0.640625 0.897656 0.061719 0.146875
0 0.772656 0.896094 0.063281 0.153906
