0 0.818750 0.846094 0.083594 0.252344
1 0.819531 0.482812 0.082031 0.142969
1 0.603906 0.795312 0.053125 0.132812
1 0.482031 0.796875 0.050781 0.131250
1 0.292969 0.795312 0.050781 0.135156
1 0.169531 0.793750 0.050781 0.135156
1 0.600781 0.485938 0.039062 0.125781
1 0.481250 0.488281 0.050781 0.131250
1 0.291406 0.486719 0.050781 0.135156
1 0.167969 0.485938 0.050781 0.135156
1 0.606250 0.181250 0.050781 0.116406
1 0.481250 0.179688 0.050781 0.131250
1 0.291406 0.177344 0.050781 0.135156
1 0.167969 0.176563 0.050781 0.135156
1 0.817187 0.182812 0.077344 0.125000
