1 0.418750 0.488281 0.088281 0.152344
1 0.727344 0.485938 0.091406 0.152344
1 0.878906 0.486719 0.089063 0.150781
1 0.264062 0.471094 0.089063 0.125781
1 0.115625 0.469531 0.089063 0.125781
1 0.267188 0.689844 0.088281 0.152344
1 0.580469 0.692969 0.088281 0.152344
1 0.878125 0.689844 0.091406 0.152344
0 0.118750 0.913281 0.091406 0.152344
3 0.623525 0.857623 0.751232 0.282885
1 0.735156 0.685156 0.094531 0.146094
0 0.265625 0.910937 0.102344 0.153125
1 0.114062 0.689063 0.090625 0.150781
3 0.160696 0.493392 0.280294 0.094402
3 0.593721 0.499528 0.117151 0.089682
3 0.414062 0.725781 0.111719 0.085938
3 0.750000 0.723437 0.128906 0.078906
1 0.581250 0.432031 0.087500 0.045312
1 0.421875 0.650000 0.091406 0.067187
0 0.420312 0.860938 0.085938 0.053906
3 0.094531 0.726562 0.139844 0.091406
