0 0.50048828 0.497308 0.99902344 0.886944
1 0.19043 0.34455 0.08008000000000001 0.05114000000000002
1 0.174805 0.17362 0.05859 0.06459999999999999
1 0.19043 0.45222 0.08204 0.05384
1 0.18994 0.555855 0.0791 0.05115000000000003
1 0.18847999999999998 0.660165 0.08008000000000001 0.052489999999999926
1 0.171875 0.827055 0.05273 0.06594999999999995
1 0.32715000000000005 0.13996999999999998 0.08398 0.07268
1 0.35302999999999995 0.34657 0.0791 0.05518000000000001
1 0.35205 0.451545 0.08105999999999997 0.05248999999999998
1 0.35205 0.55518 0.08105999999999997 0.05787999999999993
1 0.35205 0.661505 0.0791 0.052489999999999926
1 0.32666 0.8162849999999999 0.08106000000000002 0.07133
1 0.49414 0.14132 0.08398 0.06998
1 0.5112300000000001 0.34724 0.07910000000000006 0.05384
1 0.51172 0.45222 0.08008000000000004 0.05384
1 0.51074 0.5578700000000001 0.07811999999999997 0.049799999999999955
1 0.51172 0.6608350000000001 0.08008000000000004 0.05382999999999993
1 0.49268 0.81561 0.08495999999999998 0.07267999999999997
1 0.66797 0.179005 0.07225999999999999 0.06461
1 0.672365 0.34387500000000004 0.08105000000000007 0.05248999999999998
1 0.671875 0.44886 0.08203000000000005 0.05518000000000001
1 0.671385 0.5538350000000001 0.08301000000000003 0.05249000000000004
1 0.671875 0.65814 0.08203000000000005 0.05384
1 0.664555 0.825705 0.06542999999999999 0.06594999999999995
1 0.828615 0.16958499999999999 0.08301000000000003 0.06999000000000002
1 0.8300799999999999 0.60633 0.08008000000000004 0.08209999999999995
1 0.828615 0.82436 0.08301000000000003 0.06864000000000003
2 0.9584950000000001 0.6009450000000001 0.06933 0.06595000000000006
2 0.9643550000000001 0.161505 0.05957000000000001 0.06999
1 0.9609350000000001 0.8216699999999999 0.054690000000000016 0.06325999999999998
1 0.818845 0.393675 0.05957000000000001 0.07940999999999998
2 0.942385 0.38291 0.11133000000000004 0.07671999999999995
3 0.131345 0.170255 0.02636999999999999 0.08748999999999998
3 0.14502 0.341185 0.036140000000000005 0.09287000000000001
3 0.14501999999999998 0.446835 0.034180000000000016 0.09421000000000002
3 0.14551 0.55182 0.035160000000000025 0.09152000000000005
3 0.14551 0.6568 0.035160000000000025 0.09151999999999993
3 0.131345 0.82436 0.02636999999999999 0.09555999999999998
4 0.23974499999999999 0.3432 0.024410000000000015 0.08614
4 0.239255 0.448185 0.025389999999999996 0.08345000000000002
4 0.23876999999999998 0.5538350000000001 0.022460000000000008 0.08748999999999996
4 0.23876999999999998 0.65882 0.02441999999999997 0.08209999999999995
4 0.56494 0.345895 0.030280000000000085 0.06191000000000002
4 0.56494 0.4502 0.032219999999999915 0.06325999999999998
4 0.565425 0.555855 0.03125 0.06191000000000002
4 0.565425 0.6601600000000001 0.03125 0.06325999999999998
4 0.88672 0.6049800000000001 0.039059999999999984 0.11170000000000002
4 0.8886700000000001 0.82369 0.041019999999999945 0.10497999999999996
4 0.8901399999999999 0.167565 0.040039999999999965 0.10362999999999999
5 0.730955 0.34387500000000004 0.036129999999999995 0.08478999999999998
5 0.7275400000000001 0.448185 0.03320000000000001 0.08345000000000002
5 0.72705 0.55249 0.030279999999999974 0.08479999999999999
5 0.729005 0.6588149999999999 0.036129999999999995 0.09016999999999997
5 0.748535 0.152084 0.10449000000000008 0.191112
5 0.746585 0.8109 0.10449000000000008 0.17899999999999994
5 0.5786100000000001 0.822345 0.09082000000000001 0.16151000000000004
5 0.577145 0.15477849999999999 0.09375 0.183043
5 0.22998000000000002 0.1561255 0.07324 0.188429
5 0.229495 0.8223400000000001 0.07030999999999998 0.16957999999999995
7 0.0747095 0.177655 0.06934100000000001 0.13996999999999998
7 0.0185547 0.277925 0.0253906 0.06595000000000001
7 0.0136721 0.0854645 0.019531800000000002 0.052491
4 0.40137 0.345895 0.023440000000000016 0.06999
4 0.40039 0.44886000000000004 0.02343999999999996 0.06863999999999998
4 0.40039 0.553165 0.02148 0.06729000000000007
4 0.39941499999999996 0.66016 0.019529999999999992 0.06864000000000003
4 0.37744 0.1379565 0.024419999999999997 0.087487
4 0.376465 0.81494 0.02246999999999999 0.08748
7 0.28955 0.34724 0.026359999999999995 0.05384
7 0.26367 0.13929999999999998 0.023440000000000016 0.07133999999999999
7 0.29003999999999996 0.44953 0.027339999999999975 0.059219999999999995
7 0.28906 0.553835 0.027339999999999975 0.06057000000000001
7 0.291015 0.65814 0.02735000000000004 0.051140000000000074
7 0.328125 0.608345 0.04296999999999995 0.04306999999999994
7 0.329105 0.50336 0.03711000000000003 0.04576000000000002
7 0.3291 0.398385 0.039059999999999984 0.04844999999999999
7 0.329105 0.304175 0.03711000000000003 0.02423000000000003
7 0.325195 0.26648499999999997 0.039069999999999994 0.04307
7 0.30078499999999997 0.19044499999999998 0.025389999999999968 0.030950000000000005
7 0.29491999999999996 0.092192 0.035160000000000025 0.022875999999999994
7 0.32422 0.06998650000000001 0.03515999999999997 0.032301
7 0.32665999999999995 0.700535 0.036140000000000005 0.02018999999999993
7 0.325195 0.73217 0.04100999999999999 0.04038000000000008
7 0.30371000000000004 0.7671600000000001 0.04882000000000003 0.02422000000000002
7 0.29541 0.8633949999999999 0.03417999999999999 0.02556999999999998
7 0.322265 0.919245 0.041010000000000046 0.04037000000000002
7 0.311035 0.886945 0.04003000000000001 0.018850000000000033
7 0.410155 0.8183050000000001 0.04100999999999999 0.07537000000000005
3 0.440915 0.815615 0.020510000000000028 0.08345000000000002
3 0.45996000000000004 0.658815 0.02148 0.06325000000000003
3 0.45947499999999997 0.5538350000000001 0.024409999999999987 0.05786999999999998
3 0.45996000000000004 0.450875 0.02343999999999996 0.061909999999999965
3 0.45996000000000004 0.34589499999999995 0.02148 0.06461
3 0.43945 0.14064500000000002 0.023440000000000016 0.08479
7 0.4292 0.661505 0.03808 0.06057000000000001
7 0.42871000000000004 0.5538350000000001 0.035160000000000025 0.05786999999999998
7 0.43018 0.45020499999999997 0.03417999999999999 0.05787000000000003
7 0.43164 0.345895 0.035160000000000025 0.05652999999999997
7 0.40869 0.13996999999999998 0.03613999999999995 0.07805999999999999
3 0.61182 0.656795 0.03417999999999999 0.09421000000000002
3 0.6113299999999999 0.5545100000000001 0.03515999999999997 0.08614
3 0.611815 0.44953 0.036129999999999995 0.08614
3 0.613285 0.34387500000000004 0.037109999999999976 0.08749000000000001
7 0.7700199999999999 0.39232500000000003 0.03808 0.05248999999999998
7 0.768555 0.60431 0.04100999999999999 0.07806000000000002
7 0.7675799999999999 0.82436 0.03320000000000001 0.09285999999999994
7 0.842775 0.44616500000000003 0.03125 0.04172999999999999
7 0.84131 0.33714500000000003 0.032219999999999915 0.039029999999999954
7 0.88721 0.388965 0.06934000000000007 0.14805000000000001
7 0.09277450000000001 0.82167 0.048831 0.12247999999999992
8 0.10547000000000001 0.4892305 0.08008 0.8546389999999999
8 0.27197 0.5060555 0.07910000000000003 0.8748290000000001
8 0.573245 0.502017 0.06445000000000001 0.855986
8 0.73291 0.4959635 0.057620000000000005 0.865413
9 0.17676 0.26514 0.08983999999999998 0.04037999999999997
9 0.175295 0.0794065 0.08887 0.043067
9 0.23926 0.26648499999999997 0.035160000000000025 0.04307
9 0.23828500000000002 0.0787345 0.037110000000000004 0.041723
9 0.11816499999999999 0.078736 0.02539000000000001 0.047108000000000004
9 0.117675 0.265145 0.026370000000000005 0.04845000000000002
9 0.1167 0.734855 0.022459999999999994 0.05652999999999997
9 0.17285 0.732165 0.08984 0.04307000000000005
9 0.17382999999999998 0.9185749999999999 0.08984 0.03903000000000001
9 0.236815 0.7308250000000001 0.038089999999999985 0.04307000000000005
9 0.23828 0.91655 0.039059999999999984 0.04576000000000002
9 0.9834 0.444145 0.03320000000000001 0.032310000000000005
9 0.982425 0.33243500000000004 0.03125 0.02423000000000003
9 0.93555 0.333105 0.0625 0.020189999999999986
9 0.93555 0.443475 0.0625 0.02556999999999998
9 0.89551 0.334455 0.01758000000000004 0.022889999999999966
9 0.8950199999999999 0.44347000000000003 0.01856000000000002 0.028260000000000007
