0 0.59787 0.371092 0.80176 0.5742160000000001
1 0.85508 0.134765 0.07904 0.03515
1 0.70201 0.135745 0.08155999999999997 0.03710999999999999
1 0.85508 0.322265 0.07904 0.039069999999999994
1 0.854455 0.209965 0.07779000000000003 0.03125
1 0.6775450000000001 0.33203499999999997 0.08782999999999996 0.03711000000000003
1 0.70138 0.211425 0.08030000000000004 0.036129999999999995
1 0.85508 0.609375 0.07904 0.03320999999999996
1 0.854455 0.543945 0.07779000000000003 0.03320999999999996
1 0.85508 0.479 0.07904 0.03417999999999999
1 0.8550800000000001 0.41406 0.07653999999999994 0.03320000000000001
1 0.7013799999999999 0.6074200000000001 0.08282 0.03320000000000001
1 0.7013799999999999 0.5424800000000001 0.08282 0.03417999999999999
1 0.70075 0.47802500000000003 0.08156000000000008 0.032230000000000036
1 0.70075 0.41357 0.08156000000000008 0.03417999999999999
1 0.38143 0.606445 0.07528000000000001 0.03125
1 0.3808 0.541505 0.07654 0.03222999999999998
1 0.38143 0.47705 0.07528000000000001 0.03028000000000003
1 0.537015 0.6074200000000001 0.08281000000000005 0.03320000000000001
1 0.53764 0.543455 0.08156000000000002 0.03222999999999998
1 0.53764 0.47802500000000003 0.08156000000000002 0.032230000000000036
1 0.53764 0.412595 0.08156000000000002 0.03222999999999998
1 0.382685 0.412595 0.07528999999999997 0.03027000000000002
1 0.33187 0.33301000000000003 0.08155999999999997 0.035160000000000025
1 0.538265 0.13525 0.08281 0.03418
1 0.538265 0.21191500000000002 0.08281 0.03514999999999999
1 0.50251 0.33252000000000004 0.08908000000000005 0.036140000000000005
1 0.38331499999999996 0.209965 0.07402999999999998 0.03125
1 0.38456500000000005 0.134765 0.07402999999999998 0.03125
1 0.38394 0.028319999999999998 0.07277999999999996 0.03125
1 0.539525 0.028808499999999997 0.08280999999999994 0.032227
1 0.354455 0.6987300000000001 0.07652999999999999 0.032220000000000026
1 0.354455 0.767575 0.07652999999999999 0.03125
1 0.354455 0.837895 0.07652999999999999 0.03125
1 0.5056499999999999 0.699215 0.08029999999999993 0.03125
1 0.50502 0.768555 0.08155999999999997 0.03125
1 0.5056499999999999 0.836915 0.08029999999999993 0.03125
1 0.667505 0.701175 0.08281000000000005 0.03125
1 0.667505 0.769535 0.08281000000000005 0.03125
10 0.830615 0.7041 0.08783000000000007 0.03515999999999997
3 0.59912 0.7041 0.04391999999999996 0.0663999999999999
3 0.6003750000000001 0.7744150000000001 0.043910000000000005 0.06640999999999997
4 0.75596 0.609375 0.03388000000000002 0.052729999999999944
4 0.754705 0.5459 0.02884999999999993 0.050779999999999936
4 0.7565850000000001 0.481445 0.03010999999999997 0.050789999999999946
4 0.75596 0.41796999999999995 0.028859999999999997 0.05077999999999999
4 0.735885 0.33301000000000003 0.028850000000000042 0.05077999999999999
4 0.754705 0.2124 0.026349999999999985 0.057620000000000005
4 0.754705 0.135745 0.026349999999999985 0.05858999999999999
4 0.726475 0.7041 0.035129999999999995 0.0527399999999999
4 0.405895 0.69922 0.026349999999999985 0.04687999999999992
4 0.405895 0.768555 0.026349999999999985 0.04686999999999997
4 0.40464500000000003 0.83838 0.02635000000000004 0.04590000000000005
4 0.60853 0.13525500000000001 0.06274000000000002 0.05371000000000001
4 0.609785 0.21191500000000002 0.06272999999999995 0.05468999999999999
4 0.57591 0.33447499999999997 0.06274000000000002 0.05370999999999998
4 0.609785 0.416015 0.06272999999999995 0.04687000000000002
4 0.607275 0.47948999999999997 0.06272999999999995 0.052739999999999954
4 0.60853 0.5459 0.06274000000000002 0.0527399999999999
4 0.60853 0.61035 0.06274000000000002 0.0527399999999999
3 0.33375 0.606445 0.02257999999999999 0.04100999999999999
3 0.33186499999999997 0.540525 0.021330000000000016 0.04198999999999997
3 0.332495 0.475585 0.02259 0.04100999999999999
3 0.332495 0.413085 0.02259 0.04100999999999999
3 0.27980000000000005 0.33203 0.02257999999999999 0.04688000000000003
3 0.33438 0.13525500000000001 0.023839999999999972 0.04395
3 0.33375 0.212405 0.02257999999999999 0.04395000000000002
3 0.484315 0.134765 0.035129999999999995 0.042969999999999994
3 0.484315 0.21045 0.035129999999999995 0.04199999999999998
3 0.44228500000000004 0.333985 0.03638999999999998 0.04492999999999997
3 0.481805 0.412595 0.035129999999999995 0.04198999999999997
3 0.481805 0.47753500000000004 0.035129999999999995 0.04297000000000001
3 0.483065 0.543455 0.035129999999999995 0.04198999999999997
3 0.480555 0.606935 0.035129999999999995 0.04198999999999997
3 0.332495 0.0263671 0.030110000000000026 0.044921800000000005
3 0.484315 0.02636728 0.035129999999999995 0.05078144
4 0.60853 0.0336915 0.06523999999999996 0.043945
8 0.30552 0.3735335 0.09911999999999999 0.563473
8 0.44542000000000004 0.3696305 0.042659999999999976 0.569339
8 0.779795 0.37207049999999997 0.02133000000000007 0.5683590000000001
8 0.9215800000000001 0.370607 0.06148000000000009 0.567386
9 0.5840650000000001 0.29834 0.25721000000000005 0.014639999999999986
9 0.58469 0.37011499999999997 0.25596 0.015629999999999977
9 0.61355 0.44677500000000003 0.2409 0.012690000000000035
9 0.61355 0.512205 0.2384 0.012689999999999979
9 0.61355 0.577145 0.24342000000000003 0.013670000000000071
9 0.61355 0.642575 0.2409 0.013670000000000071
9 0.615435 0.17382999999999998 0.23965000000000003 0.015619999999999995
9 0.615435 0.246095 0.23965000000000003 0.015630000000000033
9 0.614805 0.0961935 0.24341000000000002 0.014653
9 0.633 0.06543 0.27980000000000005 0.021484000000000003
9 0.474275 0.06543 0.04015000000000002 0.027344000000000007
9 0.47302 0.097169 0.03764000000000001 0.022461999999999996
9 0.475535 0.17285 0.04015000000000002 0.023440000000000016
9 0.475535 0.24463000000000001 0.04015000000000002 0.01856000000000002
9 0.435385 0.297365 0.040149999999999963 0.024409999999999987
9 0.435385 0.37011499999999997 0.040149999999999963 0.025389999999999968
9 0.47302500000000003 0.44628999999999996 0.040149999999999963 0.017579999999999985
9 0.47302500000000003 0.51074 0.040149999999999963 0.01758000000000004
9 0.47302500000000003 0.6416 0.040149999999999963 0.01758000000000004
9 0.471765 0.57666 0.04015000000000002 0.01856000000000002
9 0.754705 0.097659 0.03639000000000003 0.023442000000000005
9 0.7528250000000001 0.17432 0.035129999999999995 0.02245999999999998
9 0.752195 0.246095 0.033869999999999956 0.019529999999999964
9 0.7321200000000001 0.297365 0.04139999999999999 0.024409999999999987
9 0.733375 0.37012 0.04140999999999995 0.023440000000000016
9 0.75345 0.447755 0.03637999999999997 0.020509999999999973
9 0.7515700000000001 0.511715 0.03764000000000001 0.019530000000000047
9 0.75345 0.57666 0.03637999999999997 0.020500000000000074
9 0.75345 0.642575 0.03637999999999997 0.019530000000000047
10 0.966125 0.5800799999999999 0.04516999999999993 0.09570000000000001
10 0.9723949999999999 0.5219750000000001 0.02259 0.018549999999999955
10 0.961105 0.44531 0.03262999999999994 0.10742000000000002
