1 0.2793 0.29232 0.03515999999999997 0.04818
1 0.280275 0.38086 0.035150000000000015 0.05077999999999999
1 0.436525 0.277995 0.04100999999999999 0.027349999999999985
1 0.4292 0.33333 0.024419999999999997 0.049480000000000024
1 0.4375 0.38802 0.041019999999999945 0.02864
1 0.40039 0.279295 0.017579999999999985 0.027349999999999985
1 0.40136499999999997 0.333985 0.019529999999999992 0.05079
1 0.40088 0.38802 0.01856000000000002 0.02864
1 0.271 0.49609000000000003 0.016600000000000004 0.03645999999999999
1 0.271 0.54232 0.016600000000000004 0.037760000000000016
1 0.3042 0.49609000000000003 0.03808 0.03645999999999999
1 0.304685 0.54167 0.03711000000000003 0.03645999999999994
1 0.42773 0.496095 0.0625 0.03385000000000005
1 0.42822 0.539065 0.06152000000000002 0.033849999999999936
3 0.38623 0.516275 0.024419999999999997 0.10807
3 0.24365499999999998 0.51888 0.024409999999999987 0.12890000000000001
1 0.413085 0.66862 0.04100999999999999 0.04818
1 0.413085 0.7519549999999999 0.04100999999999999 0.04557
1 0.28955 0.68294 0.061519999999999964 0.04035999999999995
1 0.28955 0.7395849999999999 0.061519999999999964 0.041669999999999985
1 0.148925 0.71159 0.036129999999999995 0.037759999999999905
1 0.14307 0.748695 0.016600000000000004 0.01822999999999997
1 0.143555 0.673825 0.015630000000000005 0.019530000000000047
1 0.55957 0.6569 0.041020000000000056 0.024739999999999984
1 0.561035 0.76237 0.04199000000000008 0.024739999999999984
1 0.552245 0.71029 0.04784999999999995 0.05078000000000005
1 0.70215 0.66406 0.06836000000000009 0.04688000000000003
1 0.703125 0.75651 0.0703100000000001 0.04688000000000003
1 0.842775 0.673825 0.07030999999999998 0.04296999999999995
1 0.84326 0.74414 0.06933999999999996 0.04296
1 0.84277 0.479165 0.06835999999999998 0.041669999999999985
1 0.842285 0.548825 0.06738999999999995 0.04296999999999995
1 0.703125 0.49154 0.0703100000000001 0.03775999999999996
1 0.711915 0.5390600000000001 0.08399000000000001 0.039059999999999984
1 0.5625 0.49154 0.06640000000000001 0.03775999999999996
1 0.56299 0.540365 0.06738 0.03644999999999998
3 0.51221 0.51497 0.022460000000000035 0.13672
3 0.63965 0.5143249999999999 0.04687999999999992 0.13280999999999998
2 0.9106449999999999 0.322915 0.12011000000000005 0.06511
1 0.6630849999999999 0.26888 0.019529999999999936 0.029939999999999967
1 0.663575 0.30859499999999995 0.018549999999999955 0.02865000000000001
1 0.66309 0.34765500000000005 0.01758000000000004 0.02865000000000001
1 0.70215 0.26823 0.04687999999999992 0.02864
1 0.7026399999999999 0.30729 0.04589999999999994 0.02864
1 0.70215 0.34765500000000005 0.04491999999999996 0.02865000000000001
1 0.546385 0.348305 0.06346999999999992 0.04297000000000001
1 0.54492 0.290365 0.0625 0.018230000000000024
0 0.5092795 0.44466100000000003 0.9384809999999999 0.761718
1 0.94922 0.476565 0.05274000000000001 0.041669999999999985
1 0.94971 0.546875 0.05175999999999992 0.041670000000000096
1 0.949705 0.6744749999999999 0.04981000000000002 0.04426999999999992
1 0.950685 0.743485 0.04980999999999991 0.04426999999999992
1 0.422365 0.127605 0.06542999999999999 0.03384999999999999
1 0.421875 0.16992000000000002 0.06445000000000001 0.03516
1 0.558595 0.17121999999999998 0.06640999999999997 0.03775999999999999
1 0.55957 0.12109 0.06640000000000001 0.03906
1 0.298825 0.12891 0.037109999999999976 0.039059999999999984
1 0.30078499999999997 0.17708000000000002 0.03711000000000003 0.03906000000000001
1 0.266115 0.13021 0.020510000000000028 0.03906000000000001
1 0.265625 0.177735 0.019530000000000047 0.04037000000000002
1 0.29198999999999997 0.928385 0.06836000000000003 0.04686999999999997
1 0.424315 0.928385 0.06933 0.04686999999999997
1 0.55859 0.927735 0.07421999999999995 0.048170000000000046
1 0.133785 0.33789 0.031249999999999986 0.02474000000000004
1 0.17626999999999998 0.110675 0.022460000000000008 0.04687000000000001
1 0.17725000000000002 0.16536499999999998 0.022460000000000008 0.046869999999999995
1 0.17871 0.451175 0.02148 0.04557
1 0.18114999999999998 0.50651 0.022460000000000008 0.04688000000000003
1 0.18213000000000001 0.558595 0.022460000000000008 0.04687000000000008
1 0.16162500000000002 0.75 0.008789999999999992 0.02083999999999997
1 0.161135 0.673825 0.009770000000000001 0.019530000000000047
1 0.84082 0.173825 0.07031999999999994 0.04297000000000001
3 0.23877 0.1503915 0.026359999999999995 0.134117
3 0.382325 0.14713500000000002 0.024409999999999987 0.10677
3 0.6386700000000001 0.137371 0.04687999999999992 0.13411800000000001
4 0.59961 0.515625 0.011719999999999953 0.10157
4 0.322755 0.71289 0.014649999999999996 0.12109999999999999
4 0.32666 0.51758 0.014639999999999986 0.10286000000000001
4 0.473145 0.516925 0.03027000000000002 0.10417000000000004
4 0.46875 0.14322800000000002 0.031259999999999954 0.104164
4 0.890625 0.477215 0.03320999999999996 0.05859000000000003
4 0.8925799999999999 0.546225 0.03320000000000001 0.05859000000000003
4 0.893065 0.7441450000000001 0.03222999999999998 0.055990000000000095
4 0.8925799999999999 0.6731750000000001 0.03320000000000001 0.05728999999999995
4 0.891115 0.167315 0.03222999999999998 0.05859
4 0.75293 0.75651 0.01757999999999993 0.07291999999999998
4 0.75244 0.6640600000000001 0.016599999999999948 0.07291999999999998
4 0.59717 0.14453 0.012699999999999934 0.10156000000000001
4 0.33447499999999997 0.92578 0.024409999999999987 0.08334000000000008
3 0.36328499999999997 0.93034 0.04297000000000001 0.1002599999999999
3 0.49902 0.9296899999999999 0.04492000000000007 0.10155999999999998
4 0.461425 0.929035 0.012690000000000035 0.0846300000000001
4 0.59863 0.92643 0.011719999999999953 0.07162000000000002
5 0.36084 0.32552 0.13573999999999997 0.22135999999999997
5 0.206055 0.7161500000000001 0.08984999999999999 0.16146000000000005
5 0.49902499999999994 0.7083349999999999 0.14062999999999998 0.20573000000000008
5 0.6137699999999999 0.71224 0.07910000000000006 0.16927999999999999
5 0.625975 0.384115 0.10547000000000006 0.14323000000000002
5 0.6230450000000001 0.240235 0.10547000000000006 0.13411
5 0.769535 0.358075 0.08789000000000002 0.47135
7 0.625975 0.30534 0.025389999999999913 0.024739999999999984
7 0.82178 0.32487 0.05565999999999993 0.12629999999999997
7 0.148925 0.611325 0.08105000000000001 0.019530000000000047
7 0.14599499999999999 0.8125 0.08105 0.02083999999999997
7 0.22119 0.39583 0.04393999999999998 0.049480000000000024
7 0.21826 0.321615 0.04979999999999998 0.08333000000000002
7 0.217285 0.24414000000000002 0.04199 0.042960000000000026
3 0.098634 0.33789 0.037112000000000006 0.12110000000000004
8 0.20703 0.444009 0.04491999999999999 0.752602
8 0.35791 0.44401 0.05566000000000004 0.75
8 0.47753999999999996 0.4492195 0.054680000000000006 0.7500009999999999
8 0.762695 0.4492205 0.05858999999999992 0.7473989999999999
9 0.270995 0.31966 0.04980999999999999 0.009120000000000017
9 0.270995 0.23047 0.04980999999999999 0.010420000000000013
9 0.27295 0.41211 0.04980000000000001 0.009119999999999961
9 0.242185 0.229165 0.009770000000000001 0.018229999999999996
9 0.242675 0.31901 0.006830000000000003 0.018220000000000014
9 0.24463000000000001 0.41211 0.006839999999999985 0.01691999999999999
