0 0.50118065 0.504884 0.9976387 0.980472
3 0.567295 0.90088 0.13576999999999995 0.17480000000000007
3 0.57497 0.680175 0.12514000000000003 0.18067
3 0.5761499999999999 0.445315 0.12278 0.17968999999999996
3 0.5755600000000001 0.20703 0.12395999999999996 0.18554
1 0.752655 0.8994150000000001 0.22787000000000002 0.10547000000000006
1 0.752065 0.6811499999999999 0.22669000000000006 0.10253999999999996
1 0.751475 0.447755 0.22787000000000002 0.09863
1 0.75207 0.20996 0.22432000000000007 0.10352
1 0.331165 0.899415 0.19952999999999999 0.10350999999999999
1 0.329985 0.68164 0.19717 0.10155999999999998
1 0.33353 0.44971 0.19952 0.10253999999999996
1 0.33353 0.212405 0.19479999999999997 0.10449
3 0.225505 0.2124 0.09209 0.1709
3 0.22668500000000003 0.45360999999999996 0.08973 0.1709
3 0.21192500000000003 0.6792 0.09563000000000002 0.17090000000000005
3 0.21074500000000002 0.89795 0.09563000000000002 0.17090000000000005
4 0.46812 0.212405 0.07673999999999997 0.15137
4 0.46517 0.44873 0.07791999999999999 0.15136000000000005
4 0.4634 0.6792 0.07438 0.15136000000000005
4 0.46458 0.8974599999999999 0.06730000000000003 0.14844000000000002
4 0.90378 0.211425 0.07909999999999995 0.14355
4 0.910275 0.44873 0.0920899999999999 0.15136000000000005
4 0.907915 0.6806650000000001 0.09209 0.14452999999999994
4 0.909095 0.898925 0.09209 0.14551000000000003
8 0.1192445 0.5082985 0.167651 0.963863
