4 0.801531 0.903472 0.323910 0.176389
0 0.129564 0.895139 0.082450 0.104167
0 0.305654 0.893750 0.060071 0.104167
0 0.908127 0.738194 0.037691 0.068056
0 0.863958 0.737500 0.036514 0.066667
0 0.146054 0.736111 0.030624 0.077778
0 0.104829 0.736806 0.030624 0.079167
0 0.718492 0.728472 0.044759 0.090278
0 0.580094 0.727778 0.043581 0.088889
0 0.439340 0.727083 0.047114 0.095833
0 0.301531 0.726389 0.049470 0.094444
0 0.908127 0.561806 0.030624 0.045833
0 0.861602 0.561806 0.034158 0.045833
0 0.147821 0.563194 0.029446 0.054167
0 0.580683 0.569444 0.044759 0.088889
0 0.716137 0.567361 0.044759 0.087500
0 0.300942 0.567361 0.045936 0.090278
0 0.441107 0.566667 0.053004 0.094444
0 0.905183 0.401389 0.034158 0.044444
0 0.862191 0.400694 0.032980 0.045833
0 0.299764 0.415972 0.043581 0.087500
0 0.438163 0.414583 0.047114 0.087500
0 0.715548 0.413889 0.043581 0.088889
0 0.577150 0.415278 0.047114 0.091667
0 0.143698 0.397917 0.037691 0.056944
0 0.100707 0.397917 0.038869 0.056944
0 0.442285 0.270139 0.043581 0.076389
0 0.305065 0.270139 0.044759 0.076389
0 0.578327 0.268750 0.044759 0.076389
0 0.124264 0.265972 0.043581 0.076389
0 0.714370 0.265972 0.048292 0.081944
0 0.881625 0.261806 0.048292 0.081944
1 0.751472 0.793056 0.480565 0.025000
1 0.255595 0.788889 0.497055 0.030556
1 0.343345 0.465972 0.312132 0.015278
1 0.969965 0.461806 0.053004 0.018056
1 0.652532 0.461806 0.273263 0.018056
1 0.754417 0.334722 0.477032 0.052778
1 0.255595 0.336111 0.492344 0.058333
9 0.455830 0.914583 0.061249 0.151389
9 0.565960 0.911806 0.062426 0.154167
7 0.564193 0.825000 0.098940 0.019444
7 0.448174 0.826389 0.109541 0.022222
2 0.125442 0.837500 0.104829 0.016667
2 0.302709 0.836806 0.075383 0.018056
2 0.710247 0.197222 0.080094 0.036111
2 0.571849 0.197917 0.078916 0.037500
2 0.432273 0.197917 0.080094 0.037500
2 0.295642 0.197222 0.080094 0.036111
2 0.114841 0.192361 0.078916 0.045833
2 0.877503 0.189583 0.080094 0.045833
5 0.578916 0.622917 0.067138 0.018056
5 0.441107 0.623611 0.069494 0.019444
5 0.300353 0.622917 0.068316 0.020833
5 0.714959 0.620139 0.065960 0.018056
3 0.094817 0.643750 0.177856 0.106944
3 0.867491 0.644444 0.154299 0.119444
3 0.098351 0.481250 0.177856 0.109722
3 0.866313 0.481250 0.154299 0.115278
3 0.696702 0.129167 0.363958 0.050000
3 0.397527 0.123611 0.210836 0.055556
8 0.128975 0.893750 0.076561 0.098611
8 0.146054 0.734028 0.025913 0.073611
8 0.339223 0.726389 0.025913 0.097222
8 0.261484 0.726389 0.030624 0.100000
8 0.477032 0.725694 0.028269 0.101389
8 0.399293 0.726389 0.032980 0.102778
8 0.101885 0.563194 0.027091 0.054167
8 0.428151 0.570833 0.022379 0.094444
8 0.452297 0.570139 0.023557 0.095833
8 0.338045 0.570833 0.028269 0.102778
8 0.258539 0.570139 0.036514 0.101389
8 0.475854 0.415278 0.028269 0.091667
8 0.399293 0.414583 0.030624 0.093056
8 0.260306 0.414583 0.030624 0.093056
8 0.335689 0.413194 0.028269 0.093056
