1 0.35889 0.14231 0.06738 0.04872000000000001
1 0.48877000000000004 0.14423 0.06738000000000005 0.04743999999999998
3 0.430175 0.144229 0.03809000000000001 0.09102199999999999
3 0.43066499999999996 0.311535 0.039069999999999994 0.15640999999999997
1 0.35986 0.27564 0.06738 0.04615999999999998
1 0.36035 0.341665 0.06835999999999998 0.044869999999999965
1 0.48828000000000005 0.27820500000000004 0.06836000000000003 0.04614999999999997
1 0.48779000000000006 0.342945 0.06738000000000005 0.044869999999999965
1 0.360355 0.46987 0.07030999999999998 0.04743999999999998
1 0.36035 0.5339750000000001 0.06835999999999998 0.04742999999999997
1 0.48828000000000005 0.470515 0.06640000000000007 0.04614999999999997
1 0.48828000000000005 0.535255 0.06640000000000007 0.044869999999999965
3 0.43066499999999996 0.50577 0.03711000000000003 0.1577
1 0.61914 0.471155 0.07225999999999999 0.044869999999999965
1 0.618655 0.53654 0.07128999999999996 0.04743999999999993
1 0.75 0.47436 0.07421999999999995 0.048719999999999986
1 0.75 0.5390999999999999 0.07421999999999995 0.04744000000000004
1 0.61914 0.27820500000000004 0.07031999999999994 0.04614999999999997
1 0.61914 0.34359 0.07225999999999999 0.04615999999999998
1 0.75 0.28013 0.07421999999999995 0.04743999999999998
1 0.75 0.34551 0.07421999999999995 0.04743999999999998
1 0.61914 0.14487 0.07031999999999994 0.048719999999999986
1 0.75049 0.14487 0.07323999999999997 0.048719999999999986
3 0.56055 0.312825 0.04492000000000007 0.15641
3 0.55957 0.144874 0.041020000000000056 0.092312
3 0.56006 0.50641 0.04394000000000009 0.15897999999999995
3 0.426755 0.69936 0.037109999999999976 0.09872000000000003
1 0.35547 0.69423 0.06835999999999998 0.050000000000000044
1 0.48485999999999996 0.69615 0.06737999999999994 0.048719999999999986
3 0.5561499999999999 0.7025600000000001 0.040039999999999965 0.09999999999999998
1 0.616695 0.697435 0.07129000000000008 0.04871000000000003
1 0.74805 0.7006399999999999 0.07421999999999995 0.04999999999999993
0 0.601075 0.4256435 0.76269 0.717953
1 0.9008799999999999 0.14551 0.09667999999999999 0.06282
1 0.89795 0.7044900000000001 0.09667999999999999 0.06281999999999999
1 0.89795 0.510895 0.09667999999999999 0.10897000000000001
1 0.338375 0.8256399999999999 0.07715 0.033340000000000036
1 0.468265 0.8269249999999999 0.07714999999999994 0.03332999999999997
1 0.219725 0.82436 0.03125 0.03845999999999994
1 0.234865 0.30513 0.026370000000000005 0.028200000000000003
4 0.66699 0.471155 0.02734000000000003 0.05769000000000002
4 0.66797 0.538465 0.02734000000000003 0.05640999999999996
4 0.6650400000000001 0.701925 0.02734000000000003 0.05769000000000002
4 0.66699 0.144875 0.02734000000000003 0.056410000000000016
4 0.66699 0.278845 0.02734000000000003 0.05769000000000002
4 0.66797 0.345515 0.02734000000000003 0.05769000000000002
4 0.800295 0.14744000000000002 0.026370000000000005 0.07436000000000001
4 0.799805 0.280125 0.025390000000000024 0.06794999999999998
4 0.800295 0.34935499999999997 0.026370000000000005 0.06795000000000001
4 0.799315 0.475 0.026370000000000005 0.06794000000000006
4 0.799315 0.544235 0.026370000000000005 0.06794999999999995
4 0.79834 0.7044900000000001 0.02636000000000005 0.07307999999999992
4 0.40332 0.14295000000000002 0.02148 0.07308
4 0.405275 0.275 0.025390000000000024 0.07051999999999997
4 0.40576 0.348075 0.024419999999999997 0.07051000000000002
4 0.40625 0.46923000000000004 0.025399999999999978 0.06666
4 0.40625 0.53718 0.025399999999999978 0.06665999999999994
4 0.39844 0.6948700000000001 0.02148 0.07691999999999999
4 0.376955 0.82692 0.03125 0.07435999999999998
4 0.521485 0.8269200000000001 0.035150000000000015 0.07691999999999999
4 0.9526399999999999 0.31923 0.010740000000000083 0.13846000000000003
4 0.9526399999999999 0.146795 0.010740000000000083 0.08589
1 0.24756 0.73141 0.012700000000000017 0.0628200000000001
1 0.24756 0.65449 0.012700000000000017 0.06281999999999999
7 0.82959 0.51218 0.030279999999999974 0.03205999999999998
7 0.827145 0.707055 0.03125 0.03204999999999991
7 0.829105 0.317305 0.03125 0.03205000000000002
7 0.829105 0.14743499999999998 0.03125 0.030769999999999992
7 0.315915 0.34231 0.020510000000000028 0.015380000000000005
7 0.315915 0.276285 0.020510000000000028 0.016669999999999963
7 0.31494500000000003 0.14359 0.020509999999999973 0.015380000000000005
7 0.315915 0.472435 0.020510000000000028 0.016669999999999963
7 0.31689500000000004 0.5359 0.020509999999999973 0.01538000000000006
7 0.312015 0.695515 0.020510000000000028 0.016669999999999963
8 0.285155 0.42948949999999997 0.06640999999999997 0.697441
8 0.6894499999999999 0.42820749999999996 0.03320000000000001 0.700005
9 0.501955 0.214105 0.21289000000000008 0.030769999999999992
9 0.50244 0.40769500000000003 0.21192000000000005 0.03077000000000002
9 0.64453 0.21474500000000002 0.07225999999999999 0.04486999999999999
9 0.64502 0.409615 0.07323999999999997 0.044869999999999965
9 0.36719 0.21346500000000002 0.05663999999999997 0.04486999999999999
9 0.36816 0.407055 0.056640000000000024 0.044869999999999965
10 0.8998999999999999 0.315385 0.09667999999999999 0.10769000000000001
