1 0.46533 0.24023500000000003 0.043940000000000035 0.027350000000000013
1 0.46582 0.27603999999999995 0.04296 0.026040000000000008
1 0.549315 0.24088500000000002 0.043949999999999934 0.026050000000000018
1 0.549315 0.27669 0.043949999999999934 0.02734000000000003
1 0.45996000000000004 0.392575 0.04102 0.03254999999999997
1 0.54443 0.394535 0.04589999999999994 0.03125
1 0.461425 0.36133000000000004 0.047850000000000004 0.022139999999999993
1 0.46094 0.42447999999999997 0.044920000000000015 0.015620000000000023
1 0.546875 0.42578 0.04882999999999993 0.013020000000000032
1 0.546875 0.35807500000000003 0.04882999999999993 0.02082999999999996
1 0.6313500000000001 0.35807500000000003 0.049799999999999955 0.02082999999999996
1 0.7167950000000001 0.359375 0.04883000000000004 0.020830000000000015
1 0.63135 0.42643 0.05176000000000003 0.01432
1 0.7167950000000001 0.42578 0.04883000000000004 0.013020000000000032
1 0.715335 0.395185 0.04785000000000006 0.03254999999999997
1 0.628905 0.395185 0.04883000000000004 0.03254999999999997
1 0.628415 0.535155 0.04785000000000006 0.03125
1 0.714845 0.5358050000000001 0.04883000000000004 0.03254999999999997
1 0.7167950000000001 0.498695 0.04883000000000004 0.02082999999999996
1 0.63037 0.498695 0.049800000000000066 0.02082999999999996
1 0.63086 0.56641 0.05078000000000005 0.013020000000000032
1 0.546875 0.49804499999999996 0.04882999999999993 0.022129999999999928
1 0.546385 0.565755 0.04784999999999995 0.011709999999999998
1 0.46191499999999996 0.499345 0.04687000000000002 0.019529999999999936
1 0.45996000000000004 0.5638 0.044920000000000015 0.013020000000000032
1 0.54346 0.535155 0.04589999999999994 0.03125
1 0.45947499999999997 0.5332049999999999 0.04199000000000003 0.03254999999999997
1 0.5488299999999999 0.64323 0.04491999999999996 0.026039999999999952
1 0.54834 0.678385 0.04393999999999998 0.026050000000000018
1 0.46435499999999996 0.64323 0.04394999999999999 0.026039999999999952
1 0.46435499999999996 0.67969 0.04394999999999999 0.026040000000000063
1 0.632325 0.678385 0.04784999999999995 0.026050000000000018
1 0.632815 0.6425799999999999 0.04686999999999997 0.02734000000000003
1 0.7182649999999999 0.6425799999999999 0.04785000000000006 0.02734000000000003
1 0.7182649999999999 0.678385 0.04785000000000006 0.026050000000000018
1 0.71875 0.27669 0.04688000000000003 0.02734000000000003
1 0.632815 0.27603999999999995 0.04686999999999997 0.026040000000000008
1 0.632815 0.24088500000000002 0.04686999999999997 0.026050000000000018
1 0.71875 0.241535 0.048820000000000086 0.027349999999999985
1 0.8037099999999999 0.269535 0.05467999999999995 0.08073
1 0.8032250000000001 0.35677000000000003 0.053710000000000035 0.04687999999999998
1 0.8037099999999999 0.45833 0.05467999999999995 0.11198000000000002
1 0.8037099999999999 0.5631550000000001 0.05467999999999995 0.042970000000000064
1 0.8042 0.649085 0.05566000000000004 0.08203000000000005
0 0.636715 0.460935 0.58789 0.5052099999999999
1 0.457515 0.11783849999999998 0.05957000000000001 0.08984299999999999
1 0.542485 0.11783849999999998 0.0595699999999999 0.08984299999999999
1 0.62842 0.11653749999999999 0.05566000000000004 0.089845
1 0.714845 0.11783849999999998 0.054690000000000016 0.08984299999999999
1 0.8032250000000001 0.128907 0.04785000000000006 0.07812600000000001
1 0.45947499999999997 0.784505 0.049809999999999965 0.06901000000000002
1 0.5415049999999999 0.782555 0.04981000000000002 0.06770999999999994
1 0.62793 0.783205 0.048820000000000086 0.06901000000000002
1 0.71338 0.783205 0.049800000000000066 0.06901000000000002
1 0.38037 0.502605 0.01856000000000002 0.020830000000000015
1 0.38037 0.5319050000000001 0.01856000000000002 0.019529999999999936
1 0.37988 0.5605450000000001 0.01758000000000004 0.019529999999999936
1 0.38086 0.36263 0.017579999999999985 0.019540000000000002
1 0.38037 0.39127500000000004 0.01856000000000002 0.019529999999999992
1 0.38037 0.41927000000000003 0.01856000000000002 0.020840000000000025
1 0.38916 0.25716 0.022460000000000035 0.04035999999999998
1 0.38721 0.657555 0.022460000000000035 0.041670000000000096
1 0.36084 0.88672 0.03808 0.05467999999999995
1 0.37207 0.777995 0.013680000000000025 0.04557
1 0.447755 0.8854150000000001 0.05957000000000001 0.054690000000000016
1 0.533695 0.8854150000000001 0.05957000000000001 0.054690000000000016
1 0.625 0.884765 0.058599999999999985 0.05339000000000005
1 0.799805 0.802735 0.05858999999999992 0.10807
1 0.373535 0.1152365 0.03027000000000002 0.076827
2 0.89209 0.35612 0.07520000000000004 0.04818
4 0.5883799999999999 0.66276 0.03808 0.08594000000000002
4 0.67334 0.66276 0.03808 0.08594000000000002
4 0.67334 0.26042 0.03808 0.08593999999999999
4 0.5883799999999999 0.26042 0.03808 0.08593999999999999
7 0.58789 0.5364599999999999 0.011719999999999953 0.015620000000000078
7 0.6748050000000001 0.53711 0.011709999999999998 0.01432
7 0.58838 0.396485 0.012699999999999934 0.01433000000000001
7 0.674315 0.39518 0.01269000000000009 0.01432
7 0.356935 0.391275 0.026370000000000005 0.035150000000000015
7 0.356935 0.53255 0.026370000000000005 0.03386
7 0.458495 0.322915 0.057609999999999995 0.041669999999999985
7 0.45898 0.460935 0.056640000000000024 0.041669999999999985
7 0.458495 0.60026 0.057609999999999995 0.04166000000000003
8 0.757325 0.46094 0.03027000000000002 0.5
7 0.81543 0.322265 0.03516000000000008 0.02735000000000004
7 0.8144499999999999 0.398435 0.03320000000000001 0.03384999999999999
7 0.8144499999999999 0.6106750000000001 0.03320000000000001 0.03385000000000005
7 0.81494 0.533855 0.0341800000000001 0.02342999999999995
7 0.575195 0.884115 0.03125 0.03906999999999994
8 0.49658 0.46419 0.02245999999999998 0.4986999999999999
9 0.6318349999999999 0.322265 0.18555 0.029949999999999977
9 0.6318349999999999 0.461585 0.18555 0.029949999999999977
9 0.6318349999999999 0.602215 0.18555 0.029950000000000032
9 0.89014 0.529945 0.057620000000000005 0.01822999999999997
9 0.8916 0.60677 0.05663999999999991 0.015619999999999967
9 0.89014 0.397785 0.057620000000000005 0.014329999999999954
9 0.890625 0.31966 0.05665000000000009 0.01432
9 0.8466800000000001 0.320315 0.029299999999999993 0.03384999999999999
9 0.84619 0.396485 0.030280000000000085 0.03514999999999996
9 0.847655 0.6080749999999999 0.029289999999999927 0.03385000000000005
9 0.8466800000000001 0.52995 0.029299999999999993 0.03386
9 0.52832 0.322265 0.021479999999999944 0.04816999999999999
9 0.52783 0.46159 0.022460000000000035 0.04818
9 0.52783 0.6048199999999999 0.022460000000000035 0.04818
9 0.734865 0.46224 0.020510000000000028 0.041659999999999975
9 0.734375 0.602215 0.02149000000000001 0.040369999999999906
9 0.734865 0.322265 0.020510000000000028 0.04036999999999996
10 0.855465 0.27018 0.037109999999999976 0.07681999999999997
10 0.896485 0.221355 0.044930000000000025 0.023430000000000006
10 0.895995 0.319665 0.043949999999999934 0.019529999999999992
10 0.89697 0.2832 0.04589999999999994 0.05077999999999999
10 0.9018550000000001 0.24544 0.053710000000000035 0.024739999999999984
10 0.8457 0.461585 0.01757999999999993 0.10806999999999994
10 0.8637699999999999 0.458335 0.012700000000000045 0.04686999999999997
10 0.8637699999999999 0.49870000000000003 0.012700000000000045 0.028640000000000054
10 0.8637699999999999 0.41732 0.012700000000000045 0.027339999999999975
10 0.8950199999999999 0.49934999999999996 0.049799999999999955 0.029940000000000022
10 0.895505 0.41796999999999995 0.04882999999999993 0.026040000000000008
10 0.8969750000000001 0.45768 0.043950000000000045 0.05077999999999999
10 0.88721 0.5644499999999999 0.06348000000000009 0.04818
10 0.847655 0.652345 0.019529999999999936 0.06771000000000005
10 0.86426 0.7083299999999999 0.009759999999999991 0.010419999999999985
10 0.8950199999999999 0.70182 0.04589999999999994 0.023439999999999905
10 0.888185 0.651695 0.061530000000000085 0.07160999999999995
10 0.799315 0.759115 0.05567 0.015630000000000033
10 0.85205 0.79297 0.020499999999999963 0.13282000000000005
10 0.895995 0.7363299999999999 0.04198999999999997 0.022139999999999938
10 0.8911100000000001 0.80078 0.05175999999999992 0.10415999999999992
