0 0.5013055 0.47991249999999996 0.997389 0.921135
1 0.0724525 0.5558000000000001 0.090075 0.06994
1 0.07115 0.42485 0.09008 0.06994
1 0.49804499999999996 0.193455 0.11618999999999996 0.09820999999999999
1 0.49804499999999996 0.7455350000000001 0.11618999999999996 0.09821000000000002
1 0.7212799999999999 0.746275 0.13185999999999998 0.09375
1 0.713445 0.191965 0.13185000000000002 0.09522999999999998
1 0.7376 0.47098 0.17754000000000003 0.07291999999999998
1 0.51697 0.46131 0.15404 0.09226000000000001
1 0.28786 0.46577 0.11880000000000002 0.09523999999999999
1 0.29047 0.19791999999999998 0.11880000000000002 0.09225999999999998
1 0.28786 0.74702 0.11880000000000002 0.09226000000000001
1 0.0698445 0.48586 0.092691 0.040179999999999993
2 0.9360299999999999 0.463545 0.11487999999999998 0.09375
3 0.41906 0.4561 0.041779999999999984 0.16815999999999998
3 0.627285 0.18899 0.040470000000000006 0.17262
3 0.6305499999999999 0.7433000000000001 0.044379999999999975 0.1622
4 0.560055 0.19122 0.020889999999999964 0.1503
4 0.565275 0.747765 0.020889999999999964 0.13839
5 0.5920350000000001 0.415925 0.16579 0.35863
5 0.825715 0.412945 0.15535 0.35863
6 0.287205 0.11979100000000001 0.12011000000000002 0.05505800000000001
6 0.28982 0.2686 0.12010000000000001 0.052080000000000015
6 0.287205 0.38914 0.12011000000000002 0.052080000000000015
6 0.28785499999999997 0.539435 0.12140999999999999 0.05208999999999997
6 0.286555 0.72619 0.11619000000000002 0.04464000000000001
6 0.288515 0.7715799999999999 0.11749000000000001 0.040179999999999993
6 0.496085 0.113839 0.12271000000000004 0.052082
6 0.498695 0.26637 0.12271000000000004 0.047619999999999996
6 0.513055 0.38244 0.15143 0.047619999999999996
6 0.513705 0.536455 0.15013000000000004 0.04910999999999999
6 0.49804499999999996 0.67039 0.12140999999999996 0.052080000000000015
6 0.49804499999999996 0.820685 0.12140999999999996 0.05208999999999997
6 0.7206250000000001 0.82143 0.13577000000000006 0.05059999999999998
6 0.719325 0.67039 0.13576999999999995 0.052080000000000015
6 0.74217 0.5372 0.18145999999999995 0.047619999999999996
6 0.73956 0.38616 0.18145999999999995 0.04910000000000003
6 0.710835 0.1108605 0.1344700000000001 0.052079
6 0.71214 0.26488 0.1318600000000001 0.050600000000000006
8 0.163185 0.475449 0.07311000000000001 0.9003019999999999
8 0.351175 0.479168 0.02349000000000001 0.904764
8 0.786555 0.482885 0.022189999999999932 0.90327
10 0.8812 0.151787 0.08094000000000001 0.247026
10 0.958225 0.20238 0.06789 0.10714000000000001
10 0.941905 0.75 0.10053000000000001 0.13690000000000002
10 0.8805499999999999 0.694195 0.0535199999999999 0.33185
