1 0.22314 0.271485 0.03417999999999999 0.07420999999999997
1 0.384765 0.27018 0.03514999999999996 0.06380000000000002
1 0.22411999999999999 0.4707 0.034180000000000016 0.07422000000000001
1 0.38622999999999996 0.472005 0.036140000000000005 0.06380999999999998
1 0.2251 0.67318 0.03417999999999999 0.07552000000000003
1 0.38622999999999996 0.6712199999999999 0.036140000000000005 0.06379999999999997
1 0.53711 0.6705749999999999 0.13085999999999998 0.08333000000000002
3 0.44140999999999997 0.67578 0.044920000000000015 0.16146000000000005
3 0.43994 0.473305 0.04393999999999998 0.15755000000000002
1 0.52295 0.470055 0.10253999999999996 0.08072999999999997
1 0.53662 0.270835 0.13183999999999996 0.08332999999999999
3 0.43994 0.26888 0.045899999999999996 0.15756000000000003
1 0.7299800000000001 0.27018 0.049799999999999955 0.04817999999999997
1 0.80664 0.26953 0.05078000000000005 0.046880000000000005
1 0.72998 0.472655 0.047860000000000014 0.041669999999999985
2 0.887205 0.47526 0.15527000000000002 0.08593999999999996
1 0.730955 0.67578 0.04981000000000002 0.04687999999999992
1 0.8061499999999999 0.67513 0.049799999999999955 0.045579999999999954
1 0.93018 0.26822999999999997 0.022459999999999924 0.04687999999999998
1 0.930665 0.68099 0.025390000000000024 0.04688000000000003
0 0.5029275 0.46939915000000004 0.974605 0.9283817
1 0.23486 0.040364699999999996 0.034180000000000016 0.0677086
1 0.5542 0.0885415 0.11229999999999996 0.07291700000000001
1 0.41455 0.0878885 0.05761999999999995 0.079423
1 0.371095 0.815755 0.03320999999999996 0.048170000000000046
1 0.543945 0.8268249999999999 0.14063000000000003 0.06771000000000005
5 0.22460999999999998 0.860675 0.04882 0.10677000000000003
5 0.0336915 0.63216 0.032227000000000006 0.30860000000000004
5 0.648925 0.48633000000000004 0.15527000000000002 0.29036
5 0.629885 0.082029 0.04296999999999995 0.104162
7 0.74805 0.477865 0.1015600000000001 0.21093
7 0.8105450000000001 0.351565 0.04883000000000004 0.020830000000000015
7 0.80957 0.5989599999999999 0.048820000000000086 0.02084000000000008
4 0.623535 0.67708 0.0458900000000001 0.125
4 0.623535 0.26823 0.0458900000000001 0.12500000000000003
8 0.657715 0.41666549999999997 0.036129999999999995 0.807289
8 0.28515500000000005 0.4069005 0.05273 0.7877590000000001
8 0.120604 0.4212252 0.137692 0.8294296
9 0.45165999999999995 0.16992000000000002 0.24316 0.03775999999999999
9 0.45263999999999993 0.37174 0.23925999999999997 0.037760000000000016
9 0.45263999999999993 0.57357 0.23925999999999997 0.037760000000000016
9 0.455075 0.77474 0.24218999999999996 0.03386
9 0.60742 0.16992000000000002 0.06835999999999998 0.0638
9 0.61035 0.77669 0.06836000000000009 0.06380000000000008
9 0.30615000000000003 0.170575 0.045899999999999996 0.054690000000000016
9 0.30908 0.371095 0.045899999999999996 0.054690000000000016
9 0.30957 0.7734350000000001 0.04687999999999998 0.054690000000000016
9 0.30908 0.5729150000000001 0.045899999999999996 0.054690000000000016
7 0.223635 0.334635 0.048829999999999985 0.041669999999999985
7 0.22119 0.20768 0.04980000000000001 0.04036000000000001
7 0.22217 0.407555 0.04980000000000001 0.041669999999999985
7 0.22217 0.535155 0.04980000000000001 0.041669999999999985
7 0.22607499999999997 0.609375 0.04980999999999999 0.041670000000000096
7 0.2251 0.73698 0.04980000000000001 0.04166000000000003
