1 0.30235 0.54505 0.07478000000000001 0.06006
1 0.291665 0.8581099999999999 0.07479000000000002 0.04354000000000002
1 0.30235 0.23123 0.07052000000000003 0.04503999999999997
1 0.45833500000000005 0.23048 0.09615000000000001 0.052559999999999996
1 0.46047000000000005 0.051051 0.09188000000000002 0.04804800000000001
1 0.62073 0.04955 0.09187999999999996 0.048048
1 0.621795 0.22973 0.09400999999999993 0.051059999999999994
1 0.7799149999999999 0.045045 0.09401000000000004 0.04804800000000001
1 0.7863249999999999 0.22973 0.0982900000000001 0.051059999999999994
1 0.455125 0.535285 0.09828999999999999 0.052549999999999986
1 0.622865 0.5367850000000001 0.09614999999999996 0.052549999999999986
1 0.793805 0.537535 0.09614999999999996 0.05105000000000004
1 0.450855 0.866365 0.09401000000000004 0.05405000000000004
1 0.621795 0.8716200000000001 0.09828999999999999 0.05555999999999994
1 0.7873950000000001 0.875375 0.09615000000000007 0.057050000000000045
1 0.602565 0.30556 0.05129000000000006 0.019519999999999982
1 0.766025 0.30556 0.044870000000000076 0.019519999999999982
1 0.438035 0.30630999999999997 0.047009999999999996 0.021019999999999983
1 0.28953 0.30556 0.04488000000000003 0.019519999999999982
1 0.76389 0.147145 0.04914000000000007 0.015010000000000023
1 0.60043 0.147145 0.05127999999999999 0.015010000000000023
1 0.44123999999999997 0.15015 0.04914000000000002 0.015020000000000006
1 0.2938 0.15165 0.04059999999999997 0.015020000000000006
1 0.246795 0.36111 0.03632999999999997 0.019519999999999982
1 0.24573 0.38814 0.038459999999999966 0.019519999999999982
1 0.246795 0.41366 0.04058999999999999 0.019520000000000037
1 0.14316 0.28979 0.05556000000000001 0.042039999999999966
1 0.128205 0.69444 0.05555 0.04053999999999991
1 0.28098 0.6584099999999999 0.04059999999999997 0.019520000000000093
1 0.28098 0.684685 0.04059999999999997 0.01801000000000008
1 0.28098 0.7117100000000001 0.04059999999999997 0.018020000000000036
1 0.27885000000000004 0.78303 0.040600000000000025 0.019519999999999982
1 0.43269 0.7882899999999999 0.05341999999999997 0.021019999999999928
1 0.600425 0.794295 0.047009999999999996 0.01800999999999997
1 0.771365 0.7973 0.047009999999999996 0.018019999999999925
1 0.423075 0.36111 0.02137 0.019519999999999982
1 0.423075 0.38888999999999996 0.02137 0.021019999999999983
1 0.423075 0.41441 0.02137 0.02102000000000004
1 0.52671 0.36336 0.08333999999999997 0.021019999999999983
1 0.52564 0.38888999999999996 0.08119999999999994 0.021019999999999983
1 0.524575 0.415165 0.08332999999999996 0.022529999999999994
1 0.6933750000000001 0.36336 0.08333000000000002 0.021019999999999983
1 0.69231 0.38888999999999996 0.08119999999999994 0.021019999999999983
1 0.6933750000000001 0.415165 0.08333000000000002 0.022529999999999994
1 0.52564 0.66366 0.08119999999999994 0.02102000000000004
1 0.52564 0.69069 0.08119999999999994 0.02102000000000004
1 0.523505 0.71697 0.08119000000000004 0.022520000000000095
1 0.6933750000000001 0.66892 0.08333000000000002 0.019519999999999982
1 0.69231 0.69444 0.08119999999999994 0.019520000000000093
1 0.6933750000000001 0.72072 0.08333000000000002 0.02102000000000004
1 0.8344 0.36261 0.03632000000000002 0.01651999999999998
2 0.858975 0.41591500000000003 0.11538999999999999 0.04804999999999998
2 0.85043 0.735735 0.11538000000000004 0.04805000000000004
4 0.27137 0.38814 0.012820000000000054 0.08557999999999999
4 0.30556000000000005 0.68919 0.012819999999999998 0.08408000000000004
4 0.5705100000000001 0.38964 0.012819999999999943 0.08557999999999999
4 0.43589999999999995 0.38888999999999996 0.012819999999999998 0.08407999999999999
4 0.7414499999999999 0.39039 0.012819999999999943 0.08407999999999999
4 0.56838 0.69069 0.012820000000000054 0.08408000000000004
4 0.740385 0.696695 0.014950000000000019 0.08409
4 0.46580999999999995 0.305555 0.012819999999999998 0.025529999999999997
4 0.629275 0.304805 0.010689999999999977 0.02703
4 0.79487 0.30405499999999996 0.012819999999999943 0.025529999999999997
4 0.79487 0.147145 0.012819999999999943 0.02703
4 0.63034 0.147145 0.012820000000000054 0.02703
4 0.46795 0.14865 0.008539999999999992 0.024019999999999986
4 0.31624 0.15165 0.008539999999999992 0.024020000000000014
4 0.31410499999999997 0.306305 0.008550000000000002 0.024029999999999996
4 0.30342 0.783785 0.012819999999999998 0.024029999999999996
4 0.46153999999999995 0.78979 0.012819999999999998 0.02401999999999993
4 0.80342 0.7973 0.012820000000000054 0.02401999999999993
4 0.63034 0.793545 0.012820000000000054 0.02552999999999994
4 0.50641 0.23273 0.012820000000000054 0.06306
4 0.67308 0.22823 0.012820000000000054 0.06305999999999998
4 0.83761 0.23123 0.012819999999999943 0.06306
4 0.8311999999999999 0.0480485 0.012819999999999943 0.063063
4 0.6688000000000001 0.0465465 0.012819999999999943 0.063063
4 0.5085500000000001 0.048798999999999995 0.012819999999999943 0.058558
4 0.50748 0.5382849999999999 0.010680000000000023 0.06757000000000002
4 0.67628 0.535285 0.010680000000000023 0.06757000000000002
4 0.84722 0.53979 0.010680000000000023 0.06756000000000006
4 0.50107 0.8693649999999999 0.010680000000000023 0.06907000000000008
4 0.67201 0.873875 0.010680000000000023 0.06907000000000008
4 0.84295 0.8731249999999999 0.010680000000000023 0.06757000000000002
6 0.45833499999999994 0.19144 0.10042999999999996 0.025519999999999987
6 0.456195 0.26952 0.10043000000000002 0.025519999999999987
6 0.45726500000000003 0.087087 0.09400999999999998 0.027025999999999994
6 0.45833 0.015766 0.09188000000000002 0.025526
0 0.48504515 0.50075075 0.9572697 0.9984985
6 0.61859 0.01276275 0.09187999999999996 0.0225225
6 0.61966 0.0840845 0.09401999999999999 0.02702700000000001
6 0.61966 0.19144 0.09401999999999999 0.025519999999999987
6 0.621795 0.26876999999999995 0.09400999999999993 0.02701999999999999
6 0.78205 0.0825825 0.09401999999999999 0.027026999999999995
6 0.7799149999999999 0.01126125 0.09401000000000004 0.019519500000000002
6 0.788465 0.26952 0.09828999999999999 0.025519999999999987
6 0.7873950000000001 0.19144 0.09615000000000007 0.025519999999999987
6 0.304485 0.19745000000000001 0.07479000000000002 0.022520000000000012
6 0.30235 0.26576500000000003 0.07478000000000001 0.02403000000000005
6 0.29487 0.5930949999999999 0.07691999999999999 0.033030000000000004
6 0.29701 0.49925 0.07691999999999999 0.03154000000000001
6 0.29059999999999997 0.825075 0.07692000000000004 0.025530000000000053
6 0.291665 0.8979 0.07479000000000002 0.02102000000000004
6 0.28846 0.9512 0.07691999999999999 0.022519999999999984
6 0.450855 0.8265750000000001 0.09828999999999999 0.03152999999999995
6 0.45192 0.9084049999999999 0.09188000000000002 0.02703
6 0.44979 0.955705 0.09188000000000002 0.025530000000000053
6 0.455125 0.493995 0.09828999999999999 0.02703
6 0.45299500000000004 0.5765750000000001 0.09829000000000004 0.02703
6 0.622865 0.495495 0.10043000000000002 0.027029999999999943
6 0.622865 0.5765750000000001 0.10043000000000002 0.02703
6 0.619655 0.832585 0.09828999999999999 0.028529999999999944
6 0.61859 0.913665 0.10041999999999995 0.028530000000000055
6 0.61859 0.96021 0.10041999999999995 0.02851999999999999
6 0.7916650000000001 0.834835 0.10042999999999991 0.02703
6 0.7884599999999999 0.888135 0.08974000000000004 0.028529999999999944
6 0.793805 0.49924500000000005 0.10043000000000002 0.02853
6 0.793805 0.58108 0.10043000000000002 0.027019999999999933
7 0.785255 0.42117 0.08333000000000002 0.09760000000000002
7 0.780985 0.747 0.07479000000000002 0.10359999999999991
8 0.38355 0.49849875 0.04059999999999997 0.9819825
