0 0.56975 0.503921 0.85736 0.847058
1 0.460815 0.22157 0.08150999999999997 0.06666000000000002
1 0.461595 0.362745 0.08306999999999998 0.06667000000000001
1 0.458465 0.67255 0.08306999999999998 0.06665999999999994
1 0.45925 0.807845 0.08150000000000002 0.06667000000000001
1 0.59248 0.22059 0.07210000000000005 0.06470000000000001
1 0.590125 0.36372499999999997 0.07052999999999998 0.06470999999999999
1 0.591695 0.513725 0.07052999999999998 0.07843
1 0.58699 0.67549 0.07054000000000005 0.06469999999999998
1 0.58777 0.808825 0.07210000000000005 0.06471000000000005
1 0.316615 0.22059 0.06897000000000003 0.052940000000000015
1 0.316615 0.3598 0.06897000000000003 0.05293999999999999
1 0.31348 0.52843 0.06895999999999997 0.05293999999999999
1 0.316615 0.67549 0.06897000000000003 0.05293999999999999
1 0.321315 0.812745 0.06897000000000003 0.05294999999999994
1 0.20297500000000002 0.21176499999999998 0.06112999999999999 0.035290000000000016
1 0.204545 0.35098 0.06113000000000002 0.0353
1 0.199845 0.514705 0.06112999999999999 0.04117000000000004
1 0.204545 0.6666650000000001 0.06113000000000002 0.03528999999999993
1 0.204545 0.80098 0.06113000000000002 0.033340000000000036
1 0.450625 0.51961 0.08306999999999998 0.09411999999999998
1 0.726485 0.23039500000000002 0.10815000000000008 0.11961000000000002
1 0.724925 0.366665 0.10815000000000008 0.12157000000000001
1 0.723355 0.6764699999999999 0.10814999999999997 0.12156
1 0.7225699999999999 0.808825 0.10658000000000001 0.11961
1 0.71317 0.5235299999999999 0.08464000000000005 0.11371999999999999
1 0.97179 0.55098 0.0 0.0
1 0.90831 0.513725 0.12696000000000007 0.09018999999999999
2 0.920065 0.22941499999999998 0.14107000000000003 0.07842999999999997
3 0.543105 0.22255000000000003 0.02351000000000003 0.1
3 0.539965 0.36373 0.02351000000000003 0.09999999999999998
3 0.539185 0.6754899999999999 0.025070000000000037 0.09999999999999998
3 0.539965 0.8107800000000001 0.02351000000000003 0.09999999999999998
4 0.516455 0.22254999999999997 0.03604999999999997 0.09215999999999999
4 0.51724 0.361765 0.03762000000000004 0.09214999999999995
4 0.515675 0.808825 0.03760999999999998 0.09214999999999995
4 0.51411 0.67745 0.03761999999999993 0.09216000000000002
5 0.6489 0.219605 0.03761999999999999 0.07450999999999997
5 0.647335 0.358825 0.03760999999999992 0.07450999999999997
5 0.6442 0.515685 0.03761999999999999 0.07450999999999997
5 0.64263 0.67255 0.03761999999999999 0.06274000000000002
5 0.6442 0.8049 0.03761999999999999 0.060779999999999945
5 0.77586 0.527455 0.04702000000000006 0.12548999999999993
7 0.38714499999999996 0.52843 0.04075000000000001 0.033340000000000036
8 0.25548499999999996 0.506864 0.03760999999999998 0.821572
8 0.376175 0.49803749999999997 0.05957000000000001 0.819605
8 0.672415 0.50686 0.03449000000000002 0.7941199999999999
8 0.800155 0.52059 0.02664999999999995 0.7902
9 0.545455 0.15294000000000002 0.24451 0.03137999999999999
9 0.537615 0.45098 0.24450999999999995 0.031379999999999963
9 0.540755 0.608825 0.24451 0.03332999999999997
9 0.53605 0.8990199999999999 0.24137999999999998 0.033340000000000036
9 0.7351099999999999 0.15195999999999998 0.13166 0.04118000000000002
9 0.7272700000000001 0.45 0.13166 0.041179999999999994
9 0.73041 0.60588 0.13166 0.043139999999999956
9 0.7225699999999999 0.90098 0.13166 0.041179999999999994
9 0.38793 0.15294000000000002 0.06425999999999998 0.05098
9 0.38636000000000004 0.45196000000000003 0.054859999999999964 0.04902000000000001
9 0.387145 0.6088199999999999 0.05642999999999998 0.04901999999999995
9 0.387145 0.89608 0.05642999999999998 0.050980000000000025
10 0.090911 0.45392 0.075238 0.5470600000000001
10 0.822885 0.29901500000000003 0.018809999999999993 0.22549000000000002
10 0.8158350000000001 0.737255 0.02351000000000003 0.23920999999999992
10 0.86442 0.46667000000000003 0.03605999999999998 0.047060000000000046
10 0.916145 0.7980400000000001 0.15203 0.08628000000000002
10 0.9184950000000001 0.6666650000000001 0.15047 0.08626999999999996
