4 0.512126 0.936523 0.039943 0.064453
4 0.773181 0.932617 0.059914 0.066406
4 0.860913 0.936523 0.109843 0.107422
4 0.636234 0.934570 0.205421 0.125000
4 0.194009 0.921875 0.213980 0.148438
4 0.642653 0.850586 0.261056 0.039062
4 0.187589 0.837402 0.323823 0.018555
6 0.768188 0.708984 0.032810 0.087891
6 0.767475 0.544922 0.008559 0.056641
6 0.768188 0.513184 0.032810 0.004883
6 0.766049 0.394043 0.008559 0.049805
6 0.767475 0.363770 0.034237 0.008789
6 0.762482 0.248047 0.009986 0.039062
6 0.760342 0.135742 0.008559 0.003906
6 0.759629 0.070801 0.032810 0.030273
0 0.408702 0.865234 0.078459 0.044922
0 0.627675 0.722168 0.065621 0.061523
0 0.873039 0.721680 0.019971 0.062500
0 0.189729 0.709961 0.122682 0.078125
0 0.398003 0.715820 0.091298 0.091797
0 0.628388 0.549805 0.092725 0.046875
0 0.894437 0.549316 0.045649 0.047852
0 0.827389 0.549316 0.005706 0.047852
0 0.193295 0.541016 0.115549 0.052734
0 0.402282 0.552246 0.085592 0.083008
0 0.871612 0.399902 0.079886 0.038086
0 0.627675 0.399414 0.077033 0.039062
0 0.401569 0.410156 0.075606 0.072266
0 0.193295 0.388672 0.109843 0.042969
0 0.866619 0.256836 0.092725 0.021484
0 0.617689 0.255859 0.091298 0.023438
0 0.400856 0.265625 0.071327 0.056641
0 0.186163 0.253418 0.095578 0.043945
0 0.861626 0.125000 0.091298 0.025391
0 0.619116 0.124512 0.091298 0.026367
0 0.368759 0.126953 0.072753 0.068359
0 0.253923 0.124023 0.071327 0.068359
0 0.140514 0.123047 0.072753 0.068359
1 0.403709 0.807129 0.171184 0.020508
1 0.032810 0.807129 0.031384 0.020508
1 0.399429 0.636230 0.162625 0.020508
1 0.035663 0.636230 0.054208 0.020508
1 0.387304 0.489746 0.195435 0.020508
1 0.047789 0.489746 0.069900 0.020508
1 0.385164 0.335449 0.199715 0.020508
1 0.057061 0.335449 0.088445 0.020508
1 0.246077 0.213379 0.472183 0.020508
1 0.744650 0.062988 0.502140 0.067383
1 0.247504 0.037109 0.472183 0.058594
7 0.967190 0.112793 0.059914 0.047852
7 0.743937 0.109863 0.106990 0.047852
7 0.521398 0.109375 0.061341 0.050781
7 0.368046 0.046875 0.054208 0.015625
7 0.142653 0.043457 0.051355 0.016602
2 0.867332 0.680176 0.099857 0.030273
2 0.626961 0.678223 0.098431 0.026367
2 0.874465 0.520508 0.099857 0.019531
2 0.630528 0.520996 0.099857 0.020508
2 0.875178 0.369629 0.095578 0.020508
2 0.626248 0.370117 0.099857 0.021484
2 0.869472 0.239258 0.095578 0.021484
2 0.621255 0.237305 0.098431 0.017578
2 0.866619 0.101074 0.101284 0.028320
2 0.619829 0.100098 0.101284 0.028320
3 0.756776 0.791504 0.469330 0.077148
3 0.183310 0.784668 0.269615 0.071289
3 0.758203 0.619141 0.457917 0.091797
3 0.190442 0.610352 0.255350 0.085938
3 0.759629 0.464844 0.457917 0.091797
3 0.186163 0.457031 0.206847 0.093750
3 0.193295 0.312988 0.184023 0.075195
3 0.756776 0.313477 0.457917 0.091797
3 0.754636 0.183105 0.456491 0.090820
8 0.584165 0.720703 0.021398 0.064453
8 0.838088 0.719727 0.049929 0.066406
8 0.677603 0.719727 0.034237 0.066406
8 0.898716 0.719238 0.031384 0.067383
8 0.395863 0.718750 0.081312 0.076172
8 0.651213 0.550293 0.044223 0.045898
8 0.605563 0.550293 0.044223 0.045898
8 0.850927 0.548340 0.041369 0.049805
8 0.402996 0.557129 0.084165 0.071289
8 0.399429 0.413574 0.068474 0.061523
8 0.927960 0.394531 0.032810 0.048828
8 0.688302 0.394531 0.032810 0.048828
8 0.572040 0.393555 0.034237 0.050781
8 0.185449 0.256836 0.091298 0.037109
