4 0.498715 0.973145 0.115681 0.047852
4 0.672237 0.924316 0.125964 0.049805
4 0.334190 0.924316 0.125964 0.049805
4 0.504499 0.922363 0.127249 0.049805
6 0.591902 0.922852 0.047558 0.150391
6 0.419666 0.922363 0.047558 0.151367
0 0.498072 0.851562 0.062982 0.050781
0 0.661954 0.848633 0.061697 0.050781
0 0.839332 0.837402 0.035990 0.059570
0 0.904242 0.751953 0.057841 0.041016
0 0.726221 0.753906 0.041131 0.044922
0 0.641388 0.753906 0.041131 0.044922
0 0.552699 0.753906 0.041131 0.044922
0 0.465296 0.754395 0.041131 0.045898
0 0.375321 0.754395 0.041131 0.045898
0 0.806555 0.751465 0.042416 0.045898
0 0.908098 0.684570 0.065553 0.041016
0 0.509640 0.684570 0.065553 0.041016
0 0.328406 0.684570 0.065553 0.041016
0 0.685090 0.682617 0.064267 0.041016
0 0.097686 0.684082 0.061697 0.043945
0 0.808483 0.684082 0.043702 0.045898
0 0.685733 0.614258 0.065553 0.041016
0 0.508997 0.614258 0.064267 0.041016
0 0.329692 0.614258 0.065553 0.041016
0 0.097686 0.615723 0.061697 0.043945
0 0.810411 0.614746 0.044987 0.045898
0 0.911311 0.545410 0.064267 0.041992
0 0.811054 0.546875 0.043702 0.044922
0 0.095758 0.544922 0.060411 0.041016
0 0.686375 0.543945 0.064267 0.041016
0 0.509640 0.542969 0.065553 0.041016
0 0.330977 0.542969 0.065553 0.041016
0 0.911311 0.476562 0.064267 0.041016
0 0.687018 0.476562 0.065553 0.041016
0 0.096401 0.475586 0.061697 0.041016
0 0.811054 0.476074 0.043702 0.045898
0 0.509640 0.472656 0.065553 0.041016
0 0.327763 0.472656 0.064267 0.041016
0 0.913239 0.408203 0.065553 0.041016
0 0.811697 0.408203 0.044987 0.042969
0 0.098329 0.407227 0.062982 0.041016
0 0.686375 0.406250 0.064267 0.041016
0 0.508997 0.403809 0.064267 0.041992
0 0.331620 0.402344 0.064267 0.041016
0 0.910026 0.340820 0.064267 0.041016
0 0.809769 0.338379 0.043702 0.043945
0 0.685090 0.335938 0.064267 0.041016
0 0.098329 0.335938 0.057841 0.041016
0 0.508997 0.334961 0.064267 0.041016
0 0.330977 0.334961 0.065553 0.041016
0 0.910026 0.274902 0.061697 0.045898
0 0.807198 0.270508 0.043702 0.042969
0 0.685090 0.269531 0.064267 0.041016
0 0.507712 0.267578 0.064267 0.041016
0 0.097686 0.267578 0.053985 0.041016
0 0.329692 0.266113 0.065553 0.041992
0 0.908098 0.204102 0.065553 0.041016
0 0.808483 0.204102 0.043702 0.042969
0 0.683805 0.201172 0.064267 0.041016
0 0.507712 0.201172 0.064267 0.041016
0 0.328406 0.200684 0.065553 0.041992
0 0.098329 0.200195 0.062982 0.041016
0 0.918380 0.136230 0.039846 0.041992
0 0.100900 0.133789 0.060411 0.041016
0 0.676093 0.082520 0.059126 0.043945
0 0.503856 0.080566 0.059126 0.043945
0 0.331620 0.079102 0.059126 0.044922
0 0.908098 0.068359 0.065553 0.041016
0 0.805913 0.068359 0.043702 0.042969
0 0.097686 0.065430 0.064267 0.041016
1 0.500643 0.780273 0.980720 0.021484
1 0.498072 0.720215 0.985861 0.038086
1 0.494859 0.170410 0.987147 0.041992
1 0.503213 0.026367 0.980720 0.042969
9 0.631748 0.978516 0.052699 0.041016
2 0.682519 0.022461 0.133676 0.029297
2 0.508355 0.021484 0.134961 0.029297
2 0.330977 0.020996 0.134961 0.028320
3 0.206941 0.687988 0.151671 0.040039
3 0.199229 0.625977 0.149100 0.062500
3 0.200514 0.553711 0.149100 0.062500
3 0.201799 0.484863 0.149100 0.061523
3 0.203728 0.412598 0.147815 0.061523
3 0.201799 0.339355 0.149100 0.061523
3 0.201157 0.240234 0.152956 0.121094
3 0.514781 0.144043 0.767352 0.061523
3 0.203728 0.069336 0.147815 0.070312
