1 0.500000 0.500000 1.000000 1.000000
0 0.529301 0.508219 0.903592 0.978082
2 0.728733 0.660274 0.047259 0.065753
2 0.836484 0.657534 0.081285 0.071233
2 0.283554 0.657534 0.045369 0.071233
2 0.611531 0.656164 0.081285 0.073973
2 0.489603 0.656164 0.026465 0.073973
2 0.386578 0.656164 0.077505 0.073973
2 0.172968 0.656164 0.077505 0.073973
2 0.842155 0.501370 0.085066 0.098630
2 0.727788 0.495890 0.049149 0.087671
2 0.615312 0.500000 0.077505 0.101370
2 0.500000 0.495890 0.032136 0.093151
2 0.393195 0.498630 0.071834 0.104110
2 0.282609 0.490411 0.047259 0.087671
2 0.174858 0.495890 0.081285 0.104110
2 0.838374 0.321918 0.077505 0.090411
2 0.727788 0.310959 0.049149 0.073973
2 0.615312 0.319178 0.085066 0.090411
2 0.390359 0.319178 0.085066 0.090411
2 0.172023 0.313699 0.083176 0.090411
2 0.507561 0.312329 0.051040 0.093151
2 0.286389 0.305479 0.051040 0.079452
2 0.392250 0.173973 0.085066 0.090411
2 0.838374 0.171233 0.081285 0.090411
2 0.726843 0.171233 0.051040 0.090411
2 0.617202 0.171233 0.085066 0.090411
2 0.509452 0.167123 0.051040 0.093151
2 0.286389 0.167123 0.051040 0.093151
2 0.175803 0.165753 0.083176 0.090411
3 0.871456 0.390411 0.170132 0.030137
3 0.487713 0.390411 0.291115 0.030137
3 0.134216 0.390411 0.105860 0.030137
3 0.529301 0.053425 0.892250 0.052055
11 0.853497 0.906849 0.156900 0.164384
11 0.646503 0.906849 0.158790 0.164384
11 0.362004 0.897260 0.130435 0.178082
11 0.189981 0.897260 0.130435 0.178082
4 0.840265 0.610959 0.096408 0.021918
4 0.599244 0.609589 0.079395 0.019178
4 0.502836 0.606849 0.079395 0.024658
4 0.393195 0.606849 0.102079 0.024658
4 0.150284 0.606849 0.077505 0.024658
4 0.833648 0.442466 0.109641 0.024658
4 0.618147 0.436986 0.109641 0.024658
4 0.502836 0.432877 0.079395 0.021918
4 0.387524 0.432877 0.109641 0.021918
4 0.168242 0.432877 0.109641 0.021918
4 0.720227 0.258904 0.079395 0.024658
4 0.833648 0.256164 0.109641 0.024658
4 0.612476 0.254795 0.109641 0.021918
4 0.389414 0.254795 0.109641 0.021918
4 0.279773 0.254795 0.079395 0.021918
4 0.502836 0.253425 0.079395 0.024658
4 0.170132 0.253425 0.109641 0.024658
4 0.835539 0.113699 0.109641 0.024658
4 0.724953 0.112329 0.077505 0.021918
4 0.616257 0.110959 0.109641 0.024658
4 0.500945 0.109589 0.079395 0.021918
4 0.391304 0.109589 0.109641 0.021918
4 0.281664 0.109589 0.079395 0.021918
4 0.172023 0.108219 0.105860 0.024658
5 0.530246 0.745205 0.890359 0.104110
5 0.715501 0.582192 0.153119 0.084932
5 0.265595 0.578082 0.153119 0.087671
5 0.709830 0.391781 0.153119 0.087671
5 0.264650 0.389041 0.155009 0.087671
10 0.674858 0.658904 0.045369 0.068493
10 0.231569 0.657534 0.039698 0.071233
10 0.891304 0.656164 0.028355 0.073973
10 0.774102 0.656164 0.043478 0.073973
10 0.555766 0.656164 0.030246 0.073973
10 0.449905 0.656164 0.049149 0.073973
10 0.327032 0.656164 0.041588 0.073973
10 0.517958 0.654795 0.030246 0.076712
10 0.111531 0.653425 0.037807 0.079452
10 0.905482 0.497260 0.049149 0.101370
10 0.774102 0.497260 0.043478 0.101370
10 0.675803 0.493151 0.043478 0.093151
10 0.545369 0.498630 0.058601 0.104110
10 0.452741 0.495890 0.047259 0.098630
10 0.328922 0.494521 0.045369 0.095890
10 0.231569 0.490411 0.043478 0.087671
10 0.112476 0.494521 0.039698 0.106849
10 0.892250 0.320548 0.030246 0.093151
10 0.775047 0.315068 0.045369 0.093151
10 0.679584 0.308219 0.043478 0.079452
10 0.553875 0.313699 0.041588 0.090411
10 0.492439 0.310959 0.032136 0.090411
10 0.445180 0.312329 0.032136 0.093151
10 0.330813 0.310959 0.045369 0.090411
10 0.234405 0.305479 0.041588 0.079452
10 0.115312 0.310959 0.030246 0.090411
10 0.774102 0.171233 0.047259 0.090411
10 0.894140 0.169863 0.030246 0.093151
10 0.677694 0.169863 0.039698 0.093151
10 0.554820 0.169863 0.039698 0.093151
10 0.455577 0.167123 0.041588 0.093151
10 0.331758 0.167123 0.039698 0.093151
10 0.237240 0.164384 0.039698 0.093151
10 0.112476 0.163014 0.039698 0.095890
