0 0.5019528 0.4808405 0.9843744 0.936139
1 0.31836 0.32503499999999996 0.06639999999999996 0.06768999999999997
1 0.44727 0.326305 0.06835999999999998 0.06769000000000003
1 0.41064500000000004 0.5268200000000001 0.07715 0.07023999999999997
1 0.31836 0.639845 0.06639999999999996 0.06641000000000008
1 0.448245 0.6392100000000001 0.07030999999999998 0.07023999999999997
1 0.5820350000000001 0.32567 0.07616999999999996 0.06641999999999998
1 0.5532250000000001 0.523625 0.08104999999999996 0.06896999999999998
1 0.581545 0.639845 0.07715000000000005 0.06896999999999998
1 0.427735 0.17241499999999998 0.07617000000000002 0.03830999999999998
1 0.429195 0.119415 0.07715 0.04215000000000001
1 0.566895 0.170495 0.07911000000000001 0.039589999999999986
1 0.5668949999999999 0.1206885 0.08104999999999996 0.042143
1 0.42822499999999997 0.879945 0.07715 0.04086999999999996
1 0.42822000000000005 0.8295 0.0791 0.042140000000000066
1 0.563965 0.882505 0.08104999999999996 0.04086999999999996
1 0.563475 0.831415 0.08202999999999994 0.04086999999999996
1 0.7167950000000001 0.322475 0.07226999999999995 0.06769000000000003
1 0.7167950000000001 0.636015 0.07226999999999995 0.06641000000000008
1 0.7167950000000001 0.8492999999999999 0.07226999999999995 0.0434199999999999
1 0.7167950000000001 0.79566 0.07226999999999995 0.04598000000000002
1 0.71826 0.164115 0.07323999999999997 0.04214999999999999
1 0.717285 0.11110999999999999 0.07518999999999998 0.04342
1 0.85205 0.1622 0.07520000000000004 0.043419999999999986
1 0.852535 0.1079175 0.07616999999999996 0.04214499999999999
1 0.8530249999999999 0.84674 0.07518999999999998 0.04598000000000002
1 0.852535 0.79374 0.07616999999999996 0.04469999999999996
1 0.96484 0.845465 0.05078000000000005 0.038310000000000066
1 0.96338 0.7943800000000001 0.049800000000000066 0.04598000000000002
1 0.958985 0.16028 0.04100999999999999 0.04214000000000001
1 0.9584999999999999 0.1066405 0.040039999999999965 0.04469899999999999
1 0.85156 0.323115 0.07421999999999995 0.07918999999999998
1 0.8525400000000001 0.635375 0.07422000000000006 0.07791000000000003
1 0.714355 0.47892500000000005 0.07911000000000001 0.08429000000000003
1 0.308105 0.13921 0.045889999999999986 0.08174
1 0.311035 0.82439 0.05174999999999996 0.08046000000000009
1 0.17676 0.52107 0.0625 0.045979999999999965
1 0.178225 0.44253 0.06542999999999999 0.04470000000000002
1 0.31299 0.42784 0.057620000000000005 0.03320000000000001
1 0.294925 0.53768 0.019529999999999992 0.035760000000000014
1 0.433105 0.42976000000000003 0.08887 0.03448000000000001
1 0.5678700000000001 0.42784 0.09472000000000003 0.03832000000000002
1 0.29639 0.48340000000000005 0.03417999999999999 0.05236000000000002
2 0.924805 0.47892999999999997 0.13477000000000006 0.07917999999999997
3 0.51318 0.328225 0.045899999999999996 0.11238999999999999
3 0.51611 0.641765 0.05175999999999997 0.11111000000000004
3 0.38915999999999995 0.32886499999999996 0.036140000000000005 0.11110999999999999
3 0.38867 0.64368 0.03320000000000001 0.11750000000000005
4 0.48828499999999997 0.324395 0.013670000000000015 0.10472999999999999
4 0.355955 0.32503499999999996 0.012690000000000035 0.10344999999999999
4 0.629395 0.32184 0.026370000000000005 0.10471999999999998
4 0.629395 0.63857 0.026370000000000005 0.10728000000000004
4 0.49121000000000004 0.641125 0.02148 0.1123900000000001
4 0.35253999999999996 0.6392100000000001 0.01367999999999997 0.1009000000000001
5 0.35547 0.836525 0.06640000000000001 0.20689000000000002
5 0.347655 0.487865 0.09179000000000004 0.21967000000000003
5 0.35596 0.1424005 0.06738 0.18773900000000002
7 0.084963 0.48723000000000005 0.09961400000000001 0.16730000000000006
3 0.26367 0.326945 0.03516 0.12004999999999999
3 0.26514 0.48467000000000005 0.06347999999999998 0.18774000000000007
3 0.265135 0.64112 0.038089999999999985 0.10728000000000004
3 0.263185 0.139847 0.036129999999999995 0.131546
3 0.262695 0.82439 0.039069999999999994 0.12644
7 0.49805 0.15070250000000002 0.056640000000000024 0.127715
7 0.621095 0.14751150000000002 0.025389999999999913 0.118777
7 0.48046999999999995 0.524265 0.06053999999999998 0.08557000000000003
7 0.606445 0.521715 0.023430000000000062 0.08556999999999998
7 0.496095 0.85249 0.054690000000000016 0.11621999999999999
7 0.62012 0.8531299999999999 0.02733999999999992 0.11493999999999993
7 0.6806650000000001 0.632185 0.06054999999999999 0.1174900000000001
7 0.680175 0.3212 0.061529999999999974 0.11112
7 0.6640600000000001 0.49106 0.029299999999999993 0.08555999999999997
7 0.680175 0.1398455 0.06738999999999995 0.164749
7 0.819825 0.48340000000000005 0.09277000000000002 0.10856000000000005
7 0.799805 0.32184 0.02149000000000001 0.10727999999999999
7 0.80176 0.1372915 0.021480000000000055 0.134097
7 0.802735 0.8224750000000001 0.023430000000000062 0.13793
7 0.8012699999999999 0.636655 0.024419999999999997 0.11111000000000004
2 0.9560550000000001 0.32184 0.06835000000000002 0.07917999999999997
2 0.96338 0.6341 0.049800000000000066 0.0753600000000001
8 0.23926 0.4846765 0.044920000000000015 0.918267
8 0.6450199999999999 0.484673 0.040039999999999965 0.920814
8 0.78125 0.4846765 0.023439999999999905 0.918267
9 0.16650500000000001 0.5811 0.06347 0.020439999999999903
9 0.206545 0.5810949999999999 0.014649999999999996 0.022989999999999955
9 0.125 0.5811 0.019540000000000002 0.025540000000000007
9 0.16699 0.385695 0.0625 0.025550000000000017
9 0.20507999999999998 0.386335 0.015619999999999995 0.029370000000000007
9 0.125485 0.385695 0.02051 0.03065000000000001
9 0.49365499999999995 0.7298849999999999 0.27051 0.04469000000000001
9 0.385745 0.93359 0.06054999999999999 0.028100000000000014
9 0.49414 0.23946499999999998 0.27343999999999996 0.04214999999999999
9 0.49365000000000003 0.04023 0.27246 0.042146
9 0.635745 0.728605 0.013670000000000071 0.05747000000000002
9 0.6352549999999999 0.93359 0.012689999999999979 0.028100000000000014
9 0.637205 0.24137999999999998 0.012689999999999979 0.051079999999999987
9 0.6362300000000001 0.038953 0.012700000000000045 0.044700000000000004
9 0.3291 0.041507 0.056640000000000024 0.052362
9 0.3291 0.238825 0.056640000000000024 0.051089999999999997
9 0.3291 0.72925 0.056640000000000024 0.05364000000000002
9 0.328615 0.927845 0.05567 0.039590000000000014
