1 0.500000 0.500000 1.000000 1.000000
0 0.549296 0.536621 0.891165 0.856445
8 0.842510 0.869629 0.038412 0.182617
8 0.573624 0.868652 0.025608 0.182617
2 0.960948 0.835449 0.062740 0.114258
2 0.189501 0.836914 0.107554 0.117188
2 0.426376 0.834473 0.130602 0.114258
2 0.709347 0.536133 0.133163 0.097656
2 0.425096 0.546875 0.112676 0.126953
2 0.188220 0.546875 0.112676 0.128906
2 0.959667 0.544922 0.060179 0.128906
2 0.196543 0.277832 0.103713 0.120117
2 0.423816 0.277832 0.104994 0.122070
2 0.701665 0.276855 0.104994 0.122070
2 0.959027 0.273438 0.069142 0.121094
3 0.551857 0.929199 0.878361 0.067383
3 0.953265 0.693848 0.070423 0.024414
3 0.335467 0.690918 0.448143 0.030273
3 0.549296 0.167480 0.875800 0.092773
11 0.706146 0.844238 0.239437 0.231445
9 0.188860 0.745605 0.142125 0.057617
9 0.953905 0.742676 0.076825 0.055664
9 0.423816 0.740234 0.169014 0.054688
9 0.708707 0.703125 0.034571 0.037109
4 0.197823 0.458984 0.180538 0.042969
4 0.427657 0.459961 0.186940 0.046875
4 0.709347 0.461914 0.189501 0.052734
4 0.941101 0.456543 0.102433 0.043945
7 0.190141 0.647461 0.165173 0.072266
7 0.428937 0.646484 0.163892 0.072266
7 0.955186 0.645508 0.074264 0.072266
7 0.427017 0.375000 0.149808 0.072266
7 0.705506 0.375977 0.156210 0.076172
7 0.194622 0.375977 0.151088 0.076172
7 0.948784 0.374512 0.089629 0.081055
5 0.738796 0.656738 0.358515 0.143555
