1 0.500000 0.500000 1.000000 1.000000
0 0.481445 0.508299 0.960938 0.980636
2 0.679199 0.719225 0.083008 0.235131
2 0.477051 0.719225 0.083008 0.240664
2 0.274902 0.719225 0.083008 0.240664
2 0.890137 0.715076 0.083008 0.240664
2 0.885254 0.330567 0.081055 0.168741
2 0.684082 0.331259 0.081055 0.170124
2 0.076172 0.333333 0.080078 0.174274
2 0.277344 0.331259 0.080078 0.172891
2 0.478516 0.329184 0.080078 0.174274
3 0.481934 0.893499 0.942383 0.110650
3 0.784668 0.423237 0.120117 0.022130
3 0.581055 0.423237 0.125000 0.022130
3 0.377930 0.423237 0.121094 0.022130
3 0.176758 0.423237 0.121094 0.022130
3 0.020020 0.423237 0.032227 0.022130
3 0.480469 0.150069 0.949219 0.192254
4 0.885742 0.569848 0.134766 0.088520
4 0.682129 0.569848 0.137695 0.091286
4 0.472656 0.570539 0.136719 0.092669
4 0.271484 0.569156 0.142578 0.092669
7 0.472656 0.872752 0.132812 0.066390
7 0.273438 0.872752 0.132812 0.066390
7 0.679688 0.869986 0.132812 0.066390
7 0.881836 0.868603 0.132812 0.066390
7 0.085449 0.449516 0.112305 0.058091
7 0.271973 0.448133 0.137695 0.060858
7 0.680176 0.446750 0.137695 0.060858
7 0.477051 0.446058 0.137695 0.059474
7 0.884277 0.444675 0.137695 0.059474
