0 0.459 0.3281677 0.91 0.6509446
0 0.459 0.82682 0.91 0.34636
1 0.277 0.500675 0.12600000000000003 0.04447000000000001
1 0.277 0.6031 0.12600000000000003 0.044479999999999964
1 0.273 0.2783 0.12600000000000003 0.044479999999999964
1 0.505 0.276955 0.12599999999999995 0.04447000000000001
1 0.505 0.50135 0.12599999999999995 0.04581999999999997
1 0.503 0.605795 0.12599999999999995 0.04447000000000001
1 0.736 0.506065 0.128 0.047169999999999934
1 0.736 0.391505 0.128 0.04716999999999999
1 0.7330000000000001 0.27964999999999995 0.13 0.052559999999999996
1 0.28099999999999997 0.81941 0.12599999999999997 0.04581999999999997
1 0.5 0.82345 0.12400000000000005 0.04581999999999997
1 0.724 0.822775 0.124 0.04447000000000001
1 0.271 0.053234500000000004 0.12600000000000003 0.036389000000000005
1 0.269 0.101754 0.12600000000000003 0.03639200000000001
1 0.497 0.101754 0.12600000000000006 0.03639200000000001
1 0.498 0.051887 0.12800000000000006 0.036388000000000004
1 0.7310000000000001 0.055256 0.134 0.037736
1 0.7330000000000001 0.103773 0.134 0.037734000000000004
1 0.047 0.38139999999999996 0.08199999999999999 0.035040000000000016
1 0.047 0.50135 0.08199999999999999 0.03504000000000007
1 0.049999999999999996 0.60377 0.08 0.03503999999999996
1 0.049 0.28032 0.08199999999999999 0.035040000000000016
1 0.056 0.7068749999999999 0.08 0.03908999999999996
1 0.061 0.82075 0.07800000000000001 0.03503999999999996
1 0.065 0.9561999999999999 0.078 0.03369999999999995
1 0.285 0.7129399999999999 0.142 0.04852000000000001
1 0.525 0.71563 0.16599999999999998 0.04852000000000001
2 0.766 0.60849 0.19999999999999996 0.055259999999999976
2 0.78 0.71631 0.22799999999999998 0.05526000000000009
3 0.194 0.7142850000000001 0.04799999999999999 0.0916499999999999
3 0.188 0.38678999999999997 0.05199999999999999 0.09434000000000003
3 0.644 0.07749450000000001 0.03200000000000003 0.10647100000000001
3 0.648 0.28032 0.03600000000000003 0.07007999999999998
3 0.652 0.50674 0.03600000000000003 0.07008000000000003
3 0.646 0.824125 0.03200000000000003 0.06065000000000009
3 0.403 0.5047200000000001 0.066 0.08760000000000001
3 0.401 0.60849 0.066 0.08760000000000001
3 0.181 0.0774915 0.045999999999999985 0.11185700000000001
3 0.379 0.0774925 0.09799999999999998 0.125335
3 0.4 0.27763 0.068 0.09164000000000003
4 0.35 0.27627999999999997 0.03999999999999998 0.07815999999999998
4 0.354 0.504715 0.03999999999999998 0.08220999999999995
4 0.355 0.6044449999999999 0.04199999999999998 0.08221
4 0.5920000000000001 0.608495 0.06399999999999995 0.08221
4 0.595 0.508085 0.062000000000000055 0.08087
4 0.596 0.27763 0.06400000000000006 0.08086000000000002
4 0.5940000000000001 0.07749149999999999 0.06399999999999995 0.122637
4 0.829 0.07883899999999999 0.07399999999999995 0.119942
4 0.831 0.392185 0.07399999999999995 0.08894999999999997
4 0.831 0.5067349999999999 0.07399999999999995 0.08894999999999997
4 0.5860000000000001 0.8254699999999999 0.05599999999999994 0.06334000000000006
4 0.8180000000000001 0.82345 0.06799999999999995 0.06738
5 0.369 0.39690000000000003 0.16600000000000004 0.13611999999999996
5 0.6040000000000001 0.40162 0.14400000000000002 0.14286000000000004
5 0.37 0.733155 0.16000000000000003 0.14284999999999992
5 0.608 0.73922 0.15999999999999992 0.15498
6 0.496 0.0518865 0.12000000000000005 0.030997000000000004
6 0.496 0.1031005 0.12000000000000005 0.030999
6 0.7310000000000001 0.055929999999999994 0.126 0.03369199999999999
6 0.7310000000000001 0.1031015 0.126 0.033697000000000005
6 0.734 0.27964500000000003 0.124 0.04716999999999999
6 0.736 0.39151 0.124 0.04448000000000002
6 0.736 0.506065 0.124 0.04447000000000001
6 0.506 0.502695 0.12399999999999994 0.040429999999999966
6 0.495 0.277625 0.09800000000000003 0.040429999999999966
6 0.496 0.6044499999999999 0.10800000000000004 0.04178000000000004
6 0.274 0.27965 0.12000000000000002 0.039080000000000004
6 0.279 0.603775 0.12200000000000003 0.04043000000000008
6 0.524 0.387465 0.16399999999999998 0.047170000000000045
1 0.3 0.38612 0.13599999999999998 0.05526000000000003
1 0.523 0.38814000000000004 0.16999999999999998 0.0539
6 0.472 0.822105 0.064 0.040429999999999966
6 0.7050000000000001 0.8221050000000001 0.08199999999999996 0.04313
8 0.127 0.32479654999999996 0.07800000000000001 0.6415069
8 0.133 0.8274950000000001 0.054000000000000006 0.33153
8 0.625 0.32951315 0.026000000000000023 0.6428537
8 0.625 0.8254699999999999 0.026000000000000023 0.33828
