0 0.50113255 0.39583450000000003 0.9931949 0.747551
1 0.3254 0.362745 0.16099999999999998 0.056369999999999976
1 0.32993 0.68076 0.161 0.057599999999999985
1 0.587305 0.679535 0.15873000000000004 0.05759000000000003
1 0.588435 0.35968 0.16099000000000008 0.057599999999999985
1 0.851475 0.35845499999999997 0.16098999999999997 0.057589999999999975
1 0.854875 0.679535 0.17232999999999998 0.05515000000000003
1 0.36053999999999997 0.84804 0.14965999999999996 0.05391999999999997
1 0.6043050000000001 0.84804 0.15193 0.05391999999999997
1 0.8480700000000001 0.8468100000000001 0.14966000000000002 0.05392000000000008
1 0.096373 0.522675 0.129254 0.042890000000000095
1 0.1020385 0.36580500000000005 0.08616299999999999 0.03309000000000001
1 0.096373 0.180145 0.129254 0.03921000000000002
1 0.307255 0.20037 0.16552999999999998 0.03064
1 0.577095 0.196075 0.16553 0.02940999999999999
1 0.84694 0.197305 0.16554000000000002 0.02940999999999999
1 0.28458 0.102329 0.13832 0.040442000000000006
1 0.55669 0.11764450000000001 0.16554000000000002 0.03921100000000001
1 0.558955 0.072304 0.16552999999999995 0.039215999999999994
1 0.845805 0.11764450000000001 0.16781000000000001 0.03921100000000001
1 0.84467 0.069853 0.16554000000000002 0.039216
1 0.3288 0.496935 0.16326000000000002 0.04535
1 0.339005 0.54596 0.18367 0.04044000000000003
1 0.588435 0.50061 0.16099000000000008 0.04044000000000003
1 0.6122449999999999 0.549635 0.19501000000000002 0.03798999999999997
1 0.8560099999999999 0.49816 0.17006 0.047799999999999954
1 0.87075 0.549635 0.19954000000000005 0.04779
1 0.114515 0.6844399999999999 0.07937000000000001 0.035540000000000016
3 0.5181450000000001 0.843135 0.07483000000000006 0.10048999999999997
3 0.23582999999999998 0.6758599999999999 0.054419999999999996 0.08945999999999998
3 0.23582999999999998 0.36151999999999995 0.054419999999999996 0.08088000000000001
3 0.49206 0.35906499999999997 0.054420000000000024 0.09559000000000001
3 0.22562500000000002 0.518995 0.03855 0.13112999999999997
3 0.721085 0.35233000000000003 0.08162999999999998 0.10171999999999998
3 0.7267600000000001 0.675245 0.08389999999999997 0.10048999999999997
3 0.738095 0.8474250000000001 0.0975100000000001 0.11397000000000002
3 0.49319999999999997 0.6813750000000001 0.047619999999999996 0.09069000000000005
3 0.685945 0.08272 0.07482999999999995 0.11642
4 0.67347 0.35723 0.03173999999999999 0.09436
4 0.680275 0.6776949999999999 0.031750000000000056 0.09558999999999995
4 0.683675 0.8480399999999999 0.034009999999999985 0.08823999999999999
4 0.96485 0.680145 0.06122000000000005 0.0833299999999999
4 0.95465 0.8468150000000001 0.07255999999999996 0.10538999999999998
4 0.44331 0.8468100000000001 0.029480000000000006 0.07598000000000005
4 0.172335 0.520835 0.04535 0.07843000000000006
5 0.44218 0.495715 0.20408000000000004 0.21201000000000003
5 0.7142850000000001 0.49080499999999994 0.20409 0.21200999999999998
5 0.94331 0.49448499999999995 0.10430000000000006 0.21200999999999998
1 0.575965 0.97855 0.13605 0.04044000000000003
1 0.827665 0.976105 0.15419000000000005 0.042890000000000095
6 0.825395 0.976105 0.11790999999999996 0.03798999999999997
6 0.064626 0.5239 0.029478000000000004 0.035540000000000016
6 0.053288 0.18076 0.038548 0.035540000000000016
6 0.106574 0.683825 0.058952000000000004 0.029409999999999936
7 0.39456 0.093749 0.036280000000000034 0.09926200000000002
8 0.418365 0.49939 0.034009999999999985 0.5183800000000001
8 0.6746049999999999 0.504905 0.034009999999999985 0.51961
8 0.7596350000000001 0.5 0.031750000000000056 0.5196000000000001
8 0.22789 0.512255 0.034019999999999995 0.5196099999999999
8 0.942175 0.49939 0.034009999999999985 0.5183800000000001
9 0.274375 0.0349265 0.13604999999999998 0.015931
9 0.277775 0.150125 0.12924999999999998 0.01593
9 0.55669 0.031863 0.13378 0.014706
9 0.558955 0.148285 0.13379000000000002 0.01471
9 0.83787 0.147675 0.14286 0.01593
9 0.56576 0.9405600000000001 0.13832000000000005 0.013480000000000047
9 0.827665 0.9424 0.13605 0.014699999999999935
9 0.851475 0.882355 0.12924999999999998 0.012250000000000094
9 0.849205 0.8125 0.12924999999999998 0.012259999999999938
9 0.34580500000000003 0.033700999999999995 0.011330000000000007 0.020834
9 0.34807 0.150125 0.011340000000000017 0.020829999999999987
9 0.630385 0.14828000000000002 0.009070000000000022 0.022059999999999996
9 0.628115 0.031863 0.009070000000000022 0.019608000000000004
9 0.917235 0.14583000000000002 0.01587000000000005 0.022059999999999996
9 0.9195 0.81189 0.011340000000000017 0.013479999999999936
9 0.9206350000000001 0.88297 0.009070000000000022 0.013480000000000047
9 0.639455 0.9405600000000001 0.009069999999999911 0.018379999999999952
9 0.902495 0.94179 0.013610000000000011 0.018380000000000063
9 0.19501000000000002 0.0349265 0.022680000000000006 0.018382999999999997
9 0.19841 0.150735 0.024940000000000018 0.01960999999999999
9 0.47506000000000004 0.0324755 0.029480000000000006 0.020833
9 0.477325 0.14828000000000002 0.029469999999999996 0.022059999999999996
9 0.75397 0.147055 0.024939999999999962 0.024510000000000004
9 0.48753 0.9405650000000001 0.01813999999999999 0.020830000000000015
9 0.75057 0.94179 0.018139999999999934 0.02083999999999997
9 0.774375 0.81189 0.02041000000000004 0.018380000000000063
9 0.77551 0.882355 0.018140000000000045 0.019609999999999905
