1 0.438965 0.271485 0.07128999999999996 0.05338999999999999
1 0.580075 0.270185 0.07617000000000007 0.053389999999999965
3 0.52295 0.27018 0.012700000000000045 0.08984
3 0.522945 0.397785 0.014650000000000052 0.08984999999999999
3 0.523435 0.526695 0.013670000000000071 0.09244999999999998
1 0.439455 0.398435 0.07030999999999998 0.054690000000000016
1 0.43994 0.526045 0.06933999999999996 0.05469000000000007
1 0.580075 0.396485 0.07617000000000007 0.05338999999999999
1 0.581055 0.52539 0.07617000000000007 0.05338000000000004
1 0.44043 0.66211 0.07032 0.05337999999999998
1 0.43994 0.747395 0.06933999999999996 0.054690000000000016
1 0.580565 0.6614599999999999 0.07519000000000009 0.052080000000000015
1 0.580565 0.746745 0.07519000000000009 0.05339000000000005
3 0.5244150000000001 0.70508 0.01366999999999996 0.17837999999999998
3 0.677245 0.706385 0.03222999999999998 0.19401000000000002
1 0.72461 0.659505 0.07618000000000003 0.05339000000000005
1 0.72461 0.747395 0.07618000000000003 0.054690000000000016
1 0.72461 0.523435 0.07618000000000003 0.05469000000000007
1 0.73535 0.396485 0.09765999999999997 0.05338999999999999
3 0.675785 0.52539 0.03125 0.10286000000000001
3 0.675785 0.397785 0.03125 0.10287000000000002
3 0.6762699999999999 0.26888 0.030279999999999974 0.10285999999999998
1 0.725095 0.26953499999999997 0.07714999999999994 0.05468999999999999
1 0.88965 0.660805 0.0722600000000001 0.05339000000000005
1 0.88916 0.746745 0.07128000000000001 0.05339000000000005
2 0.898435 0.52344 0.10546999999999995 0.07552000000000003
2 0.898435 0.26888 0.10546999999999995 0.07682
2 0.898435 0.39583 0.10546999999999995 0.07551999999999998
0 0.635255 0.44075600000000004 0.6435500000000001 0.816408
3 0.5244150000000001 0.11002500000000001 0.02342999999999995 0.14453
3 0.674805 0.1145855 0.03320999999999996 0.140629
4 0.476565 0.134767 0.015629999999999977 0.076826
4 0.47948999999999997 0.271485 0.015620000000000023 0.07683000000000001
4 0.47948999999999997 0.39909 0.015620000000000023 0.07682
4 0.480955 0.52669 0.014649999999999996 0.07682000000000005
4 0.47948999999999997 0.66211 0.015620000000000023 0.07682
4 0.47753999999999996 0.746095 0.015620000000000023 0.07812999999999992
4 0.625975 0.52539 0.019529999999999936 0.09243999999999997
4 0.626465 0.397135 0.018549999999999955 0.09115000000000001
4 0.625 0.267575 0.01953999999999989 0.09245000000000003
4 0.62549 0.132164 0.01855999999999991 0.09245199999999999
4 0.626465 0.701175 0.018549999999999955 0.18098999999999998
4 0.77637 0.703775 0.029299999999999993 0.18098999999999998
4 0.77686 0.11783750000000001 0.0341800000000001 0.128905
1 0.439455 0.133465 0.07030999999999998 0.05338999999999999
1 0.5800799999999999 0.13216 0.07812000000000008 0.05077999999999999
1 0.72461 0.132815 0.07618000000000003 0.05469
1 0.31054499999999996 0.901695 0.058589999999999975 0.04296999999999995
1 0.416505 0.9003950000000001 0.057609999999999995 0.042970000000000064
1 0.52588 0.899085 0.057620000000000005 0.04296999999999995
4 0.342285 0.9160200000000001 0.008789999999999965 0.0872400000000001
4 0.44873 0.91667 0.00878000000000001 0.08854000000000006
5 0.768555 0.265625 0.03320999999999996 0.13541
5 0.76807 0.40104 0.03417999999999999 0.13541999999999998
5 0.76953 0.5364599999999999 0.03320000000000001 0.13541999999999998
5 0.186035 0.907555 0.036129999999999995 0.1796899999999999
5 0.230955 0.9225300000000001 0.024409999999999987 0.13672000000000006
7 0.36182000000000003 0.0885415 0.034180000000000044 0.01822900000000001
7 0.36182000000000003 0.192055 0.034180000000000044 0.019529999999999992
7 0.36182000000000003 0.212235 0.034180000000000044 0.018229999999999996
7 0.36279 0.32487 0.03417999999999999 0.019540000000000002
7 0.36328 0.34635499999999997 0.03320000000000001 0.018230000000000024
7 0.36279 0.45703499999999997 0.03417999999999999 0.018230000000000024
7 0.36279 0.476565 0.03417999999999999 0.018230000000000024
7 0.36377 0.585285 0.03417999999999999 0.019529999999999936
7 0.36377 0.6067750000000001 0.03417999999999999 0.01823000000000008
7 0.36279 0.811195 0.03417999999999999 0.01822999999999997
7 0.36279 0.707035 0.03417999999999999 0.01822999999999997
7 0.36377 0.757815 0.03417999999999999 0.01822999999999997
7 0.36279 0.65625 0.03417999999999999 0.018219999999999903
7 0.36279 0.528645 0.03417999999999999 0.01822999999999997
7 0.362305 0.398435 0.03321000000000002 0.018230000000000024
7 0.36133 0.26953499999999997 0.03320000000000001 0.018230000000000024
7 0.362305 0.140625 0.03321000000000002 0.018230000000000024
8 0.35692999999999997 0.43749899999999997 0.0791 0.802082
8 0.807615 0.438801 0.04296999999999995 0.7994779999999999
9 0.89209 0.59049 0.10449999999999993 0.024739999999999984
9 0.89209 0.46094 0.10449999999999993 0.026040000000000008
9 0.8925799999999999 0.203125 0.10351999999999995 0.026050000000000018
9 0.89209 0.33268 0.10449999999999993 0.02474000000000004
9 0.8349599999999999 0.20247500000000002 0.011720000000000064 0.032549999999999996
9 0.8349599999999999 0.333335 0.011720000000000064 0.03125
9 0.8349599999999999 0.461585 0.011720000000000064 0.029949999999999977
9 0.8349599999999999 0.590495 0.011720000000000064 0.02994999999999992
9 0.94971 0.591145 0.010740000000000083 0.03125
9 0.94971 0.460935 0.010740000000000083 0.03125
9 0.9501949999999999 0.203125 0.011709999999999998 0.03125
10 0.88672 0.33268 0.06640000000000001 0.009119999999999961
10 0.88721 0.46159 0.0673800000000001 0.009120000000000017
