0 0.810409 0.633578 0.133829 0.223039
0 0.476766 0.633578 0.135688 0.223039
0 0.644052 0.631127 0.135688 0.223039
0 0.307621 0.628676 0.135688 0.223039
0 0.138476 0.626225 0.135688 0.223039
0 0.807621 0.291667 0.131970 0.132353
0 0.640335 0.286765 0.131970 0.132353
0 0.479554 0.284314 0.133829 0.132353
0 0.310409 0.284314 0.133829 0.132353
0 0.139405 0.279412 0.133829 0.132353
1 0.482342 0.128676 0.934944 0.051471
8 0.812268 0.605392 0.122677 0.151961
8 0.476766 0.579657 0.128253 0.110294
8 0.645911 0.600490 0.124535 0.156863
