4 0.557292 0.884277 0.020833 0.024414
4 0.465495 0.884277 0.022135 0.024414
4 0.806641 0.887207 0.053385 0.088867
4 0.709635 0.875977 0.052083 0.066406
4 0.613281 0.875977 0.052083 0.066406
4 0.514974 0.856934 0.055990 0.028320
4 0.467448 0.838379 0.018229 0.026367
4 0.245443 0.871582 0.199219 0.098633
6 0.776042 0.658203 0.018229 0.066406
6 0.736979 0.658691 0.018229 0.067383
6 0.679036 0.658691 0.019531 0.067383
6 0.641276 0.659180 0.019531 0.068359
6 0.582682 0.659180 0.019531 0.068359
6 0.345052 0.651855 0.020833 0.053711
6 0.287109 0.651855 0.022135 0.053711
6 0.248047 0.651855 0.022135 0.053711
6 0.833984 0.657715 0.019531 0.067383
6 0.541016 0.651367 0.019531 0.054688
6 0.483073 0.651367 0.020833 0.054688
6 0.444010 0.651367 0.020833 0.054688
6 0.386719 0.651367 0.020833 0.054688
6 0.188802 0.659180 0.020833 0.070312
6 0.147135 0.659668 0.020833 0.071289
0 0.709635 0.779297 0.041667 0.062500
0 0.613932 0.778809 0.042969 0.061523
0 0.515625 0.779785 0.044271 0.063477
0 0.417318 0.779785 0.042969 0.063477
0 0.320312 0.779785 0.044271 0.063477
0 0.807292 0.779297 0.041667 0.064453
0 0.220703 0.779297 0.042969 0.064453
0 0.807292 0.661133 0.041667 0.060547
0 0.709635 0.661133 0.041667 0.062500
0 0.613932 0.661621 0.042969 0.063477
0 0.514974 0.654297 0.042969 0.048828
0 0.417969 0.654297 0.041667 0.048828
0 0.319661 0.654297 0.042969 0.048828
0 0.220703 0.660645 0.042969 0.063477
0 0.806641 0.543457 0.042969 0.059570
0 0.708984 0.543945 0.042969 0.060547
0 0.611979 0.543457 0.041667 0.059570
0 0.513021 0.543457 0.041667 0.059570
0 0.416667 0.542969 0.044271 0.060547
0 0.318359 0.542480 0.042969 0.059570
0 0.220052 0.541504 0.041667 0.059570
0 0.122396 0.541504 0.041667 0.059570
0 0.940755 0.541016 0.045573 0.060547
0 0.806641 0.430664 0.042969 0.060547
0 0.710286 0.430664 0.042969 0.060547
0 0.612630 0.430176 0.042969 0.061523
0 0.515625 0.430176 0.041667 0.061523
0 0.417318 0.429688 0.042969 0.060547
0 0.319661 0.429199 0.042969 0.061523
0 0.221354 0.429199 0.041667 0.061523
0 0.122396 0.428223 0.041667 0.061523
0 0.942057 0.425781 0.045573 0.062500
0 0.804688 0.357910 0.015625 0.014648
0 0.611979 0.357910 0.018229 0.014648
0 0.416667 0.356934 0.018229 0.014648
0 0.219401 0.355957 0.016927 0.014648
1 0.725911 0.708984 0.292969 0.039062
1 0.141276 0.708984 0.154948 0.039062
1 0.468750 0.467285 0.807292 0.026367
1 0.508464 0.384277 0.730469 0.041992
1 0.468099 0.353516 0.811198 0.103516
9 0.514974 0.901855 0.053385 0.061523
9 0.417318 0.890625 0.055990 0.091797
7 0.983724 0.425293 0.022135 0.053711
7 0.899089 0.425293 0.022135 0.053711
7 0.843750 0.358398 0.062500 0.019531
7 0.708984 0.357422 0.175781 0.019531
7 0.514323 0.357422 0.177083 0.019531
7 0.317708 0.354980 0.179688 0.022461
7 0.139974 0.354492 0.141927 0.023438
2 0.938151 0.608887 0.087240 0.040039
2 0.804688 0.608887 0.088542 0.040039
2 0.706380 0.608398 0.092448 0.039062
2 0.609375 0.608398 0.093750 0.039062
2 0.509115 0.607422 0.096354 0.037109
2 0.213542 0.608887 0.093750 0.040039
2 0.360677 0.608887 0.197917 0.041992
2 0.938151 0.496094 0.092448 0.027344
2 0.805339 0.493652 0.087240 0.040039
2 0.707682 0.493164 0.089844 0.039062
2 0.609375 0.493164 0.091146 0.039062
2 0.511068 0.491211 0.092448 0.035156
2 0.413411 0.493652 0.095052 0.040039
2 0.315104 0.493164 0.096354 0.039062
2 0.215495 0.490723 0.095052 0.038086
2 0.112630 0.489746 0.097656 0.041992
2 0.804688 0.385742 0.085938 0.031250
2 0.707031 0.385742 0.085938 0.033203
2 0.608724 0.384766 0.087240 0.031250
2 0.511068 0.383789 0.089844 0.029297
2 0.412109 0.383789 0.092448 0.029297
2 0.313802 0.382812 0.093750 0.031250
2 0.215495 0.382812 0.095052 0.031250
2 0.942057 0.380371 0.092448 0.028320
2 0.116536 0.381836 0.095052 0.031250
5 0.614583 0.702637 0.070312 0.018555
5 0.708984 0.702148 0.082031 0.019531
5 0.805990 0.702148 0.085938 0.021484
5 0.708984 0.583984 0.084635 0.019531
5 0.802734 0.583496 0.084635 0.020508
5 0.611328 0.583496 0.084635 0.020508
5 0.512370 0.583496 0.084635 0.020508
5 0.414062 0.584473 0.088542 0.022461
5 0.318359 0.583496 0.089844 0.022461
5 0.940755 0.580566 0.082031 0.018555
5 0.216797 0.582520 0.089844 0.022461
5 0.117188 0.582520 0.088542 0.022461
3 0.934896 0.706055 0.078125 0.027344
3 0.399089 0.707520 0.360677 0.057617
