0 0.518556 0.49146805 0.958988 0.9749039
1 0.116209 0.0963855 0.060542 0.08232900000000001
1 0.26416 0.1004035 0.07324 0.082333
1 0.26416 0.85743 0.07324 0.08231999999999995
1 0.11718700000000001 0.861445 0.060546 0.08233000000000001
1 0.1176755 0.259035 0.05956900000000001 0.04618999999999998
1 0.40967 0.26004 0.08105999999999997 0.04819999999999999
1 0.5625 0.26004 0.08007999999999993 0.04819999999999999
1 0.720215 0.26104 0.08496999999999999 0.050199999999999995
1 0.407225 0.0818265 0.07813000000000003 0.037147
1 0.263185 0.25853 0.07128999999999999 0.04517999999999997
1 0.533695 0.0858435 0.026370000000000005 0.033132999999999996
1 0.578125 0.0853435 0.05078999999999989 0.032132999999999995
1 0.1176755 0.36646500000000004 0.05956900000000001 0.04619000000000001
1 0.1176755 0.475905 0.05956900000000001 0.04619000000000001
1 0.1176755 0.586345 0.05956900000000001 0.04618999999999995
1 0.116697 0.6977899999999999 0.059565999999999994 0.04618
1 0.26416 0.36596 0.07128000000000001 0.04518
1 0.26465 0.4744 0.07225999999999999 0.04518
1 0.26416 0.58484 0.07128000000000001 0.04518
1 0.26367 0.69428 0.07226000000000002 0.04518
1 0.40918 0.368475 0.08007999999999998 0.048189999999999955
1 0.40918 0.476905 0.08007999999999998 0.04819000000000001
1 0.4082 0.58735 0.08008000000000004 0.04820000000000002
1 0.40869 0.69779 0.08106000000000002 0.04820000000000002
1 0.40723 0.1255 0.08007999999999998 0.036140000000000005
1 0.40625 0.84438 0.08008000000000004 0.03614000000000006
1 0.40527 0.89056 0.08007999999999998 0.03614000000000006
1 0.534665 0.123995 0.026369999999999894 0.03312999999999999
1 0.578125 0.124495 0.05078999999999989 0.03212999999999999
1 0.690915 0.0873475 0.026369999999999894 0.032125
1 0.6904250000000001 0.125 0.025389999999999913 0.03314
1 0.73535 0.0873475 0.050779999999999936 0.032125
1 0.7363299999999999 0.124495 0.050779999999999936 0.03212999999999999
1 0.533695 0.8448800000000001 0.026370000000000005 0.03314000000000006
1 0.533205 0.8820250000000001 0.025390000000000024 0.03312999999999999
1 0.6904250000000001 0.8423700000000001 0.025389999999999913 0.03212000000000004
1 0.6904250000000001 0.8790150000000001 0.025389999999999913 0.03312999999999999
1 0.5751949999999999 0.845385 0.05079 0.0321300000000001
1 0.5751949999999999 0.883535 0.05079 0.03212999999999999
1 0.734375 0.84287 0.05078999999999989 0.031120000000000037
1 0.73291 0.878515 0.049799999999999955 0.03212999999999999
1 0.56152 0.369475 0.08007999999999993 0.048189999999999955
1 0.56152 0.47640499999999997 0.08007999999999993 0.04919000000000001
1 0.5625 0.58785 0.08007999999999993 0.04920000000000002
1 0.56152 0.69729 0.08007999999999993 0.04920000000000002
1 0.7207 0.36746999999999996 0.0859399999999999 0.05019999999999997
1 0.71924 0.4759 0.08495999999999992 0.05020000000000002
1 0.71924 0.586345 0.08495999999999992 0.05021000000000009
1 0.720215 0.69679 0.08496999999999999 0.05020000000000002
1 0.882815 0.1064245 0.07813000000000003 0.06827099999999998
1 0.882325 0.26054 0.07911000000000001 0.03112000000000001
1 0.881835 0.691765 0.07813000000000003 0.048190000000000066
1 0.881835 0.5833349999999999 0.07813000000000003 0.048190000000000066
1 0.881835 0.47540000000000004 0.07813000000000003 0.03111999999999998
2 0.917965 0.36948000000000003 0.15039000000000002 0.09437999999999996
3 0.49414 0.1059235 0.04688000000000003 0.133533
3 0.65039 0.1064255 0.04688000000000003 0.132529
3 0.492675 0.86998 0.045889999999999986 0.13354
3 0.651855 0.86295 0.045889999999999986 0.13354
3 0.66455 0.26104499999999997 0.032220000000000026 0.09437000000000001
3 0.6640600000000001 0.37148499999999995 0.03320000000000001 0.09437000000000001
3 0.6640600000000001 0.4759 0.03320000000000001 0.09438000000000007
3 0.6640600000000001 0.58936 0.03320000000000001 0.09437999999999991
3 0.66455 0.698795 0.032220000000000026 0.09436999999999995
3 0.5092749999999999 0.26355 0.018549999999999955 0.09538000000000002
3 0.508785 0.37098 0.019529999999999936 0.09537999999999996
3 0.5092749999999999 0.47791 0.018549999999999955 0.09438000000000002
3 0.507815 0.59187 0.019530000000000047 0.09538000000000002
3 0.507815 0.7028099999999999 0.019530000000000047 0.09438000000000002
4 0.45801000000000003 0.1059245 0.027339999999999975 0.11747099999999999
4 0.615235 0.1049205 0.03125 0.119479
4 0.7890649999999999 0.10692750000000001 0.05859000000000003 0.131525
4 0.45703 0.871985 0.029299999999999993 0.12148999999999999
4 0.615725 0.8659600000000001 0.03808999999999996 0.12550000000000006
4 0.78613 0.8659600000000001 0.0625 0.12951999999999997
7 0.40186 0.0316265 0.08496000000000004 0.037149
7 0.40088 0.175705 0.08692 0.03815000000000002
7 0.402345 0.21486 0.08399000000000001 0.02207999999999999
7 0.40332 0.31325000000000003 0.08594000000000002 0.04016000000000003
7 0.402835 0.42269 0.08691000000000004 0.03815999999999997
7 0.46582 0.473895 0.023440000000000016 0.10441
7 0.40234499999999995 0.53213 0.08593 0.040159999999999973
7 0.40185499999999996 0.64257 0.08690999999999999 0.03815999999999997
7 0.40137 0.74749 0.08398 0.02310000000000001
7 0.39990000000000003 0.79267 0.08495999999999998 0.03915999999999997
7 0.39990000000000003 0.937245 0.08495999999999998 0.037150000000000016
7 0.40332 0.97038 0.08594000000000002 0.015059999999999962
8 0.1792 0.49146605 0.07519999999999999 0.9668679
8 0.328125 0.493475 0.06445000000000001 0.9668699999999999
8 0.46875 0.494478 0.05274000000000001 0.960844
8 0.78467 0.49046 0.049800000000000066 0.9608399999999999
