0 0.518554 0.46017 0.882812 0.71446
1 0.657715 0.23284 0.13183 0.07108
1 0.64551 0.43933500000000003 0.09765999999999997 0.06004999999999999
3 0.56836 0.44179 0.04688000000000003 0.12131999999999993
3 0.5693349999999999 0.6973 0.04883000000000004 0.125
3 0.56738 0.5686249999999999 0.04492000000000007 0.11764999999999992
1 0.645505 0.6936249999999999 0.09960999999999998 0.06372999999999995
1 0.64453 0.566175 0.09765999999999997 0.06373000000000006
1 0.46777500000000005 0.6924 0.09375000000000006 0.06372
1 0.293945 0.690565 0.08593 0.05515000000000003
3 0.401855 0.69669 0.03222999999999998 0.12378
3 0.40283 0.5686249999999999 0.03417999999999999 0.12255000000000005
3 0.401855 0.44118 0.03222999999999998 0.12009999999999993
1 0.46728500000000006 0.56556 0.09473000000000004 0.0625
1 0.46728499999999995 0.43933500000000003 0.09276999999999996 0.06004999999999999
1 0.293945 0.563725 0.08789000000000002 0.05637000000000003
1 0.293945 0.4375 0.08789000000000002 0.05391999999999997
1 0.476075 0.23345500000000002 0.12596999999999997 0.07231000000000001
1 0.285155 0.23223 0.08399000000000001 0.05269999999999997
3 0.374025 0.23162 0.06445000000000001 0.17402000000000004
1 0.21924 0.90257 0.06347999999999998 0.11641999999999997
1 0.35205 0.90196 0.06348000000000004 0.11519999999999997
4 0.5248999999999999 0.438115 0.028320000000000012 0.10907
4 0.5283199999999999 0.5649500000000001 0.029299999999999993 0.11029999999999995
4 0.52686 0.69424 0.0283199999999999 0.10906000000000005
5 0.694825 0.228555 0.036129999999999995 0.16789
5 0.708985 0.43934 0.027349999999999985 0.08945999999999998
5 0.7099599999999999 0.5667899999999999 0.02734000000000003 0.08945999999999998
5 0.711915 0.694855 0.027349999999999985 0.08823000000000003
5 0.50293 0.22977999999999998 0.035160000000000025 0.13358
5 0.10253899999999999 0.309435 0.039062 0.08700999999999998
5 0.1040055 0.1587 0.03222900000000001 0.07966000000000001
7 0.106445 0.23284 0.025389999999999996 0.05881999999999998
7 0.28662 0.15931 0.08106 0.053919999999999996
7 0.28662 0.3076 0.08106 0.05392000000000002
7 0.288575 0.766545 0.10059000000000001 0.03798999999999997
7 0.28808500000000004 0.6274500000000001 0.09961000000000003 0.01959999999999995
7 0.287105 0.501225 0.09960999999999998 0.01960999999999996
7 0.287105 0.37561500000000003 0.09960999999999998 0.02082999999999996
7 0.20947 0.5839449999999999 0.022460000000000008 0.43994999999999995
7 0.200685 0.23223 0.024409999999999987 0.25612
7 0.23779499999999998 0.197915 0.012690000000000007 0.03309000000000001
7 0.237305 0.268385 0.015630000000000005 0.041669999999999985
7 0.23682 0.34007 0.016600000000000004 0.008579999999999977
7 0.23828 0.125615 0.017580000000000012 0.011029999999999998
7 0.234865 0.14277 0.008789999999999992 0.020839999999999997
7 0.23486 0.322915 0.01074 0.020830000000000015
7 0.342285 0.18995 0.04003000000000001 0.06861999999999999
7 0.34131 0.27512 0.040039999999999965 0.06739999999999999
8 0.177735 0.45710500000000004 0.10547000000000001 0.69853
8 0.349125 0.45588 0.05370999999999998 0.70098
8 0.742675 0.45282 0.04981000000000002 0.7046600000000001
9 0.6362300000000001 0.178305 0.08300000000000007 0.01593
9 0.63574 0.289825 0.08398000000000005 0.01593
7 0.44336 0.289825 0.08398 0.01593
7 0.44238500000000003 0.175855 0.08398999999999995 0.01593
9 0.39795 0.17647000000000002 0.006840000000000013 0.022059999999999996
9 0.39844 0.29044000000000003 0.005860000000000032 0.022060000000000024
9 0.5873999999999999 0.29228 0.012700000000000045 0.028179999999999983
9 0.58838 0.17831 0.012699999999999934 0.028179999999999983
10 0.8686499999999999 0.43995 0.16503999999999996 0.08333999999999997
10 0.862305 0.235905 0.16796999999999995 0.09681000000000001
10 0.8686499999999999 0.5625 0.16503999999999996 0.08333999999999997
10 0.86963 0.69608 0.16504000000000008 0.08333999999999997
