0 0.49951328 0.50000235 0.99707344 0.9967153
1 0.555665 0.5115149999999999 0.16210999999999998 0.15461000000000003
1 0.5585950000000001 0.21381499999999998 0.16211000000000003 0.15461
1 0.554685 0.8125 0.16210999999999998 0.15460000000000007
1 0.31055 0.51727 0.11914000000000002 0.18585999999999997
1 0.31298499999999996 0.23849 0.11620999999999998 0.17434
1 0.31299 0.7894749999999999 0.11815999999999999 0.17763000000000007
5 0.6655249999999999 0.217105 0.043950000000000045 0.17435
5 0.6616200000000001 0.51809 0.04393999999999998 0.17434
5 0.663575 0.814145 0.043950000000000045 0.17435
6 0.313475 0.28125 0.10936999999999997 0.07894000000000001
6 0.313475 0.19572499999999998 0.10936999999999997 0.07894999999999999
6 0.31396500000000005 0.564145 0.11035 0.08881000000000006
6 0.31396500000000005 0.470395 0.11035 0.08881000000000006
6 0.31494500000000003 0.742595 0.11035 0.08716999999999997
6 0.31494500000000003 0.8322350000000001 0.11035 0.08880999999999994
6 0.55957 0.25329 0.15233999999999998 0.07236000000000001
6 0.56006 0.17927500000000002 0.15136 0.07237000000000002
7 0.131835 0.23273 0.041010000000000005 0.044399999999999995
7 0.13379 0.516445 0.04101999999999999 0.04604999999999998
7 0.1333 0.797695 0.041999999999999996 0.046050000000000035
8 0.074707 0.5008242 0.100586 0.9819116
8 0.71777 0.503289 0.08007999999999993 0.980262
9 0.58057 0.057565500000000006 0.20995999999999998 0.069079
9 0.300295 0.36513 0.13965 0.03617999999999999
9 0.30078 0.67023 0.14061999999999997 0.037819999999999965
9 0.30078 0.91612 0.14061999999999997 0.03617999999999999
9 0.297365 0.1151295 0.13965000000000002 0.036181000000000005
9 0.46289 0.0534521 0.02343999999999996 0.0970358
9 0.21924 0.91283 0.022460000000000008 0.04934000000000005
9 0.22070499999999998 0.668585 0.01953000000000002 0.08058999999999994
9 0.219725 0.36184499999999997 0.019529999999999992 0.07895000000000002
9 0.21582 0.120065 0.02343999999999999 0.05263000000000001
10 0.867185 0.205595 0.23632999999999993 0.19078999999999996
10 0.8662099999999999 0.623355 0.22655999999999998 0.48685
10 0.8613299999999999 0.337995 0.02734000000000003 0.06742999999999999
