0 0.50098945 0.646115 0.9901211 0.6986300000000001
0 0.5029657 0.1499231 0.9861686 0.29071379999999997
1 0.160081 0.0837155 0.130438 0.048709
1 0.1590925 0.142315 0.132415 0.05023
1 0.148222 0.453575 0.130436 0.05174999999999996
1 0.146244 0.51522 0.130432 0.05021999999999999
1 0.42194 0.0814285 0.14822000000000002 0.050223
1 0.42391 0.143835 0.14822000000000002 0.05022999999999998
1 0.41897 0.450535 0.14624000000000004 0.048709999999999976
1 0.41897 0.520545 0.14624000000000004 0.04871000000000003
1 0.416995 0.847035 0.14625 0.05023
1 0.41897 0.78615 0.14624000000000004 0.05021999999999993
1 0.157117 0.78539 0.116606 0.045660000000000034
1 0.157117 0.84018 0.116606 0.045660000000000034
1 0.690715 0.789195 0.14427 0.05023
1 0.692685 0.850835 0.15216999999999992 0.05174999999999996
1 0.697625 0.51522 0.15415 0.05631999999999998
1 0.69664 0.452055 0.15217999999999998 0.054790000000000005
1 0.69664 0.0783875 0.14822000000000002 0.047185
1 0.69664 0.13775 0.14822000000000002 0.047180000000000014
1 0.9417 0.78615 0.10474000000000006 0.04718
1 0.93972 0.848555 0.10474000000000006 0.047189999999999954
1 0.94565 0.513695 0.09684000000000004 0.05023
1 0.9466399999999999 0.452815 0.09486000000000006 0.05023
1 0.942685 0.140035 0.10277000000000003 0.051750000000000004
1 0.9417 0.076104 0.10474000000000006 0.051752
3 0.072134 0.811265 0.057312 0.15220999999999996
3 0.0365612 0.48401500000000003 0.05335960000000001 0.28615
3 0.041502000000000004 0.1308962 0.051384 0.24352759999999998
4 0.54941 0.819635 0.12648000000000004 0.14155000000000006
5 0.502965 0.48782499999999995 0.16403000000000006 0.25723
5 0.78755 0.48858500000000005 0.14426000000000005 0.25267
5 0.7915 0.1202425 0.13636000000000004 0.203955
5 0.508895 0.1171985 0.15217000000000008 0.210043
6 0.1502 0.194825 0.13044 0.05175000000000002
6 0.160081 0.03196365 0.130438 0.051750700000000004
6 0.14624700000000002 0.51446 0.12648600000000002 0.04870000000000002
6 0.1472355 0.398785 0.13636900000000002 0.054790000000000005
6 0.158105 0.8379000000000001 0.11066999999999999 0.03500000000000003
6 0.415015 0.901825 0.15415 0.05326999999999993
6 0.41403 0.7328749999999999 0.15612000000000004 0.05327000000000004
6 0.416995 0.574585 0.15415 0.05326999999999993
6 0.42984 0.395735 0.17984 0.05174999999999996
6 0.408105 0.032724500000000004 0.12451000000000001 0.041095
6 0.43676 0.194825 0.18972 0.05175000000000002
6 0.941695 0.19025999999999998 0.10079000000000005 0.04869999999999999
6 0.69664 0.51522 0.14822000000000002 0.05021999999999999
6 0.721345 0.452055 0.19762999999999997 0.05175000000000002
6 0.691695 0.733635 0.1541499999999999 0.051750000000000074
6 0.687745 0.905635 0.15415 0.05174999999999996
6 0.9397249999999999 0.7328749999999999 0.10079000000000005 0.05023000000000011
6 0.9407099999999999 0.5715399999999999 0.09882000000000002 0.05632000000000004
6 0.942685 0.39498 0.09881000000000006 0.05632000000000004
7 0.8083 0.761795 0.03161999999999998 0.02587000000000006
7 0.805335 0.81811 0.03359000000000001 0.07458000000000009
7 0.8033600000000001 0.878235 0.02964 0.03349000000000002
8 0.27767 0.6484 0.08498 0.6758
8 0.28755 0.1415512 0.08893999999999999 0.2648376
8 0.8418950000000001 0.644595 0.039529999999999954 0.68341
8 0.8498049999999999 0.147642 0.027669999999999972 0.273976
9 0.592885 0.334855 0.49407 0.048709999999999976
9 0.58992 0.254945 0.4921 0.05022999999999997
9 0.3251 0.335615 0.04149999999999998 0.062409999999999966
9 0.32905 0.254185 0.03359999999999996 0.06089
