0 0.525174 0.954453 0.057292 0.091093
0 0.358507 0.952429 0.057292 0.091093
0 0.830729 0.952429 0.057292 0.095142
0 0.677951 0.950405 0.057292 0.095142
0 0.168403 0.946356 0.041667 0.107287
0 0.118056 0.946356 0.041667 0.107287
0 0.942708 0.772267 0.013889 0.107287
0 0.358507 0.772267 0.057292 0.111336
0 0.830729 0.769231 0.057292 0.109312
0 0.676215 0.771255 0.057292 0.113360
0 0.523438 0.770243 0.057292 0.111336
0 0.166667 0.753036 0.045139 0.109312
0 0.118924 0.753036 0.043403 0.109312
0 0.942708 0.598178 0.013889 0.107287
0 0.829861 0.599190 0.055556 0.109312
0 0.676215 0.599190 0.057292 0.109312
0 0.359375 0.598178 0.055556 0.107287
0 0.523438 0.597166 0.057292 0.109312
0 0.980035 0.438259 0.026042 0.115385
0 0.940104 0.428138 0.015625 0.099190
0 0.828125 0.431174 0.055556 0.113360
0 0.672743 0.428138 0.057292 0.111336
0 0.525174 0.428138 0.057292 0.111336
0 0.358507 0.427126 0.057292 0.113360
0 0.104167 0.395749 0.017361 0.082996
0 0.185764 0.394737 0.017361 0.085020
0 0.144965 0.394737 0.050347 0.085020
0 0.826389 0.271255 0.041667 0.068826
0 0.673611 0.271255 0.041667 0.068826
0 0.525174 0.270243 0.043403 0.066802
0 0.359375 0.267206 0.041667 0.068826
0 0.171875 0.231781 0.055556 0.034413
0 0.981771 0.265182 0.029514 0.113360
1 0.481771 0.857287 0.869792 0.074899
1 0.883681 0.660931 0.052083 0.026316
1 0.753472 0.660931 0.097222 0.026316
1 0.599826 0.660931 0.095486 0.026316
1 0.440972 0.660931 0.107639 0.026316
1 0.263021 0.660931 0.137153 0.026316
1 0.061632 0.660931 0.043403 0.026316
1 0.474826 0.489879 0.869792 0.040486
1 0.480035 0.317814 0.869792 0.072874
7 0.140625 0.468623 0.159722 0.062753
2 0.521701 0.688259 0.105903 0.048583
2 0.828993 0.685223 0.098958 0.050607
2 0.674479 0.684211 0.105903 0.048583
2 0.353299 0.684211 0.105903 0.048583
2 0.138889 0.665992 0.111111 0.064777
2 0.672743 0.521255 0.098958 0.054656
2 0.828993 0.521255 0.098958 0.058704
2 0.521701 0.518219 0.098958 0.056680
2 0.356771 0.519231 0.098958 0.058704
2 0.677083 0.349190 0.083333 0.030364
2 0.824653 0.348178 0.083333 0.032389
2 0.522569 0.345142 0.083333 0.030364
2 0.357639 0.342105 0.083333 0.032389
5 0.676215 0.854251 0.085069 0.052632
5 0.357639 0.854251 0.086806 0.052632
5 0.522569 0.852227 0.086806 0.052632
5 0.828993 0.849190 0.085069 0.050607
5 0.828125 0.672065 0.090278 0.036437
5 0.674479 0.671053 0.092014 0.034413
5 0.523438 0.670040 0.092014 0.036437
5 0.355035 0.670040 0.092014 0.036437
3 0.139757 0.834008 0.151042 0.052632
3 0.150174 0.283401 0.189236 0.068826
8 0.525174 0.953441 0.053819 0.085020
8 0.359375 0.945344 0.052083 0.068826
8 0.676215 0.917004 0.053819 0.020243
8 0.829861 0.912955 0.055556 0.016194
8 0.167535 0.945344 0.039931 0.101215
8 0.119792 0.944332 0.038194 0.103239
8 0.358507 0.775304 0.053819 0.113360
8 0.830729 0.727733 0.053819 0.022267
8 0.523438 0.727733 0.053819 0.022267
8 0.676215 0.725709 0.053819 0.022267
8 0.167535 0.734818 0.039931 0.068826
8 0.118924 0.734818 0.039931 0.068826
8 0.676215 0.563765 0.050347 0.030364
8 0.828993 0.556680 0.053819 0.020243
8 0.523438 0.556680 0.053819 0.024291
8 0.359375 0.557692 0.052083 0.026316
8 0.121528 0.571862 0.041667 0.111336
8 0.170139 0.570850 0.041667 0.113360
8 0.828125 0.391700 0.052083 0.030364
8 0.674479 0.399798 0.053819 0.050607
8 0.524306 0.400810 0.052083 0.052632
8 0.359375 0.427126 0.052083 0.109312
