0 0.5020107 0.50146485 0.9959786 0.9970703
1 0.270105 0.041016 0.14075000000000001 0.031249999999999997
1 0.269435 0.109375 0.14209 0.03125
1 0.266085 0.177735 0.14075 0.03125
1 0.264075 0.24560500000000002 0.14476999999999998 0.03027000000000002
1 0.264075 0.31787 0.14476999999999998 0.030279999999999974
1 0.263405 0.38916 0.14611 0.030279999999999974
1 0.262735 0.461425 0.14744999999999997 0.030269999999999964
1 0.264075 0.533205 0.14745 0.03125
1 0.266085 0.605465 0.14611 0.03125
1 0.266755 0.675295 0.14745 0.03222999999999998
1 0.26876500000000003 0.745605 0.14879000000000003 0.03222999999999998
1 0.270775 0.815425 0.14744999999999997 0.03125
1 0.271445 0.883785 0.14878999999999998 0.03125
1 0.272115 0.950195 0.14744999999999997 0.03125
1 0.531505 0.042480500000000004 0.14610999999999996 0.032227
1 0.531505 0.1108385 0.14610999999999996 0.032223
1 0.532845 0.177735 0.14611000000000002 0.03125
1 0.534185 0.246585 0.14611000000000002 0.03222999999999998
1 0.531505 0.319825 0.14610999999999996 0.032230000000000036
1 0.532845 0.391605 0.14611000000000002 0.03125
1 0.534185 0.463865 0.14611000000000002 0.03125
1 0.535525 0.536135 0.14611000000000002 0.03125
1 0.536865 0.60791 0.14611000000000002 0.032220000000000026
1 0.536865 0.677245 0.14611000000000002 0.03222999999999998
1 0.540215 0.74756 0.14745000000000003 0.032219999999999915
1 0.542225 0.81836 0.14611000000000007 0.029299999999999993
1 0.539545 0.88818 0.14611000000000002 0.028320000000000012
1 0.543565 0.9541 0.14610999999999996 0.029299999999999993
1 0.793565 0.041016 0.13941000000000003 0.031249999999999997
1 0.796245 0.11230499999999999 0.13941000000000003 0.031249999999999986
1 0.802945 0.322265 0.14209000000000005 0.03125
1 0.8022750000000001 0.396485 0.14343000000000006 0.03125
1 0.7995950000000001 0.46777 0.14075000000000004 0.029299999999999993
1 0.800935 0.538085 0.14075000000000004 0.029290000000000038
1 0.800935 0.611815 0.14075000000000004 0.03027000000000002
1 0.7995950000000001 0.68262 0.14075000000000004 0.029299999999999993
1 0.7982549999999999 0.751465 0.14075000000000004 0.030269999999999908
1 0.7995950000000001 0.822755 0.14075000000000004 0.03027000000000002
1 0.7995950000000001 0.891115 0.14075000000000004 0.024410000000000043
1 0.7995950000000001 0.96045 0.14075000000000004 0.024419999999999997
2 0.86327 0.215825 0.27078 0.037110000000000004
1 0.827745 0.18310500000000002 0.2024100000000001 0.016609999999999986
1 0.830425 0.247555 0.19705000000000006 0.014649999999999996
3 0.205095 0.041504 0.06971 0.051758
3 0.202415 0.109864 0.07238999999999998 0.05371200000000001
3 0.19906000000000001 0.17870999999999998 0.07104000000000002 0.056639999999999996
3 0.19638 0.24608999999999998 0.07103999999999999 0.056639999999999996
3 0.19705 0.31933500000000004 0.07238 0.058589999999999975
3 0.19303 0.389165 0.07238 0.05957000000000001
3 0.19571 0.461915 0.07238 0.06054999999999999
3 0.19772 0.5332049999999999 0.07103999999999999 0.06054999999999999
3 0.19571 0.60205 0.07238 0.06152000000000002
3 0.19437 0.67578 0.07238 0.06053999999999993
3 0.19839 0.74707 0.06970000000000001 0.06054000000000004
3 0.2004 0.816405 0.07103999999999999 0.06054999999999999
3 0.203085 0.95215 0.07105 0.06053999999999993
3 0.19906000000000001 0.88379 0.07104000000000002 0.06054000000000004
4 0.39476999999999995 0.041504 0.11393999999999999 0.043946000000000006
4 0.39544 0.1098655 0.11528 0.043949000000000016
4 0.39544 0.1792 0.12064000000000002 0.04393999999999998
4 0.39610999999999996 0.24658000000000002 0.11930000000000002 0.04394000000000001
4 0.39610999999999996 0.3208 0.11930000000000002 0.043940000000000035
4 0.3941 0.39209 0.12063999999999997 0.04393999999999998
4 0.39477 0.46435499999999996 0.12197999999999998 0.04394999999999999
4 0.397455 0.5351600000000001 0.12199000000000004 0.04491999999999996
4 0.398795 0.60791 0.12198999999999999 0.04393999999999998
4 0.398795 0.677735 0.12198999999999999 0.044930000000000025
4 0.401475 0.74805 0.12198999999999999 0.04492000000000007
4 0.401475 0.8188500000000001 0.12198999999999999 0.04393999999999998
4 0.40415500000000004 0.953615 0.12198999999999999 0.043949999999999934
4 0.39946499999999996 0.888675 0.12333 0.04296999999999995
4 0.60992 0.0424805 0.013399999999999967 0.043945
4 0.60992 0.11230499999999999 0.013399999999999967 0.042969999999999994
4 0.60925 0.21435500000000002 0.01741999999999999 0.12207000000000001
4 0.61327 0.32177500000000003 0.014739999999999975 0.047850000000000004
4 0.61193 0.394045 0.014739999999999975 0.047850000000000004
4 0.6139399999999999 0.46728499999999995 0.016079999999999983 0.047850000000000004
4 0.61193 0.5405249999999999 0.014739999999999975 0.04785000000000006
4 0.61327 0.61084 0.014739999999999975 0.0478599999999999
4 0.6139399999999999 0.685055 0.016079999999999983 0.04785000000000006
4 0.61595 0.752445 0.014739999999999975 0.04785000000000006
4 0.61662 0.820805 0.016079999999999983 0.04784999999999995
4 0.61729 0.890135 0.014739999999999975 0.04784999999999995
4 0.61595 0.955565 0.014739999999999975 0.04784999999999995
1 0.0402145 0.056152499999999994 0.026809 0.016600999999999998
1 0.030830999999999997 0.16113 0.026809999999999997 0.017579999999999985
1 0.0227882 0.27441000000000004 0.026809600000000003 0.017579999999999985
1 0.0227882 0.38232 0.026809600000000003 0.016600000000000004
1 0.0261395 0.82275 0.025469 0.016599999999999948
1 0.0234585 0.71338 0.025469000000000006 0.016599999999999948
1 0.02077745 0.60303 0.0254691 0.01660000000000006
1 0.01809645 0.49463 0.0254691 0.016600000000000004
1 0.01809645 0.49463 0.0254691 0.016600000000000004
7 0.25938 0.074707 0.05496000000000001 0.028320000000000005
7 0.25804 0.14404 0.05496000000000001 0.028320000000000012
7 0.25268 0.2124 0.05496000000000001 0.028320000000000012
7 0.25268 0.282225 0.05496000000000001 0.027349999999999985
7 0.25 0.35498 0.05496000000000001 0.028320000000000012
7 0.24866 0.42578 0.05496000000000001 0.02734000000000003
7 0.25134 0.49561 0.05496000000000001 0.028319999999999956
7 0.25268 0.5712900000000001 0.05496000000000001 0.02734000000000003
7 0.25134 0.640625 0.05496000000000001 0.027349999999999985
7 0.25536 0.71045 0.05495999999999998 0.028320000000000012
7 0.25536 0.7817400000000001 0.05495999999999998 0.028320000000000012
7 0.25536 0.8491200000000001 0.05495999999999998 0.028320000000000012
7 0.25804 0.9174800000000001 0.05496000000000001 0.028320000000000012
7 0.25938 0.98291 0.05496000000000001 0.024419999999999997
8 0.110592 0.50244125 0.089816 0.9892575
8 0.796915 0.5004895500000001 0.025469999999999993 0.9834009
7 0.6943699999999999 0.174315 0.05897999999999992 0.036129999999999995
