0 0.49448095000000003 0.50183 0.9794981 0.5055000000000001
1 0.062303 0.500915 0.026813999999999998 0.02747000000000005
1 0.12381999999999999 0.50183 0.04573999999999999 0.029300000000000048
1 0.22397499999999998 0.5210600000000001 0.05993000000000001 0.031140000000000057
1 0.223185 0.48260000000000003 0.06151000000000001 0.03114
1 0.335175 0.48351500000000003 0.061509999999999954 0.029310000000000003
1 0.33675 0.52198 0.06152000000000002 0.029300000000000104
1 0.464515 0.522895 0.09937000000000001 0.031130000000000102
1 0.464515 0.48260000000000003 0.09937000000000001 0.03114
1 0.578075 0.48168500000000003 0.07413000000000003 0.03297
1 0.578075 0.52564 0.07413000000000003 0.0329600000000001
1 0.7255499999999999 0.5265599999999999 0.10409999999999997 0.03846000000000005
1 0.7255499999999999 0.47343999999999997 0.10409999999999997 0.038459999999999994
1 0.233435 0.34066 0.04100999999999999 0.0403
1 0.233435 0.6611750000000001 0.04100999999999999 0.04029000000000005
1 0.334385 0.34066 0.06625000000000003 0.04396
1 0.334385 0.66117 0.06625000000000003 0.04396
1 0.451105 0.66117 0.06624999999999998 0.047619999999999996
1 0.45267999999999997 0.343405 0.06624000000000002 0.04579
1 0.576495 0.343405 0.07413000000000003 0.04579
1 0.576495 0.66117 0.07413000000000003 0.04396
1 0.712935 0.6639200000000001 0.07887 0.053119999999999945
1 0.7153 0.341575 0.08043999999999996 0.05310999999999999
1 0.841485 0.0439565 0.05205000000000004 0.025641
1 0.841485 0.0769235 0.05205000000000004 0.02564100000000001
1 0.84306 0.10989 0.052059999999999995 0.025639999999999996
1 0.742905 0.090658 0.04100999999999999 0.166664
2 0.921925 0.85806 0.09936999999999996 0.06043999999999994
3 0.522085 0.339745 0.015770000000000062 0.08975
3 0.522085 0.65751 0.015770000000000062 0.09158
4 0.25473 0.33791000000000004 0.011039999999999994 0.06409999999999999
4 0.25631000000000004 0.65751 0.011039999999999994 0.06594
4 0.2571 0.498165 0.009460000000000024 0.08791000000000004
5 0.7815449999999999 0.49359 0.08358999999999994 0.19598
6 0.440855 0.662085 0.04259000000000002 0.04579
7 0.187695 0.41575 0.04100999999999999 0.018320000000000003
7 0.189275 0.5833349999999999 0.04100999999999999 0.02015
7 0.288645 0.73901 0.04100999999999999 0.020139999999999936
7 0.288645 0.5824199999999999 0.04100999999999999 0.018320000000000003
7 0.291795 0.41575 0.041010000000000046 0.018320000000000003
7 0.288645 0.260075 0.04100999999999999 0.01831000000000005
7 0.405365 0.260075 0.041010000000000046 0.01831000000000005
7 0.408515 0.41575 0.04100999999999999 0.018320000000000003
7 0.408515 0.5824199999999999 0.04100999999999999 0.018320000000000003
7 0.408515 0.742675 0.04100999999999999 0.02015
7 0.6372249999999999 0.5815 0.03155000000000008 0.031139999999999946
7 0.6340699999999999 0.414835 0.03154000000000001 0.03112999999999999
7 0.061514 0.44872 0.031546 0.05127999999999999
7 0.064669 0.548535 0.031546 0.05310999999999999
8 0.379335 0.50458 0.029969999999999997 0.5
8 0.6388 0.499085 0.04732000000000003 0.5036700000000001
8 0.77445 0.50183 0.04732000000000003 0.5055000000000001
8 0.8753949999999999 0.50275 0.01576999999999995 0.5
10 0.8801300000000001 0.0970715 0.02207999999999999 0.186817
10 0.93691 0.13736500000000001 0.08518000000000003 0.062270000000000006
10 0.93691 0.0760075 0.08518000000000003 0.045787
10 0.93691 0.02747275 0.08518000000000003 0.0366305
10 0.87934 0.652015 0.11830000000000007 0.10989000000000004
10 0.8785449999999999 0.50275 0.11041000000000001 0.11172000000000004
10 0.8769750000000001 0.354395 0.11041000000000001 0.11173
5 0.5094650000000001 0.495425 0.07887000000000005 0.14468999999999999
