0 0.50048828 0.5019084 0.99902344 0.9961832
1 0.1274435 0.0909655 0.06543299999999999 0.057249
1 0.1274435 0.16793999999999998 0.06543299999999999 0.05851999999999999
1 0.12499850000000001 0.273535 0.066403 0.06107000000000001
1 0.12304699999999999 0.35369 0.066406 0.06106
1 0.12353700000000001 0.45992 0.06738600000000002 0.062340000000000007
1 0.124025 0.5394399999999999 0.06641000000000001 0.06106
1 0.1220685 0.6412249999999999 0.06640299999999999 0.06107000000000007
1 0.12304699999999999 0.721375 0.066406 0.06106999999999996
1 0.124025 0.828245 0.06641000000000001 0.06106999999999996
1 0.12646649999999998 0.9045799999999999 0.067387 0.06106
1 0.246095 0.909665 0.06641 0.06107000000000007
1 0.24511500000000003 0.8314250000000001 0.07031000000000001 0.062350000000000017
1 0.243655 0.726465 0.07128999999999999 0.06106999999999996
1 0.24414 0.643765 0.07032 0.06106999999999996
1 0.243655 0.5394399999999999 0.07128999999999999 0.06106
1 0.243655 0.46056 0.07128999999999999 0.06106
1 0.24511500000000003 0.35241500000000003 0.07031000000000001 0.06107000000000001
1 0.24511500000000003 0.272265 0.07031000000000001 0.06107000000000001
1 0.24706999999999998 0.169215 0.07032 0.06107000000000001
1 0.249025 0.089057 0.07030999999999998 0.061066
1 0.36621000000000004 0.087786 0.07032 0.061068
1 0.367185 0.16539500000000001 0.07030999999999998 0.061069999999999985
1 0.36621000000000004 0.26972 0.07032 0.06106
1 0.365235 0.3556 0.07031000000000004 0.062340000000000007
1 0.365235 0.45674499999999996 0.07031000000000004 0.06107000000000001
1 0.364745 0.538165 0.07129000000000002 0.06106999999999996
1 0.365235 0.647585 0.07031000000000004 0.06106999999999996
1 0.364255 0.726465 0.07030999999999998 0.06106999999999996
1 0.365235 0.829515 0.07031000000000004 0.06106999999999996
1 0.365235 0.910945 0.07031000000000004 0.06106999999999996
1 0.488765 0.087786 0.07129000000000002 0.061068
1 0.487795 0.166665 0.07129000000000002 0.061069999999999985
1 0.488765 0.26972 0.07129000000000002 0.06106
1 0.489255 0.35241500000000003 0.07227 0.06107000000000001
1 0.489255 0.459285 0.07227 0.06106999999999996
1 0.487795 0.538165 0.07129000000000002 0.06106999999999996
1 0.489255 0.830785 0.07227 0.06106999999999996
1 0.488765 0.725195 0.07129000000000002 0.06106999999999996
1 0.489255 0.645035 0.07227 0.06106999999999996
1 0.490235 0.9103049999999999 0.07227 0.062350000000000017
1 0.61133 0.909665 0.07225999999999999 0.06107000000000007
1 0.612305 0.829515 0.07227000000000006 0.06106999999999996
1 0.61133 0.725195 0.07225999999999999 0.06106999999999996
1 0.61133 0.645035 0.07225999999999999 0.06106999999999996
1 0.612305 0.5419849999999999 0.07227000000000006 0.06107000000000007
1 0.612305 0.459285 0.07227000000000006 0.06106999999999996
1 0.61084 0.35114500000000004 0.07128000000000001 0.06107000000000001
1 0.612305 0.273535 0.07227000000000006 0.06107000000000001
1 0.61133 0.167935 0.07225999999999999 0.06107000000000001
1 0.609375 0.08715 0.07227000000000006 0.06233999999999999
1 0.7421899999999999 0.4993618 0.09570000000000001 0.9834564
2 0.9585 0.842875 0.07909999999999995 0.04961000000000004
8 0.0410156 0.5019065 0.0742188 0.978367
8 0.16650500000000001 0.5012729499999999 0.024410000000000015 0.9847341
8 0.6543 0.5000017999999999 0.023439999999999905 0.9847364
10 0.671875 0.4993645 0.03125 0.8307910000000001
10 0.847165 0.518445 0.04785000000000006 0.24555
10 0.86426 0.8587750000000001 0.021480000000000055 0.12977000000000005
10 0.84961 0.24809 0.041020000000000056 0.14758
10 0.89453 0.50063795 0.050779999999999936 0.9834641
10 0.94873 0.926845 0.057620000000000005 0.10814999999999997
10 0.949705 0.7105600000000001 0.05957000000000001 0.20484000000000002
10 0.95459 0.218194 0.06934000000000007 0.41603199999999996
2 0.95996 0.48410000000000003 0.07225999999999999 0.10814000000000001
