0 0.503904 0.489281 0.978512 0.8652380000000001
1 0.161135 0.17994 0.07812999999999999 0.06278
1 0.16211 0.261105 0.07617999999999998 0.06278999999999998
1 0.162595 0.44793 0.07714999999999998 0.059719999999999995
1 0.162595 0.529095 0.07714999999999998 0.059730000000000005
1 0.16308499999999998 0.72052 0.07616999999999999 0.059719999999999995
1 0.163575 0.801685 0.07715 0.05973000000000006
1 0.32372999999999996 0.17764000000000002 0.0791 0.06126000000000001
1 0.32422 0.44793 0.07811999999999997 0.059719999999999995
1 0.32422 0.258805 0.07811999999999997 0.06125000000000003
1 0.325195 0.527565 0.07812999999999998 0.059730000000000005
1 0.32422 0.72052 0.07811999999999997 0.059719999999999995
1 0.32422 0.801685 0.07811999999999997 0.05973000000000006
1 0.487305 0.17764000000000002 0.07812999999999998 0.06126000000000001
1 0.487305 0.257275 0.07812999999999998 0.06125
1 0.46094 0.509185 0.08398 0.06584999999999996
1 0.47168 0.429555 0.07617999999999997 0.04135
1 0.47363 0.57657 0.07421999999999995 0.026039999999999952
1 0.48926000000000003 0.72052 0.07812000000000002 0.059719999999999995
1 0.48926000000000003 0.803215 0.07812000000000002 0.05973000000000006
1 0.651365 0.16845500000000002 0.07813000000000003 0.06125
1 0.651365 0.271055 0.07813000000000003 0.06125
1 0.6386700000000001 0.5107200000000001 0.08398000000000005 0.06891999999999998
1 0.644045 0.431085 0.07715000000000005 0.04135
1 0.64551 0.575035 0.07811999999999997 0.022970000000000046
1 0.652345 0.70827 0.07812999999999992 0.059719999999999995
1 0.652835 0.8139350000000001 0.07714999999999994 0.05972999999999995
1 0.81836 0.17764000000000002 0.07811999999999997 0.06126000000000001
1 0.8193349999999999 0.25727500000000003 0.08202999999999994 0.05819000000000002
1 0.8178700000000001 0.431085 0.08106000000000002 0.06279000000000001
1 0.81787 0.545175 0.07909999999999995 0.06125000000000003
1 0.805175 0.81164 0.036129999999999995 0.05820000000000003
2 0.949705 0.21209499999999998 0.08301000000000003 0.13016999999999998
2 0.921385 0.77718 0.1376900000000001 0.14854
4 0.206055 0.219755 0.01953000000000002 0.19449
4 0.20703 0.49005 0.017580000000000012 0.19602000000000003
4 0.208005 0.7611 0.019529999999999992 0.19907999999999992
4 0.367185 0.175345 0.013670000000000015 0.08728999999999998
4 0.36621499999999996 0.26187 0.013670000000000015 0.0827
4 0.36816000000000004 0.48928 0.011720000000000008 0.16386
4 0.3667 0.7182200000000001 0.014640000000000042 0.08575999999999995
4 0.367675 0.805515 0.012690000000000035 0.08268999999999993
4 0.5459 0.21975499999999998 0.041019999999999945 0.16693
4 0.546875 0.76034 0.04296999999999995 0.16691999999999996
4 0.87012 0.218225 0.023439999999999905 0.16079
4 0.862305 0.54671 0.013670000000000071 0.08882000000000001
4 0.861815 0.42956000000000005 0.01269000000000009 0.0781
4 0.6958 0.16691999999999999 0.012700000000000045 0.08575999999999999
4 0.696285 0.270295 0.01366999999999996 0.08729
4 0.697755 0.815465 0.014650000000000052 0.09340999999999999
4 0.696285 0.707505 0.01366999999999996 0.09188999999999992
7 0.54004 0.511485 0.06640000000000001 0.08269000000000004
7 0.563475 0.58116 0.054690000000000016 0.03522000000000003
7 0.573245 0.6194500000000001 0.10546999999999995 0.03827999999999998
7 0.563965 0.4219 0.04981000000000002 0.05054000000000003
7 0.57422 0.36141 0.10155999999999998 0.03981999999999997
7 0.399415 0.51455 0.04100999999999999 0.042879999999999974
3 0.76221 0.218225 0.040039999999999965 0.16079
7 0.09277450000000001 0.48928000000000005 0.048831 0.08422000000000002
7 0.106934 0.62481 0.047852000000000006 0.05820000000000003
7 0.10595550000000001 0.35375500000000004 0.04784899999999999 0.05819000000000002
7 0.8237300000000001 0.48775 0.04393999999999998 0.038279999999999925
7 0.712405 0.49080999999999997 0.03222999999999998 0.2098
7 0.722165 0.6378250000000001 0.06542999999999999 0.07196999999999998
7 0.72119 0.88744 0.06152000000000002 0.05360000000000009
7 0.72168 0.34762499999999996 0.06835999999999998 0.06124999999999997
7 0.722655 0.0934165 0.06445000000000001 0.07044700000000001
8 0.28320500000000004 0.4931105 0.12891000000000002 0.851459
8 0.720215 0.4908095 0.043950000000000045 0.852981
10 0.941895 0.43032000000000004 0.09863 0.06431999999999999
10 0.941405 0.549005 0.09765000000000001 0.06584999999999996
10 0.89697 0.5 0.022460000000000035 0.032159999999999966
10 0.90039 0.212095 0.013680000000000025 0.11179
3 0.27881 0.21899 0.05566000000000004 0.2052
3 0.28125 0.488515 0.05467999999999995 0.20521
3 0.28174 0.7611049999999999 0.05565999999999999 0.20521
