0 0.5321365 0.5013555 0.9319470000000001 0.8888889999999999
1 0.17675000000000002 0.47831999999999997 0.04347999999999999 0.062340000000000007
1 0.37051 0.14092 0.11719999999999997 0.06504000000000001
1 0.35539 0.27913 0.08695999999999998 0.06503999999999999
1 0.60019 0.283875 0.13422 0.06096999999999997
1 0.849715 0.2832 0.13420999999999994 0.06503999999999999
1 0.845935 0.83401 0.13043000000000005 0.060980000000000034
1 0.845935 0.675475 0.13043000000000005 0.06097000000000008
1 0.60208 0.83672 0.13044 0.060980000000000034
1 0.58979 0.67412 0.10964000000000007 0.06097999999999992
1 0.36011499999999996 0.66599 0.08507000000000003 0.060980000000000034
1 0.327975 0.47561 0.10019 0.062340000000000007
1 0.468805 0.47629 0.16635000000000005 0.05556
1 0.690925 0.47561 0.17203000000000002 0.056920000000000026
1 0.576555 0.47492999999999996 0.04915000000000003 0.06097999999999998
1 0.6190899999999999 0.37127 0.06237999999999999 0.03251999999999999
1 0.32609 0.569105 0.04725999999999997 0.018970000000000042
1 0.626655 0.5833349999999999 0.07750999999999997 0.03659000000000001
1 0.7863899999999999 0.58266 0.037799999999999945 0.03251999999999999
1 0.8724000000000001 0.58266 0.08127999999999991 0.03251999999999999
1 0.87429 0.37127 0.08128000000000002 0.03251999999999999
1 0.7892250000000001 0.37195 0.03591 0.03388000000000002
1 0.608695 0.128728 0.12098999999999993 0.097564
1 0.849715 0.1300805 0.11908999999999992 0.09755899999999999
2 0.931 0.44986 0.13422 0.06503999999999999
1 0.9130400000000001 0.51694 0.10208000000000006 0.04471999999999998
4 0.436675 0.14227800000000002 0.022689999999999988 0.086724
4 0.675805 0.1436305 0.020790000000000086 0.146339
4 0.675805 0.286585 0.020790000000000086 0.09079000000000001
4 0.6729700000000001 0.37263 0.018900000000000028 0.04877999999999999
4 0.67108 0.58401 0.018899999999999917 0.048780000000000046
4 0.92155 0.37398 0.02079999999999993 0.04877999999999999
4 0.9224950000000001 0.286585 0.015129999999999977 0.08807000000000004
4 0.9215500000000001 0.14769549999999998 0.01324000000000003 0.138209
4 0.92155 0.585365 0.02835999999999994 0.056910000000000016
4 0.918715 0.677505 0.022689999999999988 0.08943000000000001
4 0.91588 0.83672 0.02080000000000004 0.08265999999999996
4 0.672025 0.8387500000000001 0.02456999999999998 0.09214
4 0.20510499999999998 0.47764 0.02457000000000001 0.08266000000000007
4 0.787335 0.47764 0.03969 0.08808000000000005
4 0.9801500000000001 0.514905 0.03592000000000006 0.05690999999999996
5 0.43667500000000004 0.291325 0.08317000000000002 0.14905000000000002
5 0.442345 0.682925 0.07939000000000002 0.16531000000000007
5 0.68809 0.689025 0.10207999999999995 0.18293000000000004
6 0.367675 0.09078549999999999 0.11908999999999997 0.035228999999999996
6 0.365785 0.1958 0.11908999999999997 0.03658
6 0.367675 0.235095 0.11908999999999997 0.023029999999999995
6 0.35350000000000004 0.324525 0.09073999999999999 0.023029999999999995
6 0.59641 0.23442000000000002 0.1455599999999999 0.03794
6 0.59641 0.33875500000000003 0.1455599999999999 0.03523000000000004
6 0.849715 0.23306 0.13420999999999994 0.03252000000000002
6 0.84877 0.337395 0.13988 0.035229999999999984
6 0.36106000000000005 0.620595 0.0983 0.024389999999999912
6 0.35728000000000004 0.7093499999999999 0.09073999999999999 0.02304000000000006
6 0.585065 0.629405 0.13042999999999993 0.02574999999999994
6 0.583175 0.7242550000000001 0.12287000000000003 0.03117000000000003
6 0.5945199999999999 0.786585 0.14556000000000002 0.03387000000000007
6 0.59641 0.88889 0.1455599999999999 0.03251999999999999
6 0.8468800000000001 0.62331 0.1361 0.03251999999999999
6 0.8449899999999999 0.7242550000000001 0.12854 0.03117000000000003
6 0.845935 0.7852300000000001 0.13799000000000006 0.03388000000000002
6 0.8440449999999999 0.8861749999999999 0.13421000000000005 0.035229999999999984
7 0.8138000000000001 0.47763999999999995 0.05481999999999998 0.06097999999999998
8 0.495275 0.502033 0.06427000000000005 0.876694
3 0.26938 0.139568 0.04347999999999999 0.124664
3 0.27032 0.28455 0.034019999999999995 0.15718000000000001
3 0.27220999999999995 0.67073 0.034019999999999995 0.15718
