1 0.500000 0.500000 1.000000 1.000000
0 0.485163 0.538927 0.703264 0.922145
8 0.481207 0.916955 0.026706 0.152249
8 0.381306 0.916955 0.024728 0.159170
2 0.274481 0.913495 0.034619 0.044983
2 0.723046 0.863322 0.031652 0.017301
2 0.556874 0.860727 0.025717 0.015571
2 0.438675 0.856401 0.020772 0.017301
2 0.634026 0.750000 0.051434 0.074394
2 0.528684 0.752595 0.058358 0.089965
2 0.386251 0.753460 0.058358 0.098616
2 0.272502 0.753460 0.058358 0.098616
2 0.634520 0.564014 0.054402 0.069204
2 0.384273 0.556228 0.054402 0.074394
2 0.771019 0.559689 0.028684 0.098616
2 0.527201 0.557958 0.059347 0.098616
2 0.273986 0.557958 0.057369 0.098616
2 0.633531 0.369377 0.054402 0.043253
2 0.381800 0.359862 0.053412 0.062284
2 0.780910 0.369377 0.052423 0.098616
2 0.526212 0.365917 0.059347 0.098616
2 0.272502 0.365917 0.058358 0.098616
2 0.519782 0.192907 0.046489 0.077855
2 0.267557 0.191176 0.040554 0.084775
2 0.773986 0.185121 0.046489 0.089965
2 0.399110 0.164360 0.044510 0.051903
2 0.653314 0.160900 0.046489 0.051903
3 0.484174 0.271626 0.683482 0.058824
4 0.269041 0.122837 0.081108 0.051903
4 0.519782 0.121972 0.082097 0.053633
4 0.401583 0.108997 0.108803 0.041522
4 0.774975 0.112457 0.082097 0.051903
4 0.651830 0.105536 0.108803 0.041522
5 0.678536 0.643599 0.176063 0.089965
5 0.416914 0.640138 0.167161 0.093426
5 0.676063 0.446367 0.175074 0.110727
5 0.416419 0.445502 0.164194 0.108997
5 0.402077 0.243945 0.072206 0.107266
5 0.664688 0.239619 0.073195 0.105536
10 0.576657 0.756920 0.031652 0.102076
10 0.483680 0.755190 0.031652 0.102076
10 0.319980 0.753460 0.030663 0.102076
10 0.227992 0.750000 0.030663 0.102076
10 0.741345 0.555363 0.030663 0.086505
10 0.801187 0.560554 0.031652 0.100346
10 0.576162 0.561419 0.030663 0.102076
10 0.318991 0.559689 0.030663 0.102076
10 0.481701 0.550173 0.031652 0.086505
10 0.229476 0.557958 0.031652 0.102076
10 0.318497 0.367647 0.029674 0.098616
10 0.481207 0.353806 0.030663 0.074394
10 0.227992 0.365917 0.030663 0.098616
10 0.738378 0.352941 0.030663 0.076125
10 0.574184 0.365917 0.030663 0.102076
