0 0.500000 0.500977 1.000000 0.998047
6 0.493042 0.863281 0.564612 0.015625
8 0.644135 0.934570 0.083499 0.126953
8 0.937376 0.932617 0.085487 0.130859
8 0.053678 0.877930 0.087475 0.023438
8 0.963221 0.244629 0.037773 0.106445
8 0.871769 0.243652 0.037773 0.106445
8 0.678926 0.243164 0.037773 0.105469
8 0.120278 0.243164 0.037773 0.105469
8 0.028827 0.243164 0.037773 0.105469
8 0.313121 0.242188 0.037773 0.105469
8 0.593439 0.241211 0.037773 0.105469
8 0.398608 0.241699 0.037773 0.106445
8 0.684891 0.090820 0.021869 0.074219
8 0.684891 0.042480 0.033797 0.020508
8 0.303181 0.080078 0.033797 0.095703
8 0.855865 0.079590 0.033797 0.096680
8 0.581511 0.079590 0.033797 0.096680
8 0.408549 0.079590 0.033797 0.096680
8 0.130219 0.079102 0.033797 0.097656
2 0.204771 0.967285 0.194831 0.059570
2 0.780318 0.961426 0.192843 0.049805
2 0.492048 0.959961 0.188867 0.046875
2 0.493042 0.894043 0.155070 0.036133
2 0.200795 0.894043 0.155070 0.038086
2 0.786282 0.892578 0.149105 0.037109
2 0.705765 0.825195 0.091451 0.041016
2 0.429423 0.825195 0.091451 0.041016
2 0.288270 0.825195 0.091451 0.041016
2 0.149105 0.825195 0.091451 0.041016
2 0.843936 0.823730 0.089463 0.040039
2 0.568588 0.823730 0.091451 0.040039
2 0.572565 0.759766 0.095427 0.042969
2 0.707753 0.758301 0.095427 0.041992
2 0.289264 0.758789 0.093439 0.042969
2 0.146123 0.758789 0.093439 0.042969
2 0.844930 0.757812 0.095427 0.042969
2 0.428429 0.757812 0.093439 0.042969
2 0.850895 0.690430 0.095427 0.042969
2 0.571571 0.690430 0.093439 0.042969
2 0.713718 0.689453 0.095427 0.042969
2 0.428429 0.689453 0.093439 0.042969
2 0.141153 0.689453 0.095427 0.042969
2 0.284294 0.687988 0.095427 0.041992
2 0.854871 0.623047 0.095427 0.042969
2 0.711730 0.623047 0.095427 0.042969
2 0.288270 0.622070 0.095427 0.042969
2 0.572565 0.621094 0.095427 0.042969
2 0.425447 0.621094 0.095427 0.042969
2 0.143141 0.621094 0.095427 0.042969
2 0.852883 0.553223 0.095427 0.041992
2 0.716700 0.553223 0.093439 0.041992
2 0.429423 0.552734 0.095427 0.042969
2 0.290258 0.552734 0.095427 0.042969
2 0.143141 0.552734 0.095427 0.042969
2 0.572565 0.551758 0.095427 0.042969
2 0.715706 0.485352 0.095427 0.042969
2 0.852883 0.483398 0.095427 0.042969
2 0.570577 0.482910 0.095427 0.041992
2 0.140159 0.481934 0.093439 0.040039
2 0.431412 0.482422 0.095427 0.042969
2 0.284294 0.482422 0.095427 0.042969
2 0.851889 0.416016 0.093439 0.039062
2 0.426441 0.416016 0.093439 0.039062
2 0.708748 0.415527 0.093439 0.040039
2 0.281312 0.415039 0.093439 0.039062
2 0.140159 0.415527 0.093439 0.040039
2 0.571571 0.414551 0.093439 0.040039
2 0.849901 0.348145 0.093439 0.040039
2 0.565606 0.348145 0.093439 0.040039
2 0.708748 0.347168 0.093439 0.040039
2 0.424453 0.347168 0.093439 0.040039
2 0.283300 0.346680 0.093439 0.039062
2 0.142147 0.347168 0.093439 0.040039
2 0.772366 0.278320 0.117296 0.035156
2 0.495030 0.277832 0.115308 0.036133
2 0.215706 0.277832 0.117296 0.036133
2 0.773360 0.218262 0.115308 0.040039
2 0.495030 0.217285 0.115308 0.038086
2 0.217694 0.217285 0.117296 0.038086
2 0.217694 0.123047 0.145129 0.009766
2 0.772366 0.122070 0.141153 0.011719
2 0.494036 0.121582 0.141153 0.012695
2 0.770378 0.068848 0.141153 0.040039
2 0.217694 0.068848 0.141153 0.040039
2 0.494036 0.067383 0.141153 0.039062
3 0.498012 0.849609 0.992048 0.023438
3 0.498012 0.797363 0.992048 0.024414
3 0.500994 0.308594 0.990060 0.031250
3 0.499006 0.174805 0.990060 0.037109
3 0.499006 0.029785 0.982107 0.049805
9 0.914513 0.219238 0.039761 0.022461
9 0.638171 0.219238 0.039761 0.022461
9 0.073559 0.219238 0.039761 0.022461
9 0.355865 0.218750 0.039761 0.023438
7 0.775348 0.249512 0.123260 0.022461
7 0.493042 0.248047 0.123260 0.023438
7 0.216700 0.248047 0.123260 0.023438
7 0.215706 0.104492 0.145129 0.027344
7 0.766402 0.102051 0.145129 0.028320
7 0.494036 0.100586 0.145129 0.027344
5 0.500000 0.142090 0.988072 0.028320
10 0.785288 0.883301 0.143141 0.016602
