0 0.49804455 0.5034843 0.9785109 0.9930314
1 0.25342 0.21167 0.05761999999999998 0.0993
1 0.24756 0.69948 0.057620000000000005 0.09929999999999994
1 0.751955 0.4738665 0.08789000000000002 0.926827
5 0.37549 0.2195115 0.12402000000000002 0.289197
5 0.36963 0.7247399999999999 0.12402000000000002 0.2892
5 0.49463 0.736935 0.11230000000000007 0.2857099999999999
5 0.49707 0.22648200000000002 0.11328000000000005 0.28571599999999997
5 0.6098600000000001 0.204703 0.04589999999999994 0.318814
5 0.61279 0.730835 0.04589999999999994 0.31881000000000004
5 0.78418 0.48258 0.05078000000000005 0.91638
6 0.249025 0.279615 0.06445000000000001 0.04007000000000005
6 0.25342 0.17073500000000003 0.06348000000000004 0.03833
6 0.24756 0.65418 0.06347999999999998 0.03658000000000006
6 0.24365 0.764805 0.06348000000000004 0.038329999999999975
7 0.15918 0.45819 0.13086 0.17769999999999997
7 0.5991249999999999 0.471255 0.06542999999999999 0.19687000000000004
7 0.68262 0.47648100000000004 0.09179999999999999 0.918118
9 0.712405 0.39895499999999995 0.08104999999999996 0.01743
9 0.722655 0.18467 0.09375 0.020899999999999974
9 0.7143550000000001 0.51568 0.08104999999999996 0.01741999999999999
9 0.726075 0.75087 0.09472999999999998 0.01741999999999999
9 0.78076 0.182925 0.022459999999999924 0.04529
9 0.7709999999999999 0.398955 0.03417999999999999 0.05227000000000004
9 0.7724599999999999 0.52178 0.03515999999999997 0.050519999999999954
9 0.78662 0.752615 0.02635999999999994 0.041810000000000014
9 0.6709 0.18467 0.009760000000000102 0.03483999999999998
9 0.66846 0.39721 0.010740000000000083 0.03483999999999998
9 0.67041 0.5139400000000001 0.010740000000000083 0.03484000000000004
9 0.67334 0.7482599999999999 0.010740000000000083 0.036579999999999946
10 0.9126 0.49129 0.12597999999999998 0.19164000000000003
10 0.91748 0.72561 0.12597999999999998 0.18989999999999996
10 0.913575 0.24477500000000002 0.12597000000000003 0.16899
