6 0.545410 0.798547 0.032227 0.120211
6 0.729492 0.796565 0.031250 0.118890
6 0.709961 0.352708 0.025391 0.174373
6 0.561035 0.352708 0.026367 0.177015
0 0.349609 0.833554 0.046875 0.113606
0 0.097656 0.833554 0.046875 0.113606
0 0.781250 0.832232 0.046875 0.113606
0 0.485352 0.832232 0.046875 0.113606
0 0.228516 0.832232 0.046875 0.113606
0 0.923340 0.575958 0.047852 0.110964
0 0.349121 0.575958 0.045898 0.110964
0 0.228516 0.575297 0.046875 0.112285
0 0.099609 0.574637 0.046875 0.113606
0 0.782227 0.571995 0.046875 0.110964
0 0.636230 0.572655 0.045898 0.112285
0 0.485840 0.573316 0.045898 0.113606
0 0.922363 0.342801 0.045898 0.107001
0 0.348145 0.342801 0.045898 0.107001
0 0.227539 0.342140 0.046875 0.105680
0 0.485840 0.338838 0.045898 0.104359
0 0.098633 0.340819 0.046875 0.108322
0 0.781738 0.338177 0.045898 0.105680
0 0.634766 0.338177 0.046875 0.110964
0 0.473145 0.151915 0.028320 0.023778
0 0.973633 0.149273 0.025391 0.021136
0 0.207520 0.147952 0.028320 0.023778
1 0.510254 0.694188 0.971680 0.040951
1 0.511230 0.236460 0.969727 0.063408
7 0.640137 0.667768 0.141602 0.077939
7 0.635254 0.171070 0.059570 0.056803
2 0.639648 0.488771 0.080078 0.058124
2 0.784180 0.483487 0.083984 0.058124
2 0.487305 0.484148 0.082031 0.059445
2 0.970703 0.126156 0.050781 0.025099
2 0.476074 0.126156 0.051758 0.025099
2 0.207031 0.124835 0.050781 0.025099
