0 0.50048985 0.5011236 0.9951203 0.9977528
1 0.2207 0.15281 0.029299999999999993 0.09888000000000001
1 0.2207 0.32584 0.029299999999999993 0.09888000000000002
1 0.22168 0.49887499999999996 0.02930000000000002 0.09886999999999996
1 0.2207 0.676405 0.029299999999999993 0.09887000000000001
1 0.22461 0.84944 0.029299999999999993 0.09887999999999997
1 0.27051000000000003 0.85843 0.029300000000000048 0.09887999999999997
1 0.268065 0.6809000000000001 0.03027000000000002 0.09887999999999997
1 0.26953 0.50337 0.029299999999999993 0.09888000000000002
1 0.271485 0.32359499999999997 0.029289999999999983 0.09886999999999996
1 0.269045 0.1460695 0.030269999999999964 0.09888099999999998
1 0.316405 0.147193 0.029290000000000038 0.09663399999999998
1 0.31689 0.32584 0.028320000000000012 0.09437999999999996
1 0.31738 0.504495 0.029299999999999993 0.09663000000000005
1 0.31738 0.6809000000000001 0.029299999999999993 0.09438000000000002
1 0.31933500000000004 0.857305 0.029289999999999983 0.09663
1 0.365235 0.860675 0.029289999999999983 0.09438999999999997
1 0.365235 0.686515 0.029289999999999983 0.09663
1 0.36426000000000003 0.508985 0.029300000000000048 0.09663
1 0.36426000000000003 0.33033999999999997 0.029300000000000048 0.09437999999999996
1 0.36426000000000003 0.146068 0.029300000000000048 0.09438399999999998
1 0.41504 0.14381950000000002 0.029299999999999993 0.094381
1 0.41406 0.324715 0.029299999999999993 0.09663
1 0.41308500000000004 0.507865 0.029289999999999983 0.09438999999999997
1 0.41406 0.686515 0.029299999999999993 0.09663
1 0.41504 0.8629199999999999 0.029299999999999993 0.09438000000000002
1 0.46289 0.867415 0.029299999999999993 0.09439000000000008
1 0.46387 0.686515 0.029299999999999993 0.09663
1 0.46289 0.508985 0.029299999999999993 0.09663
1 0.46436 0.324715 0.028320000000000012 0.09663
1 0.46436 0.149435 0.028320000000000012 0.09663000000000001
1 0.51416 0.146068 0.028320000000000012 0.09438399999999998
1 0.51172 0.326965 0.029299999999999993 0.09663
1 0.51318 0.508985 0.028320000000000012 0.09663
1 0.51318 0.686515 0.028320000000000012 0.09663
1 0.51416 0.866295 0.028320000000000012 0.09663
1 0.5644499999999999 0.867415 0.029299999999999993 0.09439000000000008
1 0.5629900000000001 0.692135 0.028320000000000012 0.09439000000000008
1 0.563475 0.508985 0.029289999999999927 0.09663
1 0.561525 0.326965 0.029289999999999927 0.09663
1 0.5620099999999999 0.149435 0.028320000000000012 0.09663000000000001
1 0.612305 0.15281 0.029290000000000038 0.09438
1 0.61328 0.326965 0.029299999999999993 0.09663
1 0.61328 0.508985 0.029299999999999993 0.09663
1 0.61426 0.68989 0.029299999999999993 0.09437999999999991
1 0.61328 0.866295 0.029299999999999993 0.09663
1 0.66455 0.8685350000000001 0.028320000000000012 0.0966300000000001
1 0.66113 0.6853899999999999 0.029299999999999993 0.09438000000000002
1 0.66211 0.5101100000000001 0.029299999999999993 0.09438000000000002
1 0.66455 0.326965 0.028320000000000012 0.09663
1 0.663085 0.149435 0.029290000000000038 0.09663000000000001
1 0.711915 0.15281 0.029290000000000038 0.09438
1 0.7133799999999999 0.33033999999999997 0.028320000000000012 0.09437999999999996
1 0.711915 0.5101100000000001 0.029290000000000038 0.09438000000000002
1 0.7133799999999999 0.68764 0.028320000000000012 0.09438000000000002
1 0.711915 0.8629199999999999 0.029290000000000038 0.09438000000000002
1 0.7612300000000001 0.859555 0.028320000000000012 0.09663
1 0.76074 0.688765 0.029299999999999993 0.09663
1 0.759765 0.511235 0.029290000000000038 0.09663
1 0.7612300000000001 0.33033999999999997 0.028320000000000012 0.09437999999999996
1 0.75928 0.149435 0.028320000000000012 0.09663000000000001
1 0.808595 0.15281 0.029289999999999927 0.09438
1 0.8071299999999999 0.33033999999999997 0.028320000000000012 0.09437999999999996
1 0.8071299999999999 0.507865 0.028320000000000012 0.09438999999999997
1 0.808595 0.679775 0.029289999999999927 0.09663
1 0.8095699999999999 0.8561799999999999 0.029299999999999993 0.09438000000000002
1 0.85547 0.852805 0.029299999999999993 0.09663
1 0.85596 0.67865 0.028320000000000012 0.09438000000000002
1 0.85596 0.5101100000000001 0.028320000000000012 0.09438000000000002
1 0.8574200000000001 0.33033999999999997 0.029299999999999993 0.09437999999999996
1 0.8574200000000001 0.15281 0.029299999999999993 0.09438
1 0.9033199999999999 0.84382 0.029299999999999993 0.09661999999999993
1 0.1709 0.149435 0.023440000000000016 0.09663000000000001
1 0.1709 0.322475 0.023440000000000016 0.09663
1 0.171875 0.49775500000000006 0.023430000000000006 0.09663000000000005
1 0.171875 0.673035 0.023430000000000006 0.09663
1 0.17334 0.84382 0.024419999999999997 0.09661999999999993
1 0.13427499999999998 0.8415699999999999 0.012690000000000007 0.08764000000000005
1 0.13184 0.669665 0.01171999999999998 0.08538999999999997
1 0.13184 0.49551 0.01171999999999998 0.08764
1 0.13135 0.32472 0.012699999999999989 0.08764
1 0.13135 0.148315 0.012699999999999989 0.08539000000000001
1 0.0913095 0.6696599999999999 0.04004099999999999 0.09887999999999997
1 0.091308 0.841575 0.03808400000000001 0.09212999999999993
1 0.08935599999999999 0.495505 0.038088 0.09212999999999999
1 0.08935599999999999 0.32472 0.038088 0.09214
1 0.0874045 0.14944 0.038091 0.09213999999999999
1 0.0317385 0.888765 0.030273 0.03371000000000002
1 0.0307615 0.8033699999999999 0.030273 0.03369999999999995
1 0.030273 0.71573 0.03125 0.03370000000000006
1 0.0288085 0.62809 0.030272999999999998 0.03369999999999995
1 0.028319999999999998 0.5426949999999999 0.03125 0.03371000000000002
1 0.028319999999999998 0.45281000000000005 0.03125 0.03370000000000001
1 0.028319999999999998 0.367415 0.03125 0.03371000000000002
1 0.0288085 0.28202499999999997 0.030272999999999998 0.03370999999999996
1 0.029785 0.19101 0.030273999999999995 0.031460000000000016
1 0.0317385 0.104495 0.030273 0.033710000000000004
1 0.90527 0.374155 0.029299999999999993 0.22247
1 0.905275 0.116853 0.027350000000000096 0.211234
2 0.9682649999999999 0.82809 0.053710000000000035 0.14606000000000008
8 0.0581055 0.505619 0.03222699999999999 0.975282
8 0.167965 0.504493 0.07030999999999998 0.986514
8 0.830565 0.506744 0.018550000000000066 0.977532
8 0.90381 0.503373 0.06738 0.984274
9 0.10156300000000001 0.240445 0.070314 0.07190999999999997
9 0.1020515 0.411235 0.06933700000000001 0.07190999999999997
9 0.1020515 0.047191 0.06933700000000001 0.07191
9 0.1030295 0.586515 0.06934099999999999 0.07190999999999992
9 0.10400299999999998 0.759555 0.06933399999999999 0.07191000000000003
9 0.106931 0.94382 0.067378 0.08987999999999996
9 0.0664065 0.94157 0.015624999999999993 0.11236000000000002
9 0.06347649999999999 0.758425 0.011718999999999993 0.09213000000000005
9 0.0625 0.5865199999999999 0.011718000000000006 0.09438000000000002
9 0.061523499999999995 0.41011 0.011719 0.09214
9 0.061035000000000006 0.23932499999999998 0.010742000000000008 0.09212999999999999
9 0.060547000000000004 0.0573036 0.013671999999999997 0.1101128
7 0.171385 0.23708 0.014649999999999996 0.060679999999999984
7 0.17285499999999998 0.048314699999999995 0.013669999999999988 0.0876406
7 0.172365 0.41236 0.014649999999999996 0.060679999999999956
7 0.173825 0.5876399999999999 0.013669999999999988 0.060679999999999956
7 0.173825 0.75955 0.013669999999999988 0.05842000000000003
7 0.17334 0.948315 0.022460000000000008 0.09887000000000001
7 0.025879 0.9573 0.014648000000000005 0.08089999999999997
7 0.024414 0.84382 0.019532 0.03820000000000001
7 0.0249025 0.758425 0.016601000000000005 0.047190000000000065
7 0.024414 0.670785 0.017578000000000003 0.047189999999999954
7 0.023926 0.5876399999999999 0.016602 0.04720000000000002
7 0.023926 0.49438000000000004 0.016602 0.044940000000000035
7 0.025391 0.413485 0.017578000000000003 0.04494999999999999
7 0.022949 0.32584 0.016602 0.044940000000000035
7 0.0219725 0.23820000000000002 0.016601 0.04494000000000001
7 0.023926 0.14607 0.016602 0.044939999999999994
7 0.024414 0.0415731 0.019532 0.0786518
10 0.9667950000000001 0.2539322 0.05859000000000003 0.4988756
