0 0.5092595 0.50146485 0.981481 0.9970703
1 0.22716000000000003 0.11426 0.07902 0.04687999999999999
1 0.36172499999999996 0.1132835 0.07900999999999997 0.04883299999999999
1 0.49815 0.111817 0.07777999999999996 0.049806
1 0.630865 0.111817 0.07901000000000002 0.049806
1 0.765435 0.110839 0.07901000000000002 0.049802
1 0.225925 0.925295 0.07901 0.04981000000000002
1 0.364815 0.9272450000000001 0.07777 0.04981000000000002
1 0.49753 0.9272450000000001 0.07901999999999998 0.04981000000000002
1 0.634565 0.9292 0.07900999999999991 0.049799999999999955
1 0.769135 0.92822 0.07901000000000002 0.049799999999999955
1 0.226545 0.231935 0.08025000000000002 0.03222999999999998
1 0.22531 0.309085 0.08024 0.03222999999999998
1 0.22716000000000003 0.36572499999999997 0.08148000000000002 0.032230000000000036
1 0.22593000000000002 0.433105 0.08148000000000002 0.03222999999999998
1 0.22593000000000002 0.5034150000000001 0.08148000000000002 0.032230000000000036
1 0.36049 0.23095500000000002 0.08148 0.03223000000000001
1 0.359875 0.30713 0.08025000000000004 0.030279999999999974
1 0.359875 0.36572499999999997 0.08025000000000004 0.030269999999999964
1 0.359875 0.433595 0.08025000000000004 0.03125
1 0.36111 0.501955 0.08023999999999998 0.031250000000000056
1 0.36358 0.560545 0.08023999999999998 0.03125
1 0.36111 0.6303700000000001 0.08023999999999998 0.030279999999999974
1 0.226545 0.630855 0.08025000000000002 0.03125
1 0.224075 0.561035 0.08024999999999999 0.030269999999999908
1 0.498145 0.23095500000000002 0.08025000000000004 0.03026999999999999
1 0.498145 0.308595 0.08025000000000004 0.03125
1 0.496915 0.36377000000000004 0.08024999999999999 0.03028000000000003
1 0.498145 0.433595 0.08025000000000004 0.03125
1 0.496915 0.504885 0.08024999999999999 0.031250000000000056
1 0.49568 0.562015 0.08024000000000003 0.03027000000000002
1 0.498145 0.631835 0.08025000000000004 0.03125
1 0.6302449999999999 0.23095500000000002 0.08025000000000004 0.03026999999999999
1 0.63148 0.308595 0.08023999999999998 0.03125
1 0.6327149999999999 0.364255 0.08025000000000004 0.03125
1 0.6327149999999999 0.434575 0.08025000000000004 0.03125
1 0.63395 0.50537 0.08023999999999998 0.03028000000000003
1 0.6327149999999999 0.564455 0.08025000000000004 0.03125
1 0.6327149999999999 0.632815 0.08025000000000004 0.03125
1 0.225925 0.700195 0.07901 0.03125
1 0.227775 0.756835 0.08025000000000002 0.03125
1 0.227775 0.833985 0.08025000000000002 0.03125
1 0.359875 0.835935 0.08025000000000004 0.03125
1 0.36234500000000003 0.756835 0.08024999999999999 0.03125
1 0.36111 0.70166 0.08023999999999998 0.030279999999999974
1 0.496915 0.702145 0.08024999999999999 0.03125
1 0.498145 0.756835 0.08025000000000004 0.03125
1 0.496915 0.835935 0.08024999999999999 0.03125
1 0.63395 0.837895 0.08023999999999998 0.03125
1 0.63395 0.756835 0.08023999999999998 0.03125
1 0.63395 0.704105 0.08023999999999998 0.03125
1 0.7679050000000001 0.835935 0.07900999999999991 0.03125
1 0.7679050000000001 0.756835 0.07900999999999991 0.03125
1 0.769755 0.70166 0.08025000000000004 0.030279999999999974
1 0.7685200000000001 0.632325 0.08023999999999998 0.03027000000000002
1 0.7685200000000001 0.559085 0.08023999999999998 0.030269999999999908
1 0.76605 0.504395 0.08024000000000009 0.030270000000000075
1 0.7679050000000001 0.434575 0.07900999999999991 0.03125
1 0.76605 0.23095500000000002 0.08024000000000009 0.03026999999999999
1 0.767285 0.364255 0.08024999999999993 0.03125
1 0.766665 0.308595 0.07901000000000002 0.03125
2 0.9358 0.26953499999999997 0.10863999999999996 0.03711000000000003
2 0.93704 0.458985 0.10864000000000007 0.03711000000000003
2 0.9395100000000001 0.624025 0.10863999999999996 0.03711000000000009
2 0.954935 0.11035 0.08024999999999993 0.03906
4 0.40432 0.1123055 0.008639999999999981 0.054689
4 0.405555 0.228515 0.011109999999999953 0.04297000000000001
4 0.40679 0.43359499999999995 0.011120000000000019 0.04297000000000001
4 0.405555 0.504395 0.011109999999999953 0.04199000000000003
4 0.405555 0.5625 0.011109999999999953 0.04296000000000011
4 0.405555 0.6333 0.011109999999999953 0.04200000000000004
4 0.403085 0.700685 0.011110000000000009 0.04198999999999997
4 0.405555 0.754885 0.011109999999999953 0.04296999999999995
4 0.405555 0.842775 0.011109999999999953 0.042970000000000064
4 0.26975499999999997 0.8369150000000001 0.011110000000000009 0.042970000000000064
4 0.27098500000000003 0.754885 0.011110000000000009 0.04296999999999995
4 0.268515 0.701175 0.011109999999999953 0.04296999999999995
4 0.27098500000000003 0.63086 0.011110000000000009 0.04296
4 0.27098500000000003 0.563475 0.011110000000000009 0.042970000000000064
4 0.26975499999999997 0.506345 0.011110000000000009 0.04199000000000003
4 0.26975499999999997 0.436525 0.011110000000000009 0.04296999999999995
4 0.27098500000000003 0.233395 0.011110000000000009 0.04297000000000001
4 0.537655 0.22998 0.011109999999999953 0.04199999999999998
4 0.540125 0.43066499999999996 0.011110000000000064 0.04297000000000001
4 0.541355 0.505375 0.011109999999999953 0.04199000000000003
4 0.541355 0.563475 0.011109999999999953 0.042970000000000064
4 0.5425949999999999 0.631345 0.011110000000000064 0.04199000000000008
4 0.5425949999999999 0.701175 0.011110000000000064 0.04296999999999995
4 0.541355 0.75586 0.011109999999999953 0.04296
4 0.541355 0.8369150000000001 0.011109999999999953 0.042970000000000064
4 0.6790149999999999 0.841305 0.012349999999999972 0.04198999999999997
4 0.678395 0.7583 0.011109999999999953 0.04200000000000004
4 0.67716 0.700685 0.011120000000000019 0.04198999999999997
4 0.67716 0.631345 0.011120000000000019 0.04199000000000008
4 0.67716 0.560055 0.011120000000000019 0.04198999999999997
4 0.6790149999999999 0.506835 0.012349999999999972 0.04297000000000001
4 0.675925 0.431155 0.011109999999999953 0.04198999999999997
4 0.673455 0.229495 0.011109999999999953 0.04296999999999998
4 0.40741 0.930175 0.00988 0.05761000000000005
4 0.541975 0.9292 0.009870000000000045 0.057620000000000005
4 0.6790099999999999 0.93115 0.00988 0.057620000000000005
4 0.5425949999999999 0.108401 0.011110000000000064 0.05859799999999998
4 0.678395 0.111814 0.011109999999999953 0.057612
5 0.252465 0.34033 0.07530999999999999 0.12598000000000004
5 0.394445 0.33740000000000003 0.07530999999999999 0.12598000000000004
5 0.528395 0.33887 0.07655 0.125
5 0.673455 0.336425 0.07530999999999999 0.12596999999999997
5 0.808025 0.33984 0.07530999999999999 0.125
5 0.803085 0.9292 0.04321000000000008 0.07909999999999995
3 0.166665 0.1123055 0.03456999999999999 0.054689
3 0.167905 0.927245 0.03456999999999999 0.053709999999999924
4 0.27963000000000005 0.111817 0.02345999999999998 0.05566599999999999
4 0.280245 0.927735 0.02468999999999999 0.054690000000000016
8 0.818515 0.5019512500000001 0.03456999999999999 0.9882775
10 0.91605 0.265135 0.15556000000000003 0.19629
10 0.916665 0.458985 0.15678999999999998 0.19141000000000002
10 0.90926 0.6333 0.17902000000000007 0.15722000000000003
10 0.90926 0.777345 0.17902000000000007 0.12890999999999997
10 0.9228400000000001 0.921385 0.15186 0.14355000000000007
