1 0.500000 0.500000 1.000000 1.000000
0 0.642090 0.640550 0.530273 0.702153
8 0.889160 0.916268 0.010742 0.069378
8 0.852539 0.916866 0.009766 0.070574
8 0.814941 0.916268 0.010742 0.069378
8 0.709961 0.916268 0.009766 0.069378
8 0.678223 0.916866 0.010742 0.070574
8 0.572266 0.916866 0.009766 0.070574
8 0.465820 0.916866 0.009766 0.070574
8 0.428223 0.916866 0.010742 0.070574
8 0.784668 0.915670 0.010742 0.070574
8 0.747559 0.915670 0.010742 0.070574
8 0.640137 0.915670 0.010742 0.070574
8 0.603027 0.915670 0.010742 0.070574
8 0.534668 0.915670 0.010742 0.070574
8 0.497559 0.916268 0.010742 0.071770
8 0.391113 0.915670 0.010742 0.070574
8 0.641113 0.783493 0.012695 0.071770
8 0.466797 0.782297 0.011719 0.069378
8 0.815430 0.781699 0.011719 0.070574
8 0.784180 0.781699 0.011719 0.070574
8 0.747559 0.781699 0.012695 0.070574
8 0.604492 0.781100 0.011719 0.069378
8 0.537109 0.781699 0.011719 0.070574
8 0.498535 0.781100 0.012695 0.069378
8 0.428223 0.781699 0.012695 0.070574
8 0.391602 0.781100 0.011719 0.069378
8 0.889160 0.781100 0.010742 0.071770
8 0.852539 0.781100 0.011719 0.071770
8 0.710449 0.781100 0.012695 0.071770
8 0.677246 0.780502 0.012695 0.070574
8 0.571777 0.781100 0.012695 0.071770
8 0.938477 0.727273 0.011719 0.114833
8 0.678223 0.653708 0.010742 0.068182
8 0.499023 0.654306 0.011719 0.069378
8 0.392578 0.653708 0.011719 0.068182
8 0.748047 0.653110 0.011719 0.069378
8 0.710938 0.653110 0.011719 0.069378
8 0.641113 0.653708 0.010742 0.070574
8 0.603516 0.653708 0.011719 0.070574
8 0.573242 0.653110 0.011719 0.069378
8 0.535645 0.653708 0.010742 0.070574
8 0.466309 0.653110 0.010742 0.069378
8 0.429199 0.653708 0.010742 0.070574
8 0.853516 0.652512 0.011719 0.070574
8 0.815918 0.652512 0.010742 0.070574
8 0.784180 0.652512 0.011719 0.070574
8 0.890625 0.651316 0.011719 0.070574
8 0.938477 0.579545 0.011719 0.111244
8 0.893066 0.529904 0.010742 0.074163
8 0.814453 0.529904 0.011719 0.074163
8 0.787109 0.529904 0.011719 0.074163
8 0.708984 0.529306 0.011719 0.072967
8 0.679688 0.529306 0.011719 0.072967
8 0.601562 0.529306 0.011719 0.072967
8 0.575684 0.528708 0.010742 0.074163
8 0.497070 0.528708 0.011719 0.074163
8 0.469238 0.528708 0.010742 0.074163
8 0.390625 0.528708 0.011719 0.074163
8 0.983398 0.449761 0.013672 0.047847
8 0.945312 0.450957 0.005859 0.050239
8 0.919922 0.510167 0.023438 0.252392
2 0.871094 0.919856 0.027344 0.066986
2 0.834473 0.919258 0.026367 0.065789
2 0.766113 0.918660 0.026367 0.064593
2 0.660156 0.919258 0.025391 0.065789
2 0.729492 0.918062 0.025391 0.065789
2 0.624023 0.918062 0.025391 0.065789
2 0.554199 0.918660 0.026367 0.066986
2 0.517578 0.918660 0.027344 0.066986
2 0.449707 0.919258 0.026367 0.068182
2 0.412109 0.919258 0.027344 0.068182
2 0.326660 0.903708 0.030273 0.070574
2 0.449219 0.785885 0.027344 0.062201
2 0.766113 0.785287 0.026367 0.063397
2 0.729492 0.785287 0.027344 0.063397
2 0.660645 0.784689 0.024414 0.062201
2 0.624023 0.784689 0.025391 0.062201
2 0.555176 0.785287 0.026367 0.063397
2 0.518066 0.784689 0.026367 0.062201
2 0.412598 0.784689 0.026367 0.062201
2 0.871582 0.784689 0.026367 0.064593
2 0.834473 0.784689 0.026367 0.064593
2 0.326660 0.772129 0.032227 0.070574
2 0.872070 0.656100 0.027344 0.063397
2 0.834473 0.656100 0.026367 0.063397
2 0.766602 0.656100 0.027344 0.063397
2 0.729980 0.656100 0.026367 0.063397
2 0.660645 0.656100 0.026367 0.063397
2 0.624023 0.656100 0.027344 0.063397
2 0.555664 0.656100 0.027344 0.063397
2 0.519043 0.656100 0.026367 0.063397
2 0.449707 0.656100 0.026367 0.063397
2 0.412598 0.656100 0.026367 0.063397
2 0.326172 0.639952 0.031250 0.062201
2 0.236816 0.639952 0.032227 0.062201
2 0.959961 0.575957 0.031250 0.072967
2 0.729980 0.534689 0.026367 0.062201
2 0.554688 0.534689 0.027344 0.062201
2 0.872070 0.534091 0.027344 0.063397
2 0.835449 0.534091 0.026367 0.063397
2 0.766113 0.534091 0.026367 0.063397
2 0.659668 0.534091 0.026367 0.063397
2 0.623047 0.533493 0.027344 0.062201
2 0.518555 0.534091 0.027344 0.063397
2 0.448242 0.534091 0.027344 0.063397
2 0.412109 0.534091 0.027344 0.063397
2 0.236816 0.516148 0.032227 0.061005
2 0.325195 0.513158 0.031250 0.059809
2 0.962402 0.438397 0.028320 0.065789
2 0.873047 0.412081 0.029297 0.061005
2 0.834961 0.412081 0.029297 0.061005
2 0.766602 0.412081 0.029297 0.061005
2 0.729492 0.412679 0.029297 0.062201
2 0.660156 0.412679 0.029297 0.062201
2 0.621582 0.412679 0.030273 0.062201
2 0.555664 0.412081 0.029297 0.061005
2 0.518066 0.412679 0.030273 0.062201
2 0.448242 0.412081 0.029297 0.061005
2 0.409180 0.411483 0.029297 0.062201
2 0.235352 0.394737 0.035156 0.064593
2 0.324707 0.392344 0.057617 0.062201
2 0.164062 0.394139 0.033203 0.065789
3 0.894043 0.955144 0.018555 0.010766
3 0.854004 0.955144 0.006836 0.010766
3 0.802734 0.955144 0.037109 0.010766
3 0.693848 0.955144 0.032227 0.010766
3 0.588379 0.955144 0.030273 0.010766
3 0.536133 0.955144 0.009766 0.010766
3 0.480469 0.955144 0.035156 0.010766
3 0.431152 0.955144 0.010742 0.010766
3 0.389160 0.955144 0.018555 0.010766
3 0.898926 0.823565 0.012695 0.015550
3 0.800781 0.823565 0.023438 0.015550
3 0.696289 0.823565 0.023438 0.015550
3 0.584961 0.823565 0.017578 0.015550
3 0.479004 0.823565 0.018555 0.015550
3 0.642090 0.691986 0.524414 0.015550
3 0.643066 0.577153 0.526367 0.029904
3 0.643555 0.470096 0.525391 0.052632
3 0.641602 0.337321 0.521484 0.050239
9 0.981934 0.397129 0.028320 0.016746
9 0.944336 0.405502 0.031250 0.033493
4 0.745605 0.859450 0.100586 0.046651
4 0.852051 0.858852 0.098633 0.047847
4 0.638184 0.859450 0.104492 0.049043
4 0.532227 0.859450 0.105469 0.049043
4 0.429199 0.858254 0.098633 0.046651
4 0.852539 0.723086 0.095703 0.051435
4 0.639160 0.722488 0.100586 0.050239
4 0.430176 0.722488 0.098633 0.050239
4 0.746582 0.721292 0.098633 0.050239
4 0.532227 0.721890 0.101562 0.051435
4 0.323242 0.717703 0.070312 0.050239
4 0.852051 0.604665 0.098633 0.032297
4 0.746094 0.605263 0.099609 0.033493
4 0.639648 0.605263 0.101562 0.033493
4 0.533691 0.605263 0.100586 0.033493
4 0.430176 0.605263 0.096680 0.033493
4 0.231934 0.593301 0.063477 0.047847
4 0.322754 0.592105 0.063477 0.047847
7 0.326660 0.953349 0.040039 0.026316
7 0.853027 0.828947 0.090820 0.023923
7 0.747559 0.828947 0.090820 0.023923
7 0.662109 0.827751 0.044922 0.023923
7 0.616211 0.827751 0.044922 0.023923
7 0.533691 0.827751 0.090820 0.023923
7 0.426270 0.828349 0.090820 0.025120
7 0.326172 0.819378 0.048828 0.023923
7 0.325684 0.682416 0.049805 0.022727
7 0.239258 0.682416 0.048828 0.022727
7 0.235352 0.558014 0.048828 0.022727
7 0.325195 0.555024 0.048828 0.023923
5 0.874023 0.965909 0.037109 0.025120
5 0.446289 0.965909 0.037109 0.025120
5 0.408203 0.965909 0.037109 0.025120
5 0.832520 0.964713 0.036133 0.025120
5 0.554688 0.964713 0.037109 0.025120
5 0.516113 0.964713 0.036133 0.025120
5 0.765625 0.963517 0.037109 0.025120
5 0.728027 0.963517 0.036133 0.025120
5 0.640625 0.964115 0.074219 0.026316
5 0.959473 0.625000 0.041992 0.025120
5 0.962402 0.485048 0.032227 0.027512
