1 0.500000 0.500000 1.000000 1.000000
0 0.563965 0.520854 0.762695 0.910626
6 0.647949 0.880834 0.024414 0.017875
6 0.647949 0.857994 0.016602 0.017875
6 0.104492 0.827706 0.119141 0.034757
8 0.563965 0.248262 0.090820 0.218471
8 0.812012 0.247269 0.057617 0.220457
8 0.695312 0.247269 0.085938 0.220457
8 0.314453 0.246773 0.066406 0.221450
8 0.433594 0.246276 0.091797 0.222443
2 0.233887 0.934955 0.053711 0.052632
2 0.364746 0.935452 0.055664 0.055611
2 0.757812 0.934459 0.054688 0.055611
2 0.596191 0.815789 0.018555 0.044687
2 0.571289 0.814796 0.021484 0.044687
2 0.546387 0.815293 0.020508 0.045680
2 0.236328 0.806356 0.054688 0.069513
2 0.888672 0.804369 0.054688 0.069513
2 0.366699 0.805362 0.055664 0.071500
2 0.761719 0.803873 0.054688 0.070506
2 0.648926 0.804369 0.026367 0.071500
2 0.478027 0.804866 0.026367 0.072493
2 0.088867 0.736842 0.089844 0.079444
2 0.239258 0.670308 0.054688 0.071500
2 0.369629 0.669315 0.055664 0.071500
2 0.759766 0.668322 0.054688 0.071500
2 0.890625 0.667329 0.054688 0.071500
2 0.496094 0.667329 0.054688 0.071500
2 0.630371 0.666336 0.055664 0.071500
2 0.087402 0.599305 0.092773 0.072493
2 0.758789 0.529791 0.054688 0.068520
2 0.628906 0.529295 0.054688 0.067527
2 0.497559 0.529791 0.055664 0.068520
2 0.890625 0.528798 0.054688 0.068520
2 0.365234 0.529295 0.054688 0.069513
2 0.237305 0.529791 0.054688 0.070506
2 0.086426 0.466733 0.094727 0.071500
2 0.891602 0.391758 0.054688 0.066534
2 0.630371 0.392254 0.055664 0.067527
2 0.500488 0.392254 0.055664 0.067527
2 0.367676 0.392254 0.055664 0.067527
2 0.760742 0.391758 0.054688 0.068520
2 0.237793 0.391261 0.055664 0.069513
2 0.085938 0.332671 0.097656 0.073486
2 0.892578 0.255214 0.054688 0.067527
2 0.761230 0.255214 0.055664 0.067527
2 0.630859 0.255710 0.054688 0.068520
2 0.370605 0.255214 0.055664 0.067527
2 0.238770 0.255710 0.055664 0.068520
2 0.502441 0.256703 0.055664 0.072493
2 0.085938 0.201589 0.097656 0.071500
2 0.891113 0.130089 0.055664 0.041708
2 0.242676 0.130089 0.055664 0.041708
2 0.760742 0.131579 0.052734 0.046673
2 0.370605 0.131579 0.053711 0.046673
2 0.631836 0.130089 0.054688 0.045680
2 0.500488 0.130586 0.053711 0.046673
2 0.130371 0.087388 0.092773 0.023833
2 0.020508 0.087885 0.041016 0.024826
3 0.929199 0.936445 0.024414 0.069513
3 0.733398 0.936445 0.257812 0.069513
3 0.363281 0.936445 0.349609 0.069513
3 0.562500 0.739821 0.751953 0.081430
3 0.865234 0.336147 0.154297 0.052632
3 0.486328 0.336147 0.599609 0.052632
3 0.887695 0.170804 0.099609 0.051639
3 0.759766 0.170804 0.097656 0.051639
3 0.629883 0.156902 0.097656 0.023833
3 0.500000 0.170804 0.097656 0.051639
3 0.368652 0.170804 0.098633 0.051639
3 0.236816 0.170804 0.100586 0.051639
3 0.564453 0.083416 0.750000 0.023833
11 0.889648 0.934459 0.054688 0.079444
11 0.571289 0.910626 0.066406 0.123138
9 0.630859 0.192651 0.048828 0.047666
9 0.760742 0.191162 0.048828 0.048659
9 0.500000 0.191658 0.050781 0.049652
9 0.370605 0.191658 0.049805 0.049652
4 0.626465 0.609732 0.100586 0.043694
4 0.495605 0.609732 0.100586 0.045680
7 0.477539 0.846574 0.033203 0.010924
7 0.364746 0.847071 0.065430 0.011917
7 0.234863 0.847071 0.065430 0.011917
7 0.647949 0.845084 0.034180 0.009930
7 0.889160 0.846574 0.063477 0.014896
7 0.760254 0.845581 0.065430 0.012910
7 0.236328 0.570506 0.062500 0.010924
7 0.759277 0.571003 0.067383 0.013903
7 0.498047 0.569513 0.060547 0.010924
7 0.366211 0.570010 0.060547 0.011917
7 0.888672 0.571500 0.064453 0.016882
7 0.627930 0.569513 0.066406 0.012910
7 0.760254 0.432969 0.063477 0.013903
7 0.629395 0.432473 0.061523 0.012910
7 0.499023 0.432969 0.062500 0.013903
7 0.367188 0.432473 0.064453 0.012910
7 0.236816 0.432473 0.063477 0.012910
7 0.889648 0.433466 0.060547 0.016882
7 0.629883 0.295432 0.062500 0.010924
7 0.237793 0.296922 0.063477 0.013903
7 0.889648 0.296922 0.064453 0.015889
7 0.760254 0.295432 0.059570 0.012910
7 0.499023 0.295432 0.060547 0.012910
7 0.368652 0.295432 0.061523 0.012910
