0 0.4898865 0.20528999999999997 0.952807 0.18661999999999998
0 0.4876415 0.44168 0.948317 0.28304000000000007
0 0.54157 0.81026 0.8314600000000001 0.22084000000000004
1 0.14382 0.25972 0.06742 0.028000000000000025
1 0.14382 0.20451 0.06742 0.02954000000000001
1 0.14607 0.15008 0.06742 0.02643999999999999
1 0.3 0.26049500000000003 0.08313999999999999 0.02955000000000002
1 0.30112 0.206845 0.08089999999999997 0.027990000000000015
1 0.30112 0.15007500000000001 0.08089999999999997 0.029549999999999993
1 0.45393 0.26205500000000004 0.08089999999999997 0.02955000000000002
1 0.455055 0.207625 0.08315 0.029549999999999993
1 0.455055 0.15241 0.08315 0.027999999999999997
1 0.6011249999999999 0.26205500000000004 0.07865 0.02955000000000002
1 0.598875 0.209175 0.07865 0.02955000000000002
1 0.6022449999999999 0.15318500000000002 0.07640999999999998 0.029549999999999993
1 0.7348349999999999 0.264385 0.07191000000000003 0.031110000000000027
1 0.7359549999999999 0.210735 0.07415000000000005 0.029549999999999993
1 0.7359549999999999 0.15863 0.07415000000000005 0.03109999999999999
1 0.14944 0.443235 0.08763999999999998 0.037329999999999974
1 0.150565 0.362365 0.08539 0.037329999999999974
1 0.148315 0.51944 0.08539000000000001 0.03732000000000002
1 0.55955 0.365475 0.08539999999999992 0.03420999999999996
1 0.56067 0.44245500000000004 0.08763999999999994 0.035770000000000024
1 0.28651499999999996 0.364695 0.08315 0.03576999999999997
1 0.28651499999999996 0.440125 0.08315 0.037329999999999974
1 0.28427 0.52255 0.08314000000000002 0.03732000000000002
1 0.42022499999999996 0.366255 0.08539000000000002 0.04198999999999997
1 0.42022499999999996 0.442455 0.08539000000000002 0.04198999999999997
1 0.416855 0.518665 0.08315 0.04199000000000003
1 0.55955 0.524105 0.08539999999999992 0.04043000000000008
1 0.704495 0.36624999999999996 0.09213000000000005 0.03887999999999997
1 0.704495 0.44479 0.09213000000000005 0.037319999999999964
1 0.70337 0.5209950000000001 0.08988000000000007 0.037329999999999974
1 0.29888000000000003 0.745725 0.08090000000000003 0.029549999999999965
1 0.29888000000000003 0.812595 0.08090000000000003 0.029550000000000076
1 0.29888000000000003 0.874805 0.08090000000000003 0.029550000000000076
1 0.43932499999999997 0.744165 0.08315 0.029549999999999965
1 0.44045 0.811045 0.08089999999999997 0.029549999999999965
1 0.43932499999999997 0.87714 0.08315 0.028000000000000025
1 0.588765 0.8763650000000001 0.07640999999999998 0.029550000000000076
1 0.588765 0.811045 0.07640999999999998 0.029549999999999965
1 0.59101 0.747275 0.07640000000000002 0.029549999999999965
1 0.73483 0.874805 0.08089999999999997 0.029550000000000076
1 0.73483 0.812595 0.08089999999999997 0.029550000000000076
1 0.73483 0.745725 0.08089999999999997 0.029549999999999965
1 0.72472 0.618975 0.09214 0.021769999999999956
1 0.723595 0.64852 0.09438999999999997 0.01866000000000001
1 0.72472 0.677295 0.09214 0.02021000000000006
1 0.1101145 0.709175 0.026970999999999995 0.012450000000000072
1 0.11573 0.7527200000000001 0.02922000000000001 0.012439999999999896
1 0.33708 0.66952 0.05842000000000003 0.02644000000000002
1 0.460675 0.66252 0.05842999999999998 0.024880000000000013
1 0.579775 0.6656299999999999 0.05842999999999998 0.024879999999999902
2 0.892135 0.44867999999999997 0.13483 0.03265999999999997
2 0.888765 0.891135 0.12358999999999998 0.03110999999999997
2 0.8999999999999999 0.790045 0.09662000000000004 0.02489000000000008
4 0.34157000000000004 0.742615 0.013479999999999992 0.05442999999999998
4 0.34382 0.8071550000000001 0.013479999999999992 0.052870000000000084
4 0.339325 0.871695 0.013490000000000002 0.05442999999999998
4 0.483145 0.874805 0.013490000000000002 0.05443000000000009
4 0.48202 0.809485 0.011240000000000028 0.05442999999999998
4 0.48763999999999996 0.744165 0.013479999999999992 0.05442999999999998
4 0.195505 0.520215 0.013490000000000002 0.05442999999999998
4 0.19775 0.442455 0.013479999999999992 0.05442999999999998
4 0.33033999999999997 0.520215 0.013479999999999992 0.05442999999999998
4 0.332585 0.44167999999999996 0.013490000000000002 0.05287999999999998
4 0.33482999999999996 0.36080999999999996 0.013479999999999992 0.05287999999999998
4 0.46517 0.364695 0.013479999999999992 0.05442999999999998
4 0.46517 0.439345 0.013479999999999992 0.05442999999999998
4 0.467415 0.51944 0.013490000000000002 0.05288000000000004
4 0.6067400000000001 0.52255 0.013480000000000047 0.05287999999999998
4 0.6089899999999999 0.442455 0.013480000000000047 0.05442999999999998
4 0.607865 0.363145 0.011230000000000073 0.05442999999999998
4 0.18427 0.14697 0.01348000000000002 0.0451
4 0.18427 0.202955 0.01348000000000002 0.04510999999999998
4 0.18202000000000002 0.25583 0.01348000000000002 0.04510000000000003
4 0.34719 0.14852500000000002 0.011240000000000028 0.04821
4 0.34719 0.202955 0.011240000000000028 0.04821
4 0.344945 0.257385 0.011229999999999962 0.04821000000000003
4 0.49775 0.15007500000000001 0.011239999999999972 0.04821
4 0.49775 0.206065 0.011239999999999972 0.04821
4 0.495505 0.257385 0.011230000000000018 0.04821000000000003
4 0.641575 0.25972 0.011230000000000073 0.046660000000000035
4 0.642695 0.20684000000000002 0.008990000000000054 0.04666000000000001
4 0.642695 0.15085500000000002 0.008990000000000054 0.04665
5 0.61798 0.6438550000000001 0.06291999999999998 0.11197000000000001
5 0.202245 0.80793 0.05843000000000001 0.21617999999999993
5 0.042697 0.20451 0.049438 0.18195999999999996
5 0.0404495 0.44089999999999996 0.044943000000000004 0.27838
5 0.602245 0.9642299999999999 0.05842999999999998 0.06842000000000004
6 0.151685 0.370915 0.08314999999999999 0.01710999999999996
6 0.14944000000000002 0.35458500000000004 0.08314000000000002 0.015550000000000008
6 0.150565 0.41291 0.08988999999999998 0.020220000000000016
6 0.14944 0.465785 0.08763999999999998 0.01710999999999996
6 0.148315 0.510885 0.08539000000000001 0.01710999999999996
6 0.148315 0.527995 0.08539000000000001 0.01710999999999996
6 0.28876 0.33515 0.08764 0.020220000000000016
6 0.28764 0.38802499999999995 0.08540000000000003 0.013990000000000002
6 0.28652 0.41291 0.08764000000000002 0.020220000000000016
6 0.285395 0.449455 0.08539 0.018669999999999964
6 0.28427 0.49145 0.08764 0.01866000000000001
6 0.28202 0.546655 0.08764000000000002 0.013989999999999947
6 0.41910000000000003 0.33359 0.08764 0.020220000000000016
6 0.41685 0.391135 0.08764000000000005 0.01089000000000001
6 0.41910000000000003 0.41213 0.08764 0.01866000000000001
6 0.417975 0.46889499999999995 0.08539000000000002 0.013990000000000002
3 0.5427 0.74417 0.024719999999999964 0.05132000000000003
3 0.539325 0.80871 0.0224700000000001 0.05287999999999993
3 0.535955 0.87247 0.02471000000000001 0.05288000000000004
3 0.6842699999999999 0.74417 0.024719999999999964 0.05132000000000003
3 0.6842699999999999 0.8056 0.024719999999999964 0.05288000000000004
3 0.685395 0.874805 0.02246999999999999 0.05132999999999999
8 0.07977500000000001 0.202955 0.033708 0.17884999999999995
8 0.077528 0.44167999999999996 0.02921399999999999 0.2675
8 0.24494 0.808705 0.031460000000000016 0.2115100000000001
8 0.633705 0.8063750000000001 0.02246999999999999 0.21306999999999998
8 0.782025 0.809485 0.02246999999999999 0.21306999999999998
10 0.38202 0.202955 0.044940000000000035 0.08865
10 0.53146 0.203735 0.04270000000000007 0.15863000000000002
10 0.82809 0.213065 0.03820000000000001 0.15241000000000002
10 0.8775299999999999 0.173405 0.05618000000000001 0.07621
10 0.878655 0.26205 0.05842999999999998 0.057540000000000036
10 0.89101 0.22472999999999999 0.08313999999999999 0.013999999999999985
10 0.767415 0.43857 0.042690000000000006 0.26750000000000007
10 0.86854 0.37170000000000003 0.12359999999999993 0.07153999999999999
10 0.8707849999999999 0.31726 0.042690000000000006 0.01866000000000001
10 0.876405 0.41835 0.05393000000000003 0.01866000000000001
10 0.876405 0.473565 0.05393000000000003 0.017110000000000014
10 0.858425 0.52644 0.10786999999999991 0.06997999999999999
10 0.86854 0.573095 0.04269999999999996 0.01710999999999996
10 0.8011250000000001 0.636855 0.03371000000000002 0.10109000000000001
10 0.8303400000000001 0.651635 0.024719999999999964 0.037329999999999974
2 0.902245 0.648525 0.11460999999999999 0.04354999999999998
10 0.88652 0.835145 0.05618000000000001 0.055989999999999984
10 0.8853949999999999 0.742615 0.05392999999999992 0.05442999999999998
10 0.874155 0.96034 0.10787000000000002 0.06998000000000004
10 0.7516849999999999 0.977445 0.038209999999999966 0.04198999999999997
6 0.41685 0.49067 0.08764000000000005 0.017100000000000004
6 0.41685 0.54899 0.08764000000000005 0.015560000000000018
6 0.55955 0.35692 0.08539999999999992 0.017100000000000004
6 0.55955 0.37324999999999997 0.08539999999999992 0.015559999999999963
6 0.560675 0.43545500000000004 0.08314999999999995 0.015550000000000008
6 0.560675 0.452565 0.08314999999999995 0.015550000000000008
6 0.5573049999999999 0.492225 0.08538999999999997 0.02021000000000006
6 0.55618 0.548215 0.08763999999999994 0.01710999999999996
6 0.7 0.445565 0.07416 0.02955000000000002
6 0.723595 0.61975 0.08539000000000008 0.017100000000000004
6 0.72247 0.647745 0.0831400000000001 0.01710999999999996
6 0.72247 0.676515 0.0831400000000001 0.015549999999999953
6 0.29888000000000003 0.768275 0.08090000000000003 0.015550000000000064
6 0.297755 0.7869349999999999 0.07865 0.015550000000000064
6 0.29888000000000003 0.8195950000000001 0.08090000000000003 0.015550000000000064
6 0.29888000000000003 0.866255 0.08090000000000003 0.015549999999999953
6 0.29663 0.881805 0.08089999999999997 0.015550000000000064
6 0.43820000000000003 0.752725 0.08090000000000003 0.015549999999999953
6 0.43820000000000003 0.73717 0.08090000000000003 0.015560000000000018
6 0.44045 0.783825 0.08089999999999997 0.015549999999999953
6 0.43820000000000003 0.833595 0.08090000000000003 0.015549999999999953
6 0.43820000000000003 0.849145 0.08090000000000003 0.015550000000000064
6 0.437075 0.898915 0.07865 0.015549999999999953
6 0.59101 0.736395 0.08089999999999997 0.01710999999999996
6 0.59101 0.76905 0.08089999999999997 0.017100000000000004
6 0.59101 0.7861549999999999 0.08089999999999997 0.01711000000000007
6 0.59101 0.851475 0.08089999999999997 0.01710999999999996
6 0.589885 0.896575 0.07865 0.01710999999999996
6 0.7359549999999999 0.719285 0.07865 0.01711000000000007
6 0.73708 0.770605 0.08090000000000008 0.01710999999999996
6 0.738205 0.784605 0.07865000000000011 0.01710999999999996
6 0.7359549999999999 0.849925 0.07865 0.01711000000000007
6 0.7359549999999999 0.896575 0.07865 0.01710999999999996
6 0.142695 0.15007500000000001 0.06066999999999999 0.02332999999999999
6 0.144945 0.20529 0.06516999999999999 0.024880000000000013
6 0.451685 0.15241 0.07191000000000003 0.024879999999999985
6 0.451685 0.2084 0.07191000000000003 0.024880000000000013
6 0.451685 0.26205 0.07191000000000003 0.02644000000000002
