4 0.278571 0.858398 0.533333 0.271484
4 0.779762 0.852539 0.435714 0.283203
0 0.925000 0.636230 0.083333 0.149414
0 0.624405 0.636230 0.084524 0.149414
0 0.462500 0.637207 0.084524 0.155273
0 0.778571 0.634277 0.083333 0.153320
0 0.280357 0.631836 0.084524 0.154297
0 0.102381 0.632324 0.083333 0.155273
0 0.922619 0.410645 0.080952 0.120117
0 0.622024 0.407715 0.082143 0.125977
0 0.776190 0.407715 0.080952 0.129883
0 0.283929 0.405273 0.082143 0.128906
0 0.461310 0.404785 0.082143 0.129883
0 0.102976 0.399902 0.082143 0.129883
0 0.623810 0.195312 0.080952 0.117188
0 0.926190 0.197266 0.080952 0.125000
0 0.772619 0.196289 0.080952 0.125000
0 0.108333 0.193359 0.069048 0.119141
0 0.459524 0.193848 0.080952 0.122070
0 0.284524 0.193848 0.080952 0.122070
1 0.779762 0.047363 0.440476 0.084961
1 0.270833 0.042969 0.532143 0.082031
7 0.360714 0.060059 0.045238 0.086914
7 0.974405 0.059082 0.046429 0.086914
7 0.709524 0.059082 0.045238 0.086914
7 0.195238 0.059082 0.045238 0.086914
7 0.513095 0.057129 0.045238 0.086914
7 0.836905 0.056152 0.045238 0.086914
7 0.584524 0.054199 0.045238 0.086914
7 0.034524 0.054199 0.045238 0.086914
5 0.775000 0.480957 0.097619 0.016602
5 0.929762 0.478516 0.097619 0.015625
5 0.622024 0.479004 0.096429 0.016602
5 0.460119 0.478027 0.096429 0.016602
5 0.284524 0.478027 0.097619 0.016602
5 0.110119 0.473145 0.096429 0.016602
5 0.925000 0.268066 0.097619 0.016602
5 0.773214 0.267090 0.096429 0.016602
5 0.464881 0.262695 0.096429 0.015625
5 0.288095 0.262695 0.097619 0.015625
5 0.624405 0.262207 0.096429 0.016602
5 0.107143 0.261230 0.097619 0.016602
