4 0.737630 0.948242 0.042969 0.056641
4 0.652995 0.947266 0.042969 0.054688
4 0.567708 0.947754 0.044271 0.057617
4 0.387370 0.947754 0.042969 0.057617
4 0.817708 0.773926 0.067708 0.022461
6 0.865234 0.875000 0.024740 0.117188
6 0.779297 0.875488 0.024740 0.118164
6 0.880208 0.729492 0.015625 0.062500
6 0.849609 0.729492 0.014323 0.062500
6 0.794271 0.729492 0.015625 0.062500
6 0.763021 0.733887 0.015625 0.071289
6 0.709635 0.732910 0.015625 0.069336
6 0.677083 0.733887 0.015625 0.071289
6 0.623698 0.733398 0.015625 0.070312
6 0.537760 0.733398 0.015625 0.070312
6 0.592448 0.732910 0.015625 0.071289
6 0.391927 0.724609 0.015625 0.074219
6 0.409505 0.724121 0.016927 0.075195
6 0.335286 0.724121 0.016927 0.075195
6 0.317057 0.724121 0.016927 0.075195
6 0.476562 0.545898 0.062500 0.167969
6 0.311849 0.545410 0.032552 0.168945
6 0.281901 0.544922 0.027344 0.167969
0 0.737630 0.851562 0.042969 0.058594
0 0.652344 0.851074 0.041667 0.057617
0 0.567057 0.850586 0.042969 0.058594
0 0.388021 0.851074 0.044271 0.059570
0 0.909505 0.741699 0.042969 0.061523
0 0.822917 0.734863 0.041667 0.051758
0 0.737630 0.738281 0.042969 0.058594
0 0.652344 0.739258 0.041667 0.060547
0 0.566406 0.738770 0.041667 0.059570
0 0.366536 0.729004 0.045573 0.061523
0 0.908203 0.625488 0.042969 0.057617
0 0.822917 0.625000 0.041667 0.056641
0 0.736979 0.624512 0.041667 0.055664
0 0.650391 0.624512 0.042969 0.055664
0 0.565755 0.624023 0.042969 0.056641
0 0.388672 0.634277 0.042969 0.081055
0 0.909505 0.520020 0.042969 0.057617
0 0.822917 0.519531 0.041667 0.056641
0 0.736979 0.519531 0.041667 0.056641
0 0.650391 0.519531 0.042969 0.056641
0 0.564453 0.519531 0.042969 0.056641
0 0.388021 0.517090 0.041667 0.057617
0 0.385417 0.355469 0.026042 0.019531
1 0.934245 0.908203 0.123698 0.013672
1 0.853516 0.908203 0.006510 0.013672
1 0.791667 0.908203 0.010417 0.013672
1 0.521484 0.908203 0.498698 0.013672
1 0.936198 0.802246 0.119792 0.032227
1 0.518880 0.802246 0.498698 0.032227
1 0.942057 0.686523 0.108073 0.031250
1 0.866536 0.673340 0.006510 0.004883
1 0.778646 0.673828 0.005208 0.005859
1 0.693359 0.686523 0.016927 0.031250
1 0.605469 0.673828 0.007812 0.005859
1 0.399740 0.686523 0.260417 0.031250
1 0.631510 0.437988 0.726562 0.071289
9 0.823568 0.913086 0.053385 0.105469
7 0.822917 0.832031 0.065104 0.039062
7 0.477214 0.655762 0.061198 0.034180
7 0.292318 0.652344 0.042969 0.029297
7 0.383464 0.394531 0.048177 0.015625
2 0.604167 0.687988 0.177083 0.022461
2 0.823568 0.687500 0.259115 0.025391
2 0.908203 0.574219 0.082031 0.029297
2 0.822266 0.573730 0.079427 0.028320
2 0.734375 0.574707 0.080729 0.030273
2 0.647786 0.574707 0.082031 0.030273
2 0.562500 0.574707 0.083333 0.030273
2 0.384115 0.572754 0.085938 0.030273
2 0.648438 0.481934 0.080729 0.014648
2 0.560547 0.481934 0.082031 0.014648
2 0.821615 0.480469 0.078125 0.013672
2 0.734375 0.480469 0.080729 0.013672
2 0.908203 0.479492 0.082031 0.013672
2 0.383464 0.479004 0.084635 0.016602
5 0.734375 0.893555 0.072917 0.025391
5 0.385417 0.893555 0.072917 0.025391
5 0.651042 0.892578 0.072917 0.025391
5 0.563802 0.892578 0.072917 0.025391
5 0.364583 0.772949 0.052083 0.026367
5 0.910807 0.666016 0.082031 0.023438
5 0.822266 0.665039 0.082031 0.023438
5 0.736328 0.665039 0.079427 0.025391
5 0.649089 0.665039 0.079427 0.025391
5 0.561849 0.665039 0.079427 0.025391
3 0.650391 0.780762 0.082031 0.022461
3 0.562500 0.780273 0.080729 0.023438
3 0.728516 0.779297 0.063802 0.023438
3 0.826172 0.788574 0.126302 0.055664
