0 0.536745 0.674315 0.75591 0.15527000000000002
1 0.22047 0.284665 0.0315 0.036129999999999995
1 0.29331 0.28662 0.030179999999999985 0.036140000000000005
1 0.36614 0.284665 0.03150000000000003 0.036129999999999995
1 0.43701 0.285645 0.03149999999999997 0.036129999999999995
1 0.51181 0.28662 0.03150000000000003 0.036140000000000005
1 0.58202 0.285645 0.030179999999999985 0.036129999999999995
1 0.6574800000000001 0.285645 0.03149999999999997 0.036129999999999995
1 0.72966 0.28662 0.03149999999999997 0.036140000000000005
1 0.800525 0.287595 0.03149000000000002 0.036129999999999995
1 0.218505 0.134275 0.030189999999999995 0.03613000000000001
1 0.29134 0.134765 0.03149999999999997 0.03711000000000002
1 0.36483 0.134765 0.03149999999999997 0.03711000000000002
1 0.43832 0.13525500000000001 0.03149999999999997 0.03613000000000001
1 0.5105 0.13623 0.03149999999999997 0.03613999999999999
1 0.58399 0.13525500000000001 0.031500000000000083 0.03613000000000001
1 0.6561699999999999 0.13623 0.03149999999999997 0.03613999999999999
1 0.72769 0.137205 0.030179999999999985 0.036129999999999995
1 0.80118 0.137205 0.030180000000000096 0.036129999999999995
1 0.29659 0.711425 0.03150000000000003 0.036129999999999995
1 0.36811 0.711425 0.030179999999999985 0.036129999999999995
1 0.44226 0.71045 0.03149999999999997 0.03613999999999995
1 0.5131249999999999 0.711915 0.03148999999999996 0.035150000000000015
1 0.5846450000000001 0.7109399999999999 0.03019000000000005 0.03515999999999997
1 0.654855 0.709965 0.03149000000000002 0.037109999999999976
1 0.72638 0.711425 0.030179999999999985 0.036129999999999995
1 0.7965899999999999 0.709965 0.03149999999999997 0.037109999999999976
1 0.22899999999999998 0.712405 0.030180000000000012 0.036129999999999995
1 0.29659 0.6333 0.03150000000000003 0.022460000000000035
1 0.368765 0.6328100000000001 0.03149000000000002 0.023440000000000016
1 0.4416 0.6333 0.030179999999999985 0.022460000000000035
1 0.51247 0.63232 0.03018000000000004 0.022459999999999924
1 0.5846450000000001 0.63232 0.03019000000000005 0.022459999999999924
1 0.6561699999999999 0.63232 0.03149999999999997 0.022459999999999924
1 0.72638 0.6313500000000001 0.030179999999999985 0.022460000000000035
1 0.797245 0.6313500000000001 0.03018999999999994 0.022460000000000035
1 0.22899999999999998 0.87988 0.030180000000000012 0.023439999999999905
1 0.230315 0.91699 0.030189999999999995 0.023440000000000016
1 0.230315 0.95166 0.030189999999999995 0.022460000000000035
1 0.298555 0.87988 0.030189999999999995 0.023439999999999905
1 0.37139 0.87842 0.03149999999999997 0.022460000000000035
1 0.298555 0.95166 0.030189999999999995 0.022460000000000035
1 0.372705 0.95068 0.03149000000000002 0.022460000000000035
1 0.4416 0.94922 0.030179999999999985 0.023440000000000016
1 0.44291499999999995 0.87939 0.030189999999999995 0.022459999999999924
1 0.51509 0.876465 0.030179999999999985 0.02246999999999999
1 0.51509 0.9487300000000001 0.030179999999999985 0.022460000000000035
1 0.586615 0.87451 0.03149000000000002 0.022459999999999924
1 0.5852999999999999 0.9477500000000001 0.03149999999999997 0.022460000000000035
1 0.65551 0.87549 0.030179999999999985 0.022459999999999924
1 0.72638 0.87451 0.030179999999999985 0.022459999999999924
1 0.228345 0.671875 0.028870000000000007 0.027349999999999985
1 0.22769 0.635745 0.02756 0.025390000000000024
1 0.22244 0.36768 0.030179999999999985 0.022460000000000035
1 0.29593 0.36768 0.03018000000000004 0.022460000000000035
1 0.36548499999999995 0.36768 0.030189999999999995 0.022460000000000035
1 0.44029 0.36768 0.030179999999999985 0.022460000000000035
1 0.5098400000000001 0.36768 0.030179999999999985 0.022460000000000035
1 0.5846450000000001 0.36768 0.03019000000000005 0.022460000000000035
1 0.65551 0.36768 0.030179999999999985 0.022460000000000035
1 0.7290000000000001 0.36865000000000003 0.030179999999999985 0.02245999999999998
1 0.798555 0.36816499999999996 0.03018999999999994 0.023430000000000006
1 0.793305 0.33057000000000003 0.019689999999999985 0.02245999999999998
1 0.723755 0.33057000000000003 0.019689999999999985 0.02245999999999998
1 0.6502600000000001 0.32959 0.01968000000000003 0.022460000000000035
1 0.579395 0.33057000000000003 0.019689999999999985 0.02245999999999998
1 0.505905 0.33154 0.01969000000000004 0.022460000000000035
1 0.43504 0.33057000000000003 0.019679999999999975 0.02245999999999998
1 0.36285999999999996 0.33057000000000003 0.019679999999999975 0.02245999999999998
1 0.29068 0.33154 0.01968000000000003 0.022460000000000035
1 0.21719 0.33203 0.019680000000000003 0.023440000000000016
1 0.213255 0.090331 0.019689999999999985 0.022457999999999992
1 0.285435 0.090331 0.019689999999999985 0.022457999999999992
1 0.358925 0.08984249999999999 0.019689999999999985 0.023434999999999997
1 0.433725 0.090331 0.01969000000000004 0.022457999999999992
1 0.505905 0.091309 0.01969000000000004 0.02246200000000001
1 0.578085 0.09179899999999999 0.019689999999999985 0.023442000000000005
1 0.651575 0.09179899999999999 0.019689999999999985 0.023442000000000005
1 0.723755 0.0922875 0.019689999999999985 0.022465
1 0.79593 0.09277250000000001 0.01968000000000003 0.023434999999999997
1 0.293305 0.6699200000000001 0.019689999999999985 0.023440000000000016
1 0.364175 0.66846 0.01969000000000004 0.022460000000000035
1 0.43635 0.668945 0.019679999999999975 0.023430000000000062
1 0.50722 0.66846 0.019679999999999975 0.022460000000000035
1 0.579395 0.6674800000000001 0.019689999999999985 0.022460000000000035
1 0.651575 0.66846 0.019689999999999985 0.022460000000000035
1 0.72113 0.6674800000000001 0.01968000000000003 0.022460000000000035
1 0.7913399999999999 0.6674800000000001 0.02100000000000002 0.022460000000000035
1 0.29527499999999995 0.91553 0.02099000000000001 0.022460000000000035
1 0.3668 0.9140600000000001 0.019679999999999975 0.023440000000000016
1 0.43766499999999997 0.9130849999999999 0.01969000000000004 0.02342999999999995
1 0.50853 0.91357 0.019679999999999975 0.022459999999999924
1 0.579395 0.9130849999999999 0.019689999999999985 0.02342999999999995
1 0.6502600000000001 0.9126000000000001 0.01968000000000003 0.022460000000000035
1 0.72113 0.9130849999999999 0.01968000000000003 0.02342999999999995
1 0.79068 0.910645 0.01968000000000003 0.02246999999999999
1 0.79593 0.875 0.030179999999999985 0.023439999999999905
1 0.218505 0.0498045 0.030189999999999995 0.023437
1 0.29068 0.050292500000000004 0.030179999999999985 0.022461000000000002
1 0.290025 0.012207280000000001 0.03148999999999996 0.02246144
1 0.36483 0.051269499999999996 0.03149999999999997 0.022461000000000002
1 0.364175 0.01318355 0.030189999999999995 0.022460900000000002
1 0.43766499999999997 0.01318355 0.030189999999999995 0.022460900000000002
1 0.438975 0.051269499999999996 0.030189999999999995 0.022461000000000002
1 0.511155 0.0532225 0.030189999999999995 0.022460999999999995
1 0.511155 0.01416035 0.030189999999999995 0.0224613
1 0.5852999999999999 0.0532225 0.03149999999999997 0.022460999999999995
1 0.5852999999999999 0.0161134 0.03149999999999997 0.0224612
1 0.6574800000000001 0.0541995 0.03149999999999997 0.022461000000000002
1 0.730315 0.0541995 0.03019000000000005 0.022461000000000002
1 0.60039 0.18945 0.017059999999999964 0.017580000000000012
1 0.5433049999999999 0.18945 0.015750000000000042 0.017580000000000012
1 0.48753 0.18847999999999998 0.01706000000000002 0.017580000000000012
1 0.65551 0.18945 0.017059999999999964 0.017580000000000012
1 0.71194 0.19043 0.017060000000000075 0.017580000000000012
1 0.769685 0.19091999999999998 0.01707000000000003 0.018559999999999993
1 0.8248 0.19043 0.017059999999999964 0.017580000000000012
1 0.42979 0.18847999999999998 0.017059999999999964 0.017580000000000012
1 0.37467 0.18799 0.017059999999999964 0.018559999999999993
1 0.32743 0.49414 0.017059999999999964 0.017579999999999985
1 0.38714 0.49414 0.015739999999999976 0.017579999999999985
1 0.44816 0.49365499999999995 0.017059999999999964 0.01855000000000001
1 0.5098400000000001 0.49365499999999995 0.017059999999999964 0.01855000000000001
1 0.57021 0.49512 0.017060000000000075 0.017579999999999985
1 0.631235 0.49316499999999996 0.01574999999999993 0.01757000000000003
1 0.69226 0.49414 0.017060000000000075 0.017579999999999985
1 0.7526200000000001 0.49414 0.017059999999999964 0.017579999999999985
1 0.812335 0.49316499999999996 0.018369999999999997 0.019529999999999992
1 0.6601049999999999 0.458985 0.0472499999999999 0.021489999999999954
1 0.60105 0.458985 0.04723999999999995 0.023430000000000006
1 0.721785 0.45801000000000003 0.047250000000000014 0.02343999999999996
1 0.53937 0.458985 0.04723999999999995 0.023430000000000006
1 0.48031500000000005 0.4585 0.04725000000000007 0.02245999999999998
1 0.41929 0.458985 0.04856000000000005 0.023430000000000006
1 0.35433 0.45801000000000003 0.05249999999999999 0.02343999999999996
1 0.781495 0.458985 0.04854999999999998 0.021489999999999954
1 0.841205 0.45801000000000003 0.04198999999999997 0.02148
1 0.7926500000000001 0.431155 0.05511999999999995 0.020510000000000028
1 0.84252 0.431155 0.036739999999999995 0.020510000000000028
1 0.73228 0.431155 0.05511999999999995 0.020510000000000028
1 0.67126 0.431155 0.056440000000000046 0.020510000000000028
1 0.61155 0.431155 0.05511999999999995 0.020510000000000028
1 0.5498700000000001 0.431155 0.05511999999999995 0.020510000000000028
1 0.49080999999999997 0.431155 0.05512 0.020510000000000028
1 0.42913 0.431155 0.05512 0.020510000000000028
1 0.356955 0.431155 0.07610999999999996 0.020510000000000028
1 0.36745 0.404785 0.07874000000000003 0.020510000000000028
1 0.44357 0.40283 0.047240000000000004 0.02245999999999998
1 0.504595 0.40332 0.045930000000000026 0.02148
1 0.566275 0.40381 0.045930000000000026 0.022460000000000035
1 0.6266400000000001 0.40381 0.04856000000000005 0.022460000000000035
1 0.68701 0.4043 0.04855999999999994 0.023440000000000016
1 0.74672 0.40381 0.04724000000000006 0.024419999999999997
1 0.807085 0.40332 0.0472499999999999 0.023440000000000016
1 0.8497349999999999 0.405275 0.024930000000000008 0.019530000000000047
1 0.322835 0.458985 0.01049 0.023430000000000006
1 0.38976500000000003 0.4585 0.007869999999999988 0.02245999999999998
1 0.451445 0.4585 0.007869999999999988 0.02245999999999998
1 0.5105 0.4585 0.007879999999999998 0.02245999999999998
1 0.57152 0.458985 0.00656000000000001 0.023430000000000006
1 0.632545 0.4585 0.007870000000000044 0.02245999999999998
1 0.692915 0.458985 0.007869999999999933 0.023430000000000006
1 0.75328 0.4585 0.007879999999999998 0.02245999999999998
1 0.8149599999999999 0.4585 0.007879999999999998 0.02245999999999998
1 0.779525 0.40381 0.007870000000000044 0.022460000000000035
1 0.71916 0.40381 0.007879999999999998 0.022460000000000035
1 0.658795 0.40381 0.007870000000000044 0.022460000000000035
1 0.5977699999999999 0.40381 0.00656000000000001 0.022460000000000035
1 0.5374000000000001 0.40332 0.00656000000000001 0.023440000000000016
1 0.476375 0.40332 0.007869999999999988 0.023440000000000016
1 0.4147 0.40332 0.007879999999999998 0.023440000000000016
1 0.32218 0.404295 0.00656000000000001 0.02149000000000001
1 0.8772949999999999 0.28613 0.04331000000000007 0.03515999999999997
1 0.8753299999999999 0.36816499999999996 0.041999999999999926 0.023430000000000006
1 0.87664 0.33057000000000003 0.04200000000000004 0.02245999999999998
1 0.874015 0.66797 0.04198999999999997 0.023440000000000016
1 0.874015 0.63037 0.04198999999999997 0.022459999999999924
1 0.87205 0.87549 0.03805999999999998 0.022459999999999924
1 0.874675 0.7099599999999999 0.04330999999999996 0.03515999999999997
1 0.8727050000000001 0.813965 0.039370000000000016 0.036129999999999995
1 0.8746750000000001 0.7612300000000001 0.03542999999999996 0.03613999999999995
1 0.802495 0.813965 0.032810000000000006 0.036129999999999995
1 0.7329399999999999 0.813965 0.03280000000000005 0.036129999999999995
1 0.664695 0.81543 0.032810000000000006 0.03516000000000008
1 0.597765 0.814455 0.032810000000000006 0.035150000000000015
1 0.529525 0.814945 0.032810000000000006 0.036129999999999995
1 0.809055 0.762695 0.032810000000000006 0.035150000000000015
1 0.7440899999999999 0.762695 0.03412000000000004 0.035150000000000015
1 0.677165 0.762695 0.034129999999999994 0.035150000000000015
1 0.61417 0.763185 0.03411999999999993 0.036129999999999995
1 0.555775 0.76416 0.032810000000000006 0.03613999999999995
1 0.80184 0.57715 0.03411999999999993 0.02734000000000003
1 0.8097099999999999 0.54346 0.03412000000000004 0.022460000000000035
1 0.734255 0.578615 0.032810000000000006 0.026370000000000005
1 0.66404 0.578615 0.03412000000000004 0.026370000000000005
1 0.596455 0.578615 0.032810000000000006 0.026370000000000005
1 0.746065 0.54346 0.032810000000000006 0.022460000000000035
1 0.681755 0.5449200000000001 0.032810000000000006 0.021480000000000055
1 0.618765 0.543945 0.032810000000000006 0.02149000000000001
1 0.81496 0.52197 0.028880000000000017 0.006840000000000068
1 0.753285 0.521485 0.02886999999999995 0.007809999999999984
1 0.69226 0.521485 0.02756000000000003 0.007809999999999984
1 0.629265 0.52197 0.027549999999999963 0.006840000000000068
1 0.5689 0.52197 0.02756000000000003 0.006840000000000068
1 0.5078750000000001 0.5224599999999999 0.028870000000000062 0.00782000000000005
1 0.44554 0.52197 0.02756000000000003 0.006840000000000068
1 0.263125 0.18799 0.009190000000000031 0.018559999999999993
1 0.87992 0.137695 0.043300000000000005 0.03514999999999999
1 0.879265 0.0922875 0.04198999999999997 0.022465
8 0.25787499999999997 0.32324 0.04592999999999997 0.15430000000000002
0 0.537405 0.322755 0.76509 0.15723
0 0.521 0.08398328 0.7664 0.16601344
0 0.5354300000000001 0.9213899999999999 0.7532800000000001 0.15332
8 0.32874000000000003 0.32373 0.045940000000000036 0.15332
8 0.402235 0.32471 0.045930000000000026 0.15332
8 0.83399 0.323245 0.04594000000000009 0.15625
8 0.763125 0.323245 0.045929999999999915 0.15625
8 0.6922550000000001 0.32373 0.045929999999999915 0.15332
8 0.617455 0.32373 0.045930000000000026 0.15332
8 0.5479 0.32324 0.04593999999999998 0.15430000000000002
8 0.47441 0.323245 0.04593999999999998 0.15625
8 0.832675 0.67578 0.045929999999999915 0.15234000000000003
8 0.761815 0.675295 0.045930000000000026 0.15137
8 0.689635 0.67285 0.045930000000000026 0.15234000000000003
8 0.618765 0.67578 0.045930000000000026 0.15234000000000003
8 0.5479 0.674315 0.04593999999999998 0.15137
8 0.475725 0.67578 0.045930000000000026 0.15234000000000003
8 0.40485499999999996 0.674315 0.04592999999999997 0.15137
8 0.33530499999999996 0.67334 0.04592999999999997 0.15136000000000005
8 0.261815 0.67334 0.04592999999999997 0.15136000000000005
8 0.265745 0.921875 0.045930000000000026 0.14843000000000006
8 0.332675 0.9213899999999999 0.045930000000000026 0.14746000000000004
8 0.406165 0.92041 0.045930000000000026 0.14746000000000004
8 0.478345 0.9223600000000001 0.045930000000000026 0.14746000000000004
8 0.549215 0.91943 0.045930000000000026 0.14746000000000004
8 0.618765 0.9223600000000001 0.045930000000000026 0.14746000000000004
8 0.690945 0.9223600000000001 0.045930000000000026 0.14746000000000004
8 0.763125 0.9213899999999999 0.045929999999999915 0.14746000000000004
8 0.25394 0.0839831 0.04856000000000002 0.1601538
8 0.32677500000000004 0.08300985000000001 0.049870000000000025 0.1601603
8 0.401575 0.0839831 0.049870000000000025 0.1601538
8 0.47309999999999997 0.0854514 0.04855999999999999 0.1611372
8 0.5459350000000001 0.08496139999999999 0.04986999999999997 0.1601572
8 0.6542 0.0859397 0.04855999999999994 0.16016060000000001
8 0.727035 0.0859397 0.04987000000000008 0.16016060000000001
8 0.7998700000000001 0.08496139999999999 0.04856000000000005 0.1601572
9 0.8727 0.14453 0.057740000000000014 0.007819999999999994
10 0.8084 0.0327147 0.03411999999999993 0.0537106
1 0.875985 0.5761700000000001 0.032810000000000006 0.02734000000000003
1 0.87795 0.54297 0.03411999999999993 0.023440000000000016
1 0.8773 0.521485 0.02756000000000003 0.007809999999999984
