1 0.25683500000000004 0.17231000000000002 0.07031000000000004 0.05538000000000001
1 0.255375 0.32999999999999996 0.07128999999999999 0.056920000000000026
1 0.41308500000000004 0.175385 0.07617000000000002 0.06153
1 0.41259999999999997 0.33231 0.07519999999999999 0.06154000000000004
1 0.25634500000000005 0.45231 0.07129000000000002 0.055379999999999985
1 0.25634500000000005 0.623075 0.07129000000000002 0.05538999999999994
1 0.41259999999999997 0.45308000000000004 0.07519999999999999 0.06
1 0.413575 0.6253850000000001 0.07519000000000003 0.07230999999999999
1 0.25586 0.79077 0.07032 0.055379999999999985
1 0.25586 0.9099999999999999 0.07032 0.05691999999999997
1 0.41211 0.79385 0.07422000000000001 0.06154000000000004
1 0.41162 0.9107700000000001 0.07519999999999999 0.06154000000000004
3 0.35448999999999997 0.793845 0.03319999999999995 0.11692999999999998
3 0.35448999999999997 0.9130750000000001 0.03319999999999995 0.11538999999999999
3 0.354005 0.17076999999999998 0.03222999999999998 0.11692
3 0.35498 0.33231 0.03417999999999999 0.12
3 0.35547 0.454615 0.03515999999999997 0.11539000000000005
3 0.35498 0.626155 0.03417999999999999 0.12922999999999996
1 0.5708 0.17461500000000002 0.07909999999999995 0.06306999999999999
1 0.57031 0.33308 0.08007999999999993 0.06308000000000002
1 0.733885 0.17461500000000002 0.08105000000000007 0.06306999999999999
1 0.73291 0.334615 0.08106000000000002 0.06306999999999996
3 0.50586 0.173075 0.042960000000000054 0.10923000000000001
3 0.50684 0.330765 0.044920000000000015 0.11076999999999998
3 0.506345 0.453075 0.04199000000000003 0.11230999999999997
1 0.569825 0.454615 0.07911000000000001 0.06307000000000001
1 0.73291 0.45538500000000004 0.08106000000000002 0.06153000000000003
1 0.54932 0.64154 0.08496000000000004 0.0646199999999999
1 0.721195 0.642305 0.08301000000000003 0.06614999999999993
3 0.48291 0.642305 0.04393999999999998 0.13385000000000002
1 0.57031 0.79308 0.08007999999999993 0.06308000000000002
1 0.5688500000000001 0.9107700000000001 0.07910000000000006 0.06154000000000004
1 0.7324200000000001 0.79308 0.08008000000000004 0.06308000000000002
1 0.730955 0.91154 0.08105000000000007 0.06308000000000002
3 0.50586 0.797695 0.042960000000000054 0.10615000000000008
3 0.50586 0.913845 0.044920000000000015 0.11077000000000004
0 0.5043945 0.5276915 0.985351 0.9415370000000001
1 0.0976545 0.5284599999999999 0.052731 0.05384
1 0.096681 0.716155 0.05273800000000001 0.05384999999999995
1 0.103517 0.434615 0.039066000000000004 0.05385000000000001
1 0.10546900000000001 0.81 0.039062 0.05384
4 0.461915 0.17231 0.027349999999999985 0.12
4 0.46045 0.32923 0.024419999999999997 0.11384
4 0.46045 0.45230499999999996 0.024419999999999997 0.11384999999999995
4 0.46045 0.90923 0.024419999999999997 0.11383999999999994
4 0.45947499999999997 0.78923 0.024409999999999987 0.11383999999999994
4 0.624025 0.91154 0.035149999999999904 0.10616000000000003
4 0.627445 0.797695 0.036129999999999995 0.10615000000000008
4 0.627445 0.453845 0.036129999999999995 0.10460999999999998
4 0.628415 0.334615 0.036130000000000106 0.10614999999999997
4 0.62988 0.176925 0.03516000000000008 0.10461
4 0.785155 0.174615 0.02149000000000001 0.10615000000000001
4 0.78418 0.33230499999999996 0.021479999999999944 0.10769000000000001
4 0.78369 0.453845 0.022459999999999924 0.10768999999999995
4 0.78174 0.795385 0.022459999999999924 0.10769000000000006
4 0.782225 0.913845 0.021489999999999898 0.10769000000000006
4 0.608885 0.6423049999999999 0.03808999999999996 0.11231000000000002
4 0.7793000000000001 0.646155 0.03320000000000001 0.15384999999999993
5 0.4375 0.633845 0.058599999999999985 0.23385
7 0.17724499999999999 0.07 0.07128999999999999 0.020000000000000004
7 0.17822500000000002 0.11077000000000001 0.07128999999999999 0.01845999999999999
7 0.17871 0.22846 0.07225999999999999 0.020000000000000018
7 0.17871 0.27077 0.07225999999999999 0.018460000000000032
7 0.17822500000000002 0.39308 0.07128999999999999 0.020000000000000018
7 0.1499 0.15077000000000002 0.016600000000000004 0.024620000000000003
7 0.151365 0.18923 0.015629999999999977 0.024620000000000003
7 0.152345 0.31077 0.015630000000000005 0.024619999999999975
7 0.15039000000000002 0.35231 0.015619999999999995 0.024619999999999975
7 0.17871 0.5184599999999999 0.07225999999999999 0.018460000000000032
7 0.179195 0.5661499999999999 0.07128999999999999 0.018460000000000032
7 0.179685 0.69077 0.07227 0.01845999999999992
7 0.179195 0.73385 0.07128999999999999 0.01845999999999992
7 0.179685 0.8553850000000001 0.07227 0.018470000000000097
7 0.179195 0.97615 0.07128999999999999 0.020000000000000018
7 0.15039000000000002 0.43384500000000004 0.015619999999999995 0.024609999999999965
7 0.151365 0.47846 0.015629999999999977 0.024619999999999975
7 0.15283 0.606155 0.016600000000000004 0.02461000000000002
7 0.15039000000000002 0.64923 0.015619999999999995 0.024619999999999975
7 0.15283 0.776925 0.016600000000000004 0.02461000000000002
7 0.15283 0.81846 0.016600000000000004 0.024619999999999975
7 0.1499 0.896925 0.016600000000000004 0.02461000000000002
7 0.151365 0.9384600000000001 0.015629999999999977 0.024619999999999975
3 0.20947 0.17308 0.022460000000000008 0.06308
3 0.20947 0.32999999999999996 0.022460000000000008 0.06307999999999997
3 0.21045 0.45154 0.02245999999999998 0.06308000000000002
3 0.20947 0.62231 0.022460000000000008 0.06308000000000002
3 0.20995999999999998 0.7884599999999999 0.02343999999999999 0.06307999999999991
3 0.20995999999999998 0.91 0.02343999999999999 0.06308000000000002
3 0.6831050000000001 0.174615 0.024409999999999932 0.09384999999999999
3 0.6821299999999999 0.334615 0.024419999999999997 0.09384999999999999
3 0.6821299999999999 0.455385 0.024419999999999997 0.09231
3 0.68164 0.794615 0.023440000000000016 0.09384999999999999
3 0.680175 0.9099999999999999 0.024410000000000043 0.09384000000000003
3 0.65918 0.6407700000000001 0.048820000000000086 0.09384000000000003
8 0.161135 0.527694 0.08789000000000001 0.932312
8 0.279785 0.5292285 0.09473000000000001 0.9323030000000001
8 0.6333 0.529232 0.049799999999999955 0.926156
8 0.81836 0.5292305 0.05078000000000005 0.919999
9 0.71631 0.5346150000000001 0.09278000000000008 0.01693
9 0.714355 0.74692 0.09277000000000002 0.016920000000000046
9 0.7793000000000001 0.5361549999999999 0.03320000000000001 0.029229999999999978
9 0.777345 0.745385 0.03321000000000007 0.029229999999999978
9 0.660645 0.5338449999999999 0.016610000000000014 0.03693000000000002
9 0.65918 0.7469250000000001 0.01757999999999993 0.03538999999999992
7 0.054687 0.6246149999999999 0.03125 0.07693000000000005
7 0.265135 0.539235 0.047849999999999976 0.09077000000000002
7 0.265135 0.706925 0.047849999999999976 0.09077000000000002
7 0.26465 0.25385 0.046880000000000005 0.07999999999999999
7 0.26416 0.0992305 0.047860000000000014 0.05999900000000001
7 0.26514 0.39077 0.045900000000000024 0.04308000000000001
7 0.26416 0.84923 0.04589999999999997 0.04308000000000001
7 0.264645 0.976155 0.048829999999999985 0.04461000000000004
10 0.91455 0.456155 0.15722000000000003 0.09076999999999996
10 0.9150400000000001 0.334615 0.1543 0.09077000000000002
10 0.916015 0.176925 0.15429000000000004 0.11077
10 0.92822 0.624615 0.12988 0.11692999999999998
10 0.91553 0.9084650000000001 0.15918 0.08768999999999993
2 0.916015 0.793075 0.15820999999999996 0.08460999999999996
