0 0.49813725 0.496239 0.9913055 0.938342
1 0.116147 0.21353 0.08322600000000001 0.06316
1 0.303725 0.47444000000000003 0.06334999999999996 0.05564000000000002
1 0.30621 0.6654100000000001 0.06336000000000003 0.05564000000000002
1 0.30496999999999996 0.8593999999999999 0.06336000000000003 0.05564000000000002
1 0.29006 0.12406 0.08571999999999999 0.03158
1 0.28695499999999996 0.27293 0.08446999999999999 0.046619999999999995
1 0.29006 0.19699499999999998 0.08571999999999999 0.07519
1 0.45652 0.19924999999999998 0.08819999999999995 0.07368
1 0.46148999999999996 0.45940000000000003 0.0882 0.07368000000000002
1 0.63168 0.19924999999999998 0.09814 0.07970000000000002
1 0.6347849999999999 0.459395 0.09689000000000003 0.07669000000000004
1 0.6360250000000001 0.647365 0.09689000000000003 0.07669000000000004
1 0.636645 0.833835 0.09813000000000005 0.07668999999999992
1 0.43975 0.83609 0.047199999999999964 0.07217999999999991
1 0.43913 0.682705 0.04843999999999998 0.06617000000000006
1 0.452795 0.610525 0.07328999999999997 0.057150000000000034
1 0.797515 0.205265 0.09441 0.07668999999999998
1 0.7987550000000001 0.456395 0.09441 0.07669000000000004
1 0.8 0.642855 0.09439999999999993 0.07669000000000004
1 0.7987550000000001 0.8308249999999999 0.09441 0.07669000000000004
1 0.92733 0.4609 0.033540000000000014 0.07068000000000002
1 0.92671 0.64436 0.03478000000000003 0.07067999999999997
1 0.92671 0.82481 0.03478000000000003 0.07067999999999997
1 0.934785 0.245865 0.05093000000000003 0.05864999999999998
1 0.9329149999999999 0.17293 0.0496899999999999 0.057140000000000024
3 0.38882 0.19999999999999998 0.03976000000000002 0.14436
3 0.56646 0.45714 0.04471999999999998 0.13534000000000002
3 0.563355 0.84361 0.045969999999999955 0.14136000000000004
3 0.22981000000000001 0.50376 0.07702 0.14735999999999994
3 0.22857 0.698495 0.08696000000000001 0.14586999999999994
3 0.230435 0.890225 0.08570999999999998 0.14737
3 0.0409936 0.233835 0.0695648 0.14587
3 0.570805 0.20075 0.10807 0.1609
4 0.50994 0.2 0.021119999999999972 0.09324000000000002
4 0.5105599999999999 0.46015000000000006 0.01988000000000001 0.09324000000000005
4 0.69441 0.199245 0.029819999999999958 0.11578999999999998
4 0.690685 0.46316 0.019870000000000054 0.10226000000000002
4 0.690685 0.6458649999999999 0.017390000000000017 0.10075
4 0.33975 0.2015055 0.01863999999999999 0.210529
4 0.690685 0.82857 0.019870000000000054 0.10526000000000002
4 0.8496900000000001 0.20450999999999997 0.014900000000000024 0.10225999999999999
4 0.852175 0.45789500000000005 0.012429999999999941 0.09775000000000006
4 0.85093 0.643605 0.012419999999999987 0.09925000000000006
4 0.85031 0.825565 0.013660000000000005 0.09925000000000006
5 0.541615 0.70301 0.16644999999999993 0.32932000000000006
8 0.7267049999999999 0.5135339999999999 0.027329999999999965 0.8766919999999999
8 0.37764 0.649625 0.08695999999999998 0.6135299999999999
6 0.281365 0.197745 0.060870000000000035 0.06767000000000001
6 0.28508999999999995 0.269175 0.06831999999999999 0.036089999999999955
6 0.432915 0.196995 0.028569999999999984 0.06014999999999998
6 0.4323 0.45413499999999996 0.01988000000000001 0.05714999999999998
6 0.6254649999999999 0.19549 0.07328999999999997 0.06616
6 0.6378900000000001 0.825565 0.09067999999999998 0.05413000000000001
