1 0.500000 0.500000 1.000000 1.000000
0 0.499438 0.500977 0.998876 0.996094
6 0.731461 0.937500 0.105618 0.119141
6 0.333146 0.936523 0.104494 0.119141
2 0.533708 0.812012 0.060674 0.026367
2 0.737640 0.790039 0.059551 0.068359
2 0.333708 0.788086 0.060674 0.068359
2 0.738202 0.629883 0.060674 0.091797
2 0.332584 0.628906 0.060674 0.089844
2 0.534270 0.620605 0.059551 0.075195
2 0.135393 0.460449 0.059551 0.092773
2 0.741011 0.458008 0.052809 0.091797
2 0.332022 0.458008 0.059551 0.091797
2 0.530899 0.457520 0.050562 0.092773
2 0.938202 0.307129 0.053933 0.083008
2 0.146629 0.307617 0.034831 0.083984
2 0.739888 0.303223 0.052809 0.083008
2 0.534831 0.301758 0.053933 0.083984
2 0.935393 0.166016 0.050562 0.078125
2 0.165169 0.164551 0.006742 0.077148
2 0.737079 0.162598 0.053933 0.077148
2 0.335955 0.162598 0.053933 0.077148
2 0.521348 0.160156 0.024719 0.076172
3 0.825843 0.702637 0.334831 0.061523
3 0.194944 0.702637 0.378652 0.061523
3 0.500000 0.511230 0.988764 0.024414
3 0.498876 0.354980 0.988764 0.024414
3 0.498876 0.209473 0.988764 0.024414
3 0.498315 0.057617 0.994382 0.107422
11 0.535393 0.936035 0.097753 0.118164
4 0.737640 0.562988 0.117978 0.073242
4 0.533146 0.565430 0.120225 0.078125
4 0.327528 0.563477 0.117978 0.074219
4 0.132584 0.399414 0.112360 0.044922
4 0.939888 0.401855 0.102247 0.051758
4 0.328652 0.400879 0.111236 0.053711
4 0.741011 0.394043 0.108989 0.041992
4 0.534831 0.398926 0.112360 0.053711
4 0.940449 0.246582 0.107865 0.034180
4 0.134831 0.245117 0.107865 0.031250
4 0.739326 0.242676 0.107865 0.034180
4 0.332584 0.241699 0.107865 0.032227
4 0.535955 0.240723 0.107865 0.034180
7 0.737640 0.698730 0.106742 0.045898
7 0.329775 0.696777 0.106742 0.045898
5 0.521348 0.728516 0.274157 0.140625
10 0.548876 0.810059 0.025843 0.022461
10 0.521910 0.810059 0.025843 0.022461
10 0.735955 0.791016 0.051685 0.062500
10 0.334270 0.790039 0.052809 0.062500
10 0.738202 0.631348 0.058427 0.088867
10 0.331461 0.631836 0.058427 0.089844
10 0.534270 0.621582 0.057303 0.073242
10 0.121910 0.461914 0.030337 0.085938
10 0.169101 0.460938 0.028090 0.089844
10 0.927528 0.460449 0.028090 0.090820
10 0.778652 0.459473 0.026966 0.090820
10 0.521910 0.458496 0.023596 0.090820
10 0.343820 0.458984 0.029213 0.091797
10 0.316854 0.458496 0.022472 0.090820
10 0.700000 0.458008 0.029213 0.091797
10 0.569663 0.455078 0.026966 0.097656
10 0.739888 0.304199 0.050562 0.081055
10 0.535393 0.303223 0.050562 0.081055
10 0.120225 0.305664 0.017978 0.087891
10 0.146067 0.304688 0.029213 0.087891
10 0.903371 0.303711 0.024719 0.087891
10 0.333146 0.302734 0.050562 0.085938
10 0.727528 0.163086 0.028090 0.074219
10 0.971348 0.163086 0.025843 0.080078
10 0.147191 0.162598 0.029213 0.081055
10 0.123596 0.162598 0.015730 0.081055
10 0.902809 0.162109 0.025843 0.082031
10 0.773596 0.159668 0.025843 0.081055
10 0.334831 0.159180 0.047191 0.082031
10 0.547753 0.157227 0.028090 0.082031
10 0.522472 0.156250 0.017978 0.082031
