1 0.500000 0.500000 1.000000 1.000000
0 0.182617 0.348883 0.197266 0.229961
0 0.180664 0.318003 0.019531 0.168200
0 0.095215 0.318003 0.022461 0.168200
0 0.587402 0.300920 0.530273 0.325887
0 0.182617 0.143233 0.195312 0.010512
0 0.515137 0.468463 0.969727 0.913272
8 0.872559 0.280552 0.043945 0.382392
8 0.300781 0.280552 0.042969 0.382392
8 0.063477 0.280552 0.042969 0.385020
2 0.135254 0.848883 0.026367 0.036794
2 0.416992 0.835085 0.027344 0.035480
2 0.745605 0.816689 0.026367 0.035480
2 0.744141 0.652431 0.066406 0.164258
2 0.416992 0.653745 0.066406 0.169514
2 0.948242 0.653088 0.066406 0.170828
2 0.224609 0.653088 0.066406 0.173456
2 0.136719 0.652431 0.066406 0.174770
2 0.745117 0.321945 0.064453 0.168200
2 0.581055 0.321945 0.064453 0.168200
2 0.418945 0.321945 0.064453 0.168200
2 0.222656 0.317346 0.064453 0.169514
2 0.138672 0.316689 0.064453 0.170828
2 0.946289 0.317346 0.064453 0.174770
3 0.516113 0.486859 0.958008 0.045992
3 0.517578 0.077530 0.958984 0.120894
11 0.581055 0.714849 0.089844 0.299606
4 0.750000 0.197766 0.125000 0.085414
4 0.582520 0.198423 0.125977 0.086728
4 0.417480 0.198423 0.125977 0.086728
4 0.182617 0.191196 0.197266 0.085414
4 0.944824 0.187254 0.110352 0.085414
7 0.178711 0.758870 0.199219 0.038108
7 0.945801 0.753614 0.106445 0.030223
7 0.417969 0.760184 0.121094 0.043364
7 0.746094 0.755585 0.121094 0.042050
7 0.945312 0.432983 0.107422 0.053876
7 0.748047 0.431012 0.117188 0.049934
7 0.581055 0.431012 0.117188 0.049934
7 0.417969 0.431012 0.117188 0.049934
7 0.179199 0.426413 0.196289 0.048620
