1 0.81934 0.445315 0.0625 0.03125
1 0.7099599999999999 0.22526 0.09765999999999997 0.07032
1 0.81787 0.211585 0.06347999999999998 0.04297000000000001
1 0.81787 0.308595 0.06347999999999998 0.041669999999999985
1 0.81885 0.397135 0.06347999999999998 0.03125
2 0.9238299999999999 0.309245 0.08398000000000005 0.055989999999999984
1 0.81885 0.602865 0.06347999999999998 0.03125
1 0.343265 0.226565 0.05957000000000001 0.06770999999999999
1 0.458005 0.22591499999999998 0.06445000000000001 0.06900999999999999
3 0.407715 0.229165 0.03222999999999998 0.11719000000000002
3 0.40283 0.410155 0.043940000000000035 0.16666999999999998
1 0.343265 0.36263 0.05957000000000001 0.022139999999999993
1 0.34375 0.40625 0.06054000000000004 0.039059999999999984
1 0.343265 0.44987 0.05957000000000001 0.022139999999999993
1 0.45947 0.36263 0.06347999999999998 0.022139999999999993
1 0.45947 0.40625 0.06347999999999998 0.03646000000000005
1 0.45947 0.44987 0.06347999999999998 0.022139999999999993
1 0.344725 0.586585 0.05859000000000003 0.06901000000000002
1 0.458985 0.58724 0.06445000000000001 0.07031999999999994
3 0.40869 0.5931 0.032220000000000026 0.12370000000000003
1 0.589355 0.586585 0.09277000000000002 0.06901000000000002
1 0.708985 0.586585 0.09179000000000004 0.06901000000000002
1 0.81934 0.554035 0.0625 0.03254999999999997
1 0.5883799999999999 0.22591499999999998 0.09472000000000003 0.06900999999999999
1 0.56201 0.42513 0.07323999999999997 0.04036000000000001
1 0.68799 0.42447999999999997 0.07323999999999997 0.041659999999999975
1 0.5668949999999999 0.46614500000000003 0.07714999999999994 0.015629999999999977
1 0.567385 0.37109499999999995 0.07813000000000003 0.02865000000000001
1 0.69141 0.371745 0.07421999999999995 0.029950000000000032
1 0.691405 0.46614500000000003 0.07616999999999996 0.015629999999999977
0 0.58887 0.4082 0.75586 0.55078
1 0.499515 0.8020849999999999 0.05957000000000001 0.04426999999999992
1 0.613765 0.802735 0.053709999999999924 0.05339000000000005
1 0.37793 0.804685 0.058599999999999985 0.04427000000000003
1 0.73535 0.80078 0.05663999999999991 0.04948000000000008
1 0.48534999999999995 0.0429688 0.06053999999999998 0.0677084
1 0.375975 0.063802 0.05859000000000003 0.03125
1 0.375 0.020833149999999998 0.058599999999999985 0.0312497
1 0.597655 0.0429688 0.06054999999999999 0.0677084
3 0.458495 0.804685 0.020509999999999973 0.06770999999999994
3 0.5737300000000001 0.804685 0.01856000000000002 0.09115000000000006
4 0.38232 0.22656500000000002 0.022460000000000035 0.08073
4 0.37695 0.36328 0.011720000000000008 0.03386
4 0.37890999999999997 0.45377500000000004 0.011720000000000008 0.03255000000000002
4 0.37842 0.409505 0.010740000000000027 0.04816999999999999
4 0.38281 0.5878950000000001 0.02148 0.08202999999999994
4 0.515135 0.589195 0.049809999999999965 0.08203000000000005
4 0.51416 0.225915 0.04980000000000001 0.08202999999999999
4 0.626465 0.37434500000000004 0.051750000000000074 0.03255000000000002
4 0.626465 0.46679499999999996 0.051750000000000074 0.019529999999999992
4 0.623535 0.426435 0.051750000000000074 0.04557
4 0.535645 0.0455731 0.04198999999999997 0.0833338
5 0.42285 0.8072900000000001 0.029299999999999993 0.06510000000000005
5 0.617675 0.229165 0.053710000000000035 0.15364999999999998
5 0.622555 0.597005 0.05957000000000001 0.16277000000000008
5 0.74756 0.597655 0.05566000000000004 0.14062999999999992
5 0.74902 0.232425 0.056640000000000024 0.14193
7 0.45654 0.328125 0.06347999999999998 0.026050000000000018
7 0.45703 0.48958 0.06445999999999996 0.026040000000000063
7 0.331055 0.805985 0.025390000000000024 0.08073000000000008
7 0.29883000000000004 0.807295 0.015620000000000023 0.06770999999999994
7 0.549805 0.805335 0.027349999999999985 0.08203000000000005
8 0.7495099999999999 0.40820500000000004 0.03808 0.54037
8 0.711425 0.40820500000000004 0.05957000000000001 0.54297
8 0.5332 0.409505 0.023439999999999905 0.54037
9 0.39209 0.29752500000000004 0.18847999999999998 0.029949999999999977
9 0.393065 0.520185 0.18847000000000003 0.02994999999999992
9 0.393065 0.6569050000000001 0.18847000000000003 0.029950000000000032
9 0.39209 0.16080499999999998 0.18847999999999998 0.029950000000000004
9 0.50244 0.16080499999999998 0.03221999999999997 0.032549999999999996
9 0.50244 0.29752500000000004 0.03221999999999997 0.03255000000000002
9 0.50439 0.520185 0.034180000000000044 0.03255000000000008
9 0.50439 0.6582049999999999 0.034180000000000044 0.03254999999999997
7 0.840335 0.26953000000000005 0.03223000000000009 0.03645999999999999
7 0.8408199999999999 0.35091 0.03320000000000001 0.037760000000000016
7 0.8833 0.30794 0.05176000000000003 0.10026000000000002
9 0.5683549999999999 0.108723 0.26953 0.03515399999999999
10 0.916015 0.214845 0.07227000000000006 0.046869999999999995
10 0.907225 0.42252500000000004 0.052730000000000055 0.08202999999999999
10 0.907715 0.580075 0.053710000000000035 0.08203000000000005
10 0.920895 0.50065 0.025390000000000024 0.022139999999999938
10 0.932615 0.6510400000000001 0.015630000000000033 0.026039999999999952
10 0.890135 0.66211 0.03027000000000002 0.04035999999999995
