0 0.49804828 0.49845399999999995 0.99414344 0.916412
1 0.84326 0.38132 0.11816000000000004 0.06087999999999999
1 0.84375 0.295665 0.11718000000000006 0.06089
1 0.55908 0.78586 0.12402000000000002 0.058820000000000094
1 0.55957 0.7043349999999999 0.12304000000000004 0.06294999999999995
1 0.55957 0.37668 0.12304000000000004 0.061919999999999975
1 0.55908 0.29515 0.12402000000000002 0.06397999999999998
1 0.382815 0.794115 0.04687000000000002 0.06295000000000006
1 0.38477 0.713625 0.05078000000000005 0.06089
1 0.38378999999999996 0.384415 0.04882000000000003 0.06089
1 0.382325 0.29567 0.04589000000000004 0.06708000000000003
1 0.20751999999999998 0.798245 0.06348000000000001 0.06501000000000001
1 0.20703 0.70743 0.06639999999999999 0.06913999999999998
1 0.20849499999999999 0.38493 0.06543000000000002 0.06398000000000004
1 0.208005 0.294635 0.06445000000000001 0.06501000000000001
3 0.76416 0.34313499999999997 0.032220000000000026 0.19917
1 0.01757805 0.501035 0.031249900000000004 0.03198999999999996
3 0.47558500000000004 0.754385 0.03321000000000002 0.20226999999999995
3 0.47558500000000004 0.33952499999999997 0.03321000000000002 0.20227
2 0.90283 0.73736 0.13573999999999997 0.08977999999999997
7 0.20849499999999999 0.147577 0.026369999999999977 0.19814600000000002
7 0.131838 0.145513 0.119144 0.202274
7 0.133301 0.55263 0.120118 0.22187999999999997
7 0.1162095 0.34313499999999997 0.08984099999999999 0.18885000000000002
7 0.20703 0.55005 0.02343999999999999 0.23116000000000003
7 0.115236 0.7569650000000001 0.089848 0.18267
7 0.130858 0.9040250000000001 0.123044 0.10733000000000004
7 0.20752 0.900925 0.026359999999999995 0.10938999999999999
8 0.05078150000000001 0.501032 0.025391000000000004 0.905056
7 0.022461099999999998 0.0572755 0.0371098 0.025799000000000002
7 0.02148435 0.23271 0.0371093 0.02579999999999999
7 0.02148435 0.41330999999999996 0.0371093 0.02579999999999999
7 0.02050755 0.5928800000000001 0.0371089 0.025799999999999934
7 0.02050755 0.77348 0.0371089 0.025799999999999934
7 0.01953105 0.946335 0.035155900000000004 0.016510000000000025
7 0.01953105 0.86326 0.035155900000000004 0.14964
7 0.02050785 0.68318 0.0351563 0.14860000000000007
7 0.02001935 0.321465 0.0341793 0.14963
7 0.0214841 0.1455085 0.0351558 0.14860299999999999
7 0.0214844 0.55057 0.0332032 0.044380000000000086
7 0.0209961 0.453045 0.0341798 0.04335
7 0.790035 0.73891 0.08202999999999994 0.13415999999999995
