1 0.93115 0.157555 0.057620000000000005 0.054690000000000016
1 0.93457 0.733725 0.05078000000000005 0.07943
1 0.81592 0.76237 0.07323999999999997 0.04296
1 0.81641 0.70638 0.07421999999999995 0.045579999999999954
1 0.68506 0.7630250000000001 0.07323999999999997 0.04426999999999992
1 0.68506 0.70443 0.07323999999999997 0.039060000000000095
1 0.54834 0.7604150000000001 0.07128000000000001 0.04426999999999992
1 0.54834 0.70443 0.07324000000000008 0.039060000000000095
1 0.416505 0.76237 0.07129000000000002 0.04035999999999995
1 0.41698999999999997 0.70768 0.07226000000000005 0.04035999999999995
1 0.539065 0.565105 0.04882999999999993 0.03907000000000005
1 0.538575 0.51172 0.04981000000000002 0.039059999999999984
1 0.416015 0.565105 0.07227 0.03907000000000005
1 0.416015 0.51172 0.07227 0.039059999999999984
1 0.81885 0.361975 0.07323999999999997 0.04427000000000003
1 0.81885 0.307295 0.07323999999999997 0.044269999999999976
1 0.8208 0.1582 0.07520000000000004 0.04818
1 0.686035 0.15885 0.07518999999999998 0.049479999999999996
1 0.68701 0.36263 0.07323999999999997 0.04296
1 0.686525 0.305985 0.07226999999999995 0.04427000000000003
1 0.549315 0.36263 0.07129000000000008 0.04296
1 0.549315 0.30534 0.07129000000000008 0.04035999999999995
1 0.546875 0.159505 0.07421000000000011 0.05079
1 0.41698999999999997 0.364585 0.07422000000000001 0.041669999999999985
1 0.41698999999999997 0.30664 0.07422000000000001 0.04296
1 0.416015 0.159505 0.07421 0.05079
3 0.36816499999999996 0.339845 0.039069999999999994 0.14322999999999997
3 0.366215 0.16016 0.037109999999999976 0.08854
1 0.693845 0.5449200000000001 0.10059000000000007 0.10286000000000006
0 0.55713 0.4850273 0.83692 0.9518254
1 0.285155 0.30664 0.07030999999999998 0.04296
1 0.28613500000000003 0.365885 0.07031000000000004 0.041669999999999985
1 0.282225 0.16145500000000002 0.07030999999999998 0.04167000000000001
1 0.280765 0.515625 0.05957000000000001 0.039069999999999994
1 0.282225 0.56901 0.06054999999999999 0.03645999999999994
1 0.282715 0.7083349999999999 0.05957000000000001 0.041669999999999985
1 0.282225 0.765625 0.06054999999999999 0.041670000000000096
1 0.41797 0.89323 0.07225999999999999 0.03646000000000005
2 0.93457 0.333985 0.06640000000000001 0.09244999999999998
2 0.885255 0.544925 0.17674999999999996 0.09505000000000002
7 0.251465 0.47070500000000004 0.06739000000000003 0.03255000000000002
7 0.25439500000000004 0.6295550000000001 0.06739 0.03254999999999997
7 0.28418 0.83073 0.07618 0.07291999999999998
7 0.280275 0.236325 0.07616999999999999 0.07943
7 0.28320500000000004 0.415365 0.07617000000000002 0.041669999999999985
7 0.282225 0.66341 0.07616999999999999 0.02734000000000003
7 0.279295 0.0865875 0.07616999999999999 0.079425
7 0.18994 0.54818 0.05565999999999999 0.21354
7 0.203125 0.80664 0.06054999999999999 0.30338
7 0.20166 0.352865 0.05565999999999999 0.16666999999999998
3 0.36963 0.738285 0.04004000000000002 0.14322999999999997
3 0.487305 0.338545 0.05469000000000007 0.16666999999999998
3 0.488765 0.740885 0.05370999999999998 0.15884999999999994
3 0.489255 0.161455 0.052729999999999944 0.11719
4 0.45947499999999997 0.159505 0.014649999999999996 0.07421000000000001
4 0.45947000000000005 0.33659 0.016600000000000004 0.12890000000000001
4 0.597655 0.16146 0.027349999999999985 0.08854
4 0.5991200000000001 0.33659 0.028320000000000012 0.13671999999999995
4 0.45996000000000004 0.7363299999999999 0.015620000000000023 0.12370000000000003
4 0.598145 0.740235 0.026370000000000005 0.13151000000000002
4 0.87402 0.158855 0.03320000000000001 0.07030999999999998
4 0.872075 0.334635 0.03125 0.11979000000000001
4 0.867185 0.7382850000000001 0.03125 0.11978999999999995
5 0.60547 0.5625 0.09179999999999999 0.20052000000000003
7 0.48046999999999995 0.828775 0.04102 0.027349999999999985
7 0.480955 0.084635 0.04199000000000003 0.028646000000000005
7 0.481445 0.235675 0.04100999999999999 0.02865000000000001
4 0.465335 0.57487 0.026370000000000005 0.05597999999999992
4 0.46387 0.516925 0.02734000000000003 0.05729000000000001
7 0.49316499999999996 0.5449200000000001 0.019529999999999992 0.11068
8 0.331055 0.48893450000000005 0.039069999999999994 0.941411
8 0.231935 0.4856775 0.036129999999999995 0.940105
8 0.162105 0.4863275 0.037109999999999976 0.941405
8 0.61719 0.4876285 0.06835999999999998 0.941403
8 0.896975 0.48502649999999997 0.03222999999999998 0.941407
9 0.273925 0.54492 0.07324999999999998 0.009120000000000017
9 0.23486 0.5449200000000001 0.004880000000000023 0.01432
9 0.40429499999999996 0.539715 0.05273 0.006509999999999905
9 0.41259500000000005 0.595055 0.07129000000000002 0.007810000000000095
9 0.5459 0.73242 0.05663999999999991 0.009120000000000017
9 0.54736 0.678385 0.06152000000000002 0.01041000000000003
9 0.54687 0.79232 0.0625 0.009120000000000017
9 0.534665 0.540365 0.04199000000000008 0.007809999999999984
9 0.53613 0.594405 0.05078000000000005 0.006510000000000016
9 0.5473650000000001 0.39453 0.05957000000000001 0.010419999999999985
9 0.54785 0.27864500000000003 0.06053999999999993 0.010409999999999975
9 0.54785 0.335285 0.0527399999999999 0.006510000000000016
9 0.5498050000000001 0.19336 0.06054999999999999 0.009120000000000017
9 0.549315 0.128255 0.061530000000000085 0.009110000000000007
9 0.58203 0.12695 0.0039000000000000146 0.014320000000000013
9 0.58203 0.19401000000000002 0.0039000000000000146 0.013020000000000004
9 0.58154 0.27865 0.006840000000000068 0.013020000000000032
9 0.58154 0.39453 0.006840000000000068 0.013020000000000032
9 0.57959 0.335285 0.010740000000000083 0.014329999999999954
9 0.55908 0.53971 0.006839999999999957 0.011719999999999953
9 0.58154 0.67839 0.006840000000000068 0.01301999999999992
9 0.58154 0.79297 0.006840000000000068 0.01301999999999992
9 0.57959 0.734375 0.010740000000000083 0.01822999999999997
9 0.441405 0.539715 0.02149000000000001 0.014330000000000065
9 0.373535 0.540365 0.008789999999999965 0.01041000000000003
9 0.37304499999999996 0.5950500000000001 0.009770000000000001 0.010419999999999985
9 0.23876999999999998 0.59961 0.01074 0.009120000000000017
9 0.2749 0.5989549999999999 0.06151999999999999 0.007809999999999984
9 0.30859000000000003 0.598305 0.005860000000000032 0.009109999999999951
9 0.308105 0.492835 0.006830000000000003 0.00650999999999996
9 0.274415 0.492185 0.06055000000000002 0.007809999999999984
9 0.23779 0.49349 0.01074 0.010419999999999985
9 0.450195 0.5950500000000001 0.003909999999999969 0.010419999999999985
7 0.79541 0.546225 0.041999999999999926 0.11848999999999993
10 0.9458 0.632815 0.022460000000000035 0.01822999999999997
10 0.926755 0.672525 0.04296999999999995 0.035150000000000015
