0 0.236797 0.752809 0.044293 0.106742
0 0.775980 0.754213 0.025554 0.115169
0 0.744463 0.754213 0.027257 0.115169
0 0.709540 0.755618 0.025554 0.117978
0 0.626065 0.752809 0.045997 0.112360
0 0.487223 0.748596 0.030664 0.109551
0 0.433560 0.751404 0.063032 0.115169
0 0.379046 0.750000 0.028961 0.112360
0 0.095400 0.741573 0.071550 0.106742
0 0.925894 0.744382 0.049404 0.117978
0 0.867973 0.747191 0.049404 0.123596
0 0.378194 0.547753 0.023850 0.089888
0 0.489779 0.537921 0.025554 0.109551
0 0.432709 0.536517 0.061329 0.112360
0 0.778535 0.532303 0.023850 0.115169
0 0.744463 0.532303 0.023850 0.115169
0 0.870528 0.542135 0.047700 0.140449
0 0.928450 0.539326 0.047700 0.140449
0 0.588586 0.532303 0.015332 0.132022
0 0.155026 0.523876 0.023850 0.115169
0 0.123509 0.523876 0.025554 0.115169
0 0.091993 0.523876 0.023850 0.115169
0 0.648211 0.529494 0.015332 0.132022
0 0.617547 0.529494 0.015332 0.132022
0 0.253833 0.526685 0.020443 0.126404
0 0.219761 0.525281 0.017036 0.129213
0 0.196763 0.526685 0.011925 0.132022
0 0.649915 0.317416 0.015332 0.106742
0 0.435264 0.320225 0.134583 0.112360
0 0.253833 0.318820 0.020443 0.109551
0 0.746167 0.313202 0.023850 0.109551
0 0.780239 0.311798 0.023850 0.112360
0 0.711244 0.311798 0.022147 0.112360
0 0.153322 0.313202 0.023850 0.115169
0 0.121806 0.313202 0.022147 0.115169
0 0.089438 0.313202 0.022147 0.115169
0 0.931857 0.316011 0.054514 0.132022
0 0.872232 0.313202 0.054514 0.132022
0 0.589438 0.307584 0.017036 0.126404
0 0.218910 0.303371 0.018739 0.129213
0 0.195060 0.304775 0.011925 0.132022
0 0.618399 0.299157 0.017036 0.132022
0 0.873935 0.146067 0.051107 0.073034
0 0.540034 0.120787 0.020443 0.073034
0 0.784497 0.120787 0.015332 0.078652
0 0.298978 0.117978 0.022147 0.073034
0 0.758944 0.117978 0.015332 0.078652
0 0.734242 0.117978 0.013629 0.078652
0 0.709540 0.117978 0.015332 0.078652
0 0.328790 0.116573 0.027257 0.075843
0 0.158433 0.122191 0.017036 0.087079
0 0.087734 0.122191 0.015332 0.087079
0 0.571550 0.115169 0.022147 0.078652
0 0.134583 0.120787 0.017036 0.089888
0 0.111584 0.120787 0.015332 0.089888
0 0.428450 0.113764 0.151618 0.109551
9 0.332198 0.933989 0.054514 0.126404
7 0.632027 0.148876 0.057922 0.067416
2 0.434412 0.667135 0.160136 0.053371
2 0.430153 0.455056 0.178876 0.039326
5 0.895230 0.841292 0.124361 0.075843
5 0.434412 0.834270 0.143101 0.061798
5 0.431005 0.606742 0.156729 0.028090
5 0.741908 0.606742 0.110733 0.033708
5 0.121806 0.596910 0.103918 0.030899
5 0.432709 0.390449 0.156729 0.028090
5 0.121806 0.386236 0.103918 0.030899
5 0.745315 0.384831 0.110733 0.033708
8 0.432709 0.706461 0.061329 0.019663
8 0.488927 0.705056 0.027257 0.022472
8 0.379046 0.705056 0.025554 0.022472
8 0.490630 0.495787 0.023850 0.019663
8 0.433560 0.492978 0.056218 0.019663
8 0.378194 0.492978 0.023850 0.019663
8 0.780239 0.488764 0.020443 0.022472
8 0.745315 0.488764 0.018739 0.022472
8 0.708688 0.539326 0.020443 0.123596
8 0.589438 0.483146 0.013629 0.022472
8 0.649063 0.477528 0.013629 0.022472
8 0.153322 0.476124 0.020443 0.019663
8 0.122658 0.476124 0.020443 0.019663
8 0.091993 0.476124 0.020443 0.019663
8 0.618399 0.484551 0.013629 0.042135
8 0.254685 0.473315 0.018739 0.019663
8 0.195911 0.471910 0.006814 0.016854
8 0.219761 0.470506 0.013629 0.019663
8 0.434412 0.323034 0.129472 0.106742
8 0.780239 0.269663 0.020443 0.022472
8 0.746167 0.269663 0.020443 0.022472
8 0.090290 0.268258 0.020443 0.019663
8 0.712095 0.266854 0.020443 0.022472
8 0.153322 0.265449 0.020443 0.019663
8 0.122658 0.265449 0.020443 0.019663
8 0.589438 0.255618 0.013629 0.022472
8 0.253833 0.254213 0.020443 0.019663
8 0.649915 0.252809 0.015332 0.022472
8 0.218910 0.251404 0.015332 0.019663
8 0.195060 0.251404 0.008518 0.019663
8 0.617547 0.244382 0.015332 0.022472
8 0.328790 0.116573 0.023850 0.070225
