1 0.500000 0.500000 1.000000 1.000000
1 0.182129 0.028953 0.364258 0.057906
0 0.499512 0.498886 0.999023 0.997773
6 0.585449 0.858575 0.030273 0.033408
6 0.068848 0.895323 0.063477 0.195991
6 0.315430 0.885301 0.062500 0.184855
6 0.176758 0.891982 0.062500 0.198218
6 0.925293 0.842984 0.057617 0.202673
6 0.753418 0.849666 0.061523 0.216036
6 0.583008 0.759465 0.021484 0.035635
2 0.410645 0.834076 0.043945 0.149220
2 0.645508 0.829621 0.042969 0.149220
2 0.246094 0.612472 0.021484 0.102450
2 0.313477 0.603563 0.035156 0.089087
2 0.069336 0.606904 0.037109 0.095768
2 0.175781 0.603563 0.037109 0.093541
2 0.820801 0.572383 0.020508 0.102450
2 0.923340 0.563474 0.030273 0.089087
2 0.753906 0.563474 0.037109 0.089087
2 0.645508 0.569042 0.031250 0.100223
2 0.858887 0.570156 0.022461 0.106904
2 0.410156 0.567929 0.035156 0.102450
2 0.528320 0.557906 0.042969 0.122494
2 0.314453 0.403118 0.033203 0.084633
2 0.247070 0.408686 0.021484 0.100223
2 0.176758 0.399777 0.029297 0.086860
2 0.067383 0.399777 0.029297 0.086860
2 0.926270 0.377506 0.034180 0.069042
2 0.857910 0.380846 0.020508 0.093541
2 0.820801 0.378619 0.020508 0.093541
2 0.752930 0.371938 0.029297 0.080178
2 0.644531 0.347439 0.029297 0.102450
2 0.552246 0.350780 0.020508 0.113586
2 0.526855 0.351893 0.020508 0.115813
2 0.502930 0.346325 0.021484 0.104677
2 0.410156 0.344098 0.029297 0.100223
2 0.246582 0.213808 0.022461 0.084633
2 0.313477 0.209354 0.031250 0.080178
2 0.177246 0.208241 0.032227 0.077951
2 0.856934 0.208241 0.020508 0.091314
2 0.818848 0.207127 0.020508 0.093541
2 0.666016 0.199332 0.015625 0.077951
2 0.643555 0.199332 0.015625 0.077951
2 0.621094 0.199332 0.015625 0.077951
2 0.549805 0.197105 0.015625 0.077951
2 0.526367 0.197105 0.015625 0.077951
2 0.505859 0.197105 0.015625 0.077951
2 0.750977 0.192650 0.031250 0.073497
2 0.432617 0.194878 0.015625 0.077951
2 0.409180 0.194878 0.015625 0.077951
2 0.385742 0.194878 0.015625 0.077951
2 0.856445 0.125835 0.011719 0.015590
2 0.817871 0.125835 0.012695 0.015590
2 0.750000 0.123608 0.011719 0.015590
3 0.233887 0.726058 0.252930 0.040089
3 0.011230 0.726058 0.018555 0.040089
3 0.844727 0.663697 0.302734 0.066815
3 0.183105 0.521158 0.358398 0.040089
3 0.892090 0.467706 0.208008 0.053452
3 0.706543 0.467706 0.030273 0.053452
3 0.183594 0.324053 0.357422 0.037862
3 0.891602 0.291759 0.210938 0.053452
3 0.706543 0.291759 0.026367 0.053452
3 0.181152 0.125835 0.358398 0.060134
3 0.844238 0.114699 0.305664 0.064588
3 0.627441 0.090200 0.124023 0.122494
3 0.428711 0.090200 0.121094 0.122494
11 0.246582 0.897550 0.022461 0.164811
11 0.821777 0.874165 0.032227 0.140312
11 0.529785 0.855234 0.061523 0.213808
9 0.450195 0.766147 0.017578 0.084633
9 0.607422 0.755011 0.017578 0.084633
9 0.499023 0.455457 0.033203 0.113586
9 0.558105 0.445434 0.030273 0.129176
9 0.679688 0.132517 0.011719 0.060134
9 0.657227 0.131403 0.011719 0.062361
9 0.632812 0.125835 0.011719 0.060134
9 0.608398 0.126949 0.023438 0.062361
9 0.580078 0.125835 0.011719 0.060134
9 0.471680 0.123608 0.011719 0.060134
9 0.419922 0.123608 0.011719 0.060134
9 0.395508 0.123608 0.011719 0.060134
9 0.373047 0.123608 0.011719 0.060134
9 0.446289 0.122494 0.021484 0.062361
9 0.527344 0.079065 0.076172 0.158129
4 0.645020 0.477728 0.067383 0.064588
4 0.407715 0.477728 0.067383 0.064588
7 0.246094 0.680401 0.041016 0.033408
7 0.245117 0.475501 0.041016 0.033408
7 0.644043 0.423163 0.034180 0.048998
7 0.409180 0.418708 0.035156 0.048998
7 0.244141 0.272829 0.041016 0.033408
5 0.063965 0.700445 0.086914 0.091314
5 0.172852 0.697105 0.080078 0.093541
5 0.313477 0.694878 0.080078 0.093541
5 0.528320 0.670379 0.312500 0.102450
5 0.930176 0.651448 0.073242 0.086860
5 0.757812 0.651448 0.074219 0.086860
5 0.313965 0.488864 0.065430 0.086860
5 0.172363 0.489978 0.071289 0.093541
5 0.065918 0.489978 0.071289 0.093541
5 0.929688 0.452116 0.068359 0.080178
5 0.754883 0.455457 0.066406 0.086860
5 0.311523 0.292873 0.064453 0.086860
5 0.066895 0.292873 0.065430 0.086860
5 0.170898 0.290646 0.064453 0.086860
5 0.752930 0.273942 0.066406 0.089087
10 0.252441 0.613586 0.006836 0.100223
10 0.061523 0.608018 0.015625 0.093541
10 0.336426 0.602450 0.010742 0.091314
10 0.290527 0.601336 0.010742 0.093541
10 0.751953 0.566815 0.031250 0.082405
10 0.819336 0.571269 0.015625 0.095768
10 0.922852 0.564588 0.027344 0.086860
10 0.314941 0.404232 0.032227 0.082405
10 0.252441 0.412027 0.008789 0.097996
10 0.240723 0.412027 0.008789 0.097996
10 0.183105 0.400891 0.014648 0.084633
10 0.087402 0.399777 0.010742 0.086860
10 0.046387 0.398664 0.012695 0.089087
10 0.924316 0.378619 0.028320 0.066815
10 0.860352 0.380846 0.009766 0.089087
10 0.732422 0.371938 0.011719 0.080178
10 0.773926 0.370824 0.012695 0.082405
10 0.313965 0.211581 0.030273 0.075724
10 0.246582 0.219376 0.020508 0.091314
10 0.177246 0.210468 0.030273 0.073497
10 0.071289 0.209354 0.029297 0.080178
10 0.818359 0.207127 0.017578 0.080178
10 0.750000 0.195991 0.029297 0.066815
