0 0.625605 0.72323 0.6570100000000001 0.37568
0 0.719805 0.36933000000000005 0.48309 0.3285
1 0.692025 0.81216 0.07970999999999995 0.019959999999999978
1 0.69082 0.835755 0.07729999999999992 0.019970000000000043
1 0.689615 0.859345 0.07970999999999995 0.019970000000000043
1 0.69444 0.73775 0.07487999999999995 0.01634000000000002
1 0.69686 0.71506 0.07487999999999995 0.014519999999999977
1 0.6980649999999999 0.63793 0.07728999999999997 0.019959999999999978
1 0.700485 0.61252 0.07728999999999997 0.01996000000000009
1 0.700485 0.587115 0.07728999999999997 0.019969999999999932
1 0.060386499999999996 0.16605999999999999 0.067633 0.016339999999999993
1 0.05434800000000001 0.23412 0.065218 0.01813999999999999
1 0.051932500000000006 0.30127000000000004 0.065217 0.021779999999999966
1 0.17754 0.309435 0.07488 0.02359
1 0.178745 0.28312000000000004 0.07729 0.021779999999999966
1 0.18116 0.24137999999999998 0.07730000000000001 0.021779999999999994
1 0.183575 0.21416000000000002 0.07729 0.021779999999999994
1 0.18599 0.17423 0.07730000000000001 0.021779999999999994
1 0.1872 0.147005 0.07488 0.02177000000000001
1 0.316425 0.3049 0.07728999999999997 0.02178000000000002
1 0.31762999999999997 0.278585 0.07488 0.02359
1 0.32004999999999995 0.236845 0.07488 0.02359
1 0.32125499999999996 0.20962 0.07729000000000003 0.02360000000000001
1 0.32487999999999995 0.1706 0.07488 0.02178000000000002
1 0.32487999999999995 0.143375 0.07488 0.02177000000000001
1 0.46255999999999997 0.13974999999999999 0.07488 0.021779999999999994
1 0.460145 0.16697 0.07487000000000005 0.021779999999999994
1 0.45772999999999997 0.207805 0.07488 0.02359
1 0.45772999999999997 0.23412 0.07488 0.021779999999999994
1 0.45772999999999997 0.27405 0.07488 0.02178000000000002
1 0.45289999999999997 0.30127000000000004 0.07488 0.021779999999999966
1 0.38888999999999996 0.8167 0.08695999999999998 0.02178000000000002
1 0.3901 0.7559 0.08454 0.023600000000000065
1 0.39251 0.72958 0.08454 0.02177999999999991
1 0.39493 0.7023600000000001 0.08454 0.02178000000000002
1 0.39493 0.6406499999999999 0.08454 0.02178000000000002
1 0.544685 0.8620650000000001 0.07970999999999995 0.01815
1 0.5422750000000001 0.8384750000000001 0.07971000000000006 0.01815
1 0.544685 0.816695 0.07970999999999995 0.01815
1 0.54469 0.74773 0.07488000000000006 0.014520000000000088
1 0.5470999999999999 0.7132499999999999 0.07487999999999995 0.014519999999999977
1 0.5470999999999999 0.690565 0.07487999999999995 0.016329999999999956
1 0.54952 0.64156 0.07488000000000006 0.019959999999999978
1 0.5507249999999999 0.6170599999999999 0.07728999999999997 0.018139999999999934
1 0.55314 0.5934649999999999 0.07730000000000004 0.01815
1 0.28261000000000003 0.381125 0.07729999999999998 0.01815
1 0.28261000000000003 0.408345 0.07729999999999998 0.01815
1 0.28019499999999997 0.441015 0.07729000000000003 0.01815
1 0.27898999999999996 0.470055 0.07488 0.01815
1 0.27778 0.50363 0.07729999999999998 0.023600000000000065
1 0.27778 0.53176 0.07729999999999998 0.02177999999999991
1 0.27536 0.56443 0.07730000000000001 0.02178000000000002
1 0.27536 0.5934699999999999 0.07730000000000001 0.02178000000000002
1 0.41425 0.392015 0.06522 0.036290000000000044
1 0.41425 0.45372 0.06522 0.0363
1 0.410625 0.51543 0.06763000000000002 0.036300000000000054
1 0.7016899999999999 0.24864 0.11351999999999995 0.07622000000000001
1 0.7016899999999999 0.336665 0.11351999999999995 0.07440999999999998
1 0.700485 0.422865 0.11111000000000004 0.07623000000000002
1 0.69686 0.49637 0.11351999999999995 0.045379999999999976
1 0.4686 0.033575 0.04348000000000002 0.016334
1 0.471015 0.057169 0.04347000000000001 0.016334000000000008
1 0.471015 0.080762 0.04347000000000001 0.016333999999999987
1 0.27415500000000004 0.0780395 0.05073 0.014519000000000004
1 0.27415500000000004 0.0580765 0.05073 0.014519000000000004
1 0.38526499999999997 0.07350300000000001 0.055550000000000044 0.016334
1 0.38526499999999997 0.054446499999999995 0.055550000000000044 0.014518999999999997
1 0.38526499999999997 0.037205 0.055550000000000044 0.016334
1 0.7512099999999999 0.1588 0.11594000000000004 0.03448000000000001
1 0.75362 0.1070795 0.11594000000000004 0.036301000000000014
1 0.75483 0.0571685 0.11352000000000007 0.03448300000000001
1 0.75483 0.01270395 0.10870000000000002 0.021778099999999998
4 0.23188 0.157895 0.009660000000000002 0.06533
4 0.22464 0.225955 0.009660000000000002 0.06714999999999999
4 0.21981 0.292195 0.009660000000000002 0.06533
4 0.36715 0.15245 0.009660000000000002 0.06534000000000001
4 0.36353 0.22323 0.012080000000000035 0.06534000000000001
4 0.3599 0.29401 0.009660000000000002 0.06534000000000001
4 0.50483 0.154265 0.009660000000000002 0.06533000000000001
5 0.15097 0.49274 0.02174000000000001 0.11434
6 0.39493 0.673325 0.08454 0.025410000000000044
6 0.39493 0.6669700000000001 0.08454 0.02721999999999991
6 0.3901 0.77677 0.08454 0.025399999999999978
6 0.3901 0.788565 0.08454 0.027229999999999976
6 0.544685 0.785845 0.07970999999999995 0.025409999999999933
6 0.5519350000000001 0.666065 0.07971000000000006 0.025409999999999933
6 0.689615 0.880215 0.07970999999999995 0.025410000000000044
6 0.692025 0.785845 0.07970999999999995 0.025409999999999933
6 0.696855 0.6569849999999999 0.07970999999999995 0.01815
6 0.699275 0.5626150000000001 0.07970999999999995 0.025410000000000044
7 0.35749 0.392015 0.04348000000000002 0.047189999999999954
7 0.35507 0.45372 0.04347999999999996 0.04718
7 0.35266 0.516335 0.04348000000000002 0.04537000000000008
7 0.35024 0.57441 0.04347999999999996 0.045379999999999976
8 0.608695 0.37024 0.03381000000000001 0.3266800000000001
8 0.7657 0.37024 0.03382000000000007 0.3266800000000001
8 0.7475849999999999 0.72414 0.026570000000000094 0.3702399999999999
10 0.391305 0.21869 0.03865000000000002 0.09255999999999998
10 0.7934749999999999 0.7196 0.08937000000000006 0.3611599999999999
10 0.730675 0.10889199999999999 0.05073000000000005 0.03629599999999998
10 0.799515 0.0589849 0.03864999999999996 0.1107102
10 0.90942 0.09074245 0.11352000000000007 0.1778551
10 0.89855 0.36751500000000004 0.10628000000000004 0.15063
10 0.902175 0.250455 0.10869000000000006 0.07622999999999999
10 0.89855 0.481855 0.10628000000000004 0.07440999999999998
10 0.8961399999999999 0.61252 0.10628000000000004 0.09256000000000009
10 0.89493 0.72051 0.10870000000000002 0.11978
10 0.896135 0.83212 0.11111000000000004 0.09982000000000002
10 0.89976 0.896555 0.09904000000000002 0.025409999999999933
10 0.03864725 0.44011 0.0724635 0.09255999999999998
