0 0.5009781 0.5021038 0.9941438 0.9957924
1 0.141604 0.0525945 0.111332 0.049089
1 0.141604 0.201265 0.111332 0.04909000000000002
1 0.141604 0.348525 0.111332 0.04909000000000002
1 0.142092 0.497895 0.110356 0.053290000000000004
1 0.143557 0.64376 0.11328599999999998 0.047679999999999945
1 0.1469735 0.7903249999999999 0.11035299999999999 0.04908999999999997
1 0.152833 0.931975 0.110354 0.04909000000000008
1 0.36572 0.053997 0.12597999999999998 0.054698
1 0.36523 0.20056000000000002 0.125 0.053299999999999986
1 0.367675 0.34923 0.12989 0.053300000000000014
1 0.367675 0.49579000000000006 0.12403000000000003 0.054700000000000026
1 0.37549 0.929175 0.12597999999999998 0.05188999999999999
1 0.339845 0.785415 0.054690000000000016 0.05329000000000006
1 0.353025 0.64516 0.08887 0.06452000000000002
1 0.615235 0.05960699999999999 0.14453000000000005 0.063114
1 0.616215 0.204065 0.14452999999999994 0.06311
1 0.6181650000000001 0.352035 0.14452999999999994 0.06170999999999999
1 0.61719 0.49929500000000004 0.14257999999999993 0.06170999999999999
1 0.6167 0.64236 0.13770000000000004 0.05609999999999993
1 0.6186499999999999 0.7790999999999999 0.13770000000000004 0.057499999999999996
1 0.6186499999999999 0.91725 0.13770000000000004 0.05610000000000004
2 0.8876999999999999 0.641655 0.1933600000000001 0.10799000000000003
2 0.8969750000000001 0.49439 0.17285000000000006 0.05750000000000005
3 0.060059 0.06241000000000001 0.051758 0.10238
3 0.061035000000000006 0.20967999999999998 0.051758000000000005 0.10238
3 0.062012 0.359745 0.051758 0.10519
3 0.061035000000000006 0.509815 0.051758000000000005 0.10518999999999995
3 0.0625 0.658485 0.052734 0.10799000000000003
3 0.0668945 0.8071550000000001 0.053711 0.10798999999999992
3 0.0703125 0.941095 0.052735000000000004 0.10938999999999999
3 0.48828 0.07082630000000001 0.10741999999999996 0.1276274
3 0.487795 0.215285 0.11034999999999995 0.15007
3 0.489745 0.36816499999999996 0.11034999999999995 0.15006999999999998
3 0.49512 0.9354800000000001 0.10156000000000004 0.12341999999999997
3 0.25634500000000005 0.06311505 0.07129000000000002 0.1150099
3 0.25537 0.21038 0.07520000000000002 0.13464
3 0.25683500000000004 0.35905 0.07617000000000002 0.13464000000000004
3 0.269045 0.9347799999999999 0.07519000000000003 0.12482000000000004
4 0.43799 0.0554 0.022460000000000035 0.079944
4 0.438965 0.20337 0.02246999999999999 0.07854
4 0.44140500000000005 0.352735 0.023430000000000006 0.08554999999999996
4 0.70703 0.06591885 0.04491999999999996 0.1122023
4 0.70947 0.21108 0.04589999999999994 0.11079999999999998
4 0.7085 0.35554 0.04590000000000005 0.11080000000000001
4 0.70654 0.91795 0.040039999999999965 0.10238000000000003
5 0.39746 0.78191 0.06640000000000001 0.2230000000000001
5 0.450195 0.5021 0.044930000000000025 0.08976
5 0.706055 0.7861149999999999 0.03906999999999994 0.08274999999999999
5 0.70703 0.6542749999999999 0.04491999999999996 0.10519
5 0.707035 0.50421 0.037109999999999976 0.08836000000000005
7 0.79297 0.21879500000000002 0.039059999999999984 0.030850000000000016
7 0.7924800000000001 0.0729315 0.040039999999999965 0.030854999999999994
7 0.79443 0.363255 0.040039999999999965 0.030850000000000044
7 0.79199 0.507715 0.039059999999999984 0.030850000000000044
7 0.77197 0.647965 0.040039999999999965 0.030850000000000044
7 0.7890600000000001 0.786815 0.039059999999999984 0.030849999999999933
7 0.7876000000000001 0.918655 0.040039999999999965 0.030850000000000044
8 0.05029305 0.50210385 0.08300790000000001 0.9845723
8 0.21875 0.50140385 0.048819999999999975 0.9831723
8 0.75244 0.5007013 0.057620000000000005 0.9873774
9 0.35009500000000005 0.44320000000000004 0.11035 0.014019999999999977
9 0.35058500000000004 0.558905 0.11132999999999998 0.015430000000000055
9 0.35009500000000005 0.59327 0.11035 0.014020000000000032
9 0.331055 0.70477 0.06640999999999997 0.012620000000000076
9 0.33008 0.7384299999999999 0.06640000000000001 0.012619999999999965
9 0.33691499999999996 0.84642 0.06641000000000002 0.012619999999999965
9 0.28564500000000004 0.44460500000000003 0.020509999999999973 0.028049999999999964
9 0.28418 0.56031 0.02148 0.02946000000000004
9 0.28418 0.5946750000000001 0.02148 0.02805000000000002
9 0.28613500000000003 0.7026650000000001 0.021489999999999954 0.02805000000000002
9 0.286625 0.7391350000000001 0.020509999999999973 0.02805000000000002
9 0.29198999999999997 0.8457250000000001 0.02148 0.02805000000000002
9 0.530275 0.448105 0.021489999999999898 0.02945000000000003
9 0.5293 0.56101 0.023439999999999905 0.03086
9 0.53027 0.596075 0.023440000000000016 0.030850000000000044
9 0.53076 0.7075750000000001 0.022459999999999924 0.029450000000000087
9 0.53027 0.7405349999999999 0.023440000000000016 0.030849999999999933
9 0.53125 0.840815 0.023439999999999905 0.029449999999999976
7 0.530275 0.5105200000000001 0.035149999999999904 0.02524000000000004
7 0.53125 0.6500699999999999 0.03516000000000008 0.023839999999999972
7 0.530275 0.79593 0.035149999999999904 0.023839999999999972
9 0.607425 0.447405 0.1328100000000001 0.014029999999999987
9 0.607425 0.56101 0.1328100000000001 0.014019999999999921
9 0.609375 0.596075 0.1328100000000001 0.014029999999999987
9 0.608395 0.70547 0.13280999999999998 0.014020000000000032
9 0.608395 0.7405349999999999 0.13280999999999998 0.014030000000000098
9 0.609375 0.838005 0.1328100000000001 0.015430000000000055
9 0.419435 0.44530000000000003 0.026370000000000005 0.021040000000000003
9 0.418455 0.56101 0.024409999999999987 0.022440000000000015
9 0.68164 0.44881 0.013680000000000025 0.022440000000000015
9 0.68164 0.563115 0.013680000000000025 0.023850000000000038
9 0.6811499999999999 0.596775 0.012700000000000045 0.023850000000000038
9 0.68164 0.70617 0.011719999999999953 0.023839999999999972
9 0.68066 0.73983 0.011720000000000064 0.023840000000000083
9 0.68164 0.836605 0.011719999999999953 0.023850000000000038
1 0.83447 0.213185 0.040039999999999965 0.07293000000000002
1 0.8325199999999999 0.073633 0.040039999999999965 0.074334
1 0.83594 0.354835 0.041020000000000056 0.07293
10 0.88086 0.7608699999999999 0.11328000000000005 0.06311999999999995
10 0.83789 0.89691 0.05078000000000005 0.20056000000000007
10 0.90039 0.8906000000000001 0.07031999999999994 0.04487999999999992
7 0.024902 0.052595 0.028319999999999998 0.043477999999999996
7 0.024902 0.20126 0.028319999999999998 0.04347999999999999
7 0.024902 0.34923000000000004 0.028319999999999998 0.04768
7 0.0239258 0.5 0.028320400000000003 0.04908000000000001
7 0.027832000000000003 0.647965 0.02832 0.04769000000000001
7 0.030761999999999998 0.79383 0.028319999999999998 0.047680000000000056
7 0.0356445 0.93899 0.028321000000000002 0.04908000000000001
