0 0.533203 0.5244945 0.933594 0.948631
1 0.85596 0.9163699999999999 0.06151999999999991 0.04061999999999999
1 0.85547 0.80227 0.0625 0.04181999999999997
1 0.85547 0.686975 0.0625 0.04300999999999999
1 0.71045 0.917565 0.08886000000000005 0.052570000000000006
1 0.710935 0.8034650000000001 0.08789000000000002 0.05137000000000003
1 0.709965 0.688175 0.08789000000000002 0.052570000000000006
1 0.85547 0.5722799999999999 0.0625 0.04061999999999999
1 0.85596 0.457585 0.06348000000000009 0.04300999999999999
1 0.709475 0.571685 0.08887 0.053770000000000095
1 0.709475 0.45699 0.08887 0.05376000000000003
1 0.85205 0.24671500000000002 0.06347999999999998 0.041810000000000014
1 0.702635 0.24552 0.08887 0.04897999999999997
1 0.70215 0.17144500000000001 0.08984000000000003 0.048990000000000006
3 0.638185 0.435485 0.0654300000000001 0.12545
3 0.639165 0.5627249999999999 0.06542999999999999 0.11709000000000003
3 0.639165 0.6816 0.06542999999999999 0.11827999999999994
3 0.639165 0.799885 0.06542999999999999 0.11588999999999994
3 0.6401349999999999 0.91637 0.06542999999999999 0.11470000000000002
1 0.54541 0.8052600000000001 0.08106000000000002 0.05018
1 0.5459 0.91995 0.08008000000000004 0.05018
1 0.396485 0.92294 0.07812999999999998 0.04181999999999997
1 0.396485 0.80705 0.07812999999999998 0.04182000000000008
3 0.48534999999999995 0.91458 0.06639999999999996 0.11828000000000005
3 0.48584000000000005 0.7974950000000001 0.06738000000000005 0.11588999999999994
3 0.48633000000000004 0.6804049999999999 0.06836000000000003 0.11588999999999994
3 0.482425 0.433095 0.06055000000000005 0.12067
3 0.484375 0.557945 0.06444999999999995 0.12664999999999998
1 0.5449200000000001 0.68817 0.07812000000000008 0.05018
1 0.5449200000000001 0.5728800000000001 0.07812000000000008 0.04897999999999991
1 0.5449200000000001 0.45639 0.08008000000000004 0.05018
1 0.395995 0.692355 0.07715 0.041810000000000014
1 0.395995 0.577065 0.07715 0.04300999999999999
1 0.396485 0.461175 0.07617000000000002 0.04300999999999999
3 0.44628999999999996 0.168459 0.06836000000000003 0.22700199999999998
1 0.53613 0.24552 0.08397999999999994 0.04897999999999997
1 0.53564 0.17204 0.08495999999999998 0.05018
1 0.38134999999999997 0.24014000000000002 0.07519999999999999 0.04062000000000002
1 0.38086 0.189365 0.07617999999999997 0.04421
3 0.620115 0.19354700000000002 0.04686999999999997 0.23894600000000002
4 0.5956999999999999 0.44982 0.029299999999999993 0.10393999999999998
4 0.5956999999999999 0.56989 0.029299999999999993 0.10514000000000001
4 0.59717 0.68638 0.028320000000000012 0.10393999999999992
4 0.5956999999999999 0.8046599999999999 0.029299999999999993 0.10394000000000003
4 0.59814 0.91398 0.0283199999999999 0.10514000000000001
5 0.769535 0.45221 0.03125 0.08243999999999996
5 0.768555 0.5657099999999999 0.03125 0.08243999999999996
5 0.769045 0.68399 0.03027000000000002 0.08244000000000007
5 0.769535 0.80227 0.03125 0.08243999999999996
5 0.770505 0.918755 0.03125 0.08362999999999998
5 0.762695 0.24432500000000001 0.03125 0.05855000000000002
5 0.762695 0.16667 0.03125 0.07288
5 0.588375 0.166665 0.020510000000000028 0.07049
5 0.588865 0.24492 0.02149000000000001 0.06929999999999997
7 0.294435 0.207885 0.020510000000000028 0.06450999999999998
1 0.1543 0.212065 0.03906000000000001 0.04659000000000002
7 0.311525 0.4552 0.019530000000000047 0.06452000000000002
7 0.3125 0.5710900000000001 0.019540000000000002 0.06452000000000002
7 0.311525 0.923535 0.019530000000000047 0.06451000000000007
7 0.311525 0.80645 0.019530000000000047 0.06451999999999991
7 0.311525 0.689365 0.019530000000000047 0.06451000000000007
8 0.26709 0.5286755 0.15722 0.930709
8 0.43603499999999995 0.533452 0.057609999999999995 0.918756
8 0.77002 0.5310625 0.057620000000000005 0.918755
8 0.896975 0.523894 0.03027000000000002 0.933092
9 0.38671999999999995 0.41039499999999995 0.07422000000000001 0.020309999999999995
9 0.387695 0.50239 0.07421 0.01791999999999999
9 0.38721 0.5262800000000001 0.07323999999999997 0.017920000000000047
9 0.38721 0.6182799999999999 0.07323999999999997 0.017920000000000047
9 0.38671999999999995 0.64337 0.07422000000000001 0.017919999999999936
9 0.38817999999999997 0.73417 0.07324000000000003 0.017919999999999936
9 0.38817999999999997 0.7604500000000001 0.07324000000000003 0.017920000000000047
9 0.38817999999999997 0.851255 0.07324000000000003 0.01793
9 0.38671999999999995 0.87634 0.07422000000000001 0.017919999999999936
9 0.38721 0.9677450000000001 0.07323999999999997 0.016730000000000023
9 0.38817999999999997 0.990445 0.07324000000000003 0.016730000000000023
9 0.38866999999999996 0.38471 0.07422000000000001 0.009560000000000013
9 0.37451 0.280165 0.07323999999999997 0.02031000000000005
9 0.37256 0.13380999999999998 0.07323999999999997 0.019119999999999998
7 0.530765 0.272995 0.09277000000000007 0.029870000000000008
7 0.53125 0.20072 0.09180000000000005 0.031060000000000004
7 0.529785 0.12484999999999999 0.09276999999999996 0.029859999999999984
9 0.696285 0.277775 0.08789000000000002 0.015530000000000044
9 0.696775 0.203705 0.08887 0.015529999999999988
9 0.696775 0.128435 0.08887 0.015529999999999988
9 0.85205 0.28017000000000003 0.06152000000000002 0.022699999999999998
9 0.85254 0.2049 0.06054000000000004 0.022699999999999998
9 0.328615 0.13321 0.012689999999999979 0.02747999999999999
9 0.330565 0.27957 0.012689999999999979 0.026280000000000026
9 0.34424 0.409795 0.012699999999999989 0.02628999999999998
9 0.344725 0.3859 0.01366999999999996 0.014339999999999964
9 0.34424 0.5 0.012699999999999989 0.02747999999999995
9 0.34326 0.52748 0.012699999999999989 0.02748000000000006
9 0.34424 0.61589 0.012699999999999989 0.02748000000000006
9 0.34375 0.643965 0.013680000000000025 0.026289999999999925
9 0.34424 0.73417 0.012699999999999989 0.02747999999999995
9 0.345215 0.76284 0.012689999999999979 0.02748000000000006
9 0.34424 0.85006 0.012699999999999989 0.02748000000000006
9 0.34326 0.87754 0.012699999999999989 0.02747999999999995
9 0.34424 0.96595 0.012699999999999989 0.02747999999999995
9 0.34424 0.989845 0.012699999999999989 0.01793
9 0.6459950000000001 0.126045 0.012689999999999979 0.03224999999999999
9 0.6459950000000001 0.20190999999999998 0.012689999999999979 0.02868000000000001
9 0.645505 0.27658499999999997 0.013670000000000071 0.029870000000000008
9 0.8178749999999999 0.277775 0.008789999999999965 0.029870000000000008
9 0.8178749999999999 0.203705 0.008789999999999965 0.029870000000000008
