4 0.318359 0.888672 0.042969 0.039062
4 0.147135 0.885742 0.041667 0.042969
4 0.435547 0.825684 0.055990 0.045898
4 0.822266 0.824219 0.055990 0.046875
0 0.811198 0.886719 0.122396 0.105469
0 0.425781 0.885742 0.117188 0.107422
0 0.803385 0.665527 0.096354 0.112305
0 0.611328 0.665527 0.097656 0.112305
0 0.419922 0.665527 0.097656 0.112305
0 0.229818 0.665527 0.095052 0.112305
0 0.608073 0.473145 0.085938 0.090820
0 0.417969 0.473633 0.085938 0.091797
0 0.041667 0.474121 0.080729 0.092773
0 0.228516 0.473145 0.084635 0.092773
0 0.798177 0.472168 0.085938 0.092773
1 0.483724 0.758789 0.957031 0.029297
1 0.477865 0.529297 0.955729 0.029297
1 0.478516 0.376953 0.954427 0.080078
9 0.616536 0.905273 0.108073 0.134766
9 0.230469 0.896484 0.085938 0.136719
