1 0.500000 0.500000 1.000000 1.000000
0 0.502568 0.500000 0.994863 0.996094
2 0.827911 0.878418 0.070205 0.055664
2 0.162671 0.878418 0.068493 0.055664
2 0.827055 0.730957 0.075342 0.077148
2 0.161815 0.731934 0.073630 0.083008
2 0.491438 0.726562 0.089041 0.074219
2 0.159247 0.570312 0.075342 0.052734
2 0.833048 0.568848 0.073630 0.053711
2 0.492295 0.563965 0.077055 0.045898
2 0.163527 0.434570 0.090753 0.062500
2 0.833048 0.433594 0.090753 0.062500
2 0.493151 0.424805 0.085616 0.048828
2 0.831336 0.304199 0.094178 0.041992
2 0.161815 0.304199 0.094178 0.041992
2 0.495719 0.298828 0.080479 0.033203
2 0.165240 0.196289 0.094178 0.041016
2 0.498288 0.192383 0.222603 0.037109
2 0.836473 0.194824 0.094178 0.043945
2 0.832192 0.079102 0.092466 0.041016
2 0.167808 0.081055 0.092466 0.044922
2 0.495719 0.072266 0.220890 0.029297
3 0.791096 0.940430 0.386986 0.035156
3 0.203767 0.940430 0.386986 0.035156
3 0.852740 0.799316 0.277397 0.043945
3 0.139555 0.799316 0.234589 0.043945
3 0.815925 0.624512 0.337329 0.043945
3 0.172945 0.624512 0.318493 0.043945
3 0.504281 0.486328 0.970890 0.044922
3 0.781678 0.357910 0.409247 0.043945
3 0.212329 0.357910 0.393836 0.043945
3 0.506849 0.267090 0.969178 0.022461
3 0.500856 0.145996 0.970890 0.022461
3 0.505137 0.023926 0.979452 0.036133
11 0.497432 0.920898 0.200342 0.140625
9 0.325342 0.900391 0.037671 0.093750
9 0.654110 0.898438 0.037671 0.093750
9 0.327055 0.838867 0.061644 0.019531
9 0.657534 0.838379 0.061644 0.020508
9 0.487158 0.835449 0.066781 0.047852
4 0.162671 0.838379 0.160959 0.036133
4 0.829623 0.836914 0.162671 0.035156
4 0.162671 0.679688 0.178082 0.050781
4 0.490582 0.672363 0.203767 0.038086
4 0.832192 0.676758 0.178082 0.050781
4 0.165240 0.528320 0.183219 0.039062
4 0.833904 0.521973 0.184932 0.028320
4 0.499144 0.526855 0.183219 0.038086
4 0.827911 0.382324 0.186644 0.028320
4 0.486301 0.382324 0.184932 0.028320
4 0.159247 0.382324 0.184932 0.028320
7 0.160103 0.791504 0.155822 0.036133
7 0.833048 0.788086 0.155822 0.037109
5 0.829623 0.926270 0.087329 0.040039
5 0.163527 0.926270 0.087329 0.040039
5 0.485445 0.794434 0.457192 0.061523
5 0.160103 0.615234 0.087329 0.037109
5 0.827911 0.614258 0.087329 0.037109
5 0.489726 0.618164 0.315068 0.062500
5 0.166096 0.481934 0.089041 0.036133
5 0.831336 0.480957 0.087329 0.036133
5 0.489726 0.477539 0.250000 0.056641
5 0.830479 0.344238 0.113014 0.038086
5 0.162671 0.344238 0.113014 0.038086
5 0.493151 0.344727 0.167808 0.058594
5 0.832192 0.243164 0.160959 0.052734
5 0.160959 0.243164 0.160959 0.052734
5 0.494007 0.240723 0.320205 0.059570
5 0.162671 0.122070 0.113014 0.037109
5 0.833904 0.118652 0.113014 0.038086
5 0.491438 0.120117 0.321918 0.066406
10 0.827911 0.878906 0.063356 0.054688
10 0.164384 0.433594 0.082192 0.058594
10 0.854452 0.431641 0.041096 0.058594
10 0.811644 0.432129 0.041096 0.059570
10 0.494007 0.425781 0.083904 0.046875
10 0.164384 0.305176 0.075342 0.040039
10 0.854452 0.304688 0.037671 0.041016
10 0.815068 0.304688 0.037671 0.041016
10 0.494863 0.299316 0.075342 0.032227
