0 0.5039085 0.587025 0.9492229999999999 0.81541
1 0.24756 0.26213 0.06738 0.04114000000000001
1 0.25049 0.41296999999999995 0.06934000000000001 0.03270000000000001
1 0.25244 0.57595 0.06738 0.040080000000000005
1 0.25049 0.45886 0.06934000000000001 0.03164
1 0.251465 0.695675 0.06933 0.03271000000000002
1 0.25195 0.740505 0.06836 0.031649999999999956
1 0.384765 0.28692 0.06445000000000001 0.03376000000000001
1 0.385255 0.24209 0.06347000000000003 0.03270000000000001
1 0.39014 0.579115 0.06347999999999998 0.04009000000000007
1 0.38916 0.462025 0.06347999999999998 0.03375
1 0.38867 0.41772 0.0625 0.03164
1 0.38965 0.697785 0.0625 0.03271000000000002
1 0.38965 0.742615 0.0625 0.031649999999999956
1 0.52832 0.41561 0.06640000000000001 0.03376000000000001
1 0.528805 0.45991499999999996 0.06543000000000004 0.03375
1 0.52832 0.57806 0.06446000000000002 0.040080000000000005
1 0.529295 0.6962 0.06641000000000002 0.03376000000000001
1 0.52881 0.74156 0.06738 0.03376000000000001
1 0.5249 0.263185 0.06738000000000005 0.07067000000000001
1 0.120115 0.5448299999999999 0.05273 0.03270000000000006
1 0.1196265 0.6049599999999999 0.053707000000000005 0.03270000000000006
1 0.469725 0.90612 0.027349999999999985 0.02742
1 0.46924 0.9419850000000001 0.028320000000000012 0.027429999999999954
1 0.51123 0.90665 0.04199999999999998 0.02847999999999995
1 0.512205 0.941455 0.04199000000000003 0.026370000000000005
1 0.666505 0.240505 0.06739000000000006 0.03165000000000001
1 0.666015 0.28534000000000004 0.06640999999999997 0.03270000000000001
1 0.80859 0.28534000000000004 0.06835999999999998 0.03270000000000001
1 0.80908 0.23998 0.06933999999999996 0.03270000000000001
1 0.66992 0.41772 0.06835999999999998 0.03376000000000001
1 0.66992 0.46413499999999996 0.06640000000000001 0.03165000000000001
1 0.6709 0.5822799999999999 0.06836000000000009 0.040080000000000005
1 0.6709 0.698835 0.06836000000000009 0.03481000000000001
1 0.66992 0.742615 0.06835999999999998 0.03374999999999995
1 0.81006 0.5807 0.06738 0.041139999999999954
1 0.81055 0.69884 0.06835999999999998 0.03269999999999995
1 0.80908 0.74367 0.06738 0.0337599999999999
1 0.921875 0.25844 0.05858999999999992 0.05696000000000001
1 0.797855 0.447785 0.037109999999999976 0.01371
1 0.80322 0.42510499999999996 0.028320000000000012 0.006330000000000002
1 0.8012699999999999 0.46519 0.030279999999999974 0.006319999999999992
2 0.8916 0.43776 0.10741999999999996 0.06118000000000001
2 0.93408 0.7194100000000001 0.08496000000000004 0.05696000000000001
2 0.93408 0.579115 0.08496000000000004 0.03165000000000007
1 0.233885 0.08913499999999999 0.06347000000000003 0.030589999999999992
1 0.233885 0.119725 0.06347000000000003 0.026370000000000005
1 0.37060499999999996 0.12025 0.07324999999999998 0.025319999999999995
1 0.37011499999999997 0.0833335 0.07227 0.03164499999999999
1 0.48291 0.11762 0.024419999999999997 0.024260000000000004
1 0.483885 0.08596999999999999 0.024409999999999987 0.02847999999999999
1 0.5200199999999999 0.0854425 0.04393999999999998 0.029534999999999992
1 0.520505 0.118145 0.04296999999999995 0.02743000000000001
1 0.7807649999999999 0.101792 0.07714999999999994 0.049575999999999995
3 0.325195 0.091243 0.039069999999999994 0.119194
3 0.47997999999999996 0.252635 0.053719999999999934 0.14029
3 0.48046999999999995 0.43038 0.04687999999999998 0.14978000000000002
3 0.47948999999999997 0.7130799999999999 0.04687999999999998 0.13923999999999992
3 0.472165 0.572785 0.06542999999999999 0.10759000000000007
3 0.43652 0.092298 0.039059999999999984 0.125524
3 0.33935499999999996 0.256855 0.024409999999999987 0.11709000000000003
4 0.421875 0.25949500000000003 0.01366999999999996 0.09493000000000001
4 0.424805 0.435655 0.013670000000000015 0.09705000000000003
4 0.42627000000000004 0.577005 0.012699999999999989 0.059069999999999956
4 0.42627 0.718355 0.014639999999999986 0.09492999999999996
4 0.5537099999999999 0.095462 0.029299999999999993 0.10653599999999999
4 0.55225 0.92616 0.04590000000000005 0.11392000000000002
5 0.70703 0.09440950000000001 0.0625 0.102321
3 0.194825 0.09968350000000001 0.04394999999999999 0.083333
7 0.74365 0.580695 0.06347999999999998 0.10443000000000002
7 0.7495149999999999 0.718355 0.07714999999999994 0.11814999999999998
7 0.75049 0.4404 0.07909999999999995 0.11919999999999997
7 0.7856449999999999 0.43406999999999996 0.06347000000000003 0.10232000000000002
7 0.608885 0.26266 0.04784999999999995 0.10338000000000003
7 0.6220699999999999 0.440925 0.023440000000000016 0.09282999999999997
7 0.623045 0.7204649999999999 0.025390000000000024 0.10548999999999997
7 0.746585 0.935655 0.10449000000000008 0.11603000000000008
7 0.46435499999999996 0.86129 0.04199000000000003 0.015819999999999945
7 0.46289 0.9836499999999999 0.03906000000000004 0.017939999999999956
5 0.299315 0.26424000000000003 0.03027000000000002 0.14874
5 0.299315 0.831755 0.03808999999999996 0.09599000000000002
8 0.316895 0.587025 0.03222999999999998 0.80907
8 0.563965 0.5152950000000001 0.026370000000000005 0.66139
8 0.868165 0.586495 0.025390000000000024 0.80169
8 0.126951 0.582805 0.175778 0.7858700000000001
9 0.243655 0.86656 0.07714999999999997 0.013719999999999954
9 0.24414 0.80538 0.07617999999999997 0.011600000000000055
9 0.24414000000000002 0.339135 0.08204000000000003 0.01371
9 0.24364999999999998 0.29852500000000004 0.08106 0.014770000000000005
9 0.24414000000000002 0.22574 0.08204000000000003 0.012660000000000005
9 0.243655 0.18565 0.07714999999999997 0.012660000000000005
9 0.37158 0.1044305 0.05565999999999999 0.012659000000000004
9 0.73584 0.512135 0.1103599999999999 0.03058999999999995
9 0.73291 0.6450400000000001 0.10449999999999993 0.02847999999999995
9 0.7348600000000001 0.787445 0.10839999999999994 0.01793
9 0.734375 0.36867 0.10936999999999997 0.022159999999999958
9 0.88184 0.47363 0.07422000000000006 0.012660000000000005
9 0.8818349999999999 0.39503999999999995 0.07226999999999995 0.01582
9 0.29541 0.22574 0.020499999999999963 0.016880000000000006
9 0.293945 0.29957500000000004 0.02149000000000001 0.014770000000000005
9 0.29491999999999996 0.339135 0.017579999999999985 0.01583000000000001
9 0.293455 0.18512499999999998 0.020509999999999973 0.011609999999999981
9 0.402345 0.104431 0.007809999999999984 0.021098000000000006
9 0.79541 0.7853349999999999 0.014640000000000097 0.022150000000000003
9 0.79346 0.644515 0.01660000000000006 0.04009000000000007
9 0.796875 0.51213 0.01171000000000011 0.041139999999999954
9 0.79541 0.36973 0.012700000000000045 0.028480000000000005
9 0.919435 0.47574 0.002930000000000099 0.0232
9 0.919435 0.39398999999999995 0.002930000000000099 0.020040000000000002
9 0.29346 0.8048500000000001 0.022460000000000035 0.012660000000000005
9 0.293945 0.86656 0.02149000000000001 0.013719999999999954
9 0.33886499999999997 0.104431 0.009770000000000001 0.016878000000000004
9 0.197265 0.337025 0.009770000000000001 0.020050000000000012
9 0.19774999999999998 0.297995 0.01074 0.022150000000000003
9 0.19873000000000002 0.22521 0.01074 0.020040000000000002
9 0.19922 0.18565500000000001 0.011720000000000008 0.016870000000000024
9 0.6674800000000001 0.370255 0.02636000000000005 0.02953
9 0.667965 0.511075 0.025390000000000024 0.043249999999999955
9 0.6674800000000001 0.644515 0.02636000000000005 0.04430999999999996
9 0.6674800000000001 0.783755 0.02636000000000005 0.025309999999999944
9 0.83838 0.47363 0.012699999999999934 0.021100000000000008
9 0.8393550000000001 0.39557 0.012689999999999979 0.021100000000000008
9 0.19970500000000002 0.866035 0.012690000000000007 0.018990000000000062
9 0.19970500000000002 0.804325 0.012690000000000007 0.01793
7 0.3584 0.57595 0.07225999999999999 0.44092
7 0.16161999999999999 0.57331 0.022460000000000008 0.12763999999999998
7 0.43115499999999995 0.922995 0.01855000000000001 0.10336999999999996
1 0.63916 0.10021050000000001 0.07520000000000004 0.065399
