1 0.500000 0.500000 1.000000 1.000000
0 0.501342 0.502441 0.994631 0.995117
6 0.139597 0.880371 0.147651 0.180664
6 0.344295 0.874512 0.146309 0.174805
6 0.653020 0.833008 0.146309 0.099609
6 0.853691 0.836914 0.147651 0.111328
8 0.501342 0.435547 0.049664 0.296875
8 0.615436 0.435059 0.049664 0.297852
8 0.730872 0.434570 0.049664 0.298828
8 0.957718 0.433105 0.049664 0.297852
8 0.844295 0.434082 0.051007 0.299805
8 0.385235 0.435059 0.051007 0.301758
8 0.268456 0.434570 0.051007 0.300781
8 0.153020 0.435059 0.051007 0.305664
8 0.031544 0.434570 0.049664 0.306641
2 0.143624 0.692871 0.083221 0.067383
2 0.383893 0.690430 0.083221 0.066406
2 0.619463 0.689941 0.079195 0.067383
2 0.853020 0.687500 0.079195 0.064453
2 0.094631 0.549316 0.049664 0.075195
2 0.329530 0.547363 0.049664 0.075195
2 0.213423 0.547363 0.051007 0.075195
2 0.559060 0.546387 0.049664 0.075195
2 0.444966 0.546387 0.049664 0.075195
2 0.904027 0.545410 0.049664 0.075195
2 0.787248 0.545410 0.049664 0.075195
2 0.673154 0.545410 0.049664 0.075195
2 0.903356 0.429199 0.048322 0.073242
2 0.787248 0.429199 0.046980 0.073242
2 0.673826 0.429199 0.048322 0.073242
2 0.559060 0.428711 0.046980 0.074219
2 0.446309 0.428223 0.046980 0.075195
2 0.329530 0.427734 0.046980 0.074219
2 0.212752 0.428711 0.046980 0.076172
2 0.093289 0.427246 0.046980 0.075195
2 0.786577 0.326172 0.048322 0.066406
2 0.559060 0.326172 0.049664 0.066406
2 0.443624 0.325195 0.049664 0.066406
2 0.904027 0.324707 0.049664 0.067383
2 0.673826 0.325195 0.048322 0.068359
2 0.328188 0.325195 0.049664 0.068359
2 0.211409 0.324219 0.049664 0.068359
2 0.093289 0.323242 0.049664 0.068359
2 0.732215 0.126953 0.028188 0.027344
2 0.579866 0.126953 0.026846 0.027344
2 0.891946 0.125977 0.028188 0.027344
2 0.851007 0.126465 0.026846 0.028320
2 0.774497 0.125977 0.026846 0.027344
2 0.463087 0.125977 0.026846 0.027344
2 0.306040 0.124023 0.026846 0.027344
2 0.267114 0.122559 0.026846 0.028320
2 0.190604 0.122070 0.026846 0.027344
2 0.148993 0.120117 0.026846 0.027344
3 0.501342 0.760742 0.975839 0.013672
3 0.503356 0.591797 0.987919 0.025391
3 0.501342 0.264160 0.986577 0.040039
3 0.498658 0.168945 0.975839 0.037109
9 0.500000 0.865723 0.181208 0.079102
9 0.031544 0.708496 0.052349 0.038086
9 0.239597 0.706055 0.052349 0.039062
9 0.953691 0.701660 0.052349 0.038086
9 0.752349 0.701172 0.052349 0.039062
9 0.620805 0.183105 0.033557 0.043945
9 0.847651 0.181641 0.033557 0.042969
9 0.964430 0.180664 0.033557 0.042969
9 0.384564 0.179688 0.033557 0.042969
9 0.152349 0.176758 0.033557 0.042969
9 0.032886 0.174805 0.033557 0.042969
4 0.149664 0.658691 0.151678 0.057617
4 0.381879 0.655273 0.151678 0.056641
4 0.620805 0.654785 0.151678 0.057617
4 0.851678 0.653320 0.151678 0.056641
7 0.214094 0.472656 0.071141 0.011719
7 0.901342 0.472168 0.071141 0.012695
7 0.787248 0.471680 0.071141 0.011719
7 0.673154 0.472168 0.071141 0.012695
7 0.557047 0.471680 0.069799 0.011719
7 0.442282 0.472168 0.071141 0.012695
7 0.326174 0.470703 0.069799 0.011719
7 0.091275 0.471191 0.069799 0.012695
7 0.786577 0.375488 0.053691 0.032227
7 0.671812 0.375488 0.052349 0.032227
7 0.561074 0.375488 0.061745 0.032227
7 0.323490 0.375000 0.061745 0.031250
7 0.902013 0.374023 0.053691 0.031250
7 0.444966 0.374512 0.063087 0.032227
7 0.208054 0.374512 0.061745 0.032227
7 0.091275 0.373047 0.061745 0.031250
5 0.132215 0.743164 0.162416 0.033203
5 0.497987 0.739258 0.483221 0.031250
5 0.853020 0.738281 0.162416 0.037109
5 0.497315 0.220703 0.962416 0.050781
10 0.212752 0.518066 0.046980 0.014648
10 0.903356 0.526855 0.045638 0.034180
10 0.787248 0.528320 0.046980 0.037109
10 0.330201 0.529785 0.045638 0.040039
