0 0.5102565 0.581545 0.979487 0.71973
1 0.218975 0.33008 0.11588999999999999 0.0625
1 0.217945 0.47412 0.11795 0.06347999999999998
1 0.21949 0.62695 0.11691999999999997 0.0625
1 0.20974500000000001 0.8334950000000001 0.12205000000000002 0.05957000000000001
1 0.22 0.121095 0.11793999999999999 0.05468999999999999
1 0.43846 0.12011849999999999 0.12 0.056642999999999985
1 0.6548700000000001 0.11962999999999999 0.12 0.05761999999999999
1 0.43589500000000003 0.329105 0.11896999999999996 0.06054999999999999
1 0.437435 0.475585 0.11795 0.06054999999999999
1 0.43589500000000003 0.628905 0.11896999999999996 0.06054999999999999
1 0.43282 0.83496 0.11898000000000003 0.06054000000000004
1 0.65282 0.331055 0.11794000000000004 0.06054999999999999
1 0.65282 0.47607499999999997 0.11794000000000004 0.061529999999999974
1 0.65282 0.629885 0.11794000000000004 0.06054999999999999
1 0.651795 0.833985 0.11795 0.06054999999999999
1 0.8871800000000001 0.330075 0.11897999999999997 0.06054999999999999
1 0.884105 0.628905 0.11897000000000002 0.06054999999999999
1 0.883075 0.8334950000000001 0.11896999999999991 0.061529999999999974
2 0.9107700000000001 0.48096000000000005 0.17025999999999997 0.07324000000000003
3 0.38 0.325685 0.04820000000000002 0.08691000000000004
3 0.378975 0.47363 0.048209999999999975 0.08593999999999996
3 0.381025 0.62598 0.048209999999999975 0.08594000000000002
3 0.373845 0.830565 0.04821000000000003 0.10058999999999996
4 0.309745 0.32715 0.06769000000000003 0.08594000000000002
4 0.30871499999999996 0.475585 0.06768999999999997 0.08592999999999995
4 0.309745 0.62695 0.06769000000000003 0.0859399999999999
4 0.301535 0.8349599999999999 0.06769000000000003 0.08594000000000002
4 0.51795 0.32715 0.05538000000000004 0.08594000000000002
4 0.518975 0.47363 0.055389999999999995 0.08593999999999996
4 0.518975 0.62695 0.055389999999999995 0.0859399999999999
4 0.5159 0.8286100000000001 0.05538000000000004 0.09667999999999999
3 0.56718 0.328615 0.04308000000000001 0.08887
3 0.56718 0.47314500000000004 0.04308000000000001 0.08887000000000006
3 0.5676950000000001 0.624025 0.04205000000000003 0.0898500000000001
3 0.56513 0.830565 0.04308000000000001 0.10058999999999996
4 0.73282 0.32617 0.042059999999999986 0.08594000000000002
4 0.73333 0.47119 0.04308000000000001 0.08495999999999998
4 0.73282 0.625 0.04410000000000003 0.08790000000000009
4 0.732305 0.828615 0.04513 0.10448999999999997
4 0.74359 0.12304899999999999 0.05333999999999994 0.085942
4 0.52256 0.1181625 0.05436000000000002 0.07421499999999999
3 0.5687150000000001 0.118651 0.03795000000000004 0.09081800000000001
4 0.307695 0.12304899999999999 0.049229999999999996 0.074222
8 0.766155 0.581055 0.11897000000000002 0.7109300000000001
8 0.28051 0.58496 0.021540000000000004 0.6289
8 0.50667 0.58252 0.01436000000000004 0.62402
8 0.092308 0.58203 0.06974399999999999 0.6328199999999999
9 0.38769 0.248535 0.5046200000000001 0.047849999999999976
9 0.386155 0.39990000000000003 0.50359 0.045899999999999996
9 0.38461500000000004 0.549315 0.50461 0.04784999999999995
9 0.38461500000000004 0.6938500000000001 0.50667 0.03417999999999999
9 0.38308000000000003 0.737305 0.50154 0.052729999999999944
9 0.386155 0.912595 0.50359 0.04785000000000006
9 0.44717999999999997 0.038086 0.64206 0.048827999999999996
9 0.44717999999999997 0.19482500000000003 0.64616 0.04199
9 0.0953855 0.03808595 0.059488999999999986 0.06250009999999999
9 0.09435850000000001 0.19385 0.055383 0.05565999999999999
9 0.90051 0.41211 0.19282 0.029299999999999993
9 0.901535 0.541505 0.19487 0.03027000000000002
9 0.788205 0.41308500000000004 0.031789999999999985 0.039069999999999994
9 0.78718 0.541015 0.03180000000000005 0.03906999999999994
2 0.8999999999999999 0.122071 0.16718 0.097658
9 0.10615150000000001 0.24804500000000002 0.058456999999999995 0.04296999999999998
9 0.10512650000000001 0.399415 0.056407 0.04100999999999999
9 0.10410350000000002 0.5488299999999999 0.056413000000000005 0.04491999999999996
