1 0.500000 0.500000 1.000000 1.000000
0 0.498756 0.476074 0.995025 0.946289
6 0.583333 0.864746 0.037313 0.139648
6 0.340174 0.827148 0.063433 0.111328
6 0.747512 0.846191 0.271144 0.159180
6 0.154851 0.840332 0.302239 0.196289
2 0.154229 0.607422 0.106965 0.128906
2 0.451493 0.604004 0.106965 0.125977
2 0.749378 0.602051 0.105721 0.127930
2 0.161070 0.372070 0.083333 0.125000
2 0.745647 0.364258 0.090796 0.119141
2 0.450871 0.364746 0.090796 0.120117
2 0.162935 0.152832 0.101990 0.094727
2 0.452736 0.145508 0.101990 0.091797
2 0.738806 0.140625 0.101990 0.089844
3 0.506841 0.737305 0.963930 0.042969
11 0.450871 0.861816 0.150498 0.165039
4 0.157960 0.513672 0.171642 0.056641
4 0.452736 0.510742 0.171642 0.056641
4 0.750000 0.506836 0.171642 0.056641
4 0.157960 0.278809 0.164179 0.057617
4 0.453358 0.272461 0.165423 0.052734
4 0.743781 0.271973 0.171642 0.059570
7 0.152985 0.701172 0.161692 0.058594
7 0.451493 0.696289 0.161692 0.058594
7 0.748756 0.694824 0.161692 0.057617
7 0.155473 0.456543 0.124378 0.043945
7 0.453980 0.447266 0.124378 0.044922
7 0.745025 0.445801 0.124378 0.043945
7 0.162935 0.222656 0.124378 0.044922
7 0.454602 0.213867 0.123134 0.044922
7 0.741294 0.208008 0.124378 0.044922
10 0.093284 0.374512 0.052239 0.131836
10 0.228856 0.370117 0.052239 0.130859
10 0.674751 0.368164 0.050995 0.130859
10 0.524254 0.366211 0.050995 0.130859
10 0.819030 0.364746 0.050995 0.131836
10 0.379975 0.364258 0.050995 0.130859
