0 0.500996 0.5026115 0.9341280000000001 0.8798969999999999
1 0.201595 0.50914 0.09181 0.05221999999999999
1 0.20259 0.5744100000000001 0.08982000000000001 0.052220000000000044
1 0.36626499999999995 0.5770200000000001 0.09381 0.052220000000000044
1 0.36527 0.513055 0.09182000000000001 0.05482999999999999
1 0.53493 0.578325 0.09182000000000001 0.054829999999999934
1 0.531935 0.510445 0.09381 0.05482999999999999
1 0.697605 0.58094 0.09381000000000006 0.05484
1 0.695605 0.51436 0.09380999999999995 0.05221999999999999
1 0.22155999999999998 0.227155 0.07984 0.06789
1 0.377245 0.224545 0.07584999999999997 0.07833000000000001
1 0.538925 0.22846 0.08383000000000002 0.08616000000000001
1 0.7005950000000001 0.22846 0.09581000000000006 0.08616000000000001
1 0.22554999999999997 0.727155 0.08384 0.04960999999999993
1 0.218565 0.79373 0.07385 0.04700000000000004
1 0.38423 0.775455 0.08982000000000001 0.1827700000000001
1 0.54391 0.775455 0.08982000000000001 0.1775500000000001
1 0.7025950000000001 0.775455 0.09181000000000006 0.1775500000000001
3 0.15469 0.23629 0.03792000000000001 0.13315999999999997
3 0.16267500000000001 0.7741499999999999 0.03392999999999999 0.1906
4 0.754495 0.78068 0.01597000000000004 0.20366000000000006
4 0.433135 0.7741499999999999 0.01597000000000004 0.20104
4 0.59381 0.78068 0.017960000000000087 0.20366000000000006
5 0.44711 0.27154 0.0998 0.33941999999999994
5 0.6107800000000001 0.267625 0.0998 0.33159000000000005
5 0.77445 0.270235 0.09182000000000001 0.32637000000000005
5 0.271455 0.7963450000000001 0.055889999999999995 0.18277
1 0.096805 0.5417799999999999 0.03393 0.028719999999999968
8 0.622755 0.5078345 0.0319299999999999 0.859011
8 0.792415 0.503914 0.031930000000000014 0.856392
10 0.88024 0.232375 0.10777999999999999 0.14098999999999998
10 0.88024 0.780675 0.10777999999999999 0.14098999999999995
10 0.897205 0.509135 0.13373000000000002 0.14099
