1 0.500000 0.500000 1.000000 1.000000
0 0.497706 0.501465 0.989297 0.997070
6 0.691131 0.828125 0.088685 0.093750
8 0.048930 0.845703 0.067278 0.306641
8 0.529052 0.843262 0.070336 0.311523
2 0.853976 0.795898 0.163609 0.158203
2 0.454893 0.489258 0.160550 0.160156
2 0.851682 0.486816 0.159021 0.157227
2 0.157492 0.488770 0.162080 0.161133
2 0.855505 0.184570 0.157492 0.121094
2 0.457187 0.184570 0.159021 0.123047
2 0.162844 0.182129 0.160550 0.118164
3 0.676606 0.659668 0.616208 0.020508
3 0.113914 0.659668 0.203364 0.020508
3 0.500000 0.053711 0.972477 0.095703
11 0.299694 0.870117 0.333333 0.257812
9 0.857034 0.681641 0.108563 0.060547
9 0.532875 0.601562 0.077982 0.062500
9 0.049694 0.598145 0.084098 0.063477
9 0.292049 0.619629 0.152905 0.182617
9 0.451070 0.094727 0.097859 0.058594
9 0.154434 0.093750 0.097859 0.058594
4 0.853976 0.345703 0.212538 0.099609
4 0.297401 0.367676 0.527523 0.202148
7 0.853211 0.896973 0.229358 0.043945
7 0.464832 0.597656 0.192661 0.056641
7 0.153670 0.597656 0.123853 0.056641
7 0.853976 0.604492 0.227829 0.078125
7 0.457951 0.279785 0.230887 0.067383
7 0.852446 0.269531 0.227829 0.048828
7 0.155199 0.274902 0.237003 0.067383
