1 0.16847 0.05078100000000001 0.0955 0.035156
1 0.17117 0.16406500000000002 0.10090000000000002 0.037110000000000004
1 0.17117 0.277835 0.09729999999999998 0.036129999999999995
1 0.403605 0.051269499999999996 0.13333 0.03613299999999999
1 0.404505 0.16455 0.13153000000000004 0.036140000000000005
1 0.403605 0.277345 0.12973 0.035150000000000015
1 0.17117 0.39111 0.09729999999999998 0.03417999999999999
1 0.17117 0.5034150000000001 0.09729999999999998 0.03613000000000005
1 0.17117 0.61572 0.09729999999999998 0.03417999999999999
1 0.402705 0.390625 0.12793 0.035150000000000015
1 0.402705 0.503905 0.12793 0.03515000000000007
1 0.402705 0.615235 0.12793 0.03320999999999996
1 0.17117 0.7265600000000001 0.09729999999999998 0.03320000000000001
1 0.17117 0.83887 0.09729999999999998 0.03320000000000001
1 0.17027 0.950195 0.09549999999999999 0.03320999999999996
1 0.402705 0.725585 0.12793 0.03320999999999996
1 0.402705 0.836915 0.12793 0.03320999999999996
1 0.403605 0.94824 0.12973 0.03320000000000001
1 0.654955 0.0512695 0.17116999999999993 0.043945
1 0.654955 0.165525 0.17116999999999993 0.04394999999999999
1 0.654055 0.27734000000000003 0.1693699999999999 0.044920000000000015
1 0.864865 0.27832 0.10450999999999999 0.03515999999999997
1 0.655855 0.3916 0.16937000000000002 0.04491999999999996
1 0.656755 0.503905 0.17117000000000004 0.04297000000000001
1 0.655855 0.615235 0.16937000000000002 0.04296999999999995
1 0.865765 0.3916 0.10271000000000008 0.03320000000000001
1 0.864865 0.50342 0.10450999999999999 0.034180000000000044
1 0.864865 0.614745 0.10450999999999999 0.036129999999999995
1 0.654955 0.7255849999999999 0.16757 0.042970000000000064
1 0.656755 0.836425 0.17117000000000004 0.043950000000000045
1 0.654955 0.946775 0.16757 0.04198999999999997
1 0.8639650000000001 0.7251000000000001 0.10270999999999997 0.03417999999999999
1 0.8639650000000001 0.83643 0.10631000000000002 0.03417999999999999
2 0.9009 0.9462900000000001 0.17657999999999996 0.03320000000000001
3 0.53243 0.0498045 0.05945999999999996 0.07421900000000001
3 0.5306299999999999 0.16260000000000002 0.05585999999999991 0.07324
3 0.5333300000000001 0.27588 0.06125999999999998 0.07324
3 0.53423 0.38965 0.05946000000000007 0.07225999999999999
3 0.535135 0.5019549999999999 0.05764999999999998 0.07030999999999998
3 0.5351349999999999 0.614255 0.06127000000000005 0.07227000000000006
3 0.5351349999999999 0.72461 0.06127000000000005 0.07031999999999994
3 0.5360400000000001 0.836425 0.05945999999999996 0.06933
3 0.535135 0.948735 0.05764999999999998 0.07129000000000008
0 0.5081065 0.49706985000000004 0.969367 0.9882803
3 0.316215 0.051758 0.03062999999999999 0.048828
3 0.31801500000000005 0.16308499999999998 0.03062999999999999 0.04883000000000001
3 0.31982 0.27880499999999997 0.03064 0.047850000000000004
3 0.31982 0.5034150000000001 0.03064 0.047850000000000004
3 0.32072 0.6157250000000001 0.032440000000000024 0.04785000000000006
3 0.31982 0.390135 0.03064 0.047850000000000004
3 0.31801500000000005 0.725095 0.03062999999999999 0.04785000000000006
3 0.31801500000000005 0.839845 0.03062999999999999 0.04883000000000004
3 0.31801500000000005 0.947755 0.03062999999999999 0.04784999999999995
4 0.764865 0.0522465 0.055849999999999955 0.067383
4 0.763065 0.16309 0.055849999999999955 0.06836
4 0.763065 0.27783 0.055849999999999955 0.06738000000000002
4 0.75766 0.39111 0.05586000000000002 0.06738
4 0.762165 0.50342 0.050449999999999995 0.06347999999999998
4 0.762165 0.614255 0.050449999999999995 0.06445000000000001
4 0.760365 0.726075 0.050449999999999995 0.06347000000000003
4 0.762165 0.94922 0.050449999999999995 0.06446000000000007
4 0.762165 0.83496 0.050449999999999995 0.06445999999999996
2 0.8955 0.053711 0.18018 0.044922000000000004
2 0.894595 0.16601500000000002 0.17837000000000003 0.04493
9 0.164865 0.0961935 0.11711 0.014653
9 0.16396 0.115725 0.11892000000000001 0.01465000000000001
9 0.16216 0.210445 0.11892000000000001 0.014649999999999996
9 0.16216 0.22900500000000001 0.11892000000000001 0.014650000000000024
9 0.16396 0.324705 0.11892000000000001 0.014649999999999996
9 0.16306 0.34228499999999995 0.11712000000000002 0.014649999999999996
9 0.164865 0.4375 0.11711 0.015619999999999967
9 0.16396 0.456055 0.11892000000000001 0.015629999999999977
9 0.16396 0.549315 0.11892000000000001 0.014650000000000052
9 0.164865 0.56836 0.11711 0.015619999999999967
9 0.16396 0.661135 0.11892000000000001 0.015630000000000033
9 0.164865 0.67871 0.11711 0.015619999999999967
9 0.164865 0.773435 0.11711 0.015630000000000033
9 0.16667 0.79199 0.11712000000000002 0.015619999999999967
9 0.16577 0.885255 0.11892000000000001 0.014650000000000052
9 0.16577 0.902835 0.11892000000000001 0.01464999999999994
9 0.0855835 0.103026 0.03783299999999999 0.047848
9 0.0828815 0.217285 0.039637000000000006 0.047850000000000004
9 0.0855835 0.333495 0.03783299999999999 0.047850000000000004
9 0.0855835 0.44677500000000003 0.03783299999999999 0.047850000000000004
9 0.0855835 0.559085 0.03783299999999999 0.04785000000000006
9 0.0855835 0.669435 0.03783299999999999 0.04784999999999995
9 0.087389 0.783695 0.037842 0.04785000000000006
9 0.087389 0.895995 0.037842 0.04784999999999995
