0 0.5019547 0.5028463 0.9921906 0.9943074
1 0.228515 0.117647 0.08593 0.072106
1 0.23242000000000002 0.872865 0.08594000000000002 0.0721099999999999
1 0.40088 0.880455 0.08692 0.07211000000000001
1 0.395995 0.11574799999999999 0.08690999999999999 0.07210399999999999
1 0.228025 0.318785 0.08690999999999999 0.07211000000000001
1 0.22998000000000002 0.6736249999999999 0.08692000000000003 0.07211000000000001
1 0.395995 0.320685 0.08690999999999999 0.07211000000000001
1 0.39795 0.6669849999999999 0.08692 0.07021
1 0.56006 0.11574799999999999 0.08692 0.07210399999999999
1 0.569825 0.882355 0.08691000000000004 0.0721099999999999
1 0.56592 0.6783650000000001 0.08692 0.07021
1 0.563965 0.328275 0.08690999999999993 0.07211000000000001
1 0.733885 0.1195455 0.08691000000000004 0.07210899999999999
1 0.736815 0.325425 0.08691000000000004 0.07021
1 0.736815 0.88425 0.08691000000000004 0.07210000000000005
1 0.211425 0.46394500000000005 0.057609999999999995 0.03985
1 0.211425 0.5256149999999999 0.057609999999999995 0.03795000000000004
1 0.37598 0.46679499999999996 0.05663999999999997 0.037949999999999984
2 0.9428700000000001 0.87571 0.10643999999999998 0.06641999999999992
5 0.251465 0.541745 0.10838999999999999 0.55219
5 0.42529 0.5388999999999999 0.10840000000000005 0.55028
5 0.592285 0.550285 0.1083900000000001 0.55029
5 0.76025 0.548385 0.10840000000000005 0.55029
7 0.062012950000000004 0.503794 0.1103541 0.973432
10 0.8237300000000001 0.302659 0.03417999999999999 0.555982
10 0.9165000000000001 0.300759 0.15332 0.506642
