1 0.500000 0.500000 1.000000 1.000000
0 0.482558 0.504883 0.915698 0.974609
2 0.492006 0.846191 0.106105 0.114258
2 0.782703 0.845215 0.106105 0.114258
2 0.784157 0.615234 0.111919 0.121094
2 0.489826 0.613770 0.116279 0.122070
2 0.202035 0.612305 0.125000 0.121094
2 0.784884 0.373047 0.113372 0.099609
2 0.485465 0.371582 0.110465 0.100586
2 0.200581 0.372559 0.113372 0.104492
2 0.800145 0.249512 0.103198 0.036133
2 0.477471 0.181152 0.050872 0.040039
3 0.481831 0.282227 0.902616 0.064453
3 0.484738 0.206055 0.905523 0.025391
11 0.197674 0.876953 0.264535 0.210938
9 0.350291 0.612305 0.139535 0.142578
9 0.201308 0.489258 0.143895 0.109375
