1 0.283415 0.252485 0.09644999999999998 0.09941000000000003
1 0.313025 0.627235 0.05752999999999997 0.08946999999999994
1 0.478005 0.213715 0.12013000000000007 0.05765000000000001
1 0.478005 0.292245 0.12013000000000007 0.05567
1 0.50423 0.630215 0.09476000000000007 0.09145000000000003
1 0.68866 0.25149 0.1319800000000001 0.12128000000000003
1 0.67174 0.702785 0.14890000000000003 0.14512999999999998
1 0.670895 0.517895 0.15059 0.14512999999999998
1 0.19881500000000002 0.6401600000000001 0.018609999999999988 0.059640000000000026
4 0.33503000000000005 0.250495 0.01691999999999999 0.13518999999999998
4 0.54484 0.24950499999999998 0.020299999999999985 0.16102999999999998
5 0.52369 0.61034 0.07614000000000004 0.37376000000000004
6 0.28511 0.170975 0.09983999999999998 0.051689999999999986
6 0.28511 0.330015 0.09983999999999998 0.051690000000000014
6 0.47716000000000003 0.14215 0.12860000000000005 0.06957999999999999
6 0.47377500000000006 0.35487 0.12859000000000004 0.06958000000000003
6 0.499155 0.5506949999999999 0.10491000000000006 0.04771000000000003
6 0.497465 0.70676 0.10490999999999995 0.049699999999999966
6 0.6412850000000001 0.70179 0.12183 0.16301999999999994
6 0.6649750000000001 0.510935 0.16920999999999997 0.16303
1 0.7741100000000001 0.8598399999999999 0.10321999999999998 0.02982000000000007
0 0.50169 0.44731519999999997 0.75634 0.8747496
