1 0.24756 0.30989500000000003 0.08106000000000002 0.03645000000000004
1 0.24706999999999998 0.37044 0.08007999999999998 0.03515999999999997
1 0.421385 0.30924 0.08301000000000003 0.037760000000000016
1 0.42139000000000004 0.37109000000000003 0.08495999999999998 0.03645999999999999
3 0.35547 0.33724 0.039059999999999984 0.15886
1 0.600095 0.30924 0.08690999999999993 0.037760000000000016
1 0.600095 0.37044 0.08887 0.03515999999999997
1 0.7915000000000001 0.30859000000000003 0.08496000000000004 0.03645999999999999
1 0.791505 0.37109000000000003 0.08301000000000003 0.03645999999999999
2 0.938965 0.33919 0.08300999999999992 0.04818
1 0.93164 0.5358099999999999 0.06640000000000001 0.04818
1 0.79297 0.5338499999999999 0.08398000000000005 0.04948000000000008
1 0.79346 0.69596 0.08496000000000004 0.05078000000000005
1 0.9331050000000001 0.7337199999999999 0.06738999999999995 0.050779999999999936
1 0.793455 0.76823 0.08301000000000003 0.04947999999999997
1 0.424805 0.5364599999999999 0.08399000000000001 0.052080000000000015
1 0.60205 0.53581 0.08886000000000005 0.05078000000000005
1 0.249515 0.5364599999999999 0.07715000000000002 0.052080000000000015
3 0.359375 0.5364599999999999 0.04100999999999999 0.10937999999999998
1 0.200195 0.746095 0.08398999999999998 0.03385000000000005
1 0.390135 0.74544 0.09277000000000002 0.03516000000000008
1 0.21777000000000002 0.68294 0.09570000000000004 0.024739999999999984
1 0.40234000000000003 0.68164 0.10156000000000004 0.02734000000000003
1 0.40039 0.800785 0.09766000000000002 0.01822999999999997
1 0.215825 0.80013 0.09375 0.016920000000000046
1 0.58936 0.679685 0.0966800000000001 0.028650000000000064
1 0.58887 0.79948 0.09570000000000001 0.015619999999999967
1 0.581055 0.74544 0.09375 0.03516000000000008
0 0.49316295 0.61914 0.9726541 0.76172
1 0.080566 0.53776 0.077148 0.052080000000000015
1 0.0786145 0.93099 0.077151 0.052080000000000015
1 0.249515 0.92904 0.07715000000000002 0.05078000000000005
1 0.424805 0.93099 0.08789000000000002 0.052080000000000015
1 0.07714950000000001 0.37239500000000003 0.080081 0.03384999999999999
1 0.07714950000000001 0.310545 0.080081 0.035150000000000015
1 0.393555 0.10677 0.10350999999999999 0.10156
1 0.239255 0.11523249999999999 0.11133000000000001 0.087235
1 0.0366211 0.11783949999999999 0.0654298 0.087241
1 0.557615 0.13151000000000002 0.037109999999999976 0.03906000000000001
1 0.61523 0.13151000000000002 0.0625 0.03906000000000001
1 0.0429685 0.747395 0.054687 0.05989
1 0.059081 0.686195 0.090818 0.041670000000000096
1 0.0581055 0.797525 0.081055 0.027349999999999985
3 0.35840000000000005 0.93099 0.04102 0.11458000000000002
4 0.15527 0.34114500000000003 0.08594 0.17709000000000003
4 0.162105 0.535805 0.09375 0.13410999999999995
4 0.162105 0.9322900000000001 0.09375 0.13541999999999998
4 0.31347499999999995 0.927735 0.05273 0.08984999999999999
4 0.314455 0.533855 0.054690000000000016 0.09895000000000004
4 0.3125 0.33854 0.05274000000000001 0.14061999999999997
4 0.48241999999999996 0.33919 0.044920000000000015 0.14973999999999998
4 0.485355 0.532555 0.04296999999999995 0.09375
4 0.65674 0.341145 0.030280000000000085 0.12239
4 0.657715 0.5364599999999999 0.03223000000000009 0.07291999999999998
4 0.65039 0.746095 0.04491999999999996 0.04426999999999992
4 0.65625 0.679035 0.041020000000000056 0.03254999999999997
4 0.6567350000000001 0.79883 0.053710000000000035 0.024739999999999984
4 0.455565 0.746745 0.04198999999999997 0.04296999999999995
4 0.465335 0.80143 0.04784999999999995 0.02214000000000005
4 0.46826 0.68034 0.03808 0.02734000000000003
4 0.27197499999999997 0.746745 0.059569999999999984 0.07943
4 0.28906 0.68099 0.07812000000000002 0.05468000000000006
4 0.28613500000000003 0.80599 0.07617000000000002 0.03645999999999994
3 0.1245115 0.7428349999999999 0.057617000000000015 0.07943
3 0.1415995 0.808595 0.083981 0.04687000000000008
3 0.14745999999999998 0.67578 0.07812 0.052080000000000015
5 0.1035165 0.117189 0.083987 0.174482
5 0.27246 0.105467 0.05273999999999998 0.093746
7 0.320315 0.105471 0.03711000000000003 0.083338
7 0.49121000000000004 0.1139315 0.06836000000000003 0.074217
7 0.524415 0.26758 0.025390000000000024 0.024739999999999984
7 0.523925 0.33919 0.026370000000000005 0.024739999999999984
7 0.52295 0.41211 0.02636000000000005 0.02474000000000004
7 0.527835 0.48633 0.026369999999999894 0.024739999999999984
7 0.527835 0.5839799999999999 0.026369999999999894 0.024740000000000095
7 0.50928 0.677735 0.028320000000000012 0.019530000000000047
7 0.49805 0.745445 0.027339999999999975 0.019530000000000047
7 0.527345 0.883465 0.027349999999999985 0.019529999999999936
7 0.5087900000000001 0.802735 0.02734000000000003 0.019530000000000047
7 0.02783205 0.277345 0.0380859 0.01822999999999997
7 0.02685525 0.34114500000000003 0.0380855 0.018230000000000024
7 0.02685525 0.401695 0.0380855 0.019529999999999992
7 0.031738 0.496745 0.038086 0.019529999999999992
7 0.030762 0.576825 0.038086 0.01822999999999997
7 0.0288088 0.972655 0.0380864 0.01823000000000008
7 0.030762 0.895185 0.038086 0.019530000000000047
8 0.0214845 0.61914 0.021484999999999997 0.7539
8 0.15088000000000001 0.61849 0.03613999999999998 0.75
8 0.52197 0.61849 0.040039999999999965 0.7474000000000001
8 0.5966800000000001 0.613935 0.029299999999999993 0.7460899999999999
8 0.8501000000000001 0.62044 0.040039999999999965 0.7513000000000001
10 0.881345 0.733725 0.020509999999999917 0.20443
7 0.771 0.18814999999999998 0.07323999999999997 0.05078000000000002
