1 0.500000 0.500000 1.000000 1.000000
0 0.501708 0.494141 0.987472 0.986328
6 0.176538 0.878906 0.125285 0.103516
6 0.400911 0.872070 0.072893 0.093750
2 0.689066 0.873047 0.047836 0.091797
2 0.923121 0.872559 0.046697 0.092773
2 0.866173 0.872559 0.046697 0.092773
2 0.746014 0.872559 0.047836 0.092773
2 0.572323 0.872559 0.046697 0.092773
2 0.514806 0.871582 0.047836 0.090820
2 0.182232 0.722168 0.093394 0.084961
2 0.403189 0.720703 0.068337 0.083984
2 0.864465 0.719727 0.045558 0.083984
2 0.748292 0.719727 0.047836 0.083984
2 0.690774 0.719727 0.046697 0.083984
2 0.575171 0.719727 0.047836 0.083984
2 0.515945 0.719727 0.045558 0.083984
2 0.925968 0.718750 0.047836 0.083984
2 0.925399 0.549316 0.051253 0.081055
2 0.747722 0.548340 0.051253 0.079102
2 0.857631 0.548340 0.052392 0.081055
2 0.570046 0.547852 0.051253 0.080078
2 0.681663 0.547363 0.051253 0.081055
2 0.505125 0.546875 0.051253 0.080078
2 0.392938 0.547363 0.072893 0.081055
2 0.161162 0.546387 0.083144 0.083008
2 0.923690 0.388672 0.052392 0.083984
2 0.860478 0.387695 0.051253 0.083984
2 0.748861 0.387695 0.051253 0.083984
2 0.682802 0.387695 0.051253 0.083984
2 0.570046 0.388184 0.051253 0.084961
2 0.502847 0.388672 0.051253 0.085938
2 0.393508 0.386719 0.071754 0.083984
2 0.162870 0.383789 0.084282 0.083984
2 0.748861 0.226562 0.051253 0.082031
2 0.857062 0.225586 0.051253 0.082031
2 0.926538 0.225098 0.051253 0.083008
2 0.681663 0.225098 0.051253 0.083008
2 0.571185 0.224609 0.051253 0.082031
2 0.505125 0.224609 0.051253 0.082031
2 0.394077 0.224609 0.072893 0.083984
2 0.125854 0.218262 0.051253 0.084961
2 0.196469 0.216309 0.051253 0.084961
3 0.505695 0.625977 0.972665 0.031250
3 0.507973 0.099609 0.972665 0.046875
9 0.891800 0.469238 0.120729 0.051758
9 0.714692 0.469727 0.121868 0.052734
9 0.537585 0.469727 0.123007 0.052734
9 0.394647 0.469727 0.076310 0.052734
9 0.161162 0.466309 0.085421 0.051758
9 0.892369 0.149414 0.142369 0.029297
9 0.537585 0.148438 0.138952 0.027344
9 0.715262 0.148926 0.143508 0.030273
9 0.391230 0.147461 0.149203 0.027344
9 0.160592 0.140625 0.113895 0.025391
9 0.139522 0.089355 0.014806 0.014648
9 0.148064 0.050293 0.070615 0.057617
4 0.150342 0.300781 0.200456 0.072266
7 0.169704 0.798828 0.138952 0.058594
7 0.892369 0.796387 0.119590 0.059570
7 0.715262 0.796387 0.120729 0.059570
7 0.538155 0.796387 0.121868 0.059570
7 0.396355 0.797363 0.088838 0.061523
7 0.924260 0.599121 0.053531 0.018555
7 0.857631 0.598633 0.054670 0.019531
7 0.747153 0.598145 0.054670 0.020508
7 0.681663 0.598145 0.053531 0.020508
7 0.570046 0.598145 0.055809 0.020508
7 0.392369 0.598145 0.074032 0.020508
7 0.161731 0.597656 0.088838 0.019531
7 0.503417 0.597656 0.056948 0.021484
