1 0.500000 0.500000 1.000000 1.000000
0 0.529889 0.589355 0.743668 0.811523
6 0.239615 0.920410 0.019250 0.014648
6 0.201114 0.932617 0.015198 0.050781
6 0.308004 0.911621 0.020263 0.020508
6 0.976190 0.914062 0.029382 0.039062
6 0.179331 0.896973 0.028369 0.014648
6 0.544073 0.931641 0.026342 0.087891
6 0.454407 0.931152 0.120567 0.104492
6 0.698582 0.923828 0.114488 0.103516
6 0.827254 0.838867 0.069909 0.025391
6 0.657548 0.838379 0.166160 0.028320
6 0.552685 0.837402 0.029382 0.030273
6 0.195035 0.806641 0.069909 0.021484
6 0.401722 0.807617 0.234043 0.025391
6 0.420466 0.697266 0.030395 0.042969
8 0.179331 0.950684 0.020263 0.088867
8 0.241135 0.942871 0.030395 0.102539
8 0.203647 0.942871 0.024316 0.102539
8 0.287234 0.941895 0.029382 0.102539
8 0.879939 0.929688 0.021277 0.128906
8 0.770517 0.930176 0.021277 0.129883
2 0.595745 0.756348 0.064843 0.096680
2 0.829787 0.753906 0.064843 0.095703
2 0.711246 0.754395 0.064843 0.096680
2 0.470618 0.739746 0.059777 0.081055
2 0.350557 0.736816 0.058764 0.079102
2 0.254306 0.738770 0.032421 0.083008
2 0.203647 0.737793 0.032421 0.083008
2 0.593718 0.594238 0.064843 0.092773
2 0.706180 0.593262 0.064843 0.092773
2 0.825735 0.592773 0.064843 0.093750
2 0.465552 0.555176 0.063830 0.090820
2 0.343972 0.552734 0.063830 0.089844
2 0.249240 0.552246 0.034448 0.092773
2 0.197568 0.552246 0.034448 0.092773
2 0.592705 0.427246 0.064843 0.090820
2 0.708207 0.427246 0.064843 0.094727
2 0.824721 0.425781 0.064843 0.093750
2 0.464539 0.372070 0.063830 0.082031
2 0.344478 0.369629 0.064843 0.081055
2 0.248734 0.370117 0.033435 0.089844
2 0.198582 0.367676 0.032421 0.088867
2 0.762918 0.274414 0.056738 0.083984
2 0.656028 0.273926 0.055724 0.084961
3 0.486829 0.829590 0.073961 0.028320
3 0.272036 0.829590 0.219858 0.028320
3 0.714792 0.812500 0.363728 0.025391
3 0.713779 0.682129 0.363728 0.024414
3 0.338906 0.642090 0.361702 0.028320
3 0.339919 0.466309 0.361702 0.036133
3 0.711753 0.327637 0.357649 0.036133
3 0.342452 0.286621 0.362715 0.036133
11 0.598278 0.940918 0.063830 0.102539
11 0.354610 0.935547 0.081054 0.115234
11 0.824721 0.932129 0.083080 0.122070
9 0.415907 0.837891 0.067882 0.041016
9 0.709220 0.275391 0.040527 0.039062
4 0.471125 0.666992 0.101317 0.023438
4 0.349037 0.665039 0.102330 0.023438
4 0.592705 0.535156 0.109422 0.048828
4 0.707700 0.533691 0.108409 0.047852
4 0.825735 0.533203 0.109422 0.048828
4 0.466059 0.484375 0.101317 0.023438
4 0.344985 0.483398 0.102330 0.023438
7 0.471125 0.787598 0.091185 0.014648
7 0.349544 0.784180 0.091185 0.015625
7 0.593718 0.647949 0.107396 0.014648
7 0.826748 0.646973 0.107396 0.014648
7 0.707194 0.646973 0.107396 0.014648
7 0.467579 0.608398 0.090172 0.015625
7 0.345998 0.605957 0.092199 0.016602
7 0.707194 0.482422 0.095238 0.015625
7 0.825228 0.480469 0.096251 0.015625
7 0.592705 0.480957 0.095238 0.016602
7 0.462513 0.422363 0.096251 0.018555
7 0.342958 0.419922 0.096251 0.019531
