0 0.832750 0.917969 0.124343 0.107422
0 0.537653 0.917480 0.122592 0.108398
0 0.245184 0.916504 0.126095 0.108398
0 0.825744 0.661621 0.141856 0.155273
0 0.246060 0.660645 0.145359 0.153320
0 0.536778 0.659668 0.148862 0.155273
0 0.823117 0.412109 0.143608 0.150391
0 0.535902 0.412109 0.136602 0.150391
0 0.247811 0.410645 0.141856 0.149414
0 0.823993 0.135254 0.145359 0.131836
0 0.536778 0.135254 0.138354 0.131836
0 0.243433 0.132324 0.143608 0.131836
1 0.521891 0.795898 0.935201 0.035156
1 0.521016 0.256348 0.933450 0.118164
1 0.525394 0.051758 0.924694 0.093750
7 0.946585 0.268555 0.019264 0.068359
7 0.867776 0.268066 0.019264 0.067383
7 0.794221 0.267578 0.019264 0.068359
7 0.718914 0.267578 0.019264 0.068359
7 0.648862 0.267578 0.019264 0.068359
7 0.577058 0.267090 0.019264 0.067383
7 0.428196 0.267090 0.019264 0.067383
7 0.277583 0.267090 0.019264 0.067383
7 0.501751 0.266602 0.019264 0.068359
7 0.204028 0.266602 0.019264 0.068359
7 0.130473 0.266602 0.019264 0.068359
7 0.351138 0.265625 0.019264 0.068359
7 0.060420 0.265137 0.019264 0.067383
2 0.834501 0.836426 0.208406 0.016602
2 0.540280 0.833984 0.208406 0.017578
2 0.246060 0.833984 0.208406 0.017578
2 0.827496 0.558594 0.250438 0.044922
2 0.536778 0.556152 0.250438 0.041992
2 0.247811 0.555664 0.250438 0.042969
3 0.825744 0.761719 0.218914 0.044922
3 0.540280 0.760254 0.218914 0.045898
3 0.242557 0.760254 0.218914 0.045898
