1 0.500000 0.500000 1.000000 1.000000
0 0.500000 0.479980 0.997396 0.959961
8 0.759766 0.256348 0.024740 0.166992
8 0.627604 0.255371 0.023438 0.168945
8 0.498047 0.255371 0.024740 0.168945
8 0.628255 0.114746 0.055990 0.008789
8 0.503255 0.121582 0.055990 0.022461
8 0.759115 0.120605 0.057292 0.022461
2 0.569661 0.929199 0.055990 0.028320
2 0.436849 0.929688 0.055990 0.029297
2 0.283854 0.929688 0.057292 0.029297
2 0.701172 0.927246 0.055990 0.028320
2 0.827474 0.926758 0.055990 0.029297
2 0.562500 0.823242 0.054688 0.076172
2 0.281901 0.824707 0.058594 0.079102
2 0.691406 0.823730 0.054688 0.079102
2 0.433594 0.823242 0.057292 0.078125
2 0.820312 0.822266 0.057292 0.082031
2 0.281250 0.653320 0.078125 0.105469
2 0.822266 0.652344 0.076823 0.105469
2 0.693359 0.653320 0.076823 0.107422
2 0.564453 0.652832 0.076823 0.106445
2 0.434245 0.652344 0.079427 0.105469
2 0.821615 0.510254 0.078125 0.055664
2 0.692708 0.510254 0.078125 0.055664
2 0.563802 0.510254 0.078125 0.055664
2 0.434245 0.510254 0.079427 0.055664
2 0.074219 0.504395 0.049479 0.071289
2 0.279948 0.489258 0.078125 0.097656
2 0.561198 0.324219 0.054688 0.031250
2 0.432292 0.323242 0.054688 0.033203
2 0.687500 0.322754 0.052083 0.034180
2 0.818359 0.322266 0.053385 0.035156
2 0.072266 0.337891 0.050781 0.070312
2 0.279297 0.336914 0.055990 0.072266
2 0.248047 0.184570 0.037760 0.052734
2 0.430339 0.189453 0.055990 0.064453
2 0.305990 0.184082 0.039062 0.053711
2 0.817057 0.189453 0.055990 0.066406
2 0.689453 0.189453 0.055990 0.066406
2 0.559896 0.189453 0.057292 0.066406
2 0.947266 0.186523 0.035156 0.068359
2 0.962891 0.055664 0.063802 0.080078
3 0.917318 0.710449 0.113281 0.026367
3 0.757812 0.710449 0.052083 0.026367
3 0.628906 0.710449 0.052083 0.026367
3 0.500000 0.710449 0.052083 0.026367
3 0.357422 0.710449 0.074219 0.026367
3 0.125000 0.710449 0.234375 0.026367
9 0.278646 0.424805 0.031250 0.031250
9 0.321615 0.363770 0.023438 0.125977
9 0.233724 0.362305 0.024740 0.126953
9 0.820964 0.139648 0.066406 0.033203
9 0.563151 0.139648 0.066406 0.033203
9 0.432943 0.139648 0.066406 0.033203
9 0.756510 0.147461 0.059896 0.050781
9 0.691406 0.137695 0.065104 0.033203
9 0.627604 0.145020 0.059896 0.051758
9 0.498047 0.145020 0.058594 0.051758
7 0.281250 0.874512 0.085938 0.020508
7 0.827474 0.873535 0.087240 0.020508
7 0.697266 0.873535 0.087240 0.020508
7 0.441406 0.872559 0.085938 0.020508
7 0.567057 0.871582 0.087240 0.020508
7 0.692708 0.734863 0.088542 0.055664
7 0.564453 0.733887 0.087240 0.055664
7 0.281901 0.734375 0.087240 0.056641
7 0.822266 0.732910 0.087240 0.055664
7 0.434245 0.732910 0.087240 0.055664
7 0.073568 0.559570 0.074219 0.039062
7 0.825521 0.556641 0.106771 0.037109
7 0.695312 0.556641 0.106771 0.037109
7 0.565104 0.556641 0.106771 0.037109
7 0.433594 0.556641 0.106771 0.037109
7 0.279948 0.556641 0.106771 0.037109
7 0.277995 0.385742 0.063802 0.025391
7 0.074870 0.393555 0.074219 0.041016
7 0.819661 0.263672 0.063802 0.082031
7 0.690104 0.264160 0.062500 0.083008
7 0.561849 0.265625 0.071615 0.085938
7 0.430990 0.264160 0.070312 0.084961
7 0.072266 0.240234 0.074219 0.041016
7 0.277995 0.254883 0.105469 0.087891
5 0.646484 0.411133 0.592448 0.142578
