1 0.27148 0.44732 0.06835999999999998 0.07023999999999997
1 0.27148 0.595195 0.06835999999999998 0.07393000000000005
1 0.42383000000000004 0.44454499999999997 0.07422000000000001 0.07209000000000004
1 0.42383000000000004 0.5942700000000001 0.07422000000000001 0.07208000000000003
1 0.5825199999999999 0.44547000000000003 0.07520000000000004 0.07763999999999999
1 0.59277 0.59519 0.09570000000000001 0.07024000000000008
1 0.73291 0.448245 0.07520000000000004 0.07208999999999999
1 0.731935 0.59519 0.07519000000000009 0.07024000000000008
1 0.270995 0.743995 0.07129000000000002 0.07208999999999999
1 0.270995 0.8946400000000001 0.06932999999999997 0.07394
1 0.42334 0.74307 0.07323999999999997 0.07024000000000008
1 0.42285 0.89279 0.07421999999999995 0.07023999999999997
1 0.59375 0.743995 0.09959999999999991 0.06839000000000006
1 0.581055 0.891865 0.07617000000000007 0.07208999999999999
1 0.731935 0.74492 0.07519000000000009 0.07023999999999997
1 0.7314449999999999 0.89279 0.07421 0.07023999999999997
3 0.5249 0.439925 0.06348000000000004 0.15156999999999998
3 0.52539 0.592425 0.06640000000000001 0.14233000000000007
3 0.52588 0.74307 0.06738 0.14417999999999997
3 0.52588 0.89464 0.06738 0.14788
1 0.259765 0.16451 0.04297000000000001 0.06654000000000002
1 0.25927500000000003 0.256005 0.04199000000000003 0.06469
1 0.40136499999999997 0.1451 0.07812999999999998 0.05729999999999999
1 0.40136499999999997 0.229205 0.07812999999999998 0.05915000000000001
1 0.56738 0.144175 0.08007999999999993 0.06285
1 0.5678700000000001 0.229205 0.08106000000000002 0.06284999999999996
1 0.7324200000000001 0.16636 0.07422000000000006 0.06653999999999999
1 0.7324200000000001 0.25878 0.07422000000000006 0.06653999999999999
0 0.506834 0.5009242 0.984372 0.9981516
2 0.9174800000000001 0.67283 0.16113999999999995 0.15896
3 0.37597499999999995 0.44084999999999996 0.05273 0.14601999999999998
3 0.376465 0.59242 0.053710000000000035 0.14601999999999993
3 0.375 0.7458400000000001 0.05274000000000001 0.14601999999999993
3 0.375 0.8974150000000001 0.05274000000000001 0.14603
4 0.322755 0.44362 0.03809000000000001 0.12199999999999994
4 0.323245 0.595195 0.037109999999999976 0.12199000000000004
4 0.323245 0.746765 0.037109999999999976 0.12199000000000004
4 0.322755 0.900185 0.03809000000000001 0.12199000000000004
4 0.47217 0.443625 0.02245999999999998 0.12939
4 0.47168 0.59427 0.023440000000000016 0.13124000000000002
4 0.46973 0.893715 0.023440000000000016 0.13123000000000007
4 0.4707 0.74769 0.023440000000000016 0.13124000000000002
4 0.634765 0.4427 0.03320999999999996 0.12383999999999995
4 0.634765 0.8955649999999999 0.03125 0.1238499999999999
4 0.78467 0.20795 0.03417999999999999 0.183
5 0.45752 0.14418 0.03417999999999999 0.07394
5 0.45752 0.22828 0.03417999999999999 0.07578000000000001
5 0.624515 0.22736 0.03027000000000002 0.07394
5 0.624025 0.14418 0.03125 0.07394
5 0.467285 0.32347499999999996 0.036129999999999995 0.025870000000000004
5 0.62842 0.320705 0.028320000000000012 0.027729999999999977
5 0.63037 0.592425 0.057620000000000005 0.14233000000000007
5 0.6293949999999999 0.74307 0.05761000000000005 0.14047999999999994
5 0.11376800000000001 0.66174 0.03222399999999999 0.61738
7 0.0771485 0.20795 0.095703 0.08688000000000001
7 0.224605 0.2098 0.025390000000000024 0.10906000000000002
7 0.225095 0.446395 0.02051 0.07949
7 0.225095 0.89187 0.02051 0.07948
7 0.22412500000000002 0.74399 0.02051 0.07948
7 0.225585 0.59612 0.02149000000000001 0.07948
7 0.32421999999999995 0.18299500000000002 0.04102 0.09980999999999998
7 0.49268 0.18853999999999999 0.03417999999999993 0.17376
7 0.785155 0.6663600000000001 0.029289999999999927 0.09058
7 0.675295 0.198705 0.036129999999999995 0.05360999999999999
7 0.8584 0.56839 0.058600000000000096 0.04252
7 0.85791 0.77449 0.057620000000000005 0.044359999999999955
7 0.825685 0.6682049999999999 0.020510000000000028 0.14232999999999996
7 0.72168 0.102588 0.03516000000000008 0.03142400000000001
7 0.72168 0.31516 0.03516000000000008 0.031420000000000003
7 0.20214500000000002 0.0933445 0.09961 0.04251099999999999
7 0.200685 0.31793000000000005 0.09863 0.04436000000000001
7 0.203615 0.0489835 0.09863 0.03881699999999999
7 0.202635 0.37061 0.09863 0.038819999999999966
7 0.201175 0.521255 0.09375 0.040669999999999984
7 0.201175 0.671905 0.09375 0.04251000000000005
7 0.201175 0.821625 0.09375 0.04250999999999994
7 0.19970500000000002 0.9667300000000001 0.09276999999999999 0.04066000000000003
8 0.170895 0.50184685 0.09374999999999999 0.9889063
8 0.316895 0.50092185 0.026370000000000005 0.9870563
8 0.46582 0.50369605 0.013680000000000025 0.9889079
8 0.64209 0.5046205 0.05175999999999992 0.987059
8 0.791505 0.5046205 0.04784999999999995 0.987059
9 0.40234000000000003 0.2939 0.07422000000000001 0.022179999999999978
9 0.40429499999999996 0.07948250000000001 0.07617000000000002 0.011091000000000004
7 0.561035 0.294825 0.09276999999999991 0.027730000000000032
7 0.56299 0.0748615 0.09278000000000008 0.027727
9 0.456055 0.07763400000000001 0.027349999999999985 0.022181999999999993
9 0.456055 0.292975 0.03321000000000002 0.027729999999999977
9 0.623535 0.29390000000000005 0.03223000000000009 0.029579999999999995
9 0.62598 0.073013 0.03320000000000001 0.027725999999999994
9 0.51123 0.0757855 0.00878000000000001 0.033271
9 0.509765 0.29390000000000005 0.009770000000000056 0.029579999999999995
9 0.356445 0.294825 0.017569999999999975 0.027730000000000032
9 0.356935 0.0804065 0.018549999999999955 0.027727
10 0.914555 0.25415765 0.13379000000000008 0.4972247000000001
10 0.941405 0.5526800000000001 0.07812999999999992 0.04066000000000003
10 0.94043 0.78928 0.07811999999999997 0.04066000000000003
10 0.921875 0.91867 0.15234999999999999 0.15896
