0 0.5062865 0.44130939999999996 0.973467 0.8765212
1 0.0335195 0.5282 0.013966999999999997 0.041160000000000085
1 0.183655 0.28125 0.11312999999999998 0.17226
1 0.63338 0.282775 0.11312 0.17225000000000001
1 0.40991500000000003 0.285065 0.11313000000000001 0.17073
1 0.22625499999999998 0.0853645 0.09496999999999997 0.115851
1 0.444835 0.0853645 0.09637000000000001 0.115851
1 0.230445 0.6936 0.09497 0.11280000000000001
1 0.439945 0.69512 0.09497 0.10975999999999997
1 0.653635 0.692075 0.09497 0.10975000000000001
4 0.282825 0.6928350000000001 0.01256999999999997 0.14481
4 0.493715 0.6928350000000001 0.012570000000000026 0.14481
4 0.700415 0.689025 0.01256999999999997 0.14328999999999992
4 0.490925 0.08613 0.01256999999999997 0.14481999999999998
4 0.276535 0.08994150000000001 0.011169999999999958 0.143297
4 0.24441000000000002 0.279725 0.016760000000000025 0.20884999999999998
4 0.47067 0.28354 0.016759999999999997 0.20731999999999998
4 0.68855 0.28201 0.016759999999999997 0.20732
6 0.222765 0.69665 0.07403000000000001 0.10366000000000009
6 0.64455 0.6943600000000001 0.07402000000000009 0.10214000000000001
8 0.0998615 0.4428375 0.10195699999999999 0.8612850000000001
10 0.726955 0.470275 0.07123000000000002 0.10518999999999995
10 0.50698 0.4596 0.34078 0.056400000000000006
10 0.799585 0.44588350000000004 0.05447000000000002 0.824693
10 0.8966449999999999 0.1684475 0.14525 0.28506499999999996
10 0.888965 0.65244 0.1187100000000001 0.33535999999999994
