0 0.50048985 0.5037575 0.9951203 0.987465
1 0.17236 0.13909549999999998 0.09081999999999998 0.117789
1 0.174805 0.38471 0.08985000000000001 0.11780000000000002
1 0.17822 0.6253150000000001 0.09081999999999998 0.11778999999999995
1 0.17626999999999998 0.86842 0.09081999999999998 0.11780000000000002
1 0.34619 0.136592 0.09082000000000001 0.117796
1 0.34619 0.38346 0.09082000000000001 0.12030000000000002
1 0.34326 0.617795 0.09082000000000001 0.11779000000000006
1 0.34717 0.870925 0.09082000000000001 0.11778999999999995
1 0.51416 0.1428585 0.09667999999999999 0.120303
1 0.5151399999999999 0.38346 0.09667999999999999 0.12030000000000002
1 0.51367 0.630325 0.09766000000000002 0.11779000000000006
1 0.51709 0.87218 0.09667999999999999 0.12029999999999996
1 0.69482 0.86842 0.10254000000000008 0.11780000000000002
1 0.6958 0.630325 0.10253999999999996 0.11779000000000006
1 0.6958 0.38847 0.10253999999999996 0.12030000000000002
1 0.69336 0.1428585 0.10155999999999998 0.120303
3 0.121583 0.140352 0.047853999999999994 0.20551599999999998
3 0.121583 0.387215 0.047853999999999994 0.20300999999999997
3 0.120115 0.6240600000000001 0.04687000000000001 0.20552000000000004
3 0.121093 0.8759399999999999 0.046873999999999985 0.20299999999999996
3 0.29198999999999997 0.870925 0.04687999999999998 0.20301000000000002
3 0.29198999999999997 0.632835 0.04687999999999998 0.20301000000000002
3 0.293945 0.389725 0.04687000000000002 0.20301000000000002
3 0.28808500000000004 0.1441085 0.04687000000000002 0.203003
3 0.46094 0.15162750000000003 0.04687999999999998 0.20300500000000002
3 0.46094 0.38471500000000003 0.04687999999999998 0.20300999999999997
3 0.458985 0.6240600000000001 0.04687000000000002 0.20552000000000004
3 0.46094 0.877195 0.04687999999999998 0.20550999999999997
3 0.63916 0.873435 0.04589999999999994 0.18796999999999997
3 0.63916 0.637845 0.04589999999999994 0.18796999999999997
3 0.63818 0.38471500000000003 0.04589999999999994 0.18797000000000003
3 0.6362300000000001 0.147871 0.04589999999999994 0.19047799999999998
4 0.22656 0.1441085 0.02148 0.16290300000000002
4 0.228515 0.873435 0.02149000000000001 0.16291
4 0.40137 0.87469 0.01758000000000004 0.1604
4 0.40039 0.14035 0.017579999999999985 0.1604
5 0.200195 0.533835 0.08985000000000001 0.50627
5 0.37988 0.533835 0.08984000000000003 0.50627
5 0.560055 0.54261 0.08887 0.50376
5 0.7241249999999999 0.530075 0.07128999999999996 0.5187900000000001
7 0.055175999999999996 0.10150200000000001 0.06543 0.047616000000000006
7 0.055175999999999996 0.0551375 0.06543 0.045113
7 0.056152 0.24812 0.069336 0.03508
7 0.055175999999999996 0.289475 0.069336 0.03759000000000001
7 0.057129 0.48997499999999994 0.06933600000000001 0.03758999999999996
7 0.057129 0.530075 0.06933600000000001 0.03759000000000001
7 0.057129 0.73559 0.06933600000000001 0.03759999999999997
7 0.057129 0.773185 0.06933600000000001 0.03759000000000001
7 0.055175999999999996 0.9599 0.069336 0.03508
7 0.058105500000000004 0.170425 0.020507000000000004 0.05013000000000001
7 0.05859399999999999 0.382205 0.021483999999999996 0.05263000000000001
7 0.057617 0.626565 0.021484000000000003 0.05013000000000001
7 0.057617 0.860905 0.021484000000000003 0.052629999999999955
8 0.7553700000000001 0.503757 0.024419999999999997 0.972426
8 0.569825 0.5037605 0.018549999999999955 0.9824590000000001
4 0.570315 0.146616 0.019530000000000047 0.147868
4 0.573245 0.87469 0.019530000000000047 0.14536000000000004
8 0.481935 0.50376 0.012689999999999979 0.96742
8 0.395995 0.498749 0.012689999999999979 0.967422
8 0.31299 0.5012519999999999 0.012699999999999989 0.9674159999999999
8 0.22314499999999998 0.5012519999999999 0.012690000000000007 0.9674159999999999
8 0.14404499999999998 0.498749 0.012690000000000007 0.967422
8 0.043945399999999996 0.49999899999999997 0.0781252 0.969922
10 0.91162 0.531327 0.16114000000000006 0.8671660000000001
8 0.827635 0.506263 0.018550000000000066 0.967414
