3 0.299805 0.44401 0.02149000000000001 0.13541999999999993
0 0.5605450000000001 0.44466 0.8554700000000001 0.53516
1 0.731935 0.396485 0.04198999999999997 0.019529999999999992
1 0.6928700000000001 0.397135 0.030279999999999974 0.018230000000000024
1 0.5981449999999999 0.396485 0.053710000000000035 0.019529999999999992
1 0.557615 0.395835 0.03125 0.020830000000000015
1 0.728515 0.453125 0.04100999999999999 0.049470000000000014
1 0.687985 0.45247499999999996 0.026370000000000005 0.04816999999999999
1 0.592285 0.453125 0.04981000000000002 0.049470000000000014
1 0.550295 0.45377999999999996 0.026370000000000005 0.05077999999999999
1 0.736325 0.29557 0.037109999999999976 0.039059999999999984
1 0.736325 0.247395 0.037109999999999976 0.039069999999999994
1 0.6987300000000001 0.296225 0.024419999999999997 0.04037000000000002
1 0.6987300000000001 0.247395 0.024419999999999997 0.039069999999999994
1 0.603515 0.310545 0.044930000000000025 0.022129999999999983
1 0.6030249999999999 0.272135 0.043950000000000045 0.039069999999999994
1 0.6030249999999999 0.23502499999999998 0.043950000000000045 0.02213000000000001
1 0.5654250000000001 0.309245 0.025389999999999913 0.022129999999999983
1 0.56494 0.272135 0.024419999999999997 0.039069999999999994
1 0.56494 0.23502499999999998 0.024419999999999997 0.02213000000000001
1 0.34082 0.245445 0.0625 0.04297000000000001
1 0.34131 0.29817499999999997 0.06347999999999998 0.044269999999999976
1 0.465335 0.23502499999999998 0.07128999999999996 0.02213000000000001
1 0.465335 0.272135 0.07128999999999996 0.039069999999999994
1 0.46582 0.30989500000000003 0.07032 0.02082999999999996
1 0.447265 0.453125 0.07617000000000002 0.054690000000000016
1 0.458495 0.39453 0.08300999999999997 0.023440000000000016
1 0.45752000000000004 0.5 0.08495999999999998 0.013020000000000032
1 0.336425 0.402995 0.049809999999999965 0.022129999999999983
1 0.331545 0.44076 0.03809000000000001 0.037760000000000016
1 0.33203 0.47917 0.039059999999999984 0.023440000000000016
1 0.34424 0.5833349999999999 0.06152000000000002 0.041669999999999985
1 0.34424 0.6354150000000001 0.06152000000000002 0.041669999999999985
1 0.468265 0.57357 0.07128999999999996 0.02214000000000005
1 0.467775 0.609375 0.07030999999999998 0.03645000000000009
1 0.46826 0.6458349999999999 0.06934000000000001 0.020830000000000015
1 0.565915 0.57357 0.024409999999999932 0.02214000000000005
1 0.565915 0.61003 0.024409999999999932 0.037760000000000016
1 0.565915 0.647135 0.024409999999999932 0.020830000000000015
1 0.6049800000000001 0.646485 0.04393999999999998 0.019530000000000047
1 0.6049800000000001 0.61003 0.04393999999999998 0.037760000000000016
1 0.6049800000000001 0.57357 0.04393999999999998 0.02214000000000005
1 0.698245 0.5859399999999999 0.025390000000000024 0.039059999999999984
1 0.698245 0.6328100000000001 0.025390000000000024 0.039059999999999984
1 0.73535 0.58529 0.03515999999999997 0.037760000000000016
1 0.73584 0.6328100000000001 0.03613999999999995 0.039059999999999984
2 0.924315 0.65625 0.12403000000000008 0.07031999999999994
1 0.845215 0.501955 0.06738999999999995 0.04297000000000001
1 0.845215 0.382815 0.06738999999999995 0.041669999999999985
1 0.845215 0.263675 0.06738999999999995 0.042970000000000036
1 0.342285 0.10677 0.05957000000000001 0.03906
1 0.34179499999999996 0.02148455 0.058589999999999975 0.0403649
1 0.46582 0.10611899999999999 0.06053999999999998 0.040361999999999995
1 0.592285 0.10677 0.061529999999999974 0.03906
1 0.72266 0.1048165 0.0625 0.04296699999999999
1 0.177735 0.470055 0.03321000000000002 0.020830000000000015
1 0.17676 0.413415 0.03320000000000001 0.019529999999999992
1 0.285645 0.91471 0.05957000000000001 0.07421999999999995
1 0.40918 0.91471 0.06053999999999998 0.07421999999999995
3 0.2959 0.106121 0.03515999999999997 0.08463799999999999
3 0.2959 0.03190105 0.03320000000000001 0.0611979
3 0.421385 0.106122 0.03027000000000002 0.082036
3 0.42041 0.0345051 0.03417999999999999 0.0611978
3 0.5581050000000001 0.106122 0.06347000000000003 0.082036
3 0.41796999999999995 0.272785 0.02148 0.11067000000000002
3 0.42041 0.610025 0.024419999999999997 0.11066999999999994
3 0.5415 0.272135 0.016599999999999948 0.12761000000000003
3 0.5424800000000001 0.61328 0.01660000000000006 0.12760000000000005
4 0.38281 0.272135 0.029299999999999993 0.11978999999999998
4 0.38623 0.6132850000000001 0.028320000000000012 0.11978999999999995
4 0.51318 0.23502499999999998 0.01660000000000006 0.027350000000000013
4 0.51416 0.31055 0.01660000000000006 0.02734000000000003
4 0.514645 0.272785 0.019530000000000047 0.04037000000000002
4 0.51709 0.610025 0.01660000000000006 0.04037000000000002
4 0.51709 0.57422 0.01660000000000006 0.023440000000000016
4 0.51709 0.647135 0.01660000000000006 0.023430000000000062
4 0.50586 0.106771 0.023440000000000016 0.072918
4 0.63281 0.105466 0.021479999999999944 0.070308
4 0.7583 0.1061175 0.012700000000000045 0.069005
4 0.757815 0.272135 0.009770000000000056 0.10157
4 0.629885 0.272135 0.01366999999999996 0.11719000000000002
4 0.6318349999999999 0.6132850000000001 0.01366999999999996 0.11719000000000002
4 0.49560499999999996 0.45443 0.01855000000000001 0.052080000000000015
4 0.506835 0.39453 0.021490000000000065 0.023440000000000016
4 0.5068349999999999 0.5013 0.019529999999999936 0.013019999999999976
4 0.757815 0.61328 0.009770000000000056 0.10155999999999998
4 0.75049 0.45508 0.012699999999999934 0.06640000000000001
4 0.75586 0.39518 0.013680000000000025 0.035160000000000025
4 0.75537 0.503905 0.012699999999999934 0.018230000000000024
5 0.37549 0.44206 0.05176000000000003 0.13931999999999994
7 0.26465 0.442055 0.05274000000000001 0.11848999999999998
7 0.21631 0.44336 0.02245999999999998 0.022139999999999993
7 0.171875 0.5227900000000001 0.048829999999999985 0.06120000000000003
7 0.27197499999999997 0.6289100000000001 0.030269999999999964 0.16146000000000005
7 0.269045 0.257165 0.030269999999999964 0.15495
7 0.6655249999999999 0.6113299999999999 0.05957000000000001 0.15234000000000003
7 0.666015 0.272135 0.06054999999999999 0.15364999999999998
7 0.85156 0.447265 0.04688000000000003 0.05338999999999999
7 0.823735 0.65039 0.0595699999999999 0.12370000000000003
8 0.5283199999999999 0.44596 0.023440000000000016 0.52474
8 0.791505 0.447915 0.018550000000000066 0.52865
1 0.942875 0.504555 0.08301000000000003 0.07160999999999995
1 0.944335 0.384765 0.08399000000000001 0.07161000000000001
1 0.944335 0.26367 0.08399000000000001 0.07162000000000002
