0 0.573825 0.2285915 0.84787 0.40711699999999995
1 0.27964 0.46377 0.07606000000000002 0.03426000000000001
1 0.278525 0.5085649999999999 0.07383 0.03425
1 0.27964 0.5533600000000001 0.07606000000000002 0.03426000000000007
1 0.28412 0.5988150000000001 0.07605999999999999 0.03556999999999999
1 0.27964 0.6455850000000001 0.07606000000000002 0.03425
1 0.28300000000000003 0.6897249999999999 0.07382000000000002 0.03556999999999999
1 0.28300000000000003 0.732545 0.07382000000000002 0.03425
1 0.28412 0.7786550000000001 0.07605999999999999 0.03425
1 0.28412 0.82411 0.07605999999999999 0.035579999999999945
1 0.28412 0.86693 0.07605999999999999 0.03425999999999996
1 0.28412 0.9117249999999999 0.07605999999999999 0.03425
1 0.28412 0.9584950000000001 0.07605999999999999 0.03556999999999999
1 0.434005 0.461795 0.07607000000000003 0.03556999999999999
1 0.43177 0.509225 0.07606000000000002 0.03556999999999999
1 0.43177 0.5546800000000001 0.07606000000000002 0.03426000000000007
1 0.434005 0.599475 0.07607000000000003 0.03425
1 0.43624 0.6455850000000001 0.07606000000000002 0.03425
1 0.43177 0.69038 0.07606000000000002 0.03425999999999996
1 0.43177 0.733205 0.07606000000000002 0.0355700000000001
1 0.434005 0.7799750000000001 0.07607000000000003 0.03425
1 0.43624 0.8221350000000001 0.07606000000000002 0.03425
1 0.43177 0.87088 0.07606000000000002 0.03425999999999996
1 0.434005 0.9143600000000001 0.07607000000000003 0.03426000000000007
1 0.43624 0.959155 0.07606000000000002 0.03425
1 0.58389 0.46311 0.08054000000000006 0.03558
1 0.58613 0.50988 0.07606000000000002 0.03425999999999996
1 0.58277 0.55402 0.07830000000000004 0.03294000000000008
1 0.58277 0.598155 0.07830000000000004 0.03425
1 0.58277 0.64493 0.07830000000000004 0.03293999999999997
1 0.581655 0.689065 0.07606999999999997 0.03425
1 0.581655 0.7345200000000001 0.07606999999999997 0.03294000000000008
1 0.581655 0.7799750000000001 0.07606999999999997 0.03425
1 0.58277 0.82806 0.07830000000000004 0.03293999999999997
1 0.58613 0.8722 0.07606000000000002 0.03425999999999996
1 0.58277 0.9163399999999999 0.07830000000000004 0.03294000000000008
1 0.58389 0.96311 0.07606000000000002 0.03425999999999996
1 0.770695 0.542165 0.08277000000000001 0.059290000000000065
1 0.770695 0.47365 0.08277000000000001 0.05928
1 0.76846 0.6113299999999999 0.07830000000000004 0.055340000000000056
1 0.76846 0.6772050000000001 0.07830000000000004 0.05532999999999999
1 0.77069 0.743085 0.07830000000000004 0.0553300000000001
1 0.77293 0.81423 0.07830000000000004 0.055339999999999945
1 0.77293 0.8840600000000001 0.07830000000000004 0.055340000000000056
1 0.77293 0.9512499999999999 0.07830000000000004 0.055340000000000056
1 0.704695 0.46113499999999996 0.02237 0.036890000000000034
1 0.709175 0.5085649999999999 0.02237 0.03688999999999998
1 0.706935 0.552045 0.02237 0.03689000000000009
1 0.708055 0.599475 0.02461000000000002 0.03688999999999998
1 0.706935 0.6429549999999999 0.02237 0.03688999999999998
1 0.709175 0.687745 0.02237 0.03688999999999998
1 0.709175 0.736495 0.02237 0.03689000000000009
1 0.71141 0.7832650000000001 0.022380000000000067 0.03556999999999999
1 0.708055 0.827405 0.02461000000000002 0.03688999999999998
1 0.71141 0.8682449999999999 0.022380000000000067 0.03688999999999998
1 0.708055 0.917655 0.02461000000000002 0.0355700000000001
1 0.712525 0.963765 0.02461000000000002 0.03556999999999999
1 0.20246 0.29644000000000004 0.03355999999999998 0.06324000000000002
1 0.191275 0.1245085 0.04250999999999999 0.05402299999999999
1 0.31879 0.0540185 0.07382 0.036891
1 0.32103 0.0935445 0.07382 0.03689100000000001
1 0.31991 0.13966 0.07605999999999996 0.031619999999999995
1 0.31991 0.18577 0.07605999999999996 0.03162000000000001
1 0.32103 0.22793000000000002 0.07382 0.03162000000000001
1 0.32215 0.270095 0.07606000000000002 0.036890000000000034
1 0.31767 0.3195 0.07606000000000002 0.03558
1 0.31991 0.36495500000000003 0.07605999999999996 0.036890000000000034
1 0.322145 0.40777 0.07158999999999999 0.030299999999999994
1 0.45189999999999997 0.402505 0.07605999999999996 0.03556999999999999
1 0.45414 0.32016 0.07606000000000002 0.03425999999999996
1 0.44743 0.27141000000000004 0.07606000000000002 0.03426000000000001
1 0.456375 0.22793 0.07607000000000003 0.03426000000000001
1 0.449665 0.185115 0.07607000000000003 0.03556999999999999
1 0.45414 0.13702 0.07606000000000002 0.03426000000000001
1 0.449665 0.095522 0.07607000000000003 0.035575999999999997
1 0.45525499999999997 0.052701 0.07383 0.034256
1 0.590605 0.40315999999999996 0.07606999999999997 0.03426000000000001
1 0.449665 0.360345 0.07607000000000003 0.035570000000000046
1 0.58389 0.364295 0.07606000000000002 0.03556999999999999
1 0.58501 0.3195 0.07382 0.03558
1 0.581655 0.268775 0.07606999999999997 0.03425
1 0.58501 0.225295 0.07382 0.03425
1 0.58501 0.183135 0.07382 0.03425
1 0.58613 0.13702 0.07606000000000002 0.03426000000000001
1 0.58501 0.093543 0.07382 0.03425400000000001
1 0.581655 0.052701 0.07606999999999997 0.034256
1 0.7349 0.227935 0.11410000000000009 0.03688999999999998
1 0.7349 0.27075000000000005 0.11410000000000009 0.03558
1 0.737135 0.318845 0.11409000000000002 0.03688999999999998
1 0.73378 0.362315 0.11186000000000007 0.03688999999999998
1 0.7349 0.407115 0.11410000000000009 0.03688999999999998
1 0.73378 0.18445499999999998 0.11186000000000007 0.036890000000000006
1 0.73378 0.13307 0.11186000000000007 0.03689999999999999
1 0.73378 0.094863 0.11186000000000007 0.036893999999999996
1 0.7349 0.050725000000000006 0.11410000000000009 0.032938
2 0.91611 0.40249999999999997 0.12304000000000004 0.04348000000000002
6 0.318795 0.18511499999999997 0.06935000000000002 0.02767
6 0.321025 0.22727 0.06935000000000002 0.030299999999999994
6 0.32103 0.27009 0.07382 0.03425999999999996
6 0.723715 0.0948605 0.08277000000000001 0.03161900000000001
8 0.536915 0.2299065 0.02685000000000004 0.399207
8 0.40492 0.2305665 0.026839999999999975 0.389987
8 0.668905 0.22792900000000002 0.02685000000000004 0.400522
8 0.8322149999999999 0.22792900000000002 0.02684999999999993 0.400522
0 0.59955 0.71673 0.79642 0.5612600000000001
9 0.9217 0.16469 0.14317999999999997 0.013179999999999997
9 0.92282 0.29908 0.14542 0.01317999999999997
9 0.92058 0.0335965 0.14542 0.014492999999999999
9 0.92058 0.58037 0.14542 0.014500000000000068
9 0.92282 0.71871 0.14542 0.014500000000000068
9 0.92058 0.853755 0.14542 0.013170000000000015
9 0.92058 0.990775 0.14542 0.013170000000000015
10 0.923935 0.099474 0.14764999999999995 0.111992
10 0.923935 0.23122499999999999 0.14764999999999995 0.11198999999999998
10 0.92394 0.33663 0.14317999999999997 0.05402000000000001
10 0.92058 0.509225 0.14542 0.12253000000000003
9 0.92058 0.44137 0.14542 0.010539999999999994
10 0.89038 0.64888 0.08053999999999994 0.11197999999999997
10 0.89038 0.7865599999999999 0.08053999999999994 0.11330000000000007
10 0.8881399999999999 0.918315 0.08053999999999994 0.11331000000000002
10 0.36689000000000005 0.933465 0.0358 0.10145000000000004
