3 0.43457 0.477865 0.029299999999999993 0.08593
3 0.43457 0.57943 0.029299999999999993 0.09895999999999994
3 0.43506 0.683595 0.030279999999999974 0.09375
2 0.93262 0.31966 0.10352000000000006 0.06640000000000001
0 0.573245 0.571615 0.83203 0.7552099999999999
1 0.1875 0.315755 0.035160000000000025 0.035150000000000015
3 0.433595 0.789065 0.029290000000000038 0.09375
4 0.52734 0.47526 0.011719999999999953 0.07552000000000003
4 0.52832 0.57943 0.011719999999999953 0.07552000000000003
4 0.52832 0.67969 0.011719999999999953 0.07552000000000003
4 0.5293 0.78125 0.011719999999999953 0.07552000000000003
4 0.679685 0.47591000000000006 0.025390000000000024 0.07422000000000001
4 0.681155 0.5787800000000001 0.024409999999999932 0.07422000000000006
4 0.680175 0.679035 0.024410000000000043 0.07683000000000006
4 0.6792 0.78255 0.024419999999999997 0.07811999999999997
4 0.675785 0.317705 0.03125 0.10416999999999998
4 0.8125 0.31901 0.013679999999999914 0.07551999999999998
4 0.813475 0.47721 0.01366999999999996 0.07422000000000001
4 0.8125 0.57943 0.013679999999999914 0.07552000000000003
4 0.8125 0.678385 0.013679999999999914 0.07552999999999999
5 0.386235 0.31901 0.07128999999999996 0.14322000000000001
7 0.293945 0.221355 0.037109999999999976 0.026050000000000018
7 0.296875 0.41015999999999997 0.037109999999999976 0.026040000000000008
7 0.32764 0.2513 0.06347999999999998 0.015619999999999995
7 0.328615 0.38216 0.06347000000000003 0.016920000000000046
7 0.265135 0.316405 0.047849999999999976 0.07813000000000003
7 0.42578000000000005 0.317055 0.02148 0.02213000000000004
7 0.257815 0.398435 0.019529999999999992 0.015629999999999977
7 0.265625 0.47721 0.017569999999999975 0.011720000000000008
7 0.26610999999999996 0.58203 0.016600000000000004 0.015620000000000078
7 0.26758000000000004 0.6875 0.017579999999999985 0.015619999999999967
7 0.26758000000000004 0.7890649999999999 0.017579999999999985 0.020830000000000015
7 0.268555 0.89388 0.017569999999999975 0.019540000000000002
7 0.28418 0.50716 0.05274000000000001 0.01432
7 0.28320500000000004 0.5488299999999999 0.05273 0.01432
7 0.28418 0.6113299999999999 0.05274000000000001 0.01432
7 0.28418 0.65039 0.05274000000000001 0.01432
7 0.28515500000000005 0.715495 0.05273 0.014329999999999954
7 0.28515500000000005 0.75586 0.05273 0.01432
7 0.28515500000000005 0.81836 0.05273 0.01432
7 0.28418 0.8574200000000001 0.05274000000000001 0.01432
7 0.28515500000000005 0.920575 0.05273 0.015630000000000033
7 0.25634500000000005 0.23958000000000002 0.01855000000000001 0.013020000000000004
7 0.25634500000000005 0.20246999999999998 0.01855000000000001 0.01171999999999998
7 0.868165 0.31966 0.025390000000000024 0.037760000000000016
7 0.868165 0.47721 0.025390000000000024 0.03775999999999996
7 0.867675 0.58008 0.026370000000000005 0.037760000000000016
7 0.867185 0.68294 0.025390000000000024 0.037760000000000016
7 0.867675 0.7838499999999999 0.026370000000000005 0.03646000000000005
4 0.811035 0.7864599999999999 0.012689999999999979 0.07551999999999992
1 0.48778999999999995 0.172525 0.05761999999999995 0.01693
1 0.63965 0.174475 0.058600000000000096 0.018229999999999996
8 0.262205 0.57552 0.05957000000000004 0.74218
8 0.37988 0.571615 0.03320000000000001 0.7447900000000001
8 0.700195 0.573565 0.07227000000000006 0.7330700000000001
9 0.31543 0.270835 0.07422000000000001 0.015630000000000033
9 0.31640999999999997 0.36328 0.07422000000000001 0.015619999999999967
9 0.36377 0.27083 0.024419999999999997 0.023440000000000016
9 0.365235 0.36523 0.023430000000000006 0.024739999999999984
9 0.262695 0.27083 0.03125 0.026040000000000008
9 0.263675 0.36458 0.03125 0.026040000000000008
10 0.90576 0.222005 0.057620000000000005 0.019529999999999992
10 0.891115 0.203125 0.020510000000000028 0.018230000000000024
9 0.62256 0.27669 0.07519999999999993 0.011720000000000008
9 0.62256 0.35807 0.07519999999999993 0.013020000000000032
9 0.675295 0.277345 0.03027000000000002 0.020830000000000015
9 0.674805 0.358725 0.029290000000000038 0.022129999999999983
9 0.5810550000000001 0.276045 0.007809999999999984 0.018230000000000024
9 0.5810550000000001 0.358725 0.007809999999999984 0.01693
1 0.7744150000000001 0.31966 0.06640999999999997 0.05078000000000005
1 0.77539 0.47656 0.06445999999999996 0.04947999999999997
1 0.77539 0.578125 0.06445999999999996 0.0494699999999999
1 0.7744150000000001 0.67969 0.06445000000000001 0.04947999999999997
1 0.7744150000000001 0.78255 0.06445000000000001 0.04947999999999997
1 0.919435 0.478515 0.07715000000000005 0.048170000000000046
1 0.916995 0.577475 0.07617000000000007 0.048169999999999935
1 0.919435 0.68034 0.07715000000000005 0.04818
1 0.7910200000000001 0.16341 0.06836000000000009 0.027339999999999975
1 0.622555 0.317705 0.07714999999999994 0.05729000000000001
1 0.63037 0.47526 0.07519999999999993 0.049480000000000024
1 0.6293949999999999 0.578125 0.07518999999999998 0.0494699999999999
1 0.62988 0.677735 0.07421999999999995 0.048170000000000046
1 0.6313500000000001 0.7806 0.07520000000000004 0.04818
1 0.48241999999999996 0.7819 0.07225999999999994 0.050779999999999936
1 0.48340000000000005 0.67969 0.07226000000000005 0.04947999999999997
1 0.483885 0.578125 0.07129000000000002 0.0494699999999999
1 0.483885 0.47265999999999997 0.07129000000000002 0.049480000000000024
1 0.47607499999999997 0.316405 0.08104999999999996 0.054690000000000016
1 0.31884999999999997 0.315755 0.07324000000000003 0.055989999999999984
1 0.33398 0.472655 0.0625 0.04686999999999997
1 0.33447 0.57552 0.06347999999999998 0.04688000000000003
1 0.33447 0.679685 0.06347999999999998 0.04686999999999997
1 0.33398 0.78125 0.0625 0.04688000000000003
1 0.33496 0.884765 0.0625 0.048170000000000046
1 0.49853499999999995 0.11588300000000001 0.07715 0.036454
1 0.628905 0.12109500000000001 0.09571000000000007 0.031250000000000014
3 0.549805 0.31966 0.05858999999999992 0.12890000000000001
3 0.56641 0.478515 0.05078000000000005 0.09765000000000001
3 0.57031 0.583985 0.05078000000000005 0.09765000000000001
3 0.56934 0.6862 0.050779999999999936 0.09636
3 0.57031 0.78581 0.05078000000000005 0.09766000000000008
3 0.21826 0.31510499999999997 0.05176 0.14062999999999998
