1 0.305175 0.512435 0.15136999999999998 0.10125
1 0.311525 0.9254 0.14453000000000002 0.05684
1 0.30566499999999996 0.3881 0.14453 0.058620000000000005
1 0.266115 0.161635 0.14551 0.06395
1 0.268065 0.227355 0.14551 0.04263
1 0.265135 0.0976935 0.14551000000000003 0.042633000000000004
1 0.27197499999999997 0.667855 0.14550999999999997 0.042629999999999946
1 0.273925 0.793075 0.14551 0.04440999999999995
1 0.271485 0.72913 0.14648999999999998 0.06572
1 0.49805 0.159855 0.15233999999999998 0.06039
1 0.51074 0.263765 0.15430000000000005 0.06927
1 0.50635 0.0879235 0.12401999999999996 0.051513
1 0.52344 0.387215 0.15233999999999998 0.06039
1 0.521485 0.64298 0.14843 0.05684
1 0.5249 0.92362 0.14745999999999998 0.05684
1 0.49902 0.73268 0.14843999999999996 0.05506
1 0.51221 0.816165 0.15332 0.05861000000000005
1 0.518555 0.5071049999999999 0.15625 0.10124999999999995
1 0.763675 0.38543499999999997 0.16796999999999995 0.05682999999999999
1 0.76416 0.085259 0.16893999999999998 0.056842000000000004
1 0.760745 0.63943 0.16796999999999995 0.05684
1 0.760745 0.92362 0.16796999999999995 0.05684
1 0.746095 0.72824 0.16797000000000006 0.05684
1 0.754885 0.815275 0.16796999999999995 0.05683000000000005
1 0.750975 0.15986 0.16797000000000006 0.05684
1 0.75781 0.2611 0.16992000000000007 0.06394
1 0.769045 0.50622 0.19043 0.10301999999999994
4 0.85205 0.7220249999999999 0.04590000000000005 0.10124999999999995
4 0.856935 0.8268249999999999 0.04980999999999991 0.09768999999999994
4 0.861815 0.259325 0.043949999999999934 0.11723
4 0.605955 0.263765 0.04981000000000002 0.11901
4 0.60449 0.82327 0.05078000000000005 0.09058
1 0.291505 0.30284 0.14941 0.0373
1 0.29541 0.8499099999999999 0.14746000000000004 0.026640000000000108
4 0.37402 0.30373 0.05077999999999999 0.0675
4 0.375975 0.8561300000000001 0.04296999999999995 0.04618
4 0.35742 0.729125 0.03320000000000001 0.20070999999999994
5 0.330075 0.1030185 0.09375 0.184723
5 0.581545 0.1021305 0.08301000000000003 0.158079
5 0.572265 0.701595 0.07227000000000006 0.14564999999999995
5 0.84326 0.46181 0.05566000000000004 0.21314
7 0.16211 0.50622 0.06640000000000001 0.0746
7 0.16846 0.36234500000000003 0.04004000000000002 0.04263
7 0.169435 0.40497 0.036129999999999995 0.02842
7 0.16504 0.441385 0.0957 0.044410000000000005
7 0.16113 0.566605 0.0957 0.042629999999999946
7 0.174805 0.89698 0.03907000000000002 0.035519999999999996
7 0.174805 0.941385 0.03907000000000002 0.031970000000000054
7 0.169435 0.978685 0.09863 0.03907000000000005
7 0.126955 0.7291300000000001 0.05273000000000001 0.05506
7 0.13036999999999999 0.7948500000000001 0.04003999999999999 0.030199999999999894
7 0.12842 0.670515 0.03808 0.03019000000000005
7 0.0942375 0.6305499999999999 0.03808500000000001 0.02842
7 0.0942375 0.693605 0.03808500000000001 0.01598999999999995
7 0.0952125 0.762875 0.034175 0.012430000000000052
7 0.093264 0.807285 0.03223200000000001 0.012430000000000052
7 0.106931 0.24867 0.07323800000000001 0.017759999999999998
7 0.12305 0.228245 0.03906000000000001 0.02309
7 0.087893 0.191825 0.03711400000000001 0.01421
7 0.1196265 0.159855 0.053707000000000005 0.049729999999999996
7 0.0869145 0.10746 0.03711099999999999 0.012440000000000007
7 0.08642649999999999 0.052398 0.038086999999999996 0.030196
7 0.123535 0.101242 0.03416999999999999 0.028415999999999997
7 0.419435 0.505325 0.047850000000000004 0.023090000000000055
7 0.622075 0.5097700000000001 0.03125 0.09236000000000005
7 0.63672 0.38277 0.05467999999999995 0.06572
7 0.63623 0.639435 0.05176000000000003 0.060389999999999944
7 0.640135 0.0772645 0.053709999999999924 0.069271
7 0.635745 0.9236249999999999 0.05858999999999992 0.060390000000000055
8 0.396 0.4991124 0.04004000000000002 0.9840152
0 0.5009781 0.4999981 0.9941438 0.9964438
8 0.8950199999999999 0.4946731 0.032220000000000026 0.9857937999999999
9 0.284175 0.25133 0.08789000000000002 0.008879999999999999
9 0.283205 0.198935 0.08789 0.010649999999999993
9 0.281735 0.124335 0.08887 0.010649999999999993
9 0.280275 0.0692715 0.08789 0.010657
9 0.287595 0.6421 0.08691000000000002 0.008879999999999999
9 0.287105 0.689165 0.08789000000000002 0.010650000000000048
9 0.28759999999999997 0.7655400000000001 0.08495999999999998 0.010660000000000003
9 0.28906 0.815275 0.08593999999999999 0.010650000000000048
9 0.506835 0.123445 0.08789000000000002 0.012429999999999997
9 0.51123 0.207815 0.09864 0.021309999999999996
9 0.53223 0.30462 0.09570000000000006 0.015979999999999994
9 0.512695 0.6909449999999999 0.09571000000000002 0.014209999999999945
9 0.5136700000000001 0.7699849999999999 0.09570000000000001 0.01599000000000006
9 0.533205 0.851685 0.09765000000000007 0.012429999999999941
9 0.768555 0.118115 0.09765000000000001 0.012429999999999997
9 0.768555 0.206035 0.09765000000000001 0.01421
9 0.780275 0.305505 0.0976499999999999 0.01421
9 0.76465 0.770875 0.09765999999999997 0.014210000000000056
9 0.7636700000000001 0.690055 0.09765999999999997 0.012429999999999941
9 0.7734399999999999 0.8499099999999999 0.09765999999999997 0.012439999999999896
9 0.82031 0.69005 0.015619999999999967 0.019540000000000002
9 0.82129 0.7699800000000001 0.015619999999999967 0.019540000000000002
9 0.83057 0.8499099999999999 0.01660000000000006 0.019540000000000002
9 0.836915 0.30462 0.015630000000000033 0.019540000000000002
9 0.570315 0.207815 0.019530000000000047 0.02840999999999999
9 0.5883799999999999 0.30728500000000003 0.01856000000000002 0.021309999999999996
9 0.5874 0.8534600000000001 0.010739999999999972 0.019540000000000002
9 0.56982 0.76998 0.016599999999999948 0.026639999999999997
9 0.335445 0.25044500000000003 0.014649999999999996 0.017770000000000008
9 0.33496000000000004 0.20071 0.01367999999999997 0.017759999999999998
9 0.33935499999999996 0.815275 0.014649999999999996 0.017769999999999953
9 0.33789 0.763765 0.01367999999999997 0.017769999999999953
9 0.33789 0.689165 0.01367999999999997 0.017769999999999953
9 0.338375 0.63943 0.014649999999999996 0.017759999999999998
9 0.22998000000000002 0.068384 0.012700000000000017 0.019538
9 0.23095500000000002 0.123445 0.012690000000000007 0.019529999999999992
9 0.23291 0.198935 0.012699999999999989 0.021309999999999996
9 0.233885 0.25044500000000003 0.012690000000000007 0.021309999999999996
9 0.237305 0.6420999999999999 0.013669999999999988 0.019540000000000002
9 0.236325 0.689165 0.013669999999999988 0.017769999999999953
9 0.238285 0.76465 0.013670000000000015 0.019540000000000002
9 0.240235 0.8135 0.013670000000000015 0.017759999999999998
9 0.453125 0.121665 0.019530000000000047 0.02309
9 0.453125 0.20693 0.019530000000000047 0.0373
9 0.476565 0.30728500000000003 0.015629999999999977 0.024870000000000003
9 0.476565 0.854355 0.015629999999999977 0.024869999999999948
9 0.455075 0.689165 0.019529999999999992 0.028410000000000046
9 0.455075 0.76998 0.019529999999999992 0.030200000000000005
9 0.71924 0.8508 0.010739999999999972 0.024860000000000104
9 0.708495 0.7708699999999999 0.014650000000000052 0.024859999999999993
9 0.70752 0.689165 0.014639999999999986 0.02131000000000005
9 0.72461 0.305505 0.013680000000000025 0.024870000000000003
9 0.712405 0.20693 0.01464999999999994 0.026639999999999997
9 0.712405 0.11634 0.01464999999999994 0.026639999999999997
