1 0.500000 0.500000 1.000000 1.000000
0 0.572754 0.603145 0.842773 0.715723
6 0.820312 0.921384 0.029297 0.059119
6 0.849121 0.877987 0.026367 0.040252
6 0.580078 0.902516 0.070312 0.099371
6 0.210449 0.891195 0.059570 0.079245
6 0.707031 0.899371 0.070312 0.100629
6 0.894531 0.897484 0.054688 0.119497
6 0.282715 0.855346 0.071289 0.163522
6 0.360352 0.854088 0.070312 0.163522
6 0.315430 0.751572 0.166016 0.028931
2 0.777832 0.928931 0.020508 0.041509
2 0.518066 0.930189 0.041992 0.049057
2 0.895020 0.788679 0.049805 0.095597
2 0.769531 0.787421 0.050781 0.093082
2 0.645996 0.786164 0.049805 0.090566
2 0.519531 0.785535 0.050781 0.091824
2 0.118652 0.629560 0.034180 0.094340
2 0.896973 0.581132 0.051758 0.113208
2 0.770508 0.580503 0.052734 0.111950
2 0.645996 0.579874 0.051758 0.110692
2 0.518066 0.581132 0.051758 0.113208
2 0.391113 0.580503 0.051758 0.111950
2 0.265137 0.580503 0.051758 0.111950
2 0.119629 0.464151 0.032227 0.098113
2 0.075684 0.445912 0.032227 0.099371
2 0.518066 0.379245 0.051758 0.099371
2 0.897949 0.377358 0.051758 0.098113
2 0.770996 0.378616 0.051758 0.100629
2 0.389648 0.377358 0.050781 0.098113
2 0.264160 0.377358 0.051758 0.098113
2 0.645996 0.377358 0.051758 0.100629
2 0.120605 0.300629 0.036133 0.103145
2 0.072754 0.269182 0.036133 0.103145
2 0.114746 0.146541 0.032227 0.099371
2 0.073730 0.105660 0.032227 0.100629
3 0.727051 0.698742 0.522461 0.036478
3 0.573730 0.283019 0.827148 0.065409
9 0.575684 0.810063 0.043945 0.057862
9 0.702637 0.805031 0.043945 0.057862
4 0.897949 0.484906 0.096680 0.049057
4 0.516113 0.486164 0.098633 0.054088
4 0.769531 0.482390 0.093750 0.049057
4 0.643555 0.482390 0.095703 0.049057
4 0.387695 0.484906 0.099609 0.054088
4 0.261719 0.488050 0.099609 0.060377
7 0.896973 0.844025 0.084961 0.015094
7 0.768555 0.841509 0.083984 0.015094
7 0.645996 0.840252 0.083008 0.017610
7 0.517090 0.840252 0.083008 0.017610
7 0.900391 0.647170 0.089844 0.018868
7 0.515137 0.647170 0.088867 0.018868
7 0.768555 0.645912 0.089844 0.018868
7 0.388184 0.645912 0.088867 0.018868
7 0.262207 0.645912 0.088867 0.018868
7 0.645996 0.644654 0.088867 0.018868
7 0.768555 0.438365 0.089844 0.018868
7 0.515625 0.438365 0.089844 0.018868
7 0.645508 0.437107 0.089844 0.018868
7 0.897949 0.435849 0.088867 0.018868
7 0.389648 0.435849 0.089844 0.018868
7 0.263672 0.435849 0.089844 0.018868
