0 0.5044065 0.5184805 0.986787 0.963039
1 0.30947 0.14579 0.10352 0.0657
1 0.30947 0.31725000000000003 0.10352 0.06775999999999999
1 0.30947 0.505135 0.10352 0.06570999999999999
1 0.30947 0.679675 0.10352 0.06571000000000005
1 0.518725 0.14579 0.12115000000000004 0.07392
1 0.518725 0.31622 0.12115000000000004 0.07391999999999999
1 0.520925 0.50308 0.12115000000000004 0.07391999999999999
1 0.519825 0.67762 0.12335000000000002 0.06982
1 0.311675 0.8542099999999999 0.10353000000000001 0.06569999999999998
1 0.51652 0.8511299999999999 0.12113999999999997 0.07185999999999992
1 0.737885 0.84805 0.12335000000000007 0.06982
1 0.7356849999999999 0.67762 0.12334999999999996 0.06982
1 0.737885 0.50308 0.12335000000000007 0.06982
1 0.740085 0.313145 0.12335000000000007 0.07186999999999999
1 0.738985 0.13963 0.12115000000000009 0.06982000000000001
1 0.9449350000000001 0.8490800000000001 0.10572999999999999 0.06775999999999993
1 0.94383 0.67659 0.10351999999999995 0.06776000000000004
1 0.94493 0.5 0.10131999999999997 0.06776000000000004
1 0.946035 0.31109 0.10353000000000001 0.06775999999999999
1 0.94383 0.13963 0.10351999999999995 0.0657
1 0.0892065 0.303905 0.072687 0.05338999999999999
1 0.0892065 0.492815 0.072687 0.05339000000000005
4 0.36673999999999995 0.140658 0.019820000000000004 0.104724
4 0.372245 0.314165 0.022029999999999994 0.10266999999999998
4 0.36784 0.50205 0.02202000000000004 0.10471999999999998
4 0.370045 0.67659 0.022029999999999994 0.10472000000000004
4 0.371145 0.850105 0.019830000000000014 0.10267000000000004
4 0.587005 0.849075 0.024229999999999974 0.10882999999999998
4 0.587005 0.675565 0.024229999999999974 0.11089000000000004
4 0.589205 0.49794499999999997 0.024229999999999974 0.11292999999999997
4 0.587005 0.31006500000000004 0.024229999999999974 0.11498999999999998
4 0.587005 0.1355245 0.024229999999999974 0.114991
4 0.1663 0.845995 0.02422000000000002 0.10266999999999993
6 0.52974 0.50821 0.09912000000000004 0.055440000000000045
6 0.5011 0.682755 0.04625999999999997 0.05954999999999999
6 0.727975 0.67967 0.06386999999999998 0.0616000000000001
6 0.746695 0.31622 0.09251000000000009 0.057499999999999996
6 0.7356849999999999 0.143735 0.07049000000000005 0.05749
6 0.9526399999999999 0.8511299999999999 0.08150000000000002 0.05954000000000004
6 0.9526399999999999 0.67762 0.08150000000000002 0.0616000000000001
6 0.943835 0.31417 0.05506999999999995 0.057499999999999996
6 0.9537450000000001 0.143735 0.07928999999999997 0.05338999999999999
8 0.162995 0.4024625 0.08811000000000001 0.7145750000000001
8 0.810575 0.5030789999999999 0.026430000000000065 0.9117019999999999
