1 0.500000 0.500000 1.000000 1.000000
0 0.429577 0.462848 0.670020 0.925697
6 0.402414 0.826625 0.096579 0.179567
6 0.506036 0.829721 0.094567 0.191950
6 0.640845 0.829721 0.154930 0.198142
6 0.296781 0.817337 0.086519 0.173375
6 0.472837 0.647059 0.116700 0.068111
2 0.645875 0.551084 0.048290 0.111455
2 0.586519 0.551084 0.046278 0.111455
2 0.394366 0.551084 0.048290 0.111455
2 0.255533 0.551084 0.048290 0.111455
2 0.201207 0.552632 0.048290 0.114551
2 0.642857 0.339009 0.046278 0.095975
2 0.584507 0.339009 0.046278 0.095975
2 0.446680 0.340557 0.048290 0.105263
2 0.392354 0.340557 0.048290 0.105263
2 0.201207 0.340557 0.048290 0.105263
2 0.250503 0.167183 0.046278 0.086687
2 0.196177 0.168731 0.046278 0.089783
2 0.382294 0.164087 0.044266 0.086687
2 0.435614 0.162539 0.046278 0.089783
2 0.622736 0.159443 0.046278 0.089783
2 0.569416 0.159443 0.044266 0.089783
2 0.284708 0.044892 0.026157 0.040248
2 0.453722 0.040248 0.026157 0.037152
3 0.428571 0.640867 0.655936 0.086687
3 0.433602 0.252322 0.645875 0.083591
4 0.617706 0.481424 0.140845 0.040248
4 0.424547 0.481424 0.140845 0.040248
4 0.233400 0.481424 0.140845 0.040248
4 0.220322 0.117647 0.158954 0.037152
4 0.412475 0.106811 0.156942 0.034056
4 0.599598 0.102167 0.156942 0.037152
7 0.422535 0.407121 0.124748 0.027864
7 0.225352 0.407121 0.124748 0.027864
7 0.613682 0.400929 0.124748 0.027864
10 0.447686 0.551084 0.042254 0.111455
10 0.395372 0.547988 0.042254 0.105263
10 0.255533 0.345201 0.040241 0.108359
10 0.201207 0.343653 0.040241 0.105263
