4 0.630374 0.884766 0.120666 0.201172
6 0.196949 0.179199 0.024965 0.163086
6 0.302358 0.177734 0.033287 0.166016
6 0.406380 0.106445 0.033287 0.031250
6 0.628294 0.170410 0.033287 0.163086
6 0.516644 0.170898 0.031900 0.167969
6 0.115118 0.099609 0.033287 0.025391
6 0.950069 0.153320 0.033287 0.166016
6 0.779473 0.153320 0.033287 0.167969
0 0.862691 0.889160 0.110957 0.209961
0 0.312760 0.879883 0.101248 0.201172
0 0.056172 0.875488 0.101248 0.200195
0 0.684466 0.623535 0.059639 0.124023
0 0.464632 0.623535 0.058252 0.124023
0 0.574896 0.623535 0.059639 0.125977
0 0.255201 0.621582 0.058252 0.122070
0 0.358530 0.622559 0.059639 0.125977
0 0.868239 0.617188 0.058252 0.128906
0 0.045770 0.615723 0.058252 0.125977
0 0.251734 0.405273 0.059639 0.119141
0 0.357836 0.402832 0.061026 0.116211
0 0.468793 0.402832 0.061026 0.120117
0 0.575589 0.402344 0.061026 0.121094
0 0.683773 0.398926 0.061026 0.120117
0 0.040222 0.396484 0.049931 0.115234
0 0.871012 0.388672 0.061026 0.119141
0 0.359917 0.195801 0.059639 0.114258
0 0.255201 0.195801 0.058252 0.114258
0 0.470874 0.191895 0.059639 0.114258
0 0.576283 0.189453 0.059639 0.113281
0 0.685853 0.187012 0.062413 0.116211
0 0.042996 0.187012 0.058252 0.116211
0 0.870319 0.171387 0.062413 0.116211
1 0.501387 0.734863 0.986130 0.047852
1 0.497920 0.258789 0.979196 0.056641
1 0.499307 0.054688 0.979196 0.097656
9 0.466713 0.877441 0.117892 0.196289
2 0.459778 0.557617 0.547850 0.083984
2 0.866852 0.548340 0.122053 0.081055
2 0.049237 0.548828 0.090153 0.082031
2 0.239945 0.347656 0.113731 0.066406
2 0.515950 0.345215 0.435506 0.071289
2 0.043689 0.339844 0.076283 0.062500
2 0.861304 0.328613 0.110957 0.069336
5 0.628988 0.696777 0.209431 0.022461
5 0.409847 0.696289 0.212205 0.021484
5 0.247573 0.693359 0.106796 0.021484
5 0.864078 0.693848 0.116505 0.024414
5 0.047850 0.687988 0.087379 0.018555
5 0.249653 0.489258 0.097087 0.048828
5 0.574202 0.486816 0.097087 0.047852
5 0.461859 0.486816 0.097087 0.047852
5 0.356449 0.485352 0.097087 0.048828
5 0.683773 0.485840 0.097087 0.053711
5 0.047157 0.479980 0.083218 0.051758
5 0.871706 0.475098 0.098474 0.053711
8 0.468793 0.600098 0.047157 0.053711
8 0.686546 0.589355 0.052705 0.036133
8 0.577670 0.597656 0.048544 0.052734
8 0.257282 0.389160 0.045770 0.061523
8 0.044383 0.375000 0.038835 0.048828
