0 0.047537 0.894531 0.046964 0.160156
0 0.935853 0.892578 0.050401 0.160156
0 0.190722 0.874512 0.161512 0.200195
0 0.789805 0.873047 0.156930 0.199219
0 0.592784 0.873535 0.161512 0.200195
0 0.390034 0.873535 0.161512 0.200195
0 0.822451 0.621094 0.112257 0.111328
0 0.611684 0.620117 0.109966 0.109375
0 0.403780 0.619629 0.111111 0.108398
0 0.195304 0.619141 0.113402 0.111328
0 0.612829 0.417969 0.112257 0.109375
0 0.193585 0.419434 0.112257 0.112305
0 0.822451 0.418457 0.114548 0.112305
0 0.401489 0.418457 0.113402 0.112305
0 0.592211 0.231934 0.107675 0.081055
0 0.792669 0.230469 0.112257 0.080078
0 0.388316 0.230957 0.107675 0.083008
0 0.184422 0.229004 0.107675 0.083008
0 0.784651 0.062500 0.038946 0.027344
0 0.584192 0.062988 0.038946 0.028320
0 0.386598 0.061035 0.042383 0.028320
0 0.584765 0.018066 0.069874 0.030273
0 0.786369 0.017090 0.069874 0.030273
1 0.495991 0.736328 0.969072 0.044922
1 0.505155 0.278809 0.969072 0.028320
1 0.498855 0.084473 0.983963 0.034180
1 0.498855 0.038086 0.988545 0.027344
7 0.824170 0.522461 0.035510 0.029297
7 0.615120 0.520996 0.036655 0.028320
7 0.405498 0.521484 0.036655 0.029297
7 0.194731 0.519531 0.036655 0.029297
7 0.693585 0.206055 0.044674 0.044922
7 0.288660 0.205078 0.043528 0.044922
7 0.491982 0.204102 0.044674 0.044922
7 0.938717 0.201660 0.083620 0.155273
7 0.043528 0.201660 0.084765 0.155273
2 0.589347 0.187500 0.115693 0.042969
2 0.796678 0.186523 0.115693 0.042969
2 0.387743 0.185547 0.115693 0.042969
2 0.183849 0.185547 0.115693 0.042969
3 0.611111 0.300781 0.124857 0.042969
3 0.402635 0.300293 0.124857 0.041992
3 0.192440 0.300293 0.123711 0.041992
3 0.823024 0.299316 0.122566 0.041992
