0 0.5019531 0.50071025 0.9960938 0.9985795
1 0.0273435 0.1335235 0.019531000000000003 0.09943299999999998
1 0.0263675 0.266335 0.019531 0.10085
1 0.053711 0.1335235 0.019532000000000008 0.09943299999999998
1 0.07714850000000001 0.132813 0.019531000000000007 0.10085399999999999
1 0.099612 0.132813 0.01953600000000001 0.10085399999999999
1 0.124025 0.1335235 0.019529999999999992 0.09943299999999998
1 0.1499 0.132103 0.016600000000000004 0.09943400000000001
1 0.17334 0.132103 0.014639999999999986 0.10227399999999999
1 0.19775 0.130683 0.016600000000000004 0.09943400000000001
1 0.22217 0.132103 0.016600000000000004 0.09943400000000001
1 0.24756 0.132103 0.016599999999999976 0.09943400000000001
1 0.27295 0.130683 0.016600000000000004 0.09943400000000001
1 0.29639000000000004 0.130683 0.016600000000000004 0.09943400000000001
1 0.32177999999999995 0.132103 0.016600000000000004 0.09943400000000001
1 0.34619 0.130683 0.016600000000000004 0.09943400000000001
1 0.0517575 0.264915 0.015625 0.10085000000000002
1 0.07666 0.265625 0.016601999999999992 0.09943000000000002
1 0.1000985 0.264915 0.016602999999999993 0.10085000000000002
1 0.123535 0.266335 0.016610000000000014 0.10085
1 0.148925 0.26420499999999997 0.016610000000000014 0.09942999999999999
1 0.17334 0.26420499999999997 0.016600000000000004 0.09942999999999999
1 0.19775 0.26420499999999997 0.016600000000000004 0.09942999999999999
1 0.22119 0.26420499999999997 0.016600000000000004 0.09942999999999999
1 0.24658 0.265625 0.016600000000000004 0.09943000000000002
1 0.27197000000000005 0.265625 0.016600000000000004 0.09943000000000002
1 0.2959 0.265625 0.015619999999999967 0.09943000000000002
1 0.3208 0.26420499999999997 0.016600000000000004 0.09942999999999999
1 0.34619 0.262785 0.016600000000000004 0.09942999999999999
1 0.051269499999999996 0.398435 0.016600999999999998 0.10085
1 0.0756835 0.39914499999999997 0.016601000000000005 0.09942999999999996
1 0.1000985 0.39914499999999997 0.016602999999999993 0.09942999999999996
1 0.123535 0.398435 0.016610000000000014 0.10085
1 0.148925 0.398435 0.016610000000000014 0.10085
1 0.17334 0.39914499999999997 0.016600000000000004 0.09942999999999996
1 0.1958 0.398435 0.016600000000000004 0.10085
1 0.22070499999999998 0.400565 0.015630000000000005 0.09943000000000002
1 0.246095 0.39914499999999997 0.015630000000000033 0.09942999999999996
1 0.271 0.39914499999999997 0.016600000000000004 0.09942999999999996
1 0.29639000000000004 0.398435 0.016600000000000004 0.10085
1 0.3208 0.398435 0.016600000000000004 0.10085
1 0.34619 0.398435 0.016600000000000004 0.10085
1 0.051269499999999996 0.528405 0.016600999999999998 0.09942999999999996
1 0.0756835 0.53125 0.016601000000000005 0.09943999999999997
1 0.09912 0.528405 0.016600000000000004 0.09942999999999996
1 0.123535 0.52912 0.016610000000000014 0.10086
1 0.14795 0.53125 0.016600000000000004 0.09943999999999997
1 0.17334 0.52983 0.016600000000000004 0.09944000000000003
1 0.19678 0.53125 0.016600000000000004 0.09943999999999997
1 0.220215 0.53125 0.016610000000000014 0.09943999999999997
1 0.24658 0.53338 0.016600000000000004 0.10086000000000006
1 0.271 0.53267 0.016600000000000004 0.09943999999999997
1 0.29639000000000004 0.534805 0.016600000000000004 0.10085000000000005
1 0.3208 0.53338 0.016600000000000004 0.10086000000000006
1 0.34619 0.53338 0.016600000000000004 0.10086000000000006
1 0.052246 0.660515 0.016602 0.09943000000000002
1 0.074707 0.6626449999999999 0.016601999999999992 0.10085
1 0.1000985 0.664775 0.016602999999999993 0.09942999999999991
1 0.123535 0.6633549999999999 0.016610000000000014 0.09943000000000002
1 0.14795 0.664775 0.016600000000000004 0.09942999999999991
1 0.17334 0.6676150000000001 0.016600000000000004 0.09943000000000002
1 0.19678 0.6676150000000001 0.016600000000000004 0.09943000000000002
1 0.22119 0.6669050000000001 0.016600000000000004 0.10085
1 0.24658 0.6661950000000001 0.016600000000000004 0.09943000000000002
1 0.271 0.6669050000000001 0.016600000000000004 0.10085
1 0.29639000000000004 0.6676150000000001 0.016600000000000004 0.09943000000000002
1 0.32177999999999995 0.670455 0.016600000000000004 0.09943000000000002
1 0.34717 0.670455 0.016600000000000004 0.09943000000000002
1 0.0532225 0.7911950000000001 0.016601000000000005 0.09943000000000002
1 0.07666 0.7911950000000001 0.016601999999999992 0.09943000000000002
1 0.1000985 0.7926150000000001 0.016602999999999993 0.09943000000000002
1 0.123535 0.7911950000000001 0.016610000000000014 0.09943000000000002
1 0.1499 0.795455 0.016600000000000004 0.09943000000000002
1 0.17334 0.796875 0.016600000000000004 0.09942999999999991
1 0.19775 0.794035 0.016600000000000004 0.09943000000000002
1 0.22314499999999998 0.795455 0.016609999999999986 0.09943000000000002
1 0.248535 0.796875 0.016610000000000014 0.09942999999999991
1 0.271 0.796875 0.016600000000000004 0.09942999999999991
1 0.29639000000000004 0.8011349999999999 0.016600000000000004 0.09943000000000002
1 0.32275 0.8025549999999999 0.016600000000000004 0.09943000000000002
1 0.34717 0.8032649999999999 0.016600000000000004 0.10085
1 0.0532225 0.9261349999999999 0.016601000000000005 0.09943000000000002
1 0.077637 0.924715 0.016602000000000006 0.09943000000000002
1 0.1000985 0.9254249999999999 0.016602999999999993 0.10085
1 0.12549 0.928975 0.01659999999999999 0.09942999999999991
1 0.1499 0.9296850000000001 0.016600000000000004 0.10085
1 0.17334 0.9318150000000001 0.016600000000000004 0.09943000000000002
1 0.19824 0.9318150000000001 0.015620000000000023 0.09943000000000002
1 0.22411999999999999 0.933235 0.016599999999999976 0.09943000000000002
1 0.249025 0.93466 0.015630000000000005 0.09944000000000008
1 0.273925 0.93679 0.016609999999999958 0.10085999999999995
1 0.29834000000000005 0.93537 0.016600000000000004 0.10086000000000006
1 0.32372999999999996 0.93679 0.016600000000000004 0.10085999999999995
1 0.35058500000000004 0.94034 0.015629999999999977 0.09944000000000008
1 0.025879 0.397015 0.016602000000000002 0.10085
1 0.025390500000000003 0.528405 0.015625000000000003 0.09942999999999996
1 0.025390500000000003 0.660515 0.015625000000000003 0.09943000000000002
1 0.025879 0.789775 0.016602000000000002 0.09942999999999991
1 0.026855499999999997 0.924715 0.016601 0.09943000000000002
1 0.37207 0.130683 0.015620000000000023 0.09943400000000001
1 0.39795 0.1306825 0.016600000000000004 0.102275
1 0.42235999999999996 0.1278425 0.016600000000000004 0.102275
1 0.44775 0.1278425 0.016600000000000004 0.102275
1 0.47412 0.126422 0.016600000000000004 0.10227599999999999
1 0.49951 0.126422 0.016600000000000004 0.10227599999999999
1 0.5248999999999999 0.1278425 0.01660000000000006 0.102275
1 0.55322 0.126422 0.01660000000000006 0.10227599999999999
1 0.5791 0.126422 0.015620000000000078 0.10227599999999999
1 0.60449 0.1292625 0.015619999999999967 0.102275
1 0.63037 0.1278425 0.016599999999999948 0.102275
1 0.65674 0.126422 0.016599999999999948 0.10227599999999999
1 0.68408 0.126422 0.016599999999999948 0.10227599999999999
1 0.70996 0.1278425 0.015619999999999967 0.102275
1 0.73779 0.1278425 0.01660000000000006 0.102275
1 0.76221 0.1278425 0.01660000000000006 0.102275
1 0.78955 0.1278425 0.016599999999999948 0.102275
1 0.37207 0.265625 0.015620000000000023 0.10227
1 0.39697000000000005 0.262785 0.016600000000000004 0.10226999999999997
1 0.42334000000000005 0.262785 0.016600000000000004 0.10226999999999997
1 0.44872999999999996 0.265625 0.016600000000000004 0.10227
1 0.47412 0.261365 0.016600000000000004 0.10227
1 0.49951 0.262785 0.016600000000000004 0.10226999999999997
1 0.52588 0.262785 0.016599999999999948 0.10226999999999997
1 0.55225 0.264205 0.016599999999999948 0.10227
1 0.5776399999999999 0.264205 0.01660000000000006 0.10227
1 0.604 0.264205 0.016599999999999948 0.10227
1 0.629885 0.265625 0.015630000000000033 0.10227
1 0.657715 0.262785 0.016609999999999903 0.10226999999999997
1 0.68408 0.264205 0.016599999999999948 0.10227
1 0.71045 0.264205 0.016599999999999948 0.10227
1 0.73682 0.265625 0.01660000000000006 0.10227
1 0.76416 0.264205 0.01660000000000006 0.10227
1 0.79004 0.264205 0.015619999999999967 0.10227
1 0.37207 0.397015 0.015620000000000023 0.10085
1 0.39795 0.39914499999999997 0.016600000000000004 0.10227000000000003
1 0.42235999999999996 0.39914499999999997 0.016600000000000004 0.10227000000000003
1 0.44872999999999996 0.400565 0.016600000000000004 0.10226999999999997
1 0.473145 0.397725 0.016610000000000014 0.10226999999999997
1 0.49951 0.402695 0.016600000000000004 0.10085
1 0.5248999999999999 0.402695 0.01660000000000006 0.10085
1 0.55225 0.40198500000000004 0.016599999999999948 0.10227000000000003
1 0.5791 0.40198500000000004 0.015620000000000078 0.10227000000000003
1 0.60449 0.40198500000000004 0.015619999999999967 0.10227000000000003
1 0.629885 0.400565 0.015630000000000033 0.10226999999999997
1 0.657715 0.40341000000000005 0.016609999999999903 0.10227999999999998
1 0.68457 0.402695 0.015619999999999967 0.10085
1 0.711425 0.40341000000000005 0.016610000000000014 0.10227999999999998
1 0.73682 0.402695 0.01660000000000006 0.10085
1 0.76416 0.402695 0.01660000000000006 0.10085
1 0.79053 0.400565 0.01660000000000006 0.10226999999999997
1 0.37158 0.535515 0.016600000000000004 0.10227000000000003
1 0.373535 0.670455 0.016610000000000014 0.10226999999999997
1 0.37451 0.8068150000000001 0.016600000000000004 0.10226999999999997
1 0.373535 0.94034 0.016610000000000014 0.10228000000000004
1 0.39941499999999996 0.93892 0.015629999999999977 0.10228000000000004
1 0.42334000000000005 0.94034 0.016600000000000004 0.10228000000000004
1 0.45067999999999997 0.9417599999999999 0.016600000000000004 0.10228000000000004
1 0.47705 0.94034 0.016600000000000004 0.10228000000000004
1 0.504395 0.94034 0.01661000000000007 0.10228000000000004
1 0.529785 0.9417599999999999 0.016609999999999903 0.10228000000000004
1 0.555665 0.9417599999999999 0.015630000000000033 0.10228000000000004
1 0.5825199999999999 0.9431849999999999 0.01660000000000006 0.10226999999999997
1 0.6098600000000001 0.9431849999999999 0.01660000000000006 0.10226999999999997
1 0.6333 0.946025 0.016599999999999948 0.10227000000000008
1 0.65967 0.9446049999999999 0.016599999999999948 0.10226999999999997
1 0.686035 0.9431849999999999 0.016609999999999903 0.10226999999999997
1 0.71338 0.9446049999999999 0.016599999999999948 0.10226999999999997
1 0.7387699999999999 0.94034 0.01660000000000006 0.10228000000000004
1 0.7661100000000001 0.94034 0.01660000000000006 0.10228000000000004
1 0.7915 0.9417599999999999 0.016599999999999948 0.10228000000000004
1 0.39697000000000005 0.535515 0.016600000000000004 0.10227000000000003
1 0.39795 0.669035 0.016600000000000004 0.10226999999999997
1 0.39795 0.8053950000000001 0.016600000000000004 0.10226999999999997
1 0.42529 0.8053950000000001 0.016599999999999948 0.10226999999999997
1 0.450195 0.8068150000000001 0.015629999999999977 0.10226999999999997
1 0.47509999999999997 0.8068150000000001 0.016600000000000004 0.10226999999999997
1 0.50293 0.80966 0.015619999999999967 0.10228000000000004
1 0.52783 0.80966 0.016599999999999948 0.10228000000000004
1 0.55322 0.80966 0.01660000000000006 0.10228000000000004
1 0.58154 0.8082400000000001 0.01660000000000006 0.10228000000000004
1 0.42235999999999996 0.671875 0.016600000000000004 0.10227000000000008
1 0.44872999999999996 0.673295 0.016600000000000004 0.10226999999999997
1 0.47412 0.673295 0.016600000000000004 0.10226999999999997
1 0.50049 0.673295 0.016599999999999948 0.10226999999999997
1 0.526855 0.673295 0.016610000000000014 0.10226999999999997
1 0.55225 0.673295 0.016599999999999948 0.10226999999999997
1 0.57959 0.674715 0.01660000000000006 0.10226999999999997
1 0.57959 0.5383549999999999 0.01660000000000006 0.10226999999999997
1 0.55225 0.5383549999999999 0.016599999999999948 0.10226999999999997
1 0.526855 0.5383549999999999 0.016610000000000014 0.10226999999999997
1 0.50049 0.5383549999999999 0.016599999999999948 0.10226999999999997
1 0.473145 0.535515 0.016610000000000014 0.10227000000000003
1 0.44971 0.535515 0.016599999999999948 0.10227000000000003
1 0.42334000000000005 0.53409 0.016600000000000004 0.10228000000000004
1 0.60596 0.5383549999999999 0.01660000000000006 0.10226999999999997
1 0.6313500000000001 0.5383549999999999 0.01660000000000006 0.10226999999999997
1 0.65869 0.5383549999999999 0.016599999999999948 0.10226999999999997
1 0.686035 0.539775 0.016609999999999903 0.10227000000000003
1 0.711425 0.5369349999999999 0.016610000000000014 0.10226999999999997
1 0.7387699999999999 0.5369349999999999 0.01660000000000006 0.10226999999999997
1 0.76416 0.5383549999999999 0.01660000000000006 0.10226999999999997
1 0.79053 0.541195 0.01660000000000006 0.10227000000000003
1 0.606445 0.6775549999999999 0.015630000000000033 0.10226999999999997
1 0.63232 0.6775549999999999 0.016599999999999948 0.10226999999999997
1 0.60693 0.8125 0.01660000000000006 0.10227999999999993
1 0.6333 0.8125 0.016599999999999948 0.10227999999999993
1 0.65967 0.8125 0.016599999999999948 0.10227999999999993
1 0.65967 0.6761349999999999 0.016599999999999948 0.10226999999999997
1 0.686035 0.6761349999999999 0.016609999999999903 0.10226999999999997
1 0.71338 0.6761349999999999 0.016599999999999948 0.10226999999999997
1 0.73975 0.674715 0.016599999999999948 0.10226999999999997
1 0.7661100000000001 0.674715 0.01660000000000006 0.10226999999999997
1 0.79053 0.674715 0.01660000000000006 0.10226999999999997
1 0.8188500000000001 0.6761349999999999 0.01660000000000006 0.10226999999999997
1 0.8188500000000001 0.8125 0.01660000000000006 0.10227999999999993
1 0.7915 0.80966 0.016599999999999948 0.10228000000000004
1 0.7661100000000001 0.8082400000000001 0.01660000000000006 0.10228000000000004
1 0.73975 0.80966 0.016599999999999948 0.10228000000000004
1 0.714355 0.8125 0.016610000000000014 0.10227999999999993
1 0.686035 0.8125 0.016609999999999903 0.10227999999999993
1 0.81592 0.1292625 0.016599999999999948 0.102275
1 0.84131 0.1278425 0.016599999999999948 0.102275
1 0.86768 0.1292625 0.016599999999999948 0.102275
1 0.89404 0.1306825 0.01660000000000006 0.102275
1 0.9174800000000001 0.132103 0.01660000000000006 0.10227399999999999
1 0.81592 0.264205 0.016599999999999948 0.10227
1 0.84326 0.267045 0.016599999999999948 0.10227000000000003
1 0.86768 0.264205 0.016599999999999948 0.10227
1 0.89404 0.264205 0.01660000000000006 0.10227
1 0.91943 0.268465 0.01660000000000006 0.10227
1 0.816895 0.40198500000000004 0.016610000000000014 0.10227000000000003
1 0.842285 0.40483 0.016609999999999903 0.10227999999999998
1 0.870605 0.400565 0.016610000000000014 0.10226999999999997
1 0.89404 0.40198500000000004 0.01660000000000006 0.10227000000000003
1 0.91846 0.400565 0.01660000000000006 0.10226999999999997
1 0.816895 0.5369349999999999 0.016610000000000014 0.10226999999999997
1 0.842285 0.539065 0.016609999999999903 0.10084999999999994
1 0.86963 0.535515 0.016599999999999948 0.10227000000000003
1 0.8950199999999999 0.5369349999999999 0.01660000000000006 0.10226999999999997
1 0.91846 0.53267 0.01660000000000006 0.10228000000000004
1 0.92041 0.669035 0.01660000000000006 0.10226999999999997
1 0.89307 0.6661950000000001 0.01660000000000006 0.10226999999999997
1 0.871095 0.671165 0.01562999999999992 0.10085
1 0.84326 0.671875 0.016599999999999948 0.10227000000000008
1 0.8188500000000001 0.93892 0.01660000000000006 0.10228000000000004
1 0.845215 0.93608 0.016609999999999903 0.10228000000000004
1 0.8686499999999999 0.93608 0.01660000000000006 0.10228000000000004
1 0.896 0.93537 0.016599999999999948 0.10086000000000006
1 0.91943 0.9303950000000001 0.01660000000000006 0.10226999999999997
1 0.9438500000000001 0.928975 0.01660000000000006 0.10227000000000008
1 0.84424 0.8053950000000001 0.016599999999999948 0.10226999999999997
1 0.870605 0.8053950000000001 0.016610000000000014 0.10226999999999997
1 0.89404 0.8032649999999999 0.01660000000000006 0.10085
1 0.91846 0.8032649999999999 0.01660000000000006 0.10085
1 0.96924 0.9275549999999999 0.016599999999999948 0.10226999999999997
1 0.94482 0.797585 0.016599999999999948 0.10085
1 0.970215 0.794035 0.016609999999999903 0.10226999999999997
1 0.96826 0.6661950000000001 0.016599999999999948 0.10226999999999997
1 0.9438500000000001 0.6661950000000001 0.01660000000000006 0.10226999999999997
1 0.94482 0.53409 0.016599999999999948 0.10228000000000004
1 0.96924 0.53267 0.016599999999999948 0.10228000000000004
1 0.96924 0.40198500000000004 0.016599999999999948 0.10227000000000003
1 0.94482 0.40198500000000004 0.016599999999999948 0.10227000000000003
1 0.96924 0.267045 0.016599999999999948 0.10227000000000003
1 0.94482 0.267755 0.016599999999999948 0.10085000000000002
1 0.9438500000000001 0.1349435 0.01660000000000006 0.10227299999999999
1 0.96631 0.13778400000000002 0.016599999999999948 0.102272
1 0.9912099999999999 0.268465 0.011720000000000064 0.09943000000000002
1 0.9912099999999999 0.137074 0.011720000000000064 0.100852
1 0.99219 0.400565 0.011719999999999953 0.09943000000000002
1 0.9907250000000001 0.534095 0.012689999999999979 0.09943000000000007
1 0.99219 0.664775 0.011719999999999953 0.09942999999999991
1 0.9912099999999999 0.7926150000000001 0.011720000000000064 0.09943000000000002
1 0.0288085 0.034801 0.018555000000000002 0.038352
1 0.0541995 0.033381 0.01855500000000001 0.038352
1 0.07958950000000001 0.033381 0.018555000000000002 0.038352
1 0.10205149999999999 0.033381 0.018557000000000004 0.038352
1 0.12744 0.033381 0.018560000000000007 0.038352
1 0.15088000000000001 0.03054 0.018559999999999993 0.038352000000000004
1 0.17382999999999998 0.0291191 0.017580000000000012 0.0383518
1 0.200685 0.03196 0.01855000000000001 0.038352
1 0.22559 0.03054 0.017580000000000012 0.038352000000000004
1 0.24951 0.03196 0.01856000000000002 0.038352
1 0.27295 0.03196 0.018559999999999965 0.038352
1 0.29834 0.03196 0.01856000000000002 0.038352
1 0.322265 0.03054 0.01757000000000003 0.038352000000000004
1 0.34765999999999997 0.03054 0.017579999999999985 0.038352000000000004
1 0.37256 0.02769885 0.01856000000000002 0.0383523
1 0.398925 0.02769885 0.01855000000000001 0.0383523
1 0.42285 0.02627865 0.01758000000000004 0.0383527
1 0.44872999999999996 0.02201695 0.018559999999999965 0.0383521
1 0.47461 0.0234377 0.017579999999999985 0.0383526
1 0.49951 0.0234377 0.018559999999999965 0.0383526
1 0.52637 0.0248579 0.01757999999999993 0.038352199999999996
1 0.55176 0.0248579 0.01758000000000004 0.038352199999999996
1 0.578615 0.0248579 0.018550000000000066 0.038352199999999996
1 0.603515 0.0248579 0.017569999999999975 0.038352199999999996
1 0.63086 0.02627865 0.01758000000000004 0.0383527
1 0.65723 0.02627865 0.01757999999999993 0.0383527
1 0.6831050000000001 0.0248579 0.018549999999999955 0.038352199999999996
1 0.7094750000000001 0.02769885 0.018549999999999955 0.0383523
1 0.737305 0.02627865 0.017570000000000086 0.0383527
1 0.7612300000000001 0.02627865 0.01856000000000002 0.0383527
1 0.7905249999999999 0.02627865 0.018549999999999955 0.0383527
1 0.81738 0.02627865 0.01757999999999993 0.0383527
1 0.84131 0.02627865 0.01855999999999991 0.0383527
1 0.868655 0.02769885 0.018549999999999955 0.0383523
1 0.8925799999999999 0.03054 0.01758000000000004 0.038352000000000004
1 0.9174800000000001 0.03196 0.01856000000000002 0.038352
1 0.9418949999999999 0.033381 0.018549999999999955 0.038352
1 0.96973 0.034801 0.01757999999999993 0.038352
1 0.9912099999999999 0.034801 0.011720000000000064 0.038352
