1 0.500000 0.500000 1.000000 1.000000
0 0.500000 0.500488 0.996016 0.999023
6 0.339641 0.874023 0.091633 0.203125
6 0.631972 0.875488 0.080677 0.208008
6 0.759462 0.873535 0.074701 0.209961
6 0.212151 0.860840 0.087649 0.184570
6 0.086653 0.871582 0.087649 0.206055
6 0.875996 0.871582 0.074701 0.209961
6 0.774900 0.732422 0.398406 0.039062
8 0.934761 0.559570 0.020916 0.154297
8 0.848108 0.559570 0.020916 0.154297
8 0.812251 0.559082 0.020916 0.155273
8 0.720618 0.559082 0.020916 0.155273
8 0.683765 0.559570 0.020916 0.156250
8 0.591135 0.559082 0.020916 0.157227
8 0.532371 0.559082 0.020916 0.157227
8 0.381972 0.560059 0.020916 0.159180
8 0.249502 0.560547 0.020916 0.160156
8 0.155876 0.560547 0.020916 0.160156
8 0.122012 0.559082 0.020916 0.157227
8 0.439741 0.558594 0.020916 0.158203
8 0.286355 0.559570 0.020916 0.160156
8 0.028386 0.558594 0.020916 0.158203
2 0.763944 0.565430 0.069721 0.142578
2 0.631474 0.565918 0.069721 0.143555
2 0.331673 0.566406 0.069721 0.146484
2 0.075697 0.565430 0.069721 0.144531
2 0.887948 0.564453 0.064741 0.144531
2 0.204183 0.566406 0.069721 0.148438
2 0.485060 0.564453 0.069721 0.146484
2 0.890438 0.319824 0.061753 0.135742
2 0.069721 0.318359 0.061753 0.134766
2 0.765936 0.317871 0.061753 0.135742
2 0.635458 0.317383 0.061753 0.134766
2 0.198207 0.316895 0.061753 0.135742
2 0.484064 0.314941 0.061753 0.135742
2 0.330677 0.314941 0.061753 0.135742
2 0.893426 0.100586 0.061753 0.121094
2 0.763446 0.098633 0.060757 0.121094
2 0.068725 0.098633 0.061753 0.121094
2 0.630478 0.095703 0.061753 0.121094
2 0.199203 0.095703 0.061753 0.121094
2 0.480080 0.094727 0.061753 0.121094
2 0.328685 0.094727 0.061753 0.121094
3 0.370518 0.636719 0.007968 0.005859
3 0.241534 0.637207 0.004980 0.006836
3 0.500000 0.669922 0.978088 0.072266
3 0.499004 0.387695 0.982072 0.025391
3 0.500996 0.180664 0.982072 0.048828
11 0.481574 0.862793 0.124502 0.260742
4 0.485060 0.460938 0.129482 0.042969
4 0.206673 0.460938 0.128486 0.042969
4 0.075697 0.460938 0.129482 0.042969
4 0.898406 0.461426 0.127490 0.047852
4 0.337151 0.458984 0.128486 0.042969
4 0.703685 0.460449 0.259960 0.049805
4 0.900398 0.246582 0.117530 0.067383
4 0.772908 0.244141 0.117530 0.066406
4 0.070717 0.240234 0.115538 0.060547
4 0.639442 0.241211 0.117530 0.066406
4 0.484064 0.239746 0.117530 0.067383
4 0.330677 0.238770 0.117530 0.067383
4 0.200697 0.237793 0.118526 0.067383
4 0.895418 0.016602 0.105578 0.019531
4 0.067231 0.016113 0.100598 0.020508
4 0.768924 0.014160 0.105578 0.020508
4 0.199203 0.013184 0.101594 0.020508
4 0.637948 0.012207 0.106574 0.020508
4 0.332171 0.011719 0.106574 0.019531
4 0.483068 0.010742 0.105578 0.019531
7 0.209163 0.665039 0.121514 0.048828
7 0.335657 0.664062 0.121514 0.048828
7 0.638446 0.662598 0.121514 0.049805
7 0.487052 0.662598 0.121514 0.049805
7 0.078685 0.662598 0.121514 0.049805
7 0.890438 0.661133 0.121514 0.048828
7 0.764940 0.661621 0.121514 0.049805
