0 0.50097485 0.499385 0.9960903 0.98893
1 0.28613500000000003 0.2706 0.11132999999999998 0.09101999999999999
1 0.28418 0.48524 0.11131999999999997 0.08979999999999994
1 0.28125 0.7011099999999999 0.11131999999999997 0.09101999999999999
1 0.530765 0.271215 0.15723000000000004 0.08979000000000001
1 0.5293 0.48585500000000004 0.15820000000000006 0.09103
1 0.5293 0.700495 0.15820000000000006 0.08979000000000004
1 0.8916 0.26445 0.10741999999999996 0.09102000000000002
1 0.890625 0.48155 0.10742999999999991 0.08979999999999999
1 0.8925799999999999 0.698035 0.10741999999999996 0.08978999999999993
1 0.72705 0.7017249999999999 0.07713999999999999 0.08978999999999993
1 0.725585 0.48031999999999997 0.07813000000000003 0.08980000000000005
1 0.72705 0.26691 0.07713999999999999 0.09101999999999996
3 0.816895 0.26322 0.03027000000000002 0.14268000000000003
3 0.815915 0.478475 0.030269999999999908 0.14268999999999998
3 0.815915 0.70111 0.030269999999999908 0.14267999999999992
3 0.41211 0.267525 0.06836000000000003 0.16359
3 0.41211 0.48647 0.06836000000000003 0.16360000000000008
3 0.41113 0.702955 0.06835999999999998 0.1635899999999999
4 0.359865 0.26875499999999997 0.04394999999999999 0.15375
4 0.357425 0.48401 0.04297000000000001 0.15376
4 0.355955 0.7011099999999999 0.04394999999999999 0.15498
4 0.7817350000000001 0.26383500000000004 0.04199000000000008 0.14145000000000002
4 0.7817350000000001 0.47909 0.04199000000000008 0.14392000000000005
4 0.78369 0.70111 0.04394000000000009 0.14759999999999995
5 0.0625 0.70357 0.074218 0.26076
5 0.0688465 0.281055 0.077147 0.25215
7 0.01953135 0.17589 0.0332033 0.05412
7 0.0175782 0.808735 0.0234376 0.05288999999999999
8 0.66162 0.5 0.07519999999999993 0.96556
8 0.97119 0.50061505 0.05176000000000003 0.9815499
8 0.169434 0.501845 0.16699199999999997 0.97417
9 0.407715 0.0707255 0.33690999999999993 0.04797100000000001
9 0.427245 0.16974 0.32325 0.03444
9 0.42578499999999997 0.37638 0.32617 0.04920000000000002
9 0.424805 0.592255 0.32813 0.050429999999999975
9 0.42578000000000005 0.809965 0.32812 0.050430000000000086
9 0.615235 0.37269 0.052729999999999944 0.07872000000000001
9 0.61572 0.5916399999999999 0.05175999999999992 0.07872000000000001
9 0.61572 0.80935 0.05175999999999992 0.07872000000000001
9 0.60254 0.06642 0.05274000000000001 0.07872
9 0.6152299999999999 0.16728 0.050779999999999936 0.05412
9 0.23339500000000002 0.80935 0.054690000000000016 0.07626
9 0.23291 0.592255 0.055660000000000015 0.07503000000000004
9 0.234865 0.37515 0.05371000000000001 0.07380000000000003
9 0.21191500000000002 0.07011 0.05468999999999999 0.07379999999999999
9 0.24023 0.171585 0.05078000000000002 0.047969999999999985
