1 0.32666 0.205075 0.05566000000000004 0.04297000000000001
1 0.4292 0.20573 0.05565999999999999 0.052080000000000015
1 0.326175 0.29557500000000003 0.054690000000000016 0.044269999999999976
1 0.32715 0.386065 0.05274000000000001 0.04297000000000001
1 0.4292 0.29491999999999996 0.05565999999999999 0.05077999999999999
1 0.42871000000000004 0.38672 0.054680000000000006 0.052080000000000015
1 0.32666 0.47526 0.05566000000000004 0.044279999999999986
1 0.32666 0.565105 0.05371999999999999 0.04427000000000003
1 0.42969 0.47461 0.05663999999999997 0.05077999999999999
1 0.4292 0.56445 0.05565999999999999 0.05078000000000005
1 0.32666 0.653645 0.05566000000000004 0.04427000000000003
1 0.32666 0.742185 0.05371999999999999 0.04427000000000003
1 0.42969 0.653645 0.05663999999999997 0.05208999999999997
1 0.42969 0.740885 0.05663999999999997 0.04686999999999997
1 0.5390649999999999 0.20443 0.06054999999999999 0.052080000000000015
1 0.54004 0.29427000000000003 0.06054000000000004 0.05207999999999996
1 0.6626 0.20507999999999998 0.06347999999999998 0.05338000000000001
1 0.66309 0.29492 0.0625 0.05337999999999998
1 0.54004 0.38542 0.06054000000000004 0.049480000000000024
1 0.54004 0.47396 0.06054000000000004 0.04947999999999997
1 0.66309 0.385415 0.0625 0.054690000000000016
1 0.66309 0.47396 0.0625 0.052080000000000015
1 0.54004 0.5638000000000001 0.06054000000000004 0.052080000000000015
1 0.54004 0.652995 0.06054000000000004 0.05079
1 0.663575 0.5638000000000001 0.06347000000000003 0.052080000000000015
1 0.66309 0.652995 0.0625 0.055989999999999984
1 0.539555 0.740885 0.05957000000000001 0.04686999999999997
1 0.66309 0.741535 0.0625 0.048169999999999935
1 0.7880849999999999 0.653645 0.07030999999999998 0.03907000000000005
1 0.7880849999999999 0.7447900000000001 0.07030999999999998 0.039059999999999984
1 0.7880849999999999 0.472005 0.07030999999999998 0.04037000000000002
1 0.7876 0.56315 0.06933999999999996 0.04036000000000006
1 0.78711 0.384765 0.07031999999999994 0.04036999999999996
1 0.78711 0.29362 0.07031999999999994 0.04036000000000001
1 0.78711 0.20377499999999998 0.07031999999999994 0.04036999999999999
0 0.59326 0.422526 0.7685599999999999 0.7669279999999999
1 0.5390649999999999 0.11588699999999999 0.06054999999999999 0.05208600000000001
1 0.42822000000000005 0.115883 0.05565999999999999 0.04947399999999999
1 0.326175 0.116536 0.054690000000000016 0.042968000000000006
1 0.34423499999999996 0.8990849999999999 0.07715 0.09504999999999997
1 0.456055 0.8990849999999999 0.07421 0.09504999999999997
1 0.251955 0.72656 0.02148999999999998 0.0625
1 0.25293 0.64323 0.021480000000000027 0.0625
1 0.25293 0.56055 0.021480000000000027 0.06119999999999992
1 0.25293 0.47526 0.021480000000000027 0.0625
1 0.251955 0.39193 0.02148999999999998 0.0625
1 0.25293 0.309245 0.021480000000000027 0.06118999999999997
1 0.251955 0.22460999999999998 0.02148999999999998 0.061200000000000004
1 0.251955 0.14193 0.02148999999999998 0.0625
1 0.251955 0.0657555 0.02148999999999998 0.045572999999999995
1 0.23047 0.9056 0.03516 0.08463999999999994
1 0.57031 0.902995 0.07421999999999995 0.09505000000000008
2 0.93652 0.384115 0.08007999999999993 0.07812999999999998
5 0.253415 0.4199225 0.03222999999999998 0.759115
7 0.8779300000000001 0.382815 0.039059999999999984 0.09634999999999999
8 0.31738 0.4205735 0.08984000000000003 0.757813
8 0.70801 0.4225255 0.041019999999999945 0.7565090000000001
10 0.878415 0.241535 0.03223000000000009 0.13410999999999998
10 0.935055 0.23697999999999997 0.07714999999999994 0.14844
10 0.885745 0.509115 0.013670000000000071 0.09895000000000004
10 0.885255 0.72331 0.014650000000000052 0.07421999999999995
10 0.87939 0.616535 0.0283199999999999 0.07161000000000006
10 0.9355450000000001 0.52148 0.08202999999999994 0.13672
10 0.93164 0.704425 0.06835999999999998 0.14063000000000003
7 0.858885 0.61719 0.020510000000000028 0.33854000000000006
