1 0.500000 0.500000 1.000000 1.000000
0 0.465471 0.534180 0.840637 0.929688
6 0.207835 0.979980 0.322709 0.020508
8 0.873174 0.395020 0.017264 0.079102
8 0.249004 0.396973 0.022576 0.083008
8 0.056441 0.396484 0.019920 0.082031
8 0.840637 0.396484 0.023904 0.083984
8 0.525232 0.396973 0.025232 0.084961
8 0.404382 0.395996 0.025232 0.083008
8 0.369190 0.395508 0.023904 0.082031
8 0.211819 0.397461 0.025232 0.085938
8 0.091633 0.395996 0.023904 0.083008
8 0.717795 0.395020 0.025232 0.083008
8 0.683267 0.396484 0.025232 0.085938
8 0.561089 0.395020 0.025232 0.083008
8 0.909031 0.348633 0.041169 0.154297
2 0.777556 0.885742 0.067729 0.103516
2 0.307437 0.885254 0.067729 0.102539
2 0.152058 0.885742 0.067729 0.103516
2 0.618194 0.885254 0.067729 0.104492
2 0.464807 0.697754 0.063745 0.059570
2 0.308765 0.700684 0.065073 0.096680
2 0.622178 0.699219 0.065073 0.095703
2 0.152058 0.699707 0.065073 0.096680
2 0.780876 0.698730 0.063745 0.096680
2 0.464807 0.500488 0.066401 0.040039
2 0.309429 0.526855 0.063745 0.092773
2 0.152722 0.526855 0.063745 0.092773
2 0.780876 0.525391 0.063745 0.091797
2 0.622842 0.525879 0.063745 0.092773
2 0.308765 0.366699 0.065073 0.084961
2 0.150730 0.366699 0.065073 0.084961
2 0.776892 0.367676 0.066401 0.090820
2 0.464143 0.365723 0.065073 0.086914
2 0.622178 0.365234 0.065073 0.087891
2 0.620850 0.204590 0.062417 0.073242
2 0.463479 0.204590 0.063745 0.073242
2 0.308101 0.204590 0.063745 0.073242
2 0.148738 0.204590 0.063745 0.073242
2 0.779548 0.203613 0.063745 0.073242
3 0.754316 0.776855 0.249668 0.063477
3 0.205179 0.776855 0.301461 0.063477
3 0.465471 0.452148 0.824701 0.042969
3 0.846614 0.351562 0.073041 0.029297
3 0.699203 0.351562 0.088977 0.029297
3 0.543161 0.351562 0.092961 0.029297
3 0.386454 0.351562 0.090305 0.029297
3 0.229748 0.351562 0.092961 0.029297
3 0.083665 0.351562 0.069057 0.029297
3 0.463479 0.262695 0.828685 0.052734
3 0.465471 0.117188 0.827357 0.087891
11 0.464807 0.955566 0.090305 0.081055
9 0.779548 0.601074 0.045153 0.030273
9 0.308765 0.601074 0.043825 0.030273
9 0.153386 0.601074 0.043825 0.030273
9 0.624170 0.599121 0.045153 0.030273
9 0.387782 0.307129 0.074369 0.040039
9 0.550465 0.310547 0.062417 0.048828
9 0.079017 0.309082 0.057105 0.045898
9 0.709163 0.309570 0.063745 0.048828
9 0.233068 0.303711 0.075697 0.037109
9 0.862550 0.311523 0.041169 0.054688
4 0.156042 0.637207 0.142098 0.047852
4 0.788845 0.636230 0.148738 0.047852
4 0.662019 0.636719 0.075697 0.048828
4 0.308765 0.636719 0.131474 0.048828
7 0.784197 0.952148 0.110226 0.029297
7 0.624170 0.952148 0.108898 0.029297
7 0.153386 0.952148 0.110226 0.029297
7 0.309429 0.951172 0.111554 0.029297
7 0.621514 0.419434 0.084993 0.020508
7 0.464143 0.419922 0.086321 0.021484
7 0.308765 0.419434 0.086321 0.020508
7 0.150730 0.419922 0.083665 0.021484
5 0.492696 0.796387 0.273572 0.137695
5 0.499336 0.594238 0.249668 0.147461
