0 0.5019547 0.5007362 0.9921906 0.9897076
1 0.171875 0.09779299999999999 0.08006999999999997 0.063234
1 0.171875 0.23456 0.08006999999999997 0.06617999999999999
1 0.33008000000000004 0.16765 0.10352 0.04411999999999999
1 0.32909999999999995 0.2375 0.10352 0.042639999999999983
1 0.16992000000000002 0.7514700000000001 0.08008000000000001 0.06764000000000003
1 0.16992000000000002 0.891175 0.08008000000000001 0.0676500000000001
1 0.157715 0.53603 0.05957000000000001 0.05736000000000008
1 0.158695 0.456615 0.05957000000000001 0.05735000000000001
1 0.327635 0.460295 0.10448999999999997 0.05882999999999999
1 0.32959 0.531615 0.10450000000000004 0.0573499999999999
1 0.32715000000000005 0.75147 0.10352 0.050000000000000044
1 0.32616999999999996 0.821325 0.10352 0.04852999999999996
1 0.32715000000000005 0.88971 0.10352 0.050000000000000044
1 0.48584 0.124998 0.09277999999999997 0.070584
1 0.485355 0.21176499999999998 0.09375 0.07059000000000001
1 0.483395 0.44853 0.09375 0.07057999999999998
1 0.483395 0.54191 0.09375 0.06912000000000007
1 0.48291 0.777945 0.09277999999999997 0.07058999999999993
1 0.483395 0.8647050000000001 0.09375 0.07059000000000004
1 0.820315 0.757355 0.09960999999999998 0.06764999999999999
1 0.81787 0.891175 0.09864000000000006 0.0676500000000001
1 0.65674 0.44191 0.11426000000000003 0.03970000000000001
1 0.65674 0.49705999999999995 0.11426000000000003 0.038239999999999996
1 0.65674 0.5522050000000001 0.11426000000000003 0.03971000000000002
1 0.661135 0.81912 0.12109000000000003 0.09411999999999998
1 0.66211 0.16765000000000002 0.12109999999999999 0.09412000000000001
1 0.8208 0.239705 0.09863999999999995 0.06764999999999999
1 0.821775 0.104414 0.09863 0.067652
2 0.877445 0.5 0.17871000000000004 0.14999999999999997
4 0.544925 0.124998 0.025390000000000024 0.067644
4 0.544435 0.21176499999999998 0.026370000000000005 0.06765000000000002
4 0.5415000000000001 0.44853 0.022460000000000035 0.06763999999999998
4 0.5415000000000001 0.54191 0.022460000000000035 0.06912000000000007
4 0.5415000000000001 0.779415 0.022460000000000035 0.06764999999999999
4 0.54053 0.86544 0.022460000000000035 0.06912000000000007
4 0.22314499999999998 0.09705749999999999 0.022470000000000018 0.067645
4 0.22314499999999998 0.233825 0.022470000000000018 0.06764999999999999
4 0.220215 0.7514700000000001 0.02246999999999999 0.06764000000000003
4 0.220215 0.88897 0.02246999999999999 0.06911999999999996
5 0.379395 0.1661765 0.07911000000000001 0.26764699999999997
5 0.37549 0.8235300000000001 0.0791 0.26764
5 0.36914 0.494855 0.08398 0.15735
5 0.71826 0.16544150000000002 0.07519999999999993 0.266177
5 0.71582 0.8301499999999999 0.07617999999999991 0.26617999999999997
5 0.7001949999999999 0.501475 0.05079 0.32647000000000004
6 0.16260000000000002 0.0566175 0.06348000000000001 0.016176999999999997
6 0.16260000000000002 0.13602999999999998 0.06348000000000001 0.01618
6 0.174805 0.220585 0.07227 0.03234999999999999
6 0.174805 0.25147 0.07227 0.02942000000000003
6 0.3291 0.738235 0.09570000000000001 0.020589999999999997
6 0.32959 0.7602949999999999 0.09667999999999999 0.020589999999999997
6 0.328125 0.8088249999999999 0.09960999999999998 0.020589999999999997
6 0.328125 0.83162 0.09960999999999998 0.02205999999999997
6 0.328125 0.9 0.09960999999999998 0.020580000000000043
6 0.328125 0.8794150000000001 0.09960999999999998 0.020589999999999997
6 0.487305 0.21176499999999998 0.08789000000000002 0.06471000000000002
6 0.487305 0.12499849999999998 0.08789000000000002 0.064703
6 0.484375 0.447795 0.08789000000000002 0.06323000000000001
6 0.484375 0.541175 0.08789000000000002 0.06470999999999993
6 0.484375 0.77794 0.08789000000000002 0.06469999999999998
6 0.485355 0.86397 0.08788999999999997 0.06323999999999996
6 0.66211 0.1125 0.11914000000000002 0.024999999999999994
6 0.662595 0.19265 0.11621000000000004 0.04118000000000002
6 0.65918 0.87868 0.12304000000000004 0.02205999999999997
6 0.660155 0.76985 0.12304999999999999 0.02205999999999997
6 0.814945 0.0625 0.08301000000000003 0.019117999999999996
6 0.813965 0.14190999999999998 0.08300999999999992 0.019119999999999998
6 0.813965 0.2 0.08300999999999992 0.020580000000000015
6 0.813965 0.28015 0.08300999999999992 0.019120000000000026
6 0.8188500000000001 0.77206 0.09082000000000001 0.032360000000000055
6 0.8178700000000001 0.7397050000000001 0.09082000000000001 0.03234999999999999
6 0.81592 0.9073549999999999 0.09082000000000001 0.03234999999999999
6 0.81592 0.8742650000000001 0.09082000000000001 0.030889999999999973
7 0.168455 0.305145 0.08886999999999999 0.042649999999999966
7 0.168455 0.16544 0.08886999999999999 0.04264000000000001
7 0.16797 0.03014725 0.08593999999999999 0.042647500000000005
7 0.16504 0.38382499999999997 0.08594 0.041169999999999984
7 0.16405999999999998 0.606615 0.08593999999999999 0.04265000000000008
7 0.16699 0.6845600000000001 0.08594 0.0426399999999999
7 0.16699 0.8227949999999999 0.08594 0.042649999999999966
7 0.16650500000000001 0.95956 0.08691 0.04264000000000001
7 0.22070499999999998 0.6830849999999999 0.013669999999999988 0.042649999999999966
7 0.220215 0.82206 0.014649999999999996 0.041179999999999994
7 0.22070499999999998 0.9632350000000001 0.013669999999999988 0.04117000000000004
7 0.224125 0.027205700000000003 0.014649999999999996 0.0426466
7 0.223635 0.16617500000000002 0.013670000000000015 0.04117000000000001
7 0.22168 0.30588 0.013679999999999998 0.041179999999999994
7 0.217775 0.374265 0.013670000000000015 0.022050000000000014
7 0.21826 0.619115 0.012700000000000017 0.02353000000000005
7 0.3916 0.372795 0.02734000000000003 0.04559000000000002
7 0.3916 0.618385 0.02734000000000003 0.04559000000000002
7 0.540525 0.6161749999999999 0.020510000000000028 0.05883000000000005
7 0.541015 0.37353000000000003 0.019530000000000047 0.05882000000000004
7 0.091796 0.49485500000000004 0.042968000000000006 0.35147
3 0.423825 0.8227949999999999 0.019529999999999992 0.18970999999999993
3 0.42578499999999997 0.1683845 0.019529999999999992 0.18971099999999996
3 0.42285 0.49485 0.01758000000000004 0.16618
5 0.20507999999999998 0.494855 0.10938 0.23970999999999998
7 0.035644499999999996 0.505149 0.049804999999999995 0.9691219999999999
7 0.09472900000000001 0.89044 0.017582 0.027940000000000076
7 0.095217 0.751475 0.016605999999999996 0.026469999999999994
7 0.09765850000000001 0.097057 0.017583 0.026466000000000003
7 0.09716849999999999 0.23456 0.016602999999999993 0.027939999999999993
8 0.0839855 0.502207 0.060549 0.983826
8 0.23779 0.502942 0.02245999999999998 0.985296
8 0.39697000000000005 0.49706089999999997 0.02245999999999998 0.9852982
8 0.55176 0.5036775 0.04491999999999996 0.980885
8 0.7324200000000001 0.49853119999999995 0.021480000000000055 0.9852976
9 0.328125 0.13235 0.06054999999999999 0.005879999999999996
9 0.32764 0.200735 0.06152000000000002 0.007349999999999995
9 0.30176000000000003 0.496325 0.05663999999999997 0.010289999999999966
9 0.32227 0.424265 0.056640000000000024 0.010290000000000021
9 0.3208 0.5654399999999999 0.05761999999999995 0.010300000000000087
9 0.32323999999999997 0.7852950000000001 0.05663999999999997 0.005890000000000062
9 0.32323999999999997 0.85588 0.05663999999999997 0.005879999999999996
9 0.35205 0.49632 0.04199999999999998 0.02205999999999997
9 0.36816499999999996 0.56838 0.03711000000000003 0.016180000000000083
9 0.369145 0.421325 0.037109999999999976 0.016170000000000018
9 0.484375 0.49559 0.058589999999999975 0.008819999999999995
9 0.48535000000000006 0.82206 0.05860000000000004 0.00882000000000005
9 0.48828000000000005 0.168385 0.05860000000000004 0.007349999999999995
9 0.524905 0.16837999999999997 0.01464999999999994 0.013240000000000002
9 0.520995 0.496325 0.014650000000000052 0.013230000000000075
9 0.5224599999999999 0.8227949999999999 0.013680000000000025 0.013229999999999964
9 0.28808500000000004 0.13162000000000001 0.019529999999999992 0.019119999999999998
9 0.28808500000000004 0.200735 0.019529999999999992 0.019110000000000016
9 0.263675 0.497055 0.019529999999999992 0.02058999999999994
9 0.28418 0.42279500000000003 0.019540000000000002 0.01323000000000002
9 0.282225 0.566175 0.019530000000000047 0.01471
9 0.28515500000000005 0.8566199999999999 0.019529999999999992 0.016179999999999972
9 0.28515500000000005 0.7875000000000001 0.019529999999999992 0.016179999999999972
9 0.449705 0.16691 0.01855000000000001 0.019119999999999998
9 0.44628500000000004 0.49485 0.019529999999999992 0.019120000000000026
9 0.447265 0.82132 0.019529999999999992 0.019119999999999915
10 0.889645 0.825735 0.019530000000000047 0.11911000000000005
10 0.9394549999999999 0.824265 0.07616999999999996 0.20735000000000003
10 0.93457 0.17205900000000002 0.06054000000000004 0.205882
10 0.895995 0.16985 0.010750000000000037 0.08382
7 0.81836 0.37646999999999997 0.1543 0.04118000000000005
7 0.78076 0.505145 0.04394000000000009 0.18971
1 0.33008000000000004 0.09706000000000001 0.10352 0.044120000000000006
6 0.33496 0.09706100000000001 0.09179999999999999 0.03529800000000001
