0 0.552065 0.5200235 0.8958699999999999 0.9599530000000001
1 0.27558499999999997 0.78033 0.16337 0.1119
1 0.27469 0.6213200000000001 0.16158000000000003 0.1119
1 0.27288999999999997 0.464665 0.16158 0.11188999999999999
1 0.2711 0.305655 0.16157999999999997 0.11188999999999999
1 0.26749999999999996 0.139574 0.16158 0.111892
1 0.28007000000000004 0.9346300000000001 0.16158 0.1119
1 0.50628 0.9334499999999999 0.16158 0.1119
1 0.50808 0.77915 0.16158 0.1119
1 0.50808 0.6213200000000001 0.16158 0.1119
1 0.50628 0.464665 0.16158 0.11188999999999999
1 0.50628 0.305655 0.16158 0.11188999999999999
1 0.5009 0.1431105 0.16158000000000006 0.11189899999999998
1 0.73519 0.932275 0.16338000000000008 0.11188999999999993
1 0.73609 0.777975 0.16158000000000006 0.11189000000000004
1 0.73788 0.6201399999999999 0.16158000000000006 0.1119
1 0.73788 0.464665 0.16158000000000006 0.11188999999999999
1 0.73519 0.305655 0.16338000000000008 0.11188999999999999
1 0.73429 0.140164 0.16158000000000006 0.11307200000000002
1 0.386895 0.38516 0.05564999999999998 0.03534000000000004
1 0.385995 0.22438000000000002 0.05745 0.034159999999999996
1 0.383305 0.065371 0.05564999999999998 0.034157999999999994
1 0.141835 0.064782 0.05744999999999999 0.03533599999999999
1 0.14991 0.22438000000000002 0.055660000000000015 0.034159999999999996
1 0.6149 0.064782 0.05566000000000004 0.03533599999999999
1 0.851885 0.063604 0.05564999999999998 0.035336
1 0.616695 0.22438000000000002 0.05564999999999998 0.034159999999999996
1 0.851885 0.22379 0.05564999999999998 0.03534000000000001
1 0.15529500000000002 0.38456999999999997 0.055650000000000005 0.034160000000000024
1 0.619385 0.38398 0.05745 0.03533999999999998
1 0.851885 0.381625 0.05564999999999998 0.03532999999999997
1 0.62298 0.5418149999999999 0.05746000000000007 0.03532999999999997
1 0.387795 0.54476 0.05745 0.03415999999999997
1 0.15529500000000002 0.54358 0.055650000000000005 0.03416000000000008
1 0.159785 0.702 0.05745 0.03534000000000004
1 0.39227999999999996 0.6996450000000001 0.05565999999999999 0.03532999999999997
1 0.621185 0.6996450000000001 0.05745 0.03532999999999997
1 0.85009 0.6978800000000001 0.05566000000000004 0.03416000000000008
1 0.845605 0.8563000000000001 0.05745 0.03534000000000004
1 0.621185 0.8563000000000001 0.05745 0.03534000000000004
1 0.39048499999999997 0.8563000000000001 0.05565000000000003 0.03534000000000004
1 0.164275 0.8563000000000001 0.055650000000000005 0.03534000000000004
1 0.152605 0.306245 0.05744999999999999 0.11543
1 0.147215 0.143108 0.057450000000000015 0.116604
1 0.382405 0.14369700000000002 0.05745 0.115426
1 0.386895 0.30388499999999996 0.05564999999999998 0.11542999999999998
1 0.61849 0.142523 0.05566000000000004 0.115434
1 0.851885 0.14369700000000002 0.05564999999999998 0.115426
1 0.850985 0.304475 0.05745 0.11660999999999999
1 0.61849 0.30388499999999996 0.05566000000000004 0.11542999999999998
1 0.620285 0.463485 0.05564999999999998 0.11660999999999999
1 0.85368 0.463485 0.05566000000000004 0.11660999999999999
1 0.1535 0.462895 0.05565999999999999 0.11543000000000003
1 0.389585 0.46525500000000003 0.05745 0.11543000000000003
1 0.159785 0.620735 0.05745 0.11543000000000003
1 0.163375 0.779155 0.05745 0.11660999999999999
1 0.164275 0.936985 0.055650000000000005 0.11660999999999999
1 0.393175 0.9352149999999999 0.05745 0.11543000000000003
1 0.39227999999999996 0.77915 0.05565999999999999 0.1119
1 0.39048499999999997 0.6225 0.05565000000000003 0.1119
1 0.620285 0.6213200000000001 0.05564999999999998 0.1119
1 0.62298 0.776795 0.05746000000000007 0.11189000000000004
1 0.620285 0.9346300000000001 0.05564999999999998 0.1119
1 0.85368 0.618965 0.05566000000000004 0.11189000000000004
1 0.851885 0.776795 0.05564999999999998 0.11189000000000004
1 0.849195 0.9346300000000001 0.05745 0.1119
1 0.263015 0.065371 0.16696999999999998 0.031802
1 0.26481 0.22497 0.16696 0.03061999999999998
1 0.271095 0.38516 0.16516999999999998 0.03534000000000004
1 0.272895 0.5429900000000001 0.16517 0.03534000000000004
1 0.27468499999999996 0.700825 0.16516999999999998 0.03532999999999997
1 0.27827999999999997 0.8568899999999999 0.16158 0.03416000000000008
1 0.50808 0.8568899999999999 0.16158 0.03416000000000008
1 0.50718 0.7002349999999999 0.15977999999999998 0.034150000000000014
1 0.50269 0.5412250000000001 0.16158 0.034150000000000014
1 0.501795 0.38339 0.15979000000000004 0.03415999999999997
1 0.501795 0.22438000000000002 0.15979000000000004 0.034159999999999996
1 0.5 0.064782 0.15978000000000003 0.032979999999999995
1 0.734295 0.063604 0.16517000000000004 0.030624
1 0.734295 0.22615000000000002 0.16517000000000004 0.03062000000000001
1 0.736085 0.38516 0.16517000000000004 0.03061999999999998
1 0.737885 0.6996450000000001 0.16517000000000004 0.030630000000000046
1 0.73519 0.85571 0.1562 0.03180000000000005
1 0.948835 0.75324 0.10233000000000003 0.12837999999999994
1 0.94255 0.601295 0.10054000000000007 0.12839
1 0.94614 0.902825 0.10053999999999996 0.12839
1 0.9452400000000001 0.443465 0.09873999999999994 0.13545000000000001
1 0.94255 0.29093 0.10054000000000007 0.13428
10 0.93896 0.12367249999999999 0.10054000000000007 0.131915
10 0.0691185 0.12190599999999999 0.06642300000000001 0.08126799999999999
