1 0.500000 0.500000 1.000000 1.000000
0 0.462033 0.586914 0.779923 0.708984
6 0.238095 0.862793 0.030888 0.022461
2 0.463964 0.843750 0.091377 0.072266
2 0.314028 0.844238 0.092664 0.073242
2 0.774775 0.842773 0.090090 0.072266
2 0.613256 0.843262 0.091377 0.073242
2 0.464607 0.706055 0.072072 0.072266
2 0.144144 0.705566 0.054054 0.071289
2 0.776705 0.705078 0.055341 0.072266
2 0.644144 0.705078 0.050193 0.072266
2 0.583655 0.705078 0.052767 0.072266
2 0.344916 0.705566 0.051480 0.073242
2 0.283140 0.705566 0.051480 0.073242
2 0.776705 0.573730 0.055341 0.069336
2 0.642857 0.573242 0.050193 0.070312
2 0.583012 0.573242 0.051480 0.070312
2 0.463964 0.572754 0.073359 0.071289
2 0.344916 0.572754 0.051480 0.071289
2 0.283140 0.572754 0.051480 0.071289
2 0.143501 0.572266 0.057915 0.074219
2 0.642857 0.445801 0.047619 0.069336
2 0.583012 0.445312 0.048906 0.070312
2 0.777349 0.445801 0.056628 0.073242
2 0.464607 0.445312 0.069498 0.072266
2 0.344273 0.443848 0.050193 0.071289
2 0.282497 0.443848 0.050193 0.071289
2 0.143501 0.440918 0.057915 0.073242
2 0.802445 0.316406 0.019305 0.027344
2 0.777349 0.316406 0.020592 0.027344
2 0.750322 0.316406 0.020592 0.027344
2 0.169241 0.312012 0.019305 0.024414
2 0.142214 0.311035 0.019305 0.026367
2 0.115187 0.311035 0.019305 0.026367
11 0.140927 0.875000 0.093951 0.130859
9 0.145431 0.782227 0.141570 0.054688
9 0.777349 0.515625 0.097812 0.046875
9 0.463320 0.513672 0.110682 0.046875
9 0.144144 0.512207 0.095238 0.045898
9 0.693050 0.412109 0.027027 0.058594
9 0.527671 0.411133 0.038610 0.056641
9 0.399614 0.410645 0.037323 0.057617
9 0.231017 0.409180 0.032175 0.056641
9 0.581081 0.361816 0.024453 0.028320
9 0.345560 0.361328 0.024453 0.027344
9 0.895109 0.279785 0.019305 0.043945
9 0.874517 0.278809 0.019305 0.043945
9 0.723938 0.274902 0.032175 0.041992
9 0.835907 0.273926 0.032175 0.041992
9 0.200129 0.271484 0.032175 0.041016
4 0.616474 0.517578 0.159588 0.035156
4 0.316602 0.517578 0.159588 0.037109
4 0.615830 0.395020 0.153153 0.032227
4 0.465251 0.394043 0.109395 0.032227
4 0.779923 0.392578 0.092664 0.031250
4 0.314028 0.393066 0.151866 0.032227
4 0.144144 0.388184 0.095238 0.030273
4 0.782497 0.283203 0.092664 0.035156
4 0.143501 0.280273 0.091377 0.035156
7 0.465894 0.748535 0.110682 0.012695
7 0.315315 0.747559 0.154440 0.010742
7 0.778636 0.747559 0.095238 0.012695
7 0.614543 0.748535 0.153153 0.014648
7 0.146075 0.747559 0.093951 0.012695
7 0.142857 0.639648 0.074646 0.060547
7 0.777992 0.637207 0.075933 0.057617
7 0.615187 0.635742 0.133848 0.054688
7 0.465894 0.639160 0.084942 0.061523
7 0.315315 0.635742 0.133848 0.054688
7 0.778636 0.487305 0.092664 0.009766
7 0.465894 0.485840 0.105534 0.008789
7 0.615830 0.494629 0.129987 0.028320
7 0.315959 0.493164 0.129987 0.027344
7 0.144144 0.483398 0.090090 0.011719
7 0.777992 0.354004 0.091377 0.047852
7 0.144788 0.349121 0.091377 0.049805
