0 0.5058590000000001 0.47716 0.9707020000000001 0.73456
1 0.25293 0.22592500000000001 0.10938 0.10371000000000002
1 0.25 0.435185 0.10938 0.06542999999999999
1 0.46533 0.22221999999999997 0.10840000000000005 0.10369999999999999
1 0.46289 0.432715 0.10938000000000003 0.06542999999999999
1 0.24951 0.521605 0.10839999999999997 0.06543000000000004
1 0.46338 0.51852 0.10840000000000005 0.06419999999999998
1 0.251465 0.7259249999999999 0.10838999999999999 0.10371000000000008
1 0.46533 0.723455 0.10840000000000005 0.10371000000000008
1 0.6738299999999999 0.431485 0.10937999999999992 0.06542999999999999
1 0.67285 0.519135 0.10937999999999992 0.06542999999999993
1 0.67432 0.22407 0.10839999999999994 0.10494
1 0.67432 0.72284 0.10839999999999994 0.10494000000000003
1 0.8877 0.22469 0.125 0.10863999999999999
1 0.888185 0.721605 0.12403000000000008 0.10741
1 0.46288999999999997 0.95 0.11131999999999997 0.0605
1 0.251465 0.95062 0.10838999999999999 0.06420000000000003
1 0.6679649999999999 0.9487650000000001 0.11133000000000004 0.060490000000000044
3 0.168945 0.22901 0.046869999999999995 0.16419999999999998
3 0.16553 0.48641999999999996 0.05176 0.21481999999999996
3 0.16943000000000003 0.726545 0.05176 0.15678999999999998
3 0.373045 0.480865 0.06054999999999999 0.21111000000000008
3 0.58643 0.22901 0.04590000000000005 0.14443999999999999
3 0.59131 0.7259249999999999 0.05176000000000003 0.15061000000000002
3 0.37988 0.944445 0.03515999999999997 0.10865000000000002
4 0.322265 0.22716 0.041010000000000046 0.1679
4 0.32177500000000003 0.47716000000000003 0.04394999999999999 0.21852000000000005
4 0.322265 0.73148 0.04492999999999997 0.17159999999999997
4 0.53613 0.224075 0.03516000000000008 0.17160999999999998
4 0.53369 0.478395 0.03808 0.22344999999999998
4 0.5366200000000001 0.724075 0.03808 0.17901
3 0.577145 0.938275 0.025390000000000024 0.12099000000000004
5 0.0551755 0.27654 0.05371100000000001 0.30864
5 0.0546875 0.683335 0.058593000000000006 0.30740999999999996
7 0.543455 0.93889 0.03808999999999996 0.10987999999999998
8 0.740235 0.47531 0.03125 0.72346
8 0.1137705 0.477775 0.05761900000000002 0.7259300000000001
2 0.90479 0.47901499999999997 0.15918 0.10617000000000004
3 0.37402 0.22716000000000003 0.05663999999999997 0.15062
3 0.37598 0.73395 0.05663999999999997 0.16172000000000009
3 0.5800749999999999 0.48395 0.06445000000000001 0.20494000000000007
