1 0.500000 0.500000 1.000000 1.000000
0 0.694661 0.438477 0.128906 0.242188
0 0.477214 0.438965 0.128906 0.243164
0 0.262370 0.439453 0.128906 0.244141
0 0.479818 0.542969 0.662760 0.894531
8 0.178385 0.483398 0.039062 0.335938
8 0.347005 0.482422 0.040365 0.335938
8 0.393229 0.481934 0.039062 0.336914
8 0.561198 0.480469 0.039062 0.335938
8 0.610026 0.479492 0.040365 0.335938
8 0.779297 0.479004 0.040365 0.336914
8 0.348958 0.235840 0.039062 0.100586
8 0.179036 0.235352 0.045573 0.099609
8 0.394531 0.234375 0.039062 0.099609
8 0.562500 0.233398 0.041667 0.099609
8 0.611328 0.232910 0.042969 0.100586
8 0.781250 0.231445 0.041667 0.099609
2 0.260417 0.819824 0.085938 0.081055
2 0.543620 0.819336 0.061198 0.082031
2 0.408203 0.819336 0.063802 0.082031
2 0.691406 0.818848 0.088542 0.083008
2 0.263021 0.671875 0.091146 0.076172
2 0.475911 0.670410 0.089844 0.075195
2 0.690755 0.669434 0.089844 0.077148
2 0.264323 0.524414 0.091146 0.074219
2 0.476562 0.523438 0.091146 0.074219
2 0.692057 0.521973 0.092448 0.075195
2 0.264323 0.378906 0.091146 0.072266
2 0.476562 0.377930 0.091146 0.072266
2 0.692708 0.376953 0.091146 0.072266
2 0.936849 0.337891 0.089844 0.087891
2 0.029297 0.250488 0.055990 0.079102
2 0.291667 0.235840 0.036458 0.077148
2 0.238281 0.235840 0.036458 0.077148
2 0.502604 0.234863 0.039062 0.077148
2 0.449219 0.234863 0.036458 0.077148
2 0.721354 0.232422 0.039062 0.076172
2 0.667318 0.232910 0.037760 0.077148
2 0.940104 0.187012 0.091146 0.073242
3 0.623698 0.894043 0.364583 0.014648
3 0.260417 0.894043 0.216146 0.014648
3 0.477865 0.738770 0.653646 0.024414
3 0.478516 0.300781 0.652344 0.033203
3 0.477865 0.131348 0.656250 0.069336
11 0.261068 0.945312 0.092448 0.082031
11 0.692057 0.943848 0.097656 0.083008
11 0.542969 0.944336 0.075521 0.083984
11 0.404948 0.933105 0.072917 0.096680
9 0.407552 0.875977 0.062500 0.021484
9 0.457031 0.850586 0.031250 0.042969
9 0.355469 0.851074 0.031250 0.043945
9 0.152995 0.324219 0.006510 0.015625
9 0.321615 0.323242 0.013021 0.015625
9 0.635417 0.321777 0.013021 0.014648
9 0.536458 0.321777 0.013021 0.014648
9 0.369792 0.321289 0.010417 0.013672
9 0.585286 0.320801 0.009115 0.014648
9 0.419271 0.322266 0.015625 0.017578
9 0.204427 0.321289 0.013021 0.015625
9 0.804688 0.318848 0.013021 0.014648
9 0.752604 0.318848 0.013021 0.014648
4 0.930990 0.262207 0.135417 0.024414
7 0.263021 0.721680 0.114583 0.023438
7 0.691406 0.719727 0.114583 0.023438
7 0.475260 0.720215 0.114583 0.024414
7 0.263021 0.590820 0.135417 0.058594
7 0.476562 0.589844 0.135417 0.058594
7 0.694010 0.588379 0.135417 0.057617
7 0.264323 0.445312 0.117188 0.060547
7 0.476562 0.444336 0.117188 0.060547
7 0.693359 0.443359 0.118490 0.060547
7 0.937500 0.238770 0.106771 0.030273
