4 0.296387 0.784932 0.034180 0.079452
4 0.688477 0.619178 0.035156 0.252055
6 0.992188 0.878082 0.013672 0.238356
6 0.939941 0.876712 0.024414 0.241096
6 0.885254 0.875342 0.024414 0.238356
6 0.009277 0.878082 0.018555 0.243836
6 0.541016 0.654795 0.023438 0.657534
6 0.833984 0.657534 0.023438 0.668493
6 0.491211 0.653425 0.023438 0.660274
6 0.441406 0.653425 0.023438 0.660274
6 0.990723 0.535616 0.016602 0.430137
6 0.937988 0.535616 0.016602 0.430137
6 0.884277 0.536986 0.016602 0.432877
6 0.780273 0.654795 0.023438 0.668493
6 0.640137 0.652055 0.016602 0.663014
6 0.593262 0.652055 0.022461 0.663014
6 0.340332 0.653425 0.020508 0.665753
6 0.729980 0.653425 0.020508 0.671233
6 0.252930 0.654795 0.017578 0.673973
6 0.205078 0.654795 0.023438 0.673973
6 0.388672 0.650685 0.023438 0.671233
6 0.156250 0.654795 0.023438 0.679452
6 0.106445 0.654795 0.023438 0.679452
6 0.057617 0.656164 0.023438 0.682192
6 0.008789 0.534247 0.017578 0.438356
0 0.962402 0.883562 0.020508 0.084932
0 0.910156 0.882192 0.019531 0.082192
0 0.856445 0.878082 0.019531 0.084932
0 0.803711 0.876712 0.019531 0.087671
0 0.752441 0.876712 0.020508 0.087671
0 0.083008 0.873973 0.021484 0.087671
0 0.034180 0.875342 0.021484 0.090411
0 0.615723 0.871233 0.020508 0.087671
0 0.564941 0.869863 0.020508 0.084932
0 0.132812 0.872603 0.021484 0.090411
0 0.228516 0.868493 0.021484 0.087671
0 0.180664 0.869863 0.021484 0.090411
0 0.515137 0.865753 0.020508 0.087671
0 0.464844 0.865753 0.019531 0.087671
0 0.414551 0.867123 0.020508 0.090411
0 0.364746 0.867123 0.020508 0.090411
0 0.961426 0.657534 0.020508 0.098630
0 0.908691 0.657534 0.020508 0.098630
0 0.855957 0.656164 0.020508 0.095890
0 0.035156 0.656164 0.021484 0.095890
0 0.802246 0.654795 0.020508 0.098630
0 0.750488 0.654795 0.020508 0.098630
0 0.615234 0.653425 0.021484 0.095890
0 0.564453 0.653425 0.021484 0.095890
0 0.514160 0.653425 0.020508 0.095890
0 0.464355 0.652055 0.020508 0.093151
0 0.306641 0.652055 0.019531 0.093151
0 0.228516 0.653425 0.021484 0.095890
0 0.180664 0.653425 0.021484 0.095890
0 0.131836 0.654795 0.021484 0.098630
0 0.083984 0.653425 0.021484 0.095890
0 0.286133 0.650685 0.019531 0.095890
0 0.414062 0.650685 0.021484 0.101370
0 0.364258 0.649315 0.021484 0.098630
0 0.854980 0.431507 0.020508 0.123288
0 0.564453 0.428767 0.021484 0.117808
0 0.463867 0.428767 0.021484 0.117808
0 0.180176 0.428767 0.022461 0.117808
0 0.962402 0.427397 0.020508 0.120548
0 0.908691 0.428767 0.020508 0.123288
0 0.803223 0.428767 0.020508 0.123288
0 0.514160 0.427397 0.020508 0.120548
0 0.414062 0.427397 0.021484 0.120548
0 0.131836 0.428767 0.021484 0.123288
0 0.083496 0.427397 0.022461 0.120548
0 0.034668 0.428767 0.022461 0.123288
0 0.751953 0.419178 0.021484 0.142466
0 0.683594 0.416438 0.039062 0.142466
0 0.616699 0.416438 0.022461 0.142466
0 0.228516 0.416438 0.021484 0.142466
0 0.363281 0.415068 0.021484 0.145205
0 0.306152 0.413699 0.018555 0.142466
0 0.286621 0.413699 0.018555 0.142466
0 0.680664 0.156164 0.015625 0.054795
0 0.296387 0.158904 0.018555 0.060274
0 0.613770 0.156164 0.018555 0.060274
0 0.563477 0.154795 0.021484 0.063014
0 0.414062 0.154795 0.017578 0.063014
0 0.363281 0.153425 0.019531 0.060274
0 0.181152 0.154795 0.020508 0.063014
0 0.132324 0.154795 0.020508 0.063014
0 0.801270 0.152055 0.018555 0.063014
0 0.231934 0.154795 0.020508 0.068493
0 0.854004 0.149315 0.018555 0.063014
0 0.750000 0.149315 0.019531 0.063014
0 0.488281 0.150685 0.023438 0.071233
1 0.032715 0.778082 0.034180 0.038356
1 0.082031 0.776712 0.035156 0.041096
1 0.754883 0.775342 0.035156 0.043836
1 0.131836 0.775342 0.035156 0.043836
1 0.617676 0.773973 0.034180 0.046575
1 0.515625 0.773973 0.037109 0.046575
1 0.415039 0.773973 0.037109 0.046575
1 0.229004 0.773973 0.032227 0.046575
1 0.181152 0.773973 0.034180 0.046575
1 0.465332 0.772603 0.036133 0.049315
1 0.364258 0.772603 0.035156 0.049315
1 0.972656 0.767123 0.050781 0.060274
1 0.917480 0.767123 0.051758 0.060274
1 0.865723 0.767123 0.051758 0.060274
1 0.807129 0.767123 0.040039 0.060274
1 0.686035 0.767123 0.081055 0.060274
1 0.566895 0.767123 0.038086 0.060274
1 0.324707 0.767123 0.022461 0.060274
1 0.268555 0.767123 0.021484 0.060274
1 0.499512 0.284932 0.997070 0.082192
9 0.297852 0.889041 0.052734 0.200000
9 0.681641 0.884932 0.050781 0.197260
7 0.961914 0.976712 0.009766 0.024658
7 0.909668 0.972603 0.008789 0.027397
7 0.856934 0.972603 0.008789 0.027397
7 0.802734 0.967123 0.009766 0.027397
7 0.034180 0.967123 0.009766 0.027397
7 0.752441 0.964384 0.008789 0.027397
7 0.132324 0.964384 0.008789 0.027397
7 0.083496 0.964384 0.008789 0.027397
7 0.616211 0.960274 0.009766 0.024658
7 0.565430 0.960274 0.009766 0.024658
7 0.227539 0.960274 0.009766 0.024658
7 0.180664 0.961644 0.009766 0.027397
7 0.514160 0.958904 0.008789 0.027397
7 0.364746 0.957534 0.008789 0.024658
7 0.515625 0.234247 0.041016 0.041096
7 0.465820 0.234247 0.041016 0.041096
7 0.616211 0.230137 0.037109 0.038356
7 0.564941 0.230137 0.040039 0.038356
7 0.414551 0.231507 0.040039 0.041096
7 0.856934 0.227397 0.040039 0.038356
7 0.805664 0.227397 0.042969 0.038356
7 0.754395 0.228767 0.038086 0.041096
7 0.363281 0.228767 0.041016 0.041096
7 0.228516 0.228767 0.039062 0.046575
7 0.178711 0.228767 0.039062 0.046575
7 0.130371 0.228767 0.040039 0.046575
7 0.324707 0.209589 0.014648 0.073973
7 0.267578 0.209589 0.015625 0.073973
7 0.338379 0.167123 0.010742 0.060274
7 0.253418 0.165753 0.010742 0.057534
7 0.719238 0.191781 0.028320 0.115068
7 0.648438 0.190411 0.031250 0.112329
2 0.663086 0.582192 0.015625 0.057534
2 0.228516 0.578082 0.035156 0.049315
2 0.180664 0.578082 0.035156 0.049315
2 0.363770 0.573973 0.038086 0.063014
2 0.964844 0.572603 0.041016 0.065753
2 0.910645 0.571233 0.041992 0.063014
2 0.751953 0.571233 0.037109 0.063014
2 0.616699 0.571233 0.036133 0.063014
2 0.565430 0.572603 0.039062 0.065753
2 0.033691 0.572603 0.038086 0.065753
2 0.856934 0.568493 0.040039 0.063014
2 0.710449 0.573973 0.008789 0.073973
2 0.515137 0.568493 0.038086 0.063014
2 0.464844 0.569863 0.037109 0.065753
2 0.296387 0.572603 0.055664 0.071233
2 0.131836 0.569863 0.037109 0.065753
2 0.082520 0.569863 0.036133 0.065753
2 0.415039 0.565753 0.037109 0.063014
2 0.804199 0.563014 0.038086 0.063014
2 0.616211 0.367123 0.033203 0.071233
2 0.564453 0.367123 0.033203 0.071233
2 0.465332 0.367123 0.032227 0.071233
2 0.414062 0.367123 0.033203 0.071233
2 0.363770 0.368493 0.032227 0.073973
2 0.228516 0.367123 0.033203 0.071233
2 0.962402 0.364384 0.032227 0.071233
2 0.909180 0.364384 0.033203 0.071233
2 0.855957 0.364384 0.032227 0.071233
2 0.802734 0.364384 0.033203 0.071233
2 0.751465 0.364384 0.032227 0.071233
2 0.515137 0.364384 0.032227 0.071233
2 0.181152 0.364384 0.032227 0.071233
2 0.295898 0.363014 0.048828 0.073973
2 0.131836 0.361644 0.033203 0.071233
2 0.683594 0.363014 0.048828 0.079452
2 0.083496 0.358904 0.032227 0.071233
2 0.034180 0.358904 0.033203 0.071233
2 0.295410 0.041096 0.061523 0.071233
2 0.684082 0.038356 0.061523 0.071233
5 0.965332 0.942466 0.040039 0.032877
5 0.913086 0.939726 0.039062 0.032877
5 0.860352 0.936986 0.039062 0.032877
5 0.804688 0.935616 0.039062 0.030137
5 0.754395 0.931507 0.036133 0.021918
5 0.032227 0.931507 0.035156 0.021918
5 0.131836 0.928767 0.035156 0.021918
5 0.082031 0.928767 0.035156 0.021918
5 0.616699 0.926027 0.034180 0.021918
5 0.179688 0.926027 0.035156 0.021918
5 0.565918 0.924658 0.036133 0.024658
5 0.415039 0.923288 0.033203 0.021918
5 0.365234 0.923288 0.033203 0.021918
5 0.229492 0.924658 0.033203 0.024658
5 0.515137 0.921918 0.036133 0.024658
5 0.464355 0.921918 0.036133 0.024658
5 0.963867 0.734247 0.041016 0.054795
5 0.909668 0.731507 0.036133 0.049315
5 0.856934 0.728767 0.036133 0.049315
5 0.803223 0.728767 0.036133 0.049315
5 0.751465 0.728767 0.036133 0.049315
5 0.132324 0.728767 0.036133 0.049315
5 0.033691 0.731507 0.038086 0.054795
5 0.683105 0.741096 0.051758 0.079452
5 0.615723 0.726027 0.036133 0.049315
5 0.563965 0.726027 0.036133 0.049315
5 0.515137 0.726027 0.036133 0.049315
5 0.414551 0.726027 0.036133 0.049315
5 0.228027 0.726027 0.036133 0.049315
5 0.179688 0.726027 0.035156 0.049315
5 0.083008 0.728767 0.037109 0.054795
5 0.464355 0.723288 0.036133 0.049315
5 0.363770 0.723288 0.036133 0.049315
5 0.297363 0.738356 0.053711 0.079452
5 0.855957 0.526027 0.036133 0.065753
5 0.909668 0.523288 0.036133 0.065753
5 0.803223 0.523288 0.036133 0.065753
5 0.751465 0.523288 0.036133 0.065753
5 0.132324 0.521918 0.036133 0.063014
5 0.033203 0.523288 0.037109 0.065753
5 0.961426 0.520548 0.036133 0.065753
5 0.683105 0.520548 0.055664 0.065753
5 0.615723 0.520548 0.036133 0.065753
5 0.564941 0.520548 0.036133 0.065753
5 0.514648 0.520548 0.037109 0.065753
5 0.464355 0.519178 0.036133 0.063014
5 0.414551 0.519178 0.036133 0.063014
5 0.364258 0.520548 0.037109 0.065753
5 0.228027 0.520548 0.036133 0.065753
5 0.181152 0.520548 0.036133 0.065753
5 0.083496 0.520548 0.036133 0.065753
5 0.295898 0.517808 0.052734 0.065753
