0 0.49841395 0.4985364 0.9904921 0.9873072
1 0.22439 0.0888665 0.11510000000000004 0.05468699999999999
1 0.22069500000000003 0.288575 0.11405000000000001 0.05370999999999998
1 0.22281 0.49121 0.11404000000000003 0.05467999999999995
1 0.22386499999999998 0.69043 0.11404999999999998 0.05468000000000006
1 0.23073 0.884765 0.11509999999999998 0.054690000000000016
1 0.52798 0.087402 0.14572000000000002 0.063476
1 0.52904 0.288085 0.14572000000000002 0.06445000000000001
1 0.52798 0.49121000000000004 0.14572000000000002 0.06446000000000002
1 0.52904 0.692385 0.14572000000000002 0.06445000000000001
1 0.53115 0.885745 0.14572000000000007 0.06445000000000001
1 0.867475 0.0908185 0.13199000000000005 0.128903
1 0.8680049999999999 0.29053 0.13305 0.12988
1 0.8695900000000001 0.691405 0.132 0.12890999999999997
1 0.8606149999999999 0.88623 0.13305 0.12988
1 0.733895 0.08935399999999999 0.07602999999999993 0.131832
1 0.7365349999999999 0.28955 0.07708999999999999 0.13184
1 0.733895 0.69385 0.07602999999999993 0.13183999999999996
1 0.7333700000000001 0.88721 0.07497999999999994 0.12401999999999991
2 0.857445 0.489255 0.25977000000000006 0.10546999999999995
3 0.142025 0.089355 0.03907000000000001 0.11621000000000001
3 0.135695 0.291995 0.03907000000000001 0.11522999999999997
3 0.135695 0.493655 0.03907000000000001 0.11621000000000004
3 0.139385 0.69092 0.03801 0.12402000000000002
3 0.145725 0.888185 0.03800999999999999 0.12403000000000008
3 0.428195 0.0859375 0.055969999999999964 0.13476500000000002
3 0.426085 0.288575 0.055969999999999964 0.13574999999999998
3 0.42925 0.49511499999999997 0.05596000000000001 0.13477
3 0.43452999999999997 0.88867 0.055959999999999954 0.13476
3 0.42925 0.694825 0.05596000000000001 0.13575000000000004
4 0.29356 0.08788850000000001 0.02956000000000003 0.111323
4 0.291445 0.289555 0.029569999999999985 0.11034999999999998
4 0.294615 0.49023500000000003 0.029569999999999985 0.11133000000000004
4 0.2962 0.693845 0.030620000000000036 0.11035000000000006
4 0.299365 0.888185 0.03062999999999999 0.11034999999999995
4 0.624075 0.08740049999999999 0.04857 0.12401899999999999
4 0.62302 0.29297 0.04858000000000007 0.12304000000000004
4 0.621965 0.49072000000000005 0.04857 0.12402000000000007
4 0.624075 0.6953149999999999 0.04857 0.12304999999999999
6 0.178985 0.0888685 0.017949999999999994 0.050782999999999995
6 0.18638 0.28759999999999997 0.03695999999999999 0.04980000000000001
6 0.18638 0.48926000000000003 0.03695999999999999 0.05078000000000005
6 0.184265 0.68945 0.024290000000000006 0.05078000000000005
6 0.196935 0.884765 0.039069999999999994 0.04883000000000004
6 0.489965 0.88623 0.054910000000000014 0.057620000000000005
6 0.48996999999999996 0.6918949999999999 0.06335999999999997 0.05761000000000005
6 0.49841499999999994 0.49072000000000005 0.08446999999999999 0.05762000000000006
6 0.494195 0.28808500000000004 0.07181000000000004 0.058589999999999975
6 0.46779499999999996 0.0859355 0.02323000000000003 0.058589
7 0.37909000000000004 0.0874035 0.057020000000000015 0.116213
7 0.37645 0.28906 0.05808000000000002 0.11914
7 0.37751 0.49365000000000003 0.05808000000000002 0.12012000000000006
7 0.37856 0.69434 0.05808000000000002 0.11914000000000002
7 0.380675 0.887695 0.05807000000000001 0.11132999999999993
8 0.049630350000000004 0.5024425 0.0823653 0.973635
8 0.6547000000000001 0.49999899999999997 0.03589999999999993 0.970702
9 0.520065 0.335445 0.12355000000000005 0.014649999999999996
9 0.52059 0.24219000000000002 0.12460000000000004 0.015619999999999995
9 0.52059 0.13280999999999998 0.12460000000000004 0.015619999999999995
9 0.52112 0.0419925 0.12354000000000004 0.015625
9 0.52059 0.44628999999999996 0.12460000000000004 0.015620000000000023
9 0.52059 0.54004 0.12460000000000004 0.015619999999999967
9 0.5179549999999999 0.65039 0.12355 0.015619999999999967
9 0.5179549999999999 0.740235 0.12355 0.015630000000000033
9 0.52112 0.8457049999999999 0.12354000000000004 0.01562999999999992
9 0.52059 0.930665 0.12037999999999999 0.015630000000000033
9 0.5918650000000001 0.041992 0.01795000000000002 0.021484000000000003
9 0.59134 0.132325 0.016900000000000026 0.020510000000000014
9 0.59187 0.24268 0.020059999999999967 0.022460000000000035
9 0.59134 0.33545 0.019000000000000017 0.02245999999999998
9 0.592395 0.44823999999999997 0.01900999999999997 0.02343999999999996
9 0.592395 0.5415000000000001 0.01900999999999997 0.022460000000000035
9 0.5892299999999999 0.65039 0.019000000000000017 0.023440000000000016
9 0.5897600000000001 0.7417 0.020060000000000078 0.022460000000000035
9 0.59345 0.845215 0.021120000000000028 0.02246999999999999
9 0.59134 0.93213 0.021120000000000028 0.022459999999999924
4 0.62513 0.8916 0.04857999999999996 0.12303999999999993
9 0.45301 0.0419925 0.012679999999999969 0.019531
9 0.45248 0.131835 0.011619999999999964 0.019530000000000006
9 0.45248 0.24218499999999998 0.011619999999999964 0.01953000000000002
9 0.45301 0.335935 0.012679999999999969 0.019529999999999992
9 0.45248 0.447265 0.011619999999999964 0.019529999999999992
9 0.451955 0.540035 0.012669999999999959 0.019529999999999936
9 0.45142499999999997 0.65039 0.009509999999999963 0.019540000000000002
9 0.45142499999999997 0.740725 0.009509999999999963 0.020510000000000028
9 0.45354 0.845215 0.009499999999999953 0.020509999999999917
9 0.45565 0.931155 0.009499999999999953 0.020509999999999917
