1 0.259275 0.34465999999999997 0.059569999999999984 0.058260000000000034
1 0.259765 0.40959 0.06055000000000002 0.05703999999999998
1 0.261235 0.609225 0.05957000000000001 0.055830000000000046
1 0.26172 0.67294 0.05860000000000001 0.05703999999999998
1 0.46972499999999995 0.133495 0.08202999999999999 0.06067
1 0.46924 0.20085 0.08495999999999998 0.05946000000000001
1 0.470705 0.34284000000000003 0.08202999999999994 0.05946000000000001
1 0.47119 0.409585 0.08495999999999998 0.05946999999999997
1 0.47021499999999994 0.61347 0.08300999999999997 0.05703999999999998
1 0.470215 0.67658 0.08104999999999996 0.05703999999999998
1 0.470705 0.82767 0.08202999999999994 0.05825999999999998
1 0.47216499999999995 0.8907750000000001 0.08300999999999997 0.058250000000000024
1 0.66162 0.13289 0.09864000000000006 0.06432
1 0.66162 0.20449 0.09864000000000006 0.06190000000000001
1 0.66162 0.343445 0.09864000000000006 0.06311
1 0.661135 0.41262 0.09960999999999998 0.06068000000000001
1 0.660155 0.60983 0.09765000000000001 0.061900000000000066
1 0.65967 0.67779 0.09667999999999999 0.061900000000000066
1 0.6591800000000001 0.827065 0.09570000000000001 0.06189
1 0.6591800000000001 0.892595 0.09570000000000001 0.05947000000000002
3 0.390625 0.1705095 0.054690000000000016 0.15898099999999998
3 0.393555 0.37985500000000005 0.05859000000000003 0.16263
3 0.394045 0.646845 0.05957000000000001 0.16019000000000005
3 0.395505 0.86347 0.06054999999999999 0.1614
3 0.58252 0.172331 0.05371999999999999 0.16747800000000002
3 0.580565 0.38228 0.053709999999999924 0.16747999999999996
3 0.5791 0.64988 0.0527399999999999 0.17111999999999994
3 0.578125 0.866505 0.05078999999999989 0.17474999999999996
0 0.51416 0.501821 0.97168 0.955098
3 0.20507999999999998 0.642595 0.06639999999999999 0.16383000000000003
3 0.19922 0.38046500000000005 0.0625 0.16141
2 0.9306650000000001 0.6353150000000001 0.11133000000000004 0.08372999999999997
4 0.5307649999999999 0.1692965 0.04199000000000008 0.15412700000000001
4 0.528805 0.374395 0.04198999999999997 0.15413
4 0.529785 0.64381 0.04199000000000008 0.15412000000000003
4 0.527835 0.854975 0.04199000000000008 0.15413
4 0.730955 0.8592249999999999 0.04198999999999997 0.15291
4 0.72705 0.64381 0.04200000000000004 0.15412000000000003
4 0.7299800000000001 0.374395 0.041999999999999926 0.15413
4 0.730955 0.1692965 0.04198999999999997 0.15412700000000001
7 0.63574 0.51274 0.15234000000000003 0.11285999999999996
7 0.7480450000000001 0.171725 0.06640999999999997 0.08859
8 0.34521500000000005 0.5042465 0.06739 0.945387
8 0.5366249999999999 0.5030355 0.05957000000000001 0.938109
8 0.710935 0.4975715 0.019530000000000047 0.9393170000000001
10 0.8657250000000001 0.629855 0.01464999999999994 0.0825300000000001
