1 0.31994500000000003 0.13867 0.05817 0.02148
1 0.317175 0.10497999999999999 0.05817 0.022459999999999994
1 0.407895 0.07910149999999999 0.05401 0.033202999999999996
1 0.410665 0.11963000000000001 0.05401 0.03418
1 0.410665 0.160155 0.05125000000000002 0.03320999999999999
1 0.501385 0.160155 0.05540999999999996 0.03125
1 0.5 0.11963 0.05539999999999995 0.03222
1 0.49931000000000003 0.079102 0.05402000000000001 0.03125
1 0.597645 0.16064499999999998 0.05401 0.03223000000000001
1 0.5969500000000001 0.121585 0.055400000000000005 0.032229999999999995
1 0.5955699999999999 0.0805665 0.055400000000000005 0.032227000000000006
1 0.699445 0.166995 0.06648999999999994 0.03125
1 0.7008300000000001 0.126465 0.06647999999999998 0.03223000000000001
1 0.700135 0.086916 0.06786999999999999 0.033208
1 0.32687 0.23047 0.06372 0.02343999999999999
1 0.32964 0.27783 0.06372 0.024419999999999997
1 0.32964 0.325195 0.06372 0.023430000000000006
1 0.32964 0.37207 0.06372 0.023440000000000016
1 0.331025 0.5268550000000001 0.05263000000000001 0.018549999999999955
1 0.331025 0.5512699999999999 0.05263000000000001 0.01856000000000002
1 0.331025 0.574215 0.05263000000000001 0.019530000000000047
1 0.434905 0.41162 0.05263000000000001 0.01856000000000002
1 0.434905 0.43994 0.05263000000000001 0.01856000000000002
1 0.434905 0.46728499999999995 0.05263000000000001 0.01855000000000001
1 0.434905 0.49560499999999996 0.05263000000000001 0.020509999999999973
1 0.434905 0.52832 0.05263000000000001 0.021479999999999944
1 0.434905 0.55762 0.05263000000000001 0.021479999999999944
1 0.433515 0.592775 0.05263000000000001 0.021489999999999898
1 0.433515 0.621095 0.05263000000000001 0.02149000000000001
1 0.527705 0.62256 0.052629999999999955 0.022459999999999924
1 0.527705 0.59375 0.052629999999999955 0.021479999999999944
1 0.529085 0.55811 0.052629999999999955 0.022459999999999924
1 0.529085 0.529785 0.052629999999999955 0.02246999999999999
1 0.530475 0.49707 0.052629999999999955 0.02148
1 0.530475 0.46826 0.052629999999999955 0.022460000000000035
1 0.53047 0.44092 0.055400000000000005 0.02245999999999998
1 0.53047 0.413085 0.055400000000000005 0.02149000000000001
1 0.63296 0.41796999999999995 0.055400000000000005 0.02148
1 0.63296 0.44531 0.055400000000000005 0.02148
1 0.63227 0.47363500000000003 0.05401999999999996 0.021489999999999954
1 0.63158 0.502445 0.055400000000000005 0.020510000000000028
1 0.63158 0.532715 0.055400000000000005 0.020509999999999917
1 0.6308849999999999 0.5620149999999999 0.05401 0.020509999999999917
1 0.63019 0.598145 0.055400000000000005 0.020510000000000028
1 0.63019 0.626465 0.055400000000000005 0.020509999999999917
0 0.550555 0.124024 0.70775 0.13867200000000002
0 0.5491699999999999 0.293945 0.68836 0.20117
0 0.5 0.51758 0.77562 0.24414000000000008
0 0.58449 0.708005 0.5928 0.13477000000000006
0 0.51454 0.87598 0.7133 0.19921999999999995
1 0.443215 0.228515 0.07478999999999997 0.035150000000000015
1 0.443215 0.277345 0.07478999999999997 0.035150000000000015
1 0.44459499999999996 0.32323999999999997 0.07478999999999997 0.035160000000000025
1 0.443215 0.371095 0.07478999999999997 0.035150000000000015
1 0.55748 0.22803 0.08172000000000001 0.034180000000000016
1 0.556785 0.27588 0.08033000000000001 0.03417999999999999
1 0.556785 0.32323999999999997 0.08033000000000001 0.03319999999999995
1 0.556095 0.36963 0.07895000000000008 0.03417999999999999
1 0.49168999999999996 0.67285 0.04985999999999996 0.021480000000000055
1 0.49168999999999996 0.6962900000000001 0.04985999999999996 0.021480000000000055
1 0.49168999999999996 0.722655 0.04985999999999996 0.02149000000000001
1 0.490305 0.74512 0.049870000000000025 0.021479999999999944
1 0.58795 0.672365 0.05401999999999996 0.020510000000000028
1 0.58795 0.695315 0.05401999999999996 0.019530000000000047
1 0.586565 0.722655 0.05401 0.019529999999999936
1 0.586565 0.746095 0.05401 0.019529999999999936
1 0.45914 0.831055 0.04847999999999997 0.027349999999999985
1 0.45914 0.799315 0.04847999999999997 0.026370000000000005
1 0.457755 0.865725 0.04846999999999996 0.026370000000000005
1 0.45914 0.8984399999999999 0.04847999999999997 0.029299999999999993
1 0.45845 0.936525 0.04985999999999996 0.029289999999999927
1 0.45914 0.964845 0.05124000000000001 0.01562999999999992
1 0.35665 0.8491200000000001 0.05402000000000001 0.03417999999999999
1 0.35734 0.9140600000000001 0.05264000000000002 0.03320000000000001
1 0.558175 0.7924800000000001 0.052629999999999955 0.01856000000000002
1 0.556785 0.81494 0.052629999999999955 0.016599999999999948
1 0.5554049999999999 0.8373999999999999 0.052630000000000066 0.01660000000000006
1 0.5554049999999999 0.86182 0.052630000000000066 0.01660000000000006
1 0.5554049999999999 0.8833 0.052630000000000066 0.016599999999999948
1 0.5540149999999999 0.90576 0.052630000000000066 0.016599999999999948
1 0.5554049999999999 0.9292 0.052630000000000066 0.016599999999999948
1 0.5554049999999999 0.9526399999999999 0.052630000000000066 0.01660000000000006
1 0.6772849999999999 0.7973600000000001 0.06371000000000004 0.01660000000000006
1 0.6772849999999999 0.8193349999999999 0.06371000000000004 0.017569999999999975
1 0.6772849999999999 0.84131 0.06371000000000004 0.016599999999999948
1 0.6759 0.8662099999999999 0.06372 0.01758000000000004
1 0.674515 0.88721 0.06371000000000004 0.01660000000000006
1 0.674515 0.910645 0.06371000000000004 0.016610000000000014
1 0.674515 0.93408 0.06371000000000004 0.016599999999999948
1 0.67313 0.95557 0.06372 0.01660000000000006
1 0.331025 0.49707 0.041549999999999976 0.02148
1 0.331715 0.468265 0.040169999999999983 0.020510000000000028
1 0.731995 0.601075 0.03463000000000005 0.018549999999999955
1 0.731995 0.618655 0.03463000000000005 0.018549999999999955
1 0.7313050000000001 0.6337900000000001 0.036009999999999986 0.011720000000000064
1 0.734075 0.541505 0.036009999999999986 0.018550000000000066
1 0.7333799999999999 0.5585899999999999 0.03739999999999999 0.01758000000000004
1 0.732685 0.5742149999999999 0.036009999999999986 0.01366999999999996
1 0.789475 0.43555 0.13019000000000003 0.04491999999999996
1 0.78809 0.49365 0.13019999999999998 0.04393999999999998
1 0.25068999999999997 0.124025 0.022160000000000013 0.02539000000000001
1 0.234765 0.25634999999999997 0.03185000000000002 0.016600000000000004
1 0.23615000000000003 0.29932000000000003 0.03186000000000003 0.016600000000000004
1 0.237535 0.342285 0.03185000000000002 0.016610000000000014
1 0.23684500000000003 0.38573999999999997 0.030470000000000025 0.015620000000000023
1 0.400275 0.726075 0.041549999999999976 0.024410000000000043
1 0.40097 0.6928700000000001 0.04293999999999998 0.024419999999999997
1 0.34418499999999996 0.5957049999999999 0.023550000000000015 0.01366999999999996
1 0.33725499999999997 0.444825 0.029090000000000005 0.014649999999999996
1 0.646815 0.026367 0.06925000000000003 0.02539
1 0.427285 0.0117187 0.03738999999999998 0.0117186
1 0.536705 0.0107424 0.04847000000000001 0.011719199999999999
1 0.33795 0.0253905 0.013860000000000039 0.011719
1 0.1946 0.06933600000000001 0.012459999999999999 0.011717999999999992
2 0.872575 0.0405275 0.09419 0.026367
1 0.790165 0.93457 0.062329999999999997 0.04492000000000007
1 0.22784 0.48828499999999997 0.029080000000000022 0.013670000000000015
1 0.2223 0.50781 0.04016 0.01757999999999993
1 0.223685 0.53027 0.040169999999999983 0.01757999999999993
1 0.22784 0.548825 0.029080000000000022 0.013670000000000071
1 0.265235 0.893065 0.03739000000000001 0.014650000000000052
1 0.26593 0.8706050000000001 0.03878000000000001 0.01464999999999994
6 0.22715 0.48828000000000005 0.027700000000000002 0.011720000000000008
6 0.22299000000000002 0.50781 0.03878000000000001 0.015619999999999967
6 0.22299000000000002 0.530275 0.03878000000000001 0.01562999999999992
6 0.22853 0.5498050000000001 0.027700000000000002 0.011709999999999998
6 0.265925 0.870115 0.036010000000000014 0.01366999999999996
6 0.265925 0.893065 0.036010000000000014 0.014650000000000052
8 0.46745000000000003 0.1215805 0.01799999999999996 0.129879
8 0.56302 0.1220685 0.02078000000000002 0.128903
8 0.6572 0.122557 0.02078000000000002 0.13378600000000002
8 0.768695 0.12793 0.01939000000000002 0.13086
8 0.27839 0.29541 0.022160000000000013 0.19433999999999998
8 0.39266 0.293455 0.029079999999999995 0.19629
8 0.74169 0.293945 0.029079999999999995 0.19531
8 0.594185 0.51709 0.013850000000000029 0.24122000000000005
8 0.65512 0.70752 0.011079999999999979 0.12988
8 0.746535 0.87842 0.019389999999999907 0.18847999999999998
8 0.6288050000000001 0.8754850000000001 0.013850000000000029 0.19043
8 0.41967 0.87549 0.016620000000000024 0.19433999999999996
10 0.76939 0.12695499999999998 0.02632000000000001 0.03514999999999999
10 0.8428 0.12304699999999999 0.12050000000000005 0.134766
10 0.754155 0.29639 0.037390000000000034 0.19238
10 0.84072 0.293945 0.09972000000000003 0.19726999999999997
10 0.8192550000000001 0.51758 0.12880999999999998 0.24024000000000006
10 0.6946 0.5537099999999999 0.045700000000000074 0.023440000000000016
4 0.7222999999999999 0.22314499999999998 0.012460000000000027 0.04980999999999999
4 0.72161 0.27294999999999997 0.011079999999999979 0.047859999999999986
4 0.72022 0.320805 0.011079999999999979 0.047850000000000004
4 0.71745 0.36865499999999995 0.011079999999999979 0.047850000000000004
4 0.600415 0.22655999999999998 0.009689999999999976 0.046880000000000005
4 0.600415 0.27441499999999996 0.009689999999999976 0.04687000000000002
4 0.59903 0.32128999999999996 0.009699999999999931 0.04687999999999998
4 0.59834 0.36914 0.011079999999999979 0.04687999999999998
4 0.4813 0.22803 0.009700000000000042 0.04589999999999997
4 0.48199000000000003 0.27490000000000003 0.011080000000000034 0.045899999999999996
4 0.48199000000000003 0.322265 0.011080000000000034 0.04687000000000002
4 0.4813 0.36963 0.009700000000000042 0.045899999999999996
10 0.8150999999999999 0.708005 0.12604000000000004 0.1328100000000001
10 0.808865 0.875 0.12188999999999994 0.19531999999999994
1 0.67659 0.22656500000000002 0.08726 0.037110000000000004
1 0.6759 0.27539 0.08588000000000007 0.035160000000000025
1 0.674515 0.322265 0.08587 0.03321000000000002
1 0.671745 0.36865000000000003 0.08033000000000001 0.034180000000000044
1 0.68906 0.69336 0.05956000000000006 0.023440000000000016
1 0.68975 0.663575 0.060939999999999994 0.024410000000000043
1 0.688365 0.731445 0.06095000000000006 0.023430000000000062
1 0.688365 0.76074 0.06095000000000006 0.023440000000000016
