0 0.5586 0.5004881 0.8776999999999999 0.9931638
1 0.44586000000000003 0.171875 0.19618000000000002 0.09178999999999998
1 0.44395000000000007 0.302245 0.19746000000000002 0.09277000000000002
1 0.7936300000000001 0.30078 0.1961799999999999 0.09179999999999999
1 0.79172 0.17382999999999998 0.19745999999999997 0.09180000000000002
1 0.800635 0.643555 0.19745000000000001 0.09179000000000004
1 0.44777 0.649415 0.19745999999999997 0.09179000000000004
8 0.20955500000000002 0.501466 0.17197 0.981448
9 0.63949 0.49414 0.70574 0.05468000000000006
9 0.636305 0.80127 0.7070099999999999 0.047860000000000014
8 0.63503 0.503906 0.04204000000000008 0.986328
9 0.227385 0.492675 0.11846999999999999 0.07715
9 0.22229500000000002 0.80371 0.11846999999999999 0.06835999999999998
