0 0.56556 0.49673500000000004 0.41095999999999994 0.96475
1 0.5137 0.258485 0.15459999999999996 0.026109999999999994
1 0.51174 0.30744 0.15460000000000002 0.02742
1 0.5137 0.359005 0.15459999999999996 0.026110000000000022
1 0.51272 0.408615 0.15655999999999998 0.026109999999999967
1 0.51174 0.45691499999999996 0.15460000000000002 0.026110000000000022
1 0.510765 0.506525 0.15655000000000002 0.026110000000000022
1 0.51272 0.55679 0.15655999999999998 0.02742
1 0.51272 0.603135 0.15655999999999998 0.026109999999999967
1 0.514675 0.6527449999999999 0.15654999999999997 0.026109999999999967
1 0.5088050000000001 0.70039 0.15655000000000002 0.02742
1 0.51174 0.7493449999999999 0.15460000000000002 0.026109999999999967
1 0.510765 0.798305 0.15655000000000002 0.027410000000000045
1 0.51174 0.846605 0.15460000000000002 0.027410000000000045
1 0.5088050000000001 0.893605 0.15655000000000002 0.027409999999999934
1 0.51174 0.9406 0.15460000000000002 0.02742
1 0.66536 0.25848499999999996 0.06262000000000001 0.03916999999999998
1 0.663405 0.30744 0.06262999999999996 0.037860000000000005
1 0.6663399999999999 0.358355 0.06457999999999997 0.037849999999999995
1 0.663405 0.40731 0.06262999999999996 0.03915999999999997
1 0.66536 0.45888 0.06262000000000001 0.037860000000000005
1 0.66536 0.5058750000000001 0.06262000000000001 0.03785000000000005
1 0.663405 0.55679 0.06262999999999996 0.037860000000000005
1 0.6614500000000001 0.70431 0.06262000000000001 0.037860000000000005
1 0.658515 0.75196 0.05674999999999997 0.03915999999999997
1 0.65558 0.80026 0.050879999999999925 0.03915999999999997
1 0.6516649999999999 0.84661 0.04304999999999992 0.037860000000000005
1 0.650685 0.89491 0.04108999999999996 0.037860000000000005
1 0.6467750000000001 0.9451700000000001 0.03327000000000002 0.03915999999999997
1 0.6585099999999999 0.13381 0.048919999999999964 0.024800000000000003
1 0.66145 0.0469975 0.050880000000000036 0.026109
1 0.56458 0.041123 0.03717999999999999 0.024804000000000003
1 0.47652 0.043080999999999994 0.03717999999999999 0.023497999999999998
1 0.56654 0.14295 0.03717999999999999 0.02742
1 0.470645 0.14229999999999998 0.03719 0.028719999999999996
1 0.5655600000000001 0.18277 0.039140000000000064 0.04178000000000001
1 0.47162000000000004 0.18538 0.03914000000000001 0.04178000000000001
2 0.67221 0.6298950000000001 0.06457999999999997 0.08484999999999998
5 0.511745 0.1227155 0.045009999999999994 0.21148899999999998
5 0.603715 0.12206049999999999 0.045009999999999994 0.210179
6 0.5117400000000001 0.30744 0.15068000000000004 0.022199999999999998
6 0.5137 0.35901 0.15067999999999998 0.023499999999999965
6 0.5117400000000001 0.40927 0.15068000000000004 0.022199999999999998
6 0.5117400000000001 0.45757499999999995 0.15068000000000004 0.022189999999999988
6 0.5117400000000001 0.5058750000000001 0.15068000000000004 0.022190000000000043
6 0.5137 0.5574399999999999 0.15067999999999998 0.023499999999999965
6 0.5137 0.603785 0.15067999999999998 0.022189999999999932
6 0.5166299999999999 0.65274 0.15264 0.023500000000000076
6 0.51076 0.69974 0.15264000000000005 0.023499999999999965
6 0.51076 0.75 0.15264000000000005 0.022199999999999998
6 0.5117400000000001 0.798305 0.15068000000000004 0.022190000000000043
6 0.5117400000000001 0.84595 0.15068000000000004 0.023499999999999965
6 0.51076 0.89426 0.15264000000000005 0.023499999999999965
6 0.5137 0.9406 0.15067999999999998 0.022199999999999998
6 0.6614450000000001 0.0469975 0.04304999999999992 0.020886999999999996
8 0.39237 0.499349 0.029359999999999997 0.9569219999999999
10 0.63405 0.6298950000000001 0.011740000000000084 0.09006999999999998
1 0.368885 0.63316 0.013690000000000035 0.015659999999999896
1 0.36693 0.82376 0.01369999999999999 0.015660000000000007
1 0.368885 0.400785 0.013690000000000035 0.015669999999999962
2 0.67221 0.18864 0.07240000000000002 0.04308000000000001
