0 0.50098155 0.50048655 0.9940969 0.9970669
1 0.17109 0.1249995 0.12782 0.05078099999999999
1 0.166175 0.26073999999999997 0.12783 0.05077999999999999
1 0.167649 0.19336 0.138642 0.05077999999999999
1 0.17502 0.84717 0.13176 0.07323999999999997
1 0.18092 0.7597700000000001 0.13176 0.07422000000000006
1 0.189775 0.5917950000000001 0.12389 0.06445000000000001
1 0.19518000000000002 0.509765 0.12488000000000002 0.06444999999999995
1 0.413965 0.123533 0.15143 0.05175399999999998
1 0.411015 0.18994 0.15143 0.05176
1 0.40708 0.25684 0.14946000000000004 0.056640000000000024
1 0.42429 0.7661150000000001 0.13273999999999997 0.06933
1 0.42429 0.85156 0.13273999999999997 0.06835999999999998
1 0.43805 0.50879 0.13273999999999997 0.06835999999999998
1 0.43756 0.592285 0.13961999999999997 0.06738999999999995
1 0.66372 0.5449200000000001 0.10816000000000003 0.14844000000000002
1 0.6592899999999999 0.811035 0.11307999999999996 0.1552699999999999
1 0.6617500000000001 0.314455 0.10815999999999992 0.08984999999999999
1 0.663225 0.20898499999999998 0.10716999999999999 0.08789
1 0.663225 0.108398 0.10324999999999995 0.08398399999999999
2 0.90413 0.230955 0.17994 0.08300999999999997
4 0.7482800000000001 0.546385 0.053100000000000036 0.15722999999999998
4 0.744345 0.8125 0.05507000000000006 0.16016000000000008
4 0.73648 0.1079085 0.03934000000000004 0.088863
4 0.7379549999999999 0.212405 0.038349999999999995 0.08887
4 0.7389349999999999 0.315915 0.038349999999999995 0.08887
5 0.510815 0.694335 0.10914999999999997 0.59765
5 0.268435 0.54297 0.11799000000000001 0.29102
6 0.366765 0.260255 0.057030000000000025 0.047849999999999976
6 0.4351 0.510255 0.12487999999999999 0.06152999999999992
6 0.384955 0.592775 0.026549999999999963 0.06054999999999999
6 0.37463500000000005 0.76514 0.02753 0.06347999999999998
6 0.42478000000000005 0.852055 0.12782 0.06542999999999999
7 0.0619445 0.8037099999999999 0.082591 0.24217999999999995
7 0.31465 0.190432 0.09439999999999998 0.263676
3 0.57768 0.20507640000000002 0.05408000000000002 0.4003872
10 0.905605 0.554685 0.17698999999999998 0.18555000000000005
10 0.905605 0.8125 0.17698999999999998 0.18554000000000004
10 0.90659 0.33740000000000003 0.17501999999999995 0.0791
10 0.90167 0.12939699999999998 0.17501999999999995 0.079106
10 0.7935099999999999 0.22216999999999998 0.03735999999999995 0.04003999999999999
10 0.794985 0.106932 0.010810000000000097 0.04589599999999999
