0 0.5372315 0.51263 0.907797 0.69684
1 0.135635 0.43474 0.047869999999999996 0.09473999999999999
1 0.14007 0.64737 0.04609999999999999 0.09474000000000005
1 0.266845 0.36421000000000003 0.07979 0.04209999999999997
1 0.268615 0.422105 0.07979 0.04420999999999997
1 0.2695 0.614735 0.08156 0.04210999999999998
1 0.27039 0.6715800000000001 0.07977999999999999 0.042099999999999915
1 0.45389999999999997 0.39368000000000003 0.11347999999999997 0.08842
1 0.45389999999999997 0.641055 0.11347999999999997 0.09053
1 0.648935 0.38947 0.11347000000000007 0.08842
1 0.647165 0.64 0.11346999999999996 0.08841999999999994
1 0.855495 0.353685 0.11525000000000007 0.06736999999999999
1 0.85727 0.43157500000000004 0.11524000000000001 0.06736999999999999
1 0.8537250000000001 0.602105 0.11524999999999996 0.06736999999999993
1 0.8537250000000001 0.682105 0.11524999999999996 0.06737000000000004
1 0.5700350000000001 0.94421 0.10460999999999998 0.07367999999999997
1 0.738475 0.946315 0.10461000000000009 0.07369000000000003
1 0.42110000000000003 0.94526 0.05495999999999995 0.08000000000000007
3 0.382095 0.389475 0.04432999999999998 0.13473000000000002
3 0.386525 0.642105 0.046089999999999964 0.13473000000000002
3 0.21188 0.6421049999999999 0.033680000000000015 0.13895000000000002
3 0.207445 0.393685 0.031909999999999994 0.13895000000000002
3 0.5656049999999999 0.38526 0.07801000000000002 0.16842000000000001
3 0.5656049999999999 0.64 0.07801000000000002 0.15999999999999992
4 0.516845 0.38842 0.02658999999999989 0.12841999999999998
4 0.52039 0.642105 0.026599999999999957 0.13053000000000003
4 0.72784 0.390525 0.05142000000000002 0.14105
4 0.72606 0.6421049999999999 0.05142000000000002 0.14315
4 0.62677 0.93895 0.019499999999999962 0.11368
4 0.802305 0.938945 0.019510000000000027 0.11789000000000005
4 0.453015 0.94105 0.019510000000000027 0.11368
5 0.5656049999999999 0.05578765 0.12056999999999995 0.1073647
5 0.75532 0.05789525 0.12056 0.10736949999999999
8 0.349295 0.5147349999999999 0.06383 0.67579
8 0.735815 0.5126350000000001 0.07092999999999994 0.6842100000000001
10 0.453905 0.517895 0.028370000000000006 0.10105000000000003
