0 0.49609328 0.50250625 0.99023344 0.9949875
1 0.092773 0.152882 0.04101400000000001 0.150376
1 0.091306 0.49373500000000003 0.041988 0.14537000000000005
1 0.0898445 0.842105 0.042970999999999995 0.14537
1 0.20507999999999998 0.1591505 0.05860000000000001 0.157899
1 0.2041 0.5 0.058599999999999985 0.15789999999999998
1 0.200195 0.842105 0.05859 0.16040999999999994
1 0.33447499999999997 0.48746999999999996 0.07519000000000003 0.12279999999999996
1 0.333985 0.15162799999999999 0.07421 0.122804
1 0.33496000000000004 0.818295 0.07422000000000001 0.12281000000000009
1 0.43848 0.81579 0.07422000000000001 0.12280000000000002
1 0.43945 0.47995 0.07422000000000001 0.12280000000000002
1 0.43799 0.15162799999999999 0.07519999999999999 0.122804
1 0.53809 0.81579 0.06835999999999998 0.12280000000000002
1 0.53809 0.48245499999999997 0.06835999999999998 0.12281000000000003
1 0.53711 0.150378 0.06835999999999998 0.120304
1 0.640625 0.150378 0.06834999999999991 0.120304
1 0.640625 0.48746999999999996 0.06834999999999991 0.12279999999999996
1 0.6416 0.81454 0.06836000000000009 0.12029999999999996
2 0.90674 0.48621499999999995 0.1435599999999999 0.18546999999999997
1 0.76953 0.154135 0.04687999999999992 0.09774999999999999
1 0.770995 0.830825 0.04784999999999995 0.09775
3 0.6064449999999999 0.8295699999999999 0.054690000000000016 0.24060000000000004
3 0.6025400000000001 0.155389 0.05467999999999995 0.24060199999999998
3 0.59473 0.49123 0.06835999999999998 0.24060000000000004
5 0.6904300000000001 0.84085 0.029299999999999993 0.18296
5 0.6894499999999999 0.49624500000000005 0.029299999999999993 0.18045000000000005
5 0.688475 0.164161 0.029289999999999927 0.18295799999999998
5 0.01416005 0.49373500000000003 0.024413900000000002 0.27067
5 0.01416005 0.81704 0.024413900000000002 0.27068000000000003
5 0.01416005 0.1691705 0.024413900000000002 0.27317899999999995
7 0.764645 0.50501 0.08203000000000005 0.55388
8 0.138675 0.503757 0.06641000000000001 0.972426
8 0.053711 0.503757 0.02539000000000001 0.972426
8 0.251465 0.50501 0.045889999999999986 0.96992
8 0.71045 0.5025055 0.01856000000000002 0.9799490000000001
9 0.20313 0.329575 0.0625 0.04261000000000004
9 0.20215 0.6729350000000001 0.058599999999999985 0.042609999999999926
9 0.48291 0.3208 0.33106 0.09524000000000005
9 0.483885 0.660405 0.33105000000000007 0.09272999999999998
9 0.484375 0.97118 0.32813000000000003 0.047619999999999996
9 0.48193 0.028822 0.32910000000000006 0.037594
9 0.6762699999999999 0.32706500000000005 0.05565999999999993 0.14787
9 0.676755 0.66416 0.054689999999999905 0.15037999999999996
9 0.67578 0.95865 0.05663999999999991 0.07268000000000008
9 0.67578 0.0401004 0.05663999999999991 0.06516319999999999
9 0.29003999999999996 0.31955 0.054680000000000006 0.14286
9 0.291015 0.66291 0.05468999999999996 0.14286
9 0.29004 0.961155 0.058599999999999985 0.06767000000000001
9 0.28808500000000004 0.043859499999999996 0.058589999999999975 0.067669
9 0.16162500000000002 0.32957000000000003 0.02051 0.07268000000000002
9 0.162595 0.67544 0.02051 0.07267999999999997
9 0.889645 0.36466 0.15039000000000002 0.03760000000000002
9 0.8911100000000001 0.285715 0.15332 0.035089999999999955
9 0.8925799999999999 0.62782 0.1543 0.03759999999999997
9 0.8925799999999999 0.70426 0.1543 0.03508
9 0.978515 0.70426 0.017569999999999975 0.05011999999999994
9 0.97803 0.62782 0.01660000000000006 0.047619999999999996
9 0.976075 0.286965 0.016610000000000014 0.05263000000000001
9 0.97412 0.36717 0.016599999999999948 0.057640000000000025
10 0.9042950000000001 0.15539 0.13866999999999996 0.09523999999999999
10 0.910155 0.83709 0.13866999999999996 0.09523999999999999
