0 0.58603 0.5257000000000001 0.81174 0.8047000000000001
1 0.32692 0.63583 0.15182 0.09397999999999995
1 0.323885 0.44347000000000003 0.15385 0.09398000000000001
1 0.59615 0.667405 0.15181999999999995 0.05727000000000004
1 0.5981799999999999 0.541115 0.15181999999999995 0.05726999999999993
1 0.5981799999999999 0.41483499999999995 0.15181999999999995 0.05726999999999999
1 0.554655 0.29589 0.07286999999999999 0.045520000000000005
1 0.550605 0.7797350000000001 0.07286999999999999 0.046989999999999976
1 0.88259 0.779 0.15383999999999998 0.08075999999999994
1 0.891705 0.29147999999999996 0.15586999999999995 0.08664
1 0.861335 0.540385 0.06274999999999997 0.04404999999999992
2 0.9089050000000001 0.63069 0.15788999999999997 0.06901999999999997
2 0.9068849999999999 0.44567 0.15788999999999997 0.06901999999999997
4 0.59413 0.296625 0.022260000000000058 0.07929000000000003
4 0.5900799999999999 0.7797350000000001 0.022260000000000058 0.07928999999999997
4 0.6751 0.6703399999999999 0.018220000000000014 0.08663999999999994
4 0.6751 0.542585 0.018220000000000014 0.08662999999999998
4 0.67814 0.41335999999999995 0.020240000000000036 0.08664
4 0.96255 0.7797350000000001 0.022259999999999946 0.10866999999999993
4 0.97166 0.29589 0.020240000000000036 0.10720000000000002
4 0.89777 0.541115 0.018220000000000014 0.07194999999999996
4 0.40182 0.632895 0.018220000000000014 0.12041000000000002
4 0.40688 0.443465 0.02023999999999998 0.12040999999999996
6 0.31984 0.372985 0.15789999999999998 0.046989999999999976
6 0.32084999999999997 0.51175 0.15992 0.04846
6 0.323885 0.5682849999999999 0.15789000000000003 0.046989999999999976
6 0.31984 0.70411 0.1498 0.045520000000000005
6 0.55567 0.307635 0.06679999999999997 0.022029999999999994
6 0.55567 0.285605 0.06679999999999997 0.019089999999999996
6 0.55162 0.7900149999999999 0.06679999999999997 0.020549999999999957
6 0.55162 0.768725 0.06679999999999997 0.01909000000000005
6 0.594125 0.36931 0.15586999999999995 0.030840000000000034
6 0.592105 0.46035000000000004 0.15586999999999995 0.030840000000000034
6 0.594125 0.49706000000000006 0.15586999999999995 0.030840000000000034
6 0.594125 0.58664 0.15586999999999995 0.03084000000000009
6 0.594125 0.624815 0.15586999999999995 0.024969999999999937
6 0.594125 0.71292 0.15586999999999995 0.027900000000000036
6 0.8916999999999999 0.31351 0.15181999999999995 0.03964000000000001
6 0.89271 0.272395 0.14979999999999993 0.04259000000000002
6 0.8805700000000001 0.801025 0.14980000000000004 0.03671000000000002
6 0.8805700000000001 0.762115 0.14980000000000004 0.04110999999999998
8 0.474695 0.532305 0.08705000000000002 0.78267
