0 0.5029275 0.5085850000000001 0.980465 0.47575
1 0.24755500000000003 0.390905 0.06543000000000002 0.08484999999999998
1 0.24902000000000002 0.51566 0.06250000000000003 0.08182
1 0.25049 0.63586 0.06347999999999998 0.08182
1 0.393555 0.392425 0.05859000000000003 0.08181
1 0.394045 0.51566 0.05957000000000001 0.08182
1 0.394045 0.63485 0.05957000000000001 0.08182
1 0.55322 0.393435 0.06152000000000002 0.08181
1 0.55322 0.51465 0.06152000000000002 0.08182000000000006
1 0.55322 0.63485 0.06152000000000002 0.08182
1 0.7084950000000001 0.39444500000000005 0.061529999999999974 0.08181
1 0.70898 0.51566 0.0625 0.08182
1 0.70801 0.63586 0.0625 0.08182
1 0.86621 0.393435 0.0625 0.08181
1 0.8647450000000001 0.63586 0.061529999999999974 0.08182
4 0.6025400000000001 0.39444 0.039059999999999984 0.10202
4 0.601565 0.51566 0.037109999999999976 0.10202
4 0.601565 0.6363650000000001 0.037109999999999976 0.10303000000000007
4 0.9018550000000001 0.39393500000000004 0.012689999999999979 0.11110999999999999
4 0.9018550000000001 0.638385 0.012689999999999979 0.11111000000000004
5 0.0454105 0.39697000000000005 0.043945 0.10708000000000001
5 0.0458985 0.51162 0.04296899999999999 0.11414000000000002
5 0.0458985 0.6292949999999999 0.044921 0.11110999999999993
5 0.434085 0.391915 0.053710000000000035 0.10909000000000002
5 0.451175 0.51465 0.05859000000000003 0.12424000000000002
5 0.44140999999999997 0.637375 0.03906000000000004 0.10909000000000002
5 0.75732 0.391915 0.040040000000000076 0.10100999999999999
5 0.756835 0.516165 0.037109999999999976 0.10909000000000008
5 0.756835 0.63586 0.037109999999999976 0.09596000000000005
5 0.1254865 0.153533 0.059566999999999995 0.189894
5 0.26563 0.153533 0.06249999999999997 0.18181399999999998
5 0.4082 0.1560585 0.0625 0.18080300000000002
5 0.548335 0.157578 0.05957000000000001 0.18990399999999996
5 0.13232649999999999 0.890405 0.07324699999999999 0.20909
5 0.27588 0.886365 0.07324 0.20909
5 0.41504 0.886365 0.07225999999999999 0.20909
5 0.552735 0.88687 0.07227000000000006 0.20807999999999993
6 0.248535 0.390405 0.04394999999999996 0.07777
6 0.24414000000000002 0.514145 0.03516 0.07676999999999995
6 0.25439500000000004 0.634345 0.05175000000000002 0.07677
6 0.39697 0.51465 0.05176000000000003 0.07778000000000002
6 0.39795 0.634345 0.05175999999999997 0.07677
6 0.38866999999999996 0.392425 0.035160000000000025 0.07777
6 0.55469 0.394445 0.056640000000000024 0.07777
6 0.554195 0.51465 0.053709999999999924 0.07778000000000002
6 0.5556650000000001 0.63384 0.054690000000000016 0.07778000000000007
6 0.71094 0.394445 0.056640000000000024 0.07777
6 0.71045 0.515155 0.05566000000000004 0.07474999999999998
6 0.70996 0.635355 0.056640000000000024 0.0747500000000001
6 0.8667 0.39495 0.06152000000000002 0.07676
6 0.8647450000000001 0.63586 0.061529999999999974 0.07777999999999996
7 0.819335 0.394445 0.02149000000000001 0.03332999999999997
7 0.8188500000000001 0.6363650000000001 0.022460000000000035 0.03434999999999999
3 0.6543 0.394945 0.039060000000000095 0.09090999999999999
3 0.65527 0.51667 0.039059999999999984 0.09191999999999995
3 0.65527 0.635355 0.039059999999999984 0.09091000000000005
7 0.35156 0.514645 0.023440000000000016 0.01717000000000002
8 0.169435 0.508585 0.06153 0.46362999999999993
8 0.291015 0.514645 0.03514999999999996 0.46363
8 0.76465 0.51313 0.058600000000000096 0.45858
8 0.94336 0.5136350000000001 0.02734000000000003 0.45150999999999997
8 0.0493165 0.51212 0.047851000000000005 0.44444
3 0.506345 0.51414 0.024409999999999932 0.16767999999999994
