0 0.5 0.47292855 0.7309399999999999 0.9363029
1 0.55493 0.31051 0.15022000000000002 0.1242
1 0.55717 0.490445 0.14574000000000004 0.12738999999999995
1 0.55493 0.66879 0.14574000000000004 0.12738000000000005
1 0.558295 0.838375 0.13901000000000002 0.11624999999999996
1 0.536995 0.16481 0.11434999999999995 0.06527999999999998
1 0.30157 0.1321655 0.10538000000000003 0.181529
1 0.30045 0.313695 0.10314000000000001 0.18153
1 0.30493 0.494425 0.10314000000000001 0.17992999999999998
1 0.30942000000000003 0.67436 0.10313999999999995 0.17994
1 0.33072 0.851915 0.06502000000000002 0.16879
1 0.0695065 0.43949000000000005 0.049327 0.035040000000000016
1 0.07287 0.589175 0.047085999999999996 0.035030000000000006
1 0.07174900000000001 0.218155 0.049328 0.03502999999999998
1 0.073991 0.070064 0.049328000000000004 0.03503200000000001
1 0.073991 0.132165 0.03139 0.02228999999999999
1 0.071749 0.16003 0.031389999999999994 0.020699999999999996
1 0.070628 0.28344 0.033631999999999995 0.022300000000000042
1 0.070628 0.30811999999999995 0.033631999999999995 0.020699999999999996
1 0.069507 0.35429999999999995 0.03139 0.020699999999999996
1 0.069507 0.37978 0.03139 0.020699999999999996
1 0.075112 0.503185 0.033631999999999995 0.022289999999999976
1 0.076233 0.52946 0.031389999999999994 0.02070000000000005
3 0.0246638 0.594745 0.0313904 0.08438999999999997
3 0.0190581 0.44188 0.0336318 0.08440000000000003
3 0.0190581 0.44188 0.0336318 0.08440000000000003
3 0.021300649999999997 0.22053999999999999 0.0336327 0.08439999999999998
3 0.0257848 0.0740435 0.0336324 0.084393
