0 0.851782 0.733887 0.018762 0.049805
0 0.767355 0.733887 0.018762 0.049805
0 0.653846 0.733887 0.076923 0.049805
0 0.541276 0.733887 0.016886 0.049805
0 0.455910 0.733887 0.022514 0.049805
0 0.343340 0.733887 0.075047 0.049805
0 0.231707 0.733887 0.016886 0.049805
0 0.151032 0.733887 0.013133 0.049805
0 0.500000 0.813965 1.000000 0.372070
0 0.851782 0.650391 0.018762 0.044922
0 0.769231 0.650391 0.018762 0.044922
0 0.655722 0.650391 0.080675 0.044922
0 0.542214 0.650391 0.018762 0.044922
0 0.458724 0.650391 0.020638 0.044922
0 0.344278 0.650391 0.080675 0.044922
0 0.231707 0.650391 0.016886 0.044922
0 0.150094 0.650391 0.018762 0.044922
0 0.963415 0.564941 0.073171 0.053711
0 0.853659 0.564941 0.018762 0.053711
0 0.768293 0.564941 0.020638 0.053711
0 0.653846 0.564941 0.080675 0.053711
0 0.653846 0.482910 0.249531 0.049805
0 0.454972 0.482910 0.020638 0.049805
0 0.342402 0.482910 0.076923 0.049805
0 0.230769 0.482910 0.018762 0.049805
0 0.147280 0.482910 0.020638 0.049805
0 0.500000 0.481445 1.000000 0.382812
0 0.038462 0.316406 0.076923 0.052734
0 0.851782 0.236816 0.022514 0.045898
0 0.771107 0.236816 0.018762 0.045898
0 0.659475 0.236816 0.084428 0.045898
0 0.545028 0.236816 0.024390 0.045898
0 0.463415 0.236816 0.018762 0.045898
0 0.350844 0.236816 0.086304 0.045898
0 0.236398 0.236816 0.022514 0.045898
0 0.154784 0.236816 0.020638 0.045898
0 0.960600 0.181641 0.078799 0.156250
0 0.768293 0.141602 0.302064 0.076172
0 0.461538 0.141602 0.307692 0.076172
0 0.962477 0.070312 0.075047 0.039062
0 0.853659 0.070312 0.026266 0.039062
0 0.768293 0.070312 0.028143 0.039062
0 0.614447 0.070312 0.163227 0.039062
0 0.394934 0.070312 0.163227 0.039062
0 0.242026 0.070312 0.030019 0.039062
0 0.058161 0.070312 0.052533 0.039062
0 0.500000 0.130859 1.000000 0.257812
6 0.764540 0.951172 0.136961 0.078125
6 0.211069 0.938477 0.204503 0.054688
6 0.509381 0.939453 0.204503 0.066406
2 0.922139 0.835938 0.073171 0.041016
2 0.504690 0.833008 0.228893 0.062500
2 0.200750 0.833008 0.213884 0.062500
2 0.771107 0.831543 0.138837 0.065430
2 0.809568 0.735352 0.065666 0.054688
2 0.500000 0.734863 0.065666 0.053711
2 0.412758 0.734863 0.063790 0.053711
2 0.725141 0.734375 0.065666 0.054688
2 0.582552 0.734375 0.065666 0.054688
2 0.272983 0.734375 0.065666 0.054688
2 0.893996 0.732910 0.065666 0.053711
2 0.190432 0.733398 0.065666 0.054688
2 0.111632 0.733398 0.065666 0.054688
2 0.272045 0.652832 0.063790 0.055664
2 0.500938 0.651855 0.063790 0.055664
2 0.416510 0.651855 0.063790 0.055664
2 0.583490 0.650879 0.063790 0.055664
2 0.191370 0.650879 0.063790 0.055664
2 0.107880 0.650879 0.065666 0.055664
2 0.893058 0.648926 0.063790 0.055664
2 0.727955 0.648926 0.063790 0.055664
2 0.810507 0.647949 0.063790 0.055664
2 0.272045 0.568848 0.063790 0.055664
2 0.107880 0.568848 0.065666 0.055664
2 0.187617 0.567871 0.063790 0.055664
2 0.499062 0.566895 0.063790 0.055664
2 0.414634 0.566895 0.063790 0.055664
2 0.581614 0.565918 0.063790 0.055664
2 0.726079 0.564941 0.063790 0.055664
2 0.894934 0.563965 0.063790 0.055664
2 0.811445 0.563965 0.065666 0.055664
2 0.272045 0.482910 0.063790 0.055664
2 0.189493 0.482910 0.063790 0.055664
2 0.105066 0.482910 0.063790 0.055664
2 0.412758 0.480957 0.063790 0.055664
2 0.896811 0.479004 0.063790 0.053711
2 0.811445 0.479980 0.065666 0.055664
2 0.497186 0.479980 0.063790 0.055664
2 0.727955 0.479004 0.063790 0.055664
2 0.580675 0.479004 0.065666 0.055664
2 0.186679 0.397461 0.061914 0.054688
2 0.106942 0.397461 0.063790 0.054688
2 0.893996 0.396484 0.061914 0.054688
2 0.497186 0.396484 0.063790 0.054688
2 0.415572 0.396484 0.061914 0.054688
2 0.269231 0.396484 0.061914 0.054688
2 0.811445 0.395020 0.061914 0.053711
2 0.581614 0.395020 0.063790 0.053711
2 0.728893 0.394043 0.061914 0.053711
2 0.189493 0.316406 0.063790 0.050781
2 0.107880 0.316895 0.061914 0.053711
2 0.892120 0.314941 0.058161 0.051758
2 0.810507 0.314941 0.060038 0.051758
2 0.420263 0.314453 0.060038 0.050781
2 0.273921 0.314941 0.060038 0.051758
2 0.729831 0.313477 0.060038 0.050781
2 0.585366 0.313477 0.060038 0.050781
2 0.500938 0.313477 0.060038 0.050781
2 0.424015 0.237305 0.060038 0.050781
2 0.114447 0.237305 0.060038 0.050781
2 0.893058 0.236328 0.060038 0.050781
2 0.502814 0.236328 0.060038 0.050781
2 0.810507 0.235352 0.060038 0.050781
2 0.731707 0.235352 0.060038 0.050781
2 0.587242 0.235352 0.060038 0.050781
2 0.277674 0.235352 0.060038 0.050781
2 0.195122 0.235352 0.060038 0.050781
2 0.116323 0.158203 0.060038 0.054688
2 0.811445 0.156738 0.061914 0.053711
2 0.198874 0.157227 0.060038 0.054688
2 0.891182 0.156250 0.060038 0.054688
2 0.730769 0.156250 0.061914 0.054688
2 0.503752 0.156250 0.061914 0.054688
2 0.276735 0.156250 0.061914 0.054688
2 0.587242 0.155273 0.060038 0.054688
2 0.423077 0.155273 0.061914 0.054688
2 0.895872 0.070801 0.058161 0.040039
2 0.197936 0.070801 0.058161 0.040039
2 0.113508 0.070801 0.058161 0.040039
2 0.811445 0.070312 0.058161 0.041016
2 0.725141 0.069824 0.058161 0.040039
2 0.285178 0.069824 0.056285 0.040039
2 0.590056 0.068848 0.058161 0.040039
2 0.504690 0.069336 0.056285 0.041016
2 0.421201 0.068848 0.058161 0.040039
3 0.497186 0.787598 0.990619 0.057617
3 0.497186 0.690918 0.994371 0.036133
3 0.500938 0.609863 0.998124 0.036133
3 0.505629 0.522949 0.988743 0.030273
3 0.500000 0.442383 0.996248 0.031250
3 0.499062 0.357910 0.998124 0.030273
3 0.500000 0.274902 1.000000 0.030273
3 0.500000 0.196777 0.996248 0.034180
3 0.500938 0.096680 0.998124 0.013672
3 0.987805 0.027344 0.024390 0.046875
3 0.474672 0.027344 0.919325 0.046875
9 0.955910 0.135254 0.073171 0.081055
9 0.041276 0.135742 0.075047 0.082031
9 0.652908 0.133301 0.075047 0.081055
9 0.344278 0.133301 0.073171 0.081055
9 0.850844 0.068848 0.024390 0.040039
9 0.070356 0.068848 0.024390 0.040039
9 0.766417 0.067383 0.024390 0.041016
9 0.374296 0.066895 0.024390 0.040039
9 0.155722 0.066895 0.026266 0.040039
9 0.239212 0.066406 0.024390 0.041016
9 0.644465 0.042969 0.046904 0.072266
9 0.332083 0.046387 0.045028 0.081055
9 0.026266 0.047852 0.041276 0.083984
9 0.958724 0.046387 0.075047 0.084961
