0 0.49902328 0.50112325 0.99609344 0.9887935
1 0.27002000000000004 0.869955 0.15136 0.08968999999999994
1 0.285155 0.1065 0.15429 0.08743999999999999
1 0.524905 0.858745 0.15136999999999995 0.08969000000000005
1 0.546385 0.100897 0.15137 0.08968600000000002
1 0.283695 0.6838599999999999 0.18456999999999998 0.08072000000000001
1 0.27636499999999997 0.5112099999999999 0.16797 0.08072000000000001
1 0.27588 0.33184 0.15528 0.08071999999999996
1 0.54883 0.67601 0.19726000000000005 0.08743999999999996
1 0.546385 0.5033650000000001 0.18456999999999996 0.09641
1 0.53418 0.32175 0.15430000000000005 0.08295999999999998
2 0.88916 0.1199565 0.16893999999999998 0.087447
1 0.757325 0.108743 0.043950000000000045 0.100894
3 0.41553 0.8509 0.06152000000000002 0.20852000000000004
3 0.42187 0.30381 0.0625 0.20851999999999998
3 0.4292 0.0997743 0.05565999999999999 0.1816114
3 0.163575 0.58072 0.05567 0.3721999999999999
3 0.166015 0.0997755 0.07030999999999998 0.177129
3 0.16455 0.31054 0.08692 0.18610000000000002
3 0.16162 0.86659 0.08692000000000001 0.18610000000000004
5 0.36328000000000005 0.532515 0.13672 0.46860999999999997
5 0.367675 0.862105 0.04394999999999999 0.09193000000000007
5 0.384765 0.106504 0.04492999999999997 0.09193199999999999
5 0.62549 0.860985 0.04394000000000009 0.08969000000000005
5 0.643065 0.10313800000000001 0.043949999999999934 0.089684
6 0.277345 0.880045 0.13281 0.06052999999999997
6 0.2915 0.693945 0.16504000000000002 0.056050000000000044
6 0.285155 0.52242 0.14649 0.05830000000000002
6 0.28418 0.34304999999999997 0.13282000000000002 0.049319999999999975
6 0.29346 0.12668000000000001 0.13573999999999997 0.0426
6 0.529785 0.87332 0.13965 0.05606
6 0.55371 0.68834 0.18164000000000002 0.05829999999999991
6 0.55176 0.52018 0.16991999999999996 0.05829999999999996
6 0.53906 0.33408 0.14257999999999993 0.04932000000000003
6 0.54883 0.12332 0.14257999999999998 0.035879999999999995
7 0.69043 0.49887750000000003 0.08397999999999994 0.966365
8 0.085451 0.5044845 0.137698 0.968611
10 0.851565 0.510085 0.25977000000000006 0.11435000000000001
10 0.844725 0.698435 0.25976999999999995 0.11434999999999995
10 0.8457049999999999 0.869955 0.25976999999999995 0.11211000000000004
10 0.856935 0.332955 0.2587900000000001 0.11434999999999995
9 0.55713 0.919285 0.18847999999999998 0.03139000000000003
9 0.55859 0.800445 0.18750000000000006 0.03139000000000003
9 0.55908 0.735425 0.18848000000000004 0.03139000000000003
9 0.55176 0.61547 0.17188000000000003 0.029140000000000055
9 0.55225 0.56166 0.17090000000000005 0.029140000000000055
9 0.55566 0.442825 0.16991999999999996 0.029149999999999954
9 0.5561499999999999 0.377805 0.17089999999999994 0.02915000000000001
9 0.566895 0.26121 0.18846999999999997 0.029140000000000027
9 0.572755 0.161435 0.18846999999999997 0.02690999999999999
9 0.575685 0.043722 0.18846999999999997 0.029148
9 0.470705 0.0392375 0.02149000000000001 0.042601
9 0.467775 0.15695 0.02149000000000001 0.04483999999999999
9 0.461915 0.26233 0.02149000000000001 0.04483999999999999
9 0.461425 0.3778 0.01855000000000001 0.04260000000000003
9 0.460935 0.442825 0.019529999999999992 0.04260999999999998
9 0.45752000000000004 0.55942 0.018559999999999965 0.04259999999999997
9 0.456545 0.6132299999999999 0.01855000000000001 0.04260000000000008
9 0.456055 0.7320599999999999 0.019529999999999992 0.03812000000000004
9 0.45459 0.80045 0.01856000000000002 0.04035999999999995
9 0.453125 0.91928 0.019530000000000047 0.04035999999999995
9 0.29541 0.739915 0.17872 0.03139000000000003
9 0.28418 0.622195 0.15234 0.029149999999999898
9 0.28418 0.567265 0.15234 0.03139000000000003
9 0.28662 0.449555 0.15331999999999998 0.02915000000000001
9 0.19922 0.44731 0.02148 0.04260000000000003
9 0.197265 0.56839 0.02149000000000001 0.04260000000000008
9 0.197265 0.6222 0.02149000000000001 0.04259999999999997
9 0.19531500000000002 0.7387900000000001 0.01953000000000002 0.04260000000000008
