0 0.4887675 0.5020808999999999 0.889645 0.9875181999999999
1 0.19434 0.184465 0.11914000000000002 0.10541
1 0.19530999999999998 0.453535 0.11914 0.10541
1 0.19629 0.72469 0.11913999999999997 0.10402
1 0.480955 0.180305 0.15137 0.09709000000000001
1 0.483395 0.453535 0.15039000000000002 0.09708999999999995
1 0.48046500000000003 0.73509 0.15039000000000002 0.09708000000000006
1 0.788575 0.45977999999999997 0.12597000000000003 0.10679999999999995
1 0.782715 0.17892 0.12597000000000003 0.10818
2 0.825195 0.73856 0.20703000000000005 0.12344
3 0.36816499999999996 0.181 0.06641000000000002 0.17059999999999997
3 0.36572499999999997 0.45631 0.06543000000000004 0.17198000000000002
3 0.37011499999999997 0.7337 0.06641000000000002 0.17198000000000002
4 0.266115 0.18169 0.03027000000000002 0.14701999999999998
4 0.26709 0.45215 0.028320000000000012 0.14980000000000004
4 0.268555 0.7239949999999999 0.029289999999999983 0.15256999999999998
4 0.86328 0.45492 0.02734000000000003 0.15534000000000003
4 0.858885 0.176837 0.03027000000000002 0.15672599999999998
7 0.59424 0.74272 0.057620000000000005 0.07073999999999991
7 0.59961 0.8564499999999999 0.02734000000000003 0.059640000000000026
7 0.59863 0.622055 0.02733999999999992 0.056869999999999976
8 0.600585 0.4993055 0.09765000000000001 0.962549
8 0.074709 0.503467 0.051761999999999996 0.973646
9 0.790525 0.62205 0.21777000000000002 0.04854000000000003
9 0.789065 0.87032 0.21875 0.040220000000000034
9 0.9140600000000001 0.62205 0.029299999999999993 0.059639999999999915
9 0.91553 0.871705 0.03417999999999999 0.05409000000000008
9 0.6650400000000001 0.62205 0.03320000000000001 0.04854000000000003
9 0.66455 0.87032 0.030279999999999974 0.040220000000000034
7 0.616695 0.95215 0.12793 0.07628000000000001
7 0.61816 0.570735 0.13672000000000006 0.06519000000000008
