3 0.41942999999999997 0.193355 0.02245999999999998 0.13151000000000002
3 0.421385 0.36263 0.01855000000000001 0.08984000000000003
3 0.421875 0.46875 0.017569999999999975 0.09114
1 0.34033 0.359375 0.061519999999999964 0.049470000000000014
1 0.34033 0.4668 0.061519999999999964 0.04818
1 0.46875 0.35872499999999996 0.06640000000000001 0.04816999999999999
1 0.468265 0.4668 0.06542999999999999 0.04818
1 0.34033 0.56641 0.061519999999999964 0.04947999999999997
1 0.468265 0.5677099999999999 0.06542999999999999 0.04948000000000008
3 0.42139000000000004 0.571615 0.016600000000000004 0.09375
1 0.464355 0.692705 0.06542999999999999 0.04427000000000003
1 0.46386499999999997 0.742185 0.06444999999999995 0.04427000000000003
1 0.85791 0.69336 0.06934000000000007 0.037760000000000016
1 0.858395 0.74284 0.07030999999999998 0.037759999999999905
1 0.7275400000000001 0.5670599999999999 0.07032000000000005 0.04818
1 0.8588849999999999 0.56836 0.06933 0.037760000000000016
1 0.8584 0.4681 0.06836000000000009 0.037760000000000016
1 0.7280249999999999 0.46745000000000003 0.07128999999999996 0.049480000000000024
1 0.729005 0.36133 0.07129000000000008 0.04818
2 0.921875 0.365235 0.13477000000000006 0.06900999999999996
1 0.8588849999999999 0.17382999999999998 0.06933 0.03775999999999999
1 0.859375 0.22396 0.06834999999999991 0.03645999999999999
1 0.601075 0.36002500000000004 0.07128999999999996 0.04816999999999999
1 0.601075 0.4668 0.07128999999999996 0.04818
1 0.6005849999999999 0.56641 0.07226999999999995 0.04947999999999997
3 0.54834 0.57487 0.030279999999999974 0.10285999999999995
3 0.54834 0.46875 0.030279999999999974 0.10678000000000004
3 0.5473600000000001 0.36328499999999997 0.028320000000000012 0.10676999999999998
3 0.54541 0.19530999999999998 0.032220000000000026 0.14844
0 0.5366205000000001 0.40494915000000004 0.9091790000000001 0.7994817
1 0.19286999999999999 0.71875 0.038079999999999975 0.039060000000000095
1 0.96777 0.722005 0.04492000000000007 0.06901000000000002
1 0.9668 0.571615 0.04492000000000007 0.03644999999999998
1 0.9668 0.47004999999999997 0.04492000000000007 0.03645999999999999
1 0.96436 0.201175 0.040040000000000076 0.06641
3 0.295895 0.36002999999999996 0.025389999999999968 0.07422000000000001
3 0.295895 0.46614500000000003 0.025389999999999968 0.07291000000000003
3 0.296875 0.56836 0.025390000000000024 0.07421999999999995
3 0.291015 0.191405 0.025389999999999968 0.11718999999999999
3 0.29003999999999996 0.722655 0.027339999999999975 0.12239
4 0.509765 0.19530999999999998 0.04297000000000001 0.13802
4 0.513185 0.36067499999999997 0.04198999999999997 0.09115000000000001
4 0.516605 0.47070500000000004 0.037109999999999976 0.09244999999999998
4 0.515625 0.570315 0.037109999999999976 0.09115000000000006
4 0.64795 0.46745000000000003 0.024419999999999997 0.05207999999999996
4 0.6474599999999999 0.56901 0.023440000000000016 0.052080000000000015
4 0.64795 0.36068 0.024419999999999997 0.052080000000000015
4 0.645995 0.195965 0.024410000000000043 0.09765000000000001
4 0.77832 0.197265 0.02733999999999992 0.09765000000000001
4 0.7793000000000001 0.469405 0.029299999999999993 0.055989999999999984
4 0.7793000000000001 0.56901 0.029299999999999993 0.05468000000000006
4 0.77588 0.720705 0.02635999999999994 0.09765000000000001
5 0.39453000000000005 0.7285200000000001 0.08398 0.1497400000000001
5 0.6474599999999999 0.728515 0.07422000000000006 0.16015000000000001
4 0.897945 0.20052000000000003 0.014650000000000052 0.10156000000000001
4 0.897945 0.4707 0.014650000000000052 0.06119999999999998
4 0.897945 0.5709599999999999 0.014650000000000052 0.06120000000000003
4 0.89746 0.722655 0.015619999999999967 0.10676999999999992
4 0.50781 0.72396 0.029300000000000048 0.125
7 0.31884999999999997 0.10677 0.06934000000000001 0.03906
7 0.48779 0.111327 0.08496000000000004 0.029946
7 0.41503999999999996 0.110675 0.02343999999999996 0.02083
7 0.546875 0.720055 0.029290000000000038 0.03125
7 0.68262 0.36328000000000005 0.023439999999999905 0.07032
7 0.68164 0.46940000000000004 0.023440000000000016 0.07162000000000007
7 0.681155 0.56966 0.024409999999999932 0.0716199999999999
7 0.6806650000000001 0.19726500000000002 0.019529999999999936 0.029950000000000004
7 0.80127 0.364585 0.06738 0.14322999999999997
8 0.24365 0.4036473 0.06348000000000004 0.7890654
8 0.385255 0.4062523 0.047850000000000004 0.7942754000000001
8 0.655275 0.40364520000000004 0.04883000000000004 0.7942696
8 0.78125 0.40494625 0.048820000000000086 0.7942675
9 0.57422 0.113285 0.050779999999999936 0.005210000000000006
9 0.60254 0.11263 0.005859999999999976 0.01432
9 0.543945 0.11327999999999999 0.009770000000000056 0.010419999999999999
9 0.884275 0.315755 0.08691000000000004 0.01433000000000001
9 0.8837900000000001 0.41862 0.08594000000000002 0.01432
9 0.952145 0.31706 0.04882999999999993 0.024739999999999984
9 0.952145 0.41862 0.04882999999999993 0.024739999999999984
9 0.8369150000000001 0.31510499999999997 0.007809999999999984 0.018230000000000024
9 0.8374 0.41862 0.006839999999999957 0.01691999999999999
10 0.931155 0.28385499999999997 0.03027000000000002 0.015629999999999977
1 0.33545 0.190755 0.06348000000000004 0.09245
1 0.46484000000000003 0.19271 0.06836000000000003 0.09636
1 0.59717 0.195315 0.07323999999999997 0.09375
1 0.72656 0.195315 0.07421999999999995 0.09375
1 0.7251 0.720055 0.07323999999999997 0.09375
1 0.5893550000000001 0.717445 0.05761000000000005 0.09634999999999994
1 0.32959 0.721355 0.05176000000000003 0.09635000000000005
1 0.327635 0.90625 0.07128999999999996 0.0677000000000001
1 0.460445 0.903645 0.06542999999999999 0.07030999999999998
4 0.50049 0.9016949999999999 0.02245999999999998 0.09245000000000003
4 0.384765 0.9049499999999999 0.05273 0.08853999999999995
7 0.119145 0.720705 0.03710999999999999 0.027349999999999985
