1 0.774415 0.34375 0.08789000000000002 0.09374000000000005
1 0.7880849999999999 0.540365 0.044930000000000025 0.08333000000000007
2 0.9082 0.539715 0.13085999999999998 0.09764999999999996
1 0.90479 0.738935 0.09082000000000001 0.10546999999999995
1 0.773925 0.73828 0.08691000000000004 0.09114
1 0.6040000000000001 0.7395849999999999 0.09667999999999999 0.07812999999999992
1 0.58496 0.592445 0.058599999999999985 0.04427000000000003
1 0.5834950000000001 0.49153499999999994 0.05567 0.04816999999999999
1 0.6040000000000001 0.34309500000000004 0.09667999999999999 0.08202999999999999
1 0.441405 0.34896 0.08789000000000002 0.07811999999999997
1 0.43994 0.47526 0.08692 0.02864
1 0.43701 0.541015 0.0791 0.05859000000000003
1 0.44092 0.610025 0.08692 0.029950000000000032
1 0.44238 0.735675 0.08594000000000002 0.07813000000000003
1 0.27002000000000004 0.35091 0.0791 0.07942000000000005
1 0.27051000000000003 0.475915 0.07226000000000002 0.03255000000000002
1 0.26709 0.541665 0.06542 0.05989
1 0.27295 0.609375 0.07714000000000001 0.03125
1 0.271485 0.735025 0.07813 0.08202999999999994
0 0.49658328 0.49934915 0.99121344 0.9882816999999999
1 0.268065 0.152345 0.08887 0.044270000000000004
1 0.267575 0.091145 0.08789000000000002 0.044270000000000004
1 0.609375 0.14973999999999998 0.09375 0.044280000000000014
1 0.43506 0.152345 0.08692 0.044270000000000004
1 0.435545 0.0937525 0.08789000000000002 0.04427500000000001
1 0.109376 0.152995 0.07812799999999999 0.04297000000000001
1 0.109376 0.0950535 0.07812799999999999 0.04427300000000001
1 0.1137675 0.9264300000000001 0.077145 0.06120000000000003
1 0.269045 0.92448 0.08886999999999998 0.05989999999999995
1 0.0810565 0.347005 0.039067 0.07421
1 0.08398649999999999 0.740885 0.039067000000000005 0.07291000000000003
2 0.9282250000000001 0.373695 0.12207000000000001 0.04427000000000003
3 0.188965 0.12109349999999999 0.06153 0.145833
3 0.358885 0.1256515 0.061529999999999974 0.14713700000000002
3 0.195315 0.9270799999999999 0.05273 0.10155999999999998
3 0.36084 0.92448 0.05176000000000003 0.10155999999999998
3 0.0644535 0.1236965 0.029297000000000004 0.14322700000000002
3 0.06640599999999999 0.927735 0.027343999999999993 0.10546999999999995
3 0.052246 0.74284 0.038086 0.08463999999999994
3 0.047363 0.347005 0.045897999999999994 0.09245000000000003
4 0.16064499999999998 0.1191385 0.03223000000000001 0.141923
4 0.325685 0.12239649999999999 0.03222999999999998 0.140627
4 0.166015 0.92578 0.03125 0.10155999999999998
4 0.327635 0.9277299999999999 0.03027000000000002 0.1002599999999999
4 0.49804499999999996 0.92383 0.031249999999999944 0.10026000000000002
1 0.44043 0.923825 0.08789999999999998 0.05858999999999992
4 0.501465 0.129555 0.04981000000000002 0.13411
5 0.65723 0.2760415 0.056640000000000024 0.385417
5 0.6582049999999999 0.76693 0.04883000000000004 0.2890600000000001
7 0.180175 0.335285 0.04981000000000002 0.13151000000000002
7 0.18066500000000002 0.74935 0.046869999999999995 0.13932
7 0.17773499999999998 0.54427 0.046869999999999995 0.20834000000000003
7 0.324705 0.540365 0.036129999999999995 0.06770999999999994
7 0.33496000000000004 0.746745 0.027339999999999975 0.035150000000000015
7 0.333985 0.33138 0.02735000000000004 0.03515999999999997
7 0.626465 0.20377499999999998 0.026370000000000005 0.02213000000000001
7 0.61914 0.241535 0.02734000000000003 0.027349999999999985
7 0.617185 0.416015 0.025390000000000024 0.02213000000000004
7 0.621095 0.66081 0.025389999999999913 0.02214000000000005
7 0.62256 0.835285 0.02635999999999994 0.022130000000000094
7 0.624515 0.873045 0.026370000000000005 0.022129999999999983
7 0.6220699999999999 0.61393 0.09179999999999999 0.07162000000000002
7 0.623535 0.46875 0.09276999999999991 0.07292000000000004
7 0.645995 0.541015 0.19629000000000008 0.06901000000000002
7 0.0478515 0.54427 0.039063 0.03646000000000005
8 0.686035 0.4882835 0.03223000000000009 0.9557329999999999
7 0.58838 0.2513 0.11426000000000003 0.03906000000000001
7 0.58447 0.42122 0.11815999999999993 0.037760000000000016
7 0.58447 0.83073 0.11425999999999992 0.039059999999999984
7 0.583495 0.658855 0.11424999999999996 0.03907000000000005
9 0.308595 0.24869999999999998 0.18555 0.02343999999999999
9 0.304685 0.41927000000000003 0.18555 0.026040000000000008
9 0.30371 0.6601600000000001 0.18554 0.026039999999999952
9 0.311525 0.835285 0.18555 0.027350000000000096
9 0.0781255 0.26237 0.054688999999999995 0.024739999999999984
9 0.07714750000000001 0.42773 0.054685 0.024739999999999984
9 0.0844735 0.82357 0.053713 0.024739999999999984
9 0.074707 0.6582 0.038086 0.024739999999999984
9 0.40723 0.24739499999999998 0.011720000000000008 0.044270000000000004
9 0.40283 0.41796500000000003 0.010740000000000027 0.044269999999999976
9 0.40967 0.8378950000000001 0.010740000000000027 0.042970000000000064
9 0.40381 0.664065 0.012700000000000045 0.04427000000000003
9 0.20166 0.24479 0.028320000000000012 0.049479999999999996
9 0.19824 0.41406 0.029299999999999993 0.049480000000000024
9 0.198245 0.6608099999999999 0.025389999999999996 0.04818
9 0.205565 0.83984 0.026370000000000005 0.04947999999999997
9 0.0341795 0.261065 0.033202999999999996 0.03254999999999997
9 0.0332035 0.426435 0.033203 0.03254999999999997
9 0.0410155 0.823565 0.033202999999999996 0.03255000000000008
9 0.0390625 0.65625 0.033202999999999996 0.03386
9 0.516115 0.24805 0.03027000000000002 0.061200000000000004
9 0.510255 0.41927000000000003 0.03027000000000002 0.05207999999999996
9 0.513185 0.83203 0.03027000000000002 0.052080000000000015
9 0.513185 0.66081 0.026370000000000005 0.05078000000000005
10 0.83545 0.342445 0.020499999999999963 0.09635000000000005
10 0.87012 0.415365 0.029299999999999993 0.013029999999999986
10 0.91846 0.31120000000000003 0.10253999999999996 0.049480000000000024
10 0.87988 0.16341 0.03320000000000001 0.035160000000000025
10 0.96631 0.16862 0.010739999999999972 0.01432
10 0.839845 0.738285 0.029289999999999927 0.04427000000000003
10 0.8671899999999999 0.8418 0.03320000000000001 0.024739999999999984
9 0.85254 0.63672 0.19140000000000001 0.026039999999999952
9 0.854495 0.44271000000000005 0.19141000000000008 0.026040000000000008
9 0.95459 0.442055 0.00878000000000001 0.03255000000000002
9 0.952635 0.63737 0.008790000000000076 0.03255999999999992
9 0.721195 0.63672 0.07128999999999996 0.03646000000000005
9 0.7231449999999999 0.44336 0.07128999999999996 0.035160000000000025
