0 0.525002 0.50048985 0.896516 0.9951203
1 0.37558 0.279785 0.33255999999999997 0.11621000000000004
1 0.31279 0.49560499999999996 0.21162000000000003 0.09276999999999996
1 0.31279 0.722165 0.21162000000000003 0.0888699999999999
1 0.7279100000000001 0.72705 0.2348800000000001 0.16308
1 0.734885 0.27588 0.23720999999999992 0.13183999999999998
1 0.7063950000000001 0.0512695 0.13139 0.071289
1 0.32384 0.041015399999999994 0.22674 0.0722652
5 0.47848499999999994 0.282225 0.12208999999999998 0.10937
6 0.344185 0.279785 0.24651000000000003 0.10449
6 0.31686 0.49463 0.19186 0.08495999999999998
6 0.314535 0.724125 0.19882999999999998 0.07715000000000005
6 0.319765 0.03710955 0.20465000000000003 0.0566409
6 0.7058150000000001 0.049805 0.12324999999999997 0.0625
6 0.74128 0.277835 0.20814 0.11621000000000001
6 0.73314 0.717775 0.19418000000000002 0.12304999999999999
8 0.118025 0.5029278 0.07791000000000001 0.9863244
8 0.547675 0.50048795 0.05116999999999994 0.9873041
