1 0.500000 0.500000 1.000000 1.000000
0 0.498459 0.500488 0.990755 0.983398
8 0.785824 0.160156 0.043143 0.119141
8 0.606317 0.159668 0.041602 0.118164
8 0.815100 0.136230 0.132512 0.165039
8 0.573190 0.135254 0.132512 0.163086
8 0.322034 0.135254 0.132512 0.163086
8 0.081664 0.134277 0.132512 0.165039
2 0.198767 0.869629 0.101695 0.098633
2 0.690293 0.868652 0.098613 0.098633
2 0.442989 0.869141 0.100154 0.099609
2 0.921418 0.868652 0.098613 0.100586
2 0.909091 0.639648 0.123267 0.136719
2 0.693374 0.639648 0.135593 0.136719
2 0.442219 0.640625 0.129430 0.140625
2 0.198767 0.639160 0.132512 0.139648
2 0.696456 0.385254 0.114022 0.096680
2 0.917565 0.384277 0.109399 0.098633
2 0.201079 0.384277 0.112481 0.098633
2 0.446071 0.382324 0.112481 0.098633
2 0.921418 0.168945 0.107858 0.093750
2 0.695686 0.167969 0.109399 0.091797
2 0.445300 0.166992 0.114022 0.093750
2 0.201079 0.165527 0.112481 0.096680
3 0.500770 0.255859 0.964561 0.091797
3 0.077812 0.096191 0.010786 0.006836
3 0.023883 0.096191 0.010786 0.006836
3 0.500770 0.059570 0.964561 0.080078
4 0.899076 0.533203 0.161787 0.058594
4 0.698767 0.534180 0.198767 0.060547
4 0.446841 0.533691 0.200308 0.059570
4 0.197997 0.532715 0.201849 0.059570
4 0.912943 0.313965 0.137134 0.034180
4 0.699538 0.314453 0.144838 0.037109
4 0.442989 0.312012 0.146379 0.036133
4 0.200308 0.312012 0.144838 0.036133
7 0.896764 0.733887 0.151002 0.041992
7 0.693374 0.734863 0.181818 0.043945
7 0.443760 0.732910 0.181818 0.043945
7 0.196456 0.731934 0.183359 0.043945
7 0.916795 0.457520 0.138675 0.047852
7 0.700308 0.458008 0.143297 0.048828
7 0.199538 0.457520 0.143297 0.047852
7 0.444530 0.455566 0.143297 0.047852
