4 0.917421 0.807746 0.031674 0.066197
4 0.748303 0.835915 0.145928 0.142254
4 0.476810 0.831690 0.145928 0.142254
4 0.198529 0.830282 0.145928 0.142254
4 0.718891 0.745775 0.071267 0.021127
4 0.208145 0.737324 0.061086 0.032394
4 0.470588 0.733099 0.119910 0.046479
0 0.795814 0.642958 0.055430 0.122535
0 0.668552 0.641549 0.054299 0.122535
0 0.537330 0.640845 0.042986 0.121127
0 0.468891 0.638732 0.055430 0.119718
0 0.402149 0.638028 0.044118 0.121127
0 0.280543 0.634507 0.054299 0.119718
0 0.147059 0.630282 0.056561 0.128169
0 0.798643 0.452113 0.054299 0.107042
0 0.668552 0.451408 0.054299 0.105634
0 0.536765 0.450704 0.041855 0.104225
0 0.403846 0.449296 0.042986 0.107042
0 0.278846 0.447887 0.055430 0.107042
0 0.145928 0.442958 0.054299 0.105634
0 0.533371 0.257746 0.050905 0.098592
0 0.412330 0.257746 0.050905 0.098592
0 0.770928 0.247183 0.064480 0.083099
0 0.694570 0.242958 0.063348 0.083099
0 0.185520 0.241549 0.061086 0.083099
0 0.262443 0.239437 0.061086 0.081690
1 0.467760 0.702113 0.845023 0.029577
1 0.474548 0.300704 0.835973 0.049296
9 0.609729 0.845070 0.049774 0.169014
9 0.336538 0.843662 0.048643 0.169014
7 0.471719 0.124648 0.038462 0.054930
2 0.794683 0.565493 0.096154 0.038028
2 0.667986 0.565493 0.096154 0.038028
2 0.541290 0.564085 0.066742 0.038028
2 0.469457 0.564085 0.074661 0.038028
2 0.394231 0.562676 0.073529 0.038028
2 0.275452 0.559155 0.096154 0.039437
2 0.141403 0.553521 0.101810 0.036620
2 0.728507 0.152113 0.208145 0.109859
2 0.211538 0.149296 0.208145 0.109859
5 0.794683 0.514789 0.075792 0.018310
5 0.669118 0.512676 0.075792 0.016901
5 0.538462 0.511268 0.065611 0.016901
5 0.400452 0.510563 0.065611 0.015493
5 0.277715 0.511268 0.075792 0.019718
5 0.144231 0.505634 0.082579 0.019718
5 0.532805 0.314085 0.074661 0.014085
5 0.412330 0.314085 0.073529 0.014085
