4 0.264706 0.988449 0.340336 0.016502
0 0.651261 0.915017 0.079832 0.127063
0 0.798319 0.914191 0.159664 0.135314
0 0.394958 0.887789 0.067227 0.082508
0 0.294118 0.668317 0.071429 0.125413
0 0.384454 0.666667 0.067227 0.128713
0 0.658613 0.653465 0.132353 0.141914
0 0.808824 0.651815 0.130252 0.145215
0 0.289916 0.437294 0.075630 0.138614
0 0.391807 0.435644 0.077731 0.138614
0 0.658613 0.405116 0.136555 0.133663
0 0.808824 0.403465 0.134454 0.136964
0 0.338235 0.195545 0.105042 0.117162
1 0.518908 0.797855 0.823529 0.034653
5 0.332983 0.745050 0.233193 0.028053
5 0.731092 0.739274 0.365546 0.029703
5 0.731092 0.486799 0.365546 0.029703
5 0.334034 0.270627 0.163866 0.033003
3 0.332983 0.956271 0.237395 0.054455
3 0.731092 0.231023 0.399160 0.092409
3 0.676471 0.094059 0.445378 0.075908
8 0.651261 0.914191 0.075630 0.122112
8 0.795168 0.912541 0.149160 0.128713
8 0.295168 0.886964 0.060924 0.084158
8 0.293067 0.671617 0.065126 0.125413
8 0.384454 0.668317 0.063025 0.125413
8 0.657563 0.658416 0.121849 0.145215
8 0.806723 0.656766 0.121849 0.145215
8 0.337185 0.174092 0.094538 0.074257
