6 0.567871 0.468338 0.026367 0.234828
6 0.484863 0.468997 0.026367 0.236148
0 0.297852 0.676121 0.029297 0.062005
0 0.234863 0.674802 0.028320 0.062005
0 0.368164 0.673483 0.029297 0.062005
0 0.534668 0.672164 0.014648 0.062005
0 0.089844 0.672164 0.029297 0.062005
0 0.686035 0.670844 0.028320 0.062005
0 0.886719 0.669525 0.029297 0.062005
0 0.821777 0.669525 0.028320 0.062005
0 0.953125 0.666887 0.029297 0.062005
0 0.234863 0.552111 0.032227 0.077836
0 0.443848 0.548813 0.036133 0.073879
0 0.159180 0.550132 0.031250 0.076517
0 0.089355 0.550132 0.026367 0.076517
0 0.888184 0.548813 0.024414 0.076517
0 0.757324 0.548813 0.028320 0.076517
0 0.952637 0.547493 0.030273 0.076517
0 0.821289 0.547493 0.031250 0.076517
0 0.610840 0.547493 0.036133 0.076517
0 0.526855 0.548153 0.036133 0.077836
0 0.367188 0.547493 0.031250 0.076517
0 0.686035 0.545515 0.032227 0.077836
0 0.087891 0.420844 0.023438 0.076517
0 0.955078 0.419525 0.031250 0.076517
0 0.823730 0.419525 0.032227 0.076517
0 0.161621 0.420185 0.032227 0.077836
0 0.891113 0.418206 0.026367 0.076517
0 0.754395 0.418206 0.030273 0.076517
0 0.296387 0.418206 0.030273 0.076517
0 0.233887 0.418206 0.026367 0.076517
0 0.443848 0.415567 0.030273 0.073879
0 0.611328 0.414908 0.027344 0.075198
0 0.526367 0.414248 0.027344 0.073879
0 0.685059 0.407652 0.026367 0.073879
0 0.368652 0.408311 0.032227 0.077836
0 0.177246 0.296834 0.020508 0.042216
0 0.880371 0.292876 0.020508 0.042216
0 0.284180 0.292876 0.021484 0.042216
0 0.777344 0.291557 0.021484 0.042216
0 0.514160 0.277045 0.008789 0.034301
1 0.593262 0.734169 0.797852 0.051451
1 0.095703 0.734169 0.072266 0.051451
1 0.527832 0.602243 0.936523 0.046174
1 0.474121 0.467018 0.006836 0.023747
1 0.817383 0.465040 0.361328 0.027704
1 0.579590 0.465040 0.004883 0.027704
1 0.527344 0.465040 0.066406 0.027704
1 0.236816 0.465040 0.360352 0.027704
1 0.528320 0.350264 0.935547 0.032982
9 0.163086 0.711741 0.062500 0.138522
7 0.610840 0.496042 0.040039 0.026385
7 0.443848 0.496702 0.040039 0.027704
7 0.526855 0.495383 0.040039 0.027704
7 0.454102 0.277045 0.111328 0.052770
7 0.582031 0.271108 0.126953 0.064644
2 0.161133 0.499340 0.056641 0.027704
2 0.089844 0.498681 0.056641 0.026385
2 0.234375 0.498681 0.056641 0.029024
2 0.954102 0.496042 0.058594 0.029024
2 0.889648 0.496702 0.058594 0.030343
2 0.823242 0.496702 0.058594 0.030343
2 0.755859 0.496702 0.058594 0.030343
2 0.298340 0.496702 0.055664 0.030343
2 0.368164 0.489446 0.052734 0.039578
2 0.686523 0.487467 0.052734 0.038259
2 0.176758 0.254617 0.046875 0.031662
2 0.881836 0.252639 0.046875 0.030343
2 0.776855 0.252639 0.047852 0.030343
2 0.284180 0.253298 0.046875 0.031662
5 0.609375 0.465699 0.054688 0.026385
5 0.443848 0.465699 0.053711 0.026385
5 0.527344 0.464380 0.054688 0.026385
5 0.368164 0.453826 0.050781 0.013193
5 0.683594 0.451187 0.050781 0.013193
3 0.526855 0.600923 0.053711 0.027704
3 0.611816 0.599604 0.053711 0.027704
3 0.441895 0.599604 0.053711 0.027704
8 0.611328 0.673483 0.029297 0.062005
8 0.442383 0.672823 0.029297 0.060686
8 0.367188 0.672823 0.029297 0.060686
8 0.319824 0.673483 0.014648 0.062005
8 0.276855 0.672823 0.014648 0.060686
8 0.255859 0.672823 0.013672 0.060686
8 0.754883 0.671504 0.029297 0.060686
8 0.664062 0.671504 0.013672 0.060686
8 0.526855 0.672164 0.028320 0.062005
8 0.213379 0.671504 0.014648 0.060686
8 0.111328 0.671504 0.013672 0.060686
8 0.071777 0.671504 0.014648 0.060686
8 0.801758 0.670185 0.013672 0.060686
8 0.706543 0.670185 0.014648 0.060686
8 0.933105 0.668865 0.014648 0.060686
8 0.906738 0.668865 0.014648 0.060686
8 0.869629 0.668865 0.014648 0.060686
8 0.840332 0.668865 0.014648 0.060686
8 0.974121 0.667546 0.014648 0.060686
8 0.138672 0.551451 0.017578 0.076517
8 0.802246 0.550132 0.016602 0.076517
8 0.778320 0.550132 0.017578 0.076517
8 0.297852 0.550132 0.033203 0.076517
8 0.211914 0.550132 0.017578 0.076517
8 0.183594 0.550132 0.017578 0.076517
8 0.112305 0.550132 0.019531 0.076517
8 0.067383 0.550132 0.017578 0.076517
8 0.933594 0.548813 0.017578 0.076517
8 0.734375 0.548813 0.017578 0.076517
8 0.256348 0.549472 0.016602 0.077836
8 0.976074 0.548153 0.016602 0.077836
8 0.908691 0.548153 0.016602 0.077836
8 0.867188 0.548153 0.017578 0.077836
8 0.845215 0.547493 0.016602 0.076517
8 0.343262 0.547493 0.016602 0.076517
8 0.390137 0.546174 0.016602 0.076517
8 0.708496 0.544855 0.016602 0.076517
8 0.662109 0.544855 0.017578 0.076517
8 0.066895 0.420844 0.018555 0.076517
8 0.108887 0.420185 0.018555 0.077836
8 0.977539 0.418206 0.017578 0.076517
8 0.778320 0.418206 0.017578 0.076517
8 0.320312 0.418206 0.017578 0.076517
8 0.211426 0.418865 0.018555 0.077836
8 0.182617 0.418206 0.017578 0.076517
8 0.138672 0.418865 0.017578 0.077836
8 0.936523 0.416887 0.013672 0.076517
8 0.911133 0.416887 0.017578 0.076517
8 0.869141 0.417546 0.017578 0.077836
8 0.845215 0.416887 0.018555 0.076517
8 0.803223 0.416887 0.018555 0.076517
8 0.468262 0.416887 0.018555 0.076517
8 0.419434 0.416887 0.018555 0.076517
8 0.275391 0.416887 0.017578 0.076517
8 0.255859 0.417546 0.017578 0.077836
8 0.734863 0.416227 0.018555 0.077836
8 0.634277 0.416227 0.018555 0.077836
8 0.588379 0.416227 0.018555 0.077836
8 0.549316 0.415567 0.018555 0.076517
8 0.503906 0.415567 0.017578 0.076517
8 0.707031 0.409631 0.017578 0.077836
8 0.662598 0.408971 0.018555 0.076517
8 0.390137 0.409631 0.018555 0.077836
8 0.344238 0.409631 0.018555 0.077836
8 0.189941 0.296174 0.008789 0.038259
8 0.164551 0.296174 0.008789 0.038259
8 0.894531 0.294855 0.009766 0.038259
8 0.270996 0.293536 0.008789 0.038259
8 0.866699 0.292216 0.008789 0.038259
8 0.791504 0.292216 0.008789 0.038259
8 0.763184 0.292216 0.008789 0.038259
8 0.296875 0.292216 0.009766 0.038259
