1 0.500000 0.500000 1.000000 1.000000
0 0.377800 0.743243 0.022403 0.104730
0 0.381874 0.521115 0.018330 0.076014
0 0.385947 0.317568 0.022403 0.043919
0 0.473523 0.500000 0.926680 0.993243
6 0.618126 0.950169 0.083503 0.089527
6 0.419552 0.949324 0.052953 0.091216
6 0.325866 0.948480 0.057026 0.092905
6 0.132383 0.945946 0.081466 0.097973
6 0.849287 0.922297 0.109980 0.070946
6 0.600815 0.842905 0.358452 0.057432
2 0.419552 0.743243 0.061100 0.104730
2 0.335031 0.743243 0.063136 0.104730
2 0.854379 0.741554 0.095723 0.111486
2 0.621181 0.741554 0.089613 0.111486
2 0.140530 0.740709 0.089613 0.113176
2 0.421589 0.521115 0.061100 0.076014
2 0.339104 0.521115 0.067210 0.076014
2 0.854379 0.527027 0.095723 0.111486
2 0.621181 0.527872 0.089613 0.113176
2 0.150713 0.524493 0.089613 0.106419
2 0.151731 0.326858 0.087576 0.116554
2 0.427699 0.303209 0.061100 0.072635
2 0.344196 0.302365 0.061100 0.074324
2 0.853360 0.320946 0.093686 0.118243
2 0.622200 0.320946 0.087576 0.118243
2 0.461303 0.134291 0.181263 0.089527
2 0.582485 0.021115 0.069246 0.028716
3 0.476578 0.872466 0.920570 0.032095
3 0.706721 0.645270 0.439919 0.027027
3 0.136456 0.645270 0.224033 0.027027
3 0.706721 0.388514 0.427699 0.027027
3 0.137475 0.388514 0.238289 0.027027
3 0.471487 0.209459 0.914460 0.070946
4 0.620163 0.692568 0.156823 0.057432
4 0.139511 0.689189 0.156823 0.054054
4 0.622200 0.470439 0.140530 0.072635
4 0.147658 0.468750 0.140530 0.072635
4 0.157841 0.272804 0.169043 0.042230
4 0.622200 0.265203 0.148676 0.037162
4 0.385947 0.269426 0.213849 0.052365
7 0.861507 0.839527 0.150713 0.084459
7 0.616090 0.805743 0.156823 0.016892
7 0.138493 0.810811 0.146640 0.027027
7 0.375764 0.809966 0.197556 0.028716
7 0.619145 0.616554 0.146640 0.064189
7 0.861507 0.614865 0.146640 0.064189
7 0.142566 0.610642 0.146640 0.065878
5 0.367617 0.625000 0.238289 0.131757
5 0.374745 0.411318 0.236253 0.143581
10 0.855397 0.744932 0.089613 0.114865
10 0.620163 0.711993 0.083503 0.048986
10 0.140530 0.744088 0.081466 0.113176
10 0.421589 0.490709 0.057026 0.015203
10 0.340122 0.492399 0.061100 0.018581
10 0.621181 0.485642 0.085540 0.021959
10 0.150713 0.484797 0.085540 0.020270
10 0.152749 0.285473 0.085540 0.027027
10 0.427699 0.285473 0.057026 0.030405
10 0.344196 0.283784 0.057026 0.030405
10 0.622200 0.320946 0.083503 0.114865
10 0.853360 0.320101 0.089613 0.116554
