0 0.5019547 0.568555 0.9921906 0.8628899999999999
1 0.257325 0.28239000000000003 0.24317000000000003 0.14967999999999998
1 0.262205 0.6377349999999999 0.24317000000000003 0.14842999999999995
1 0.573735 0.28302 0.1220699999999999 0.15093999999999996
1 0.57666 0.642135 0.11815999999999993 0.14717000000000002
1 0.82959 0.644655 0.16893999999999998 0.14969
2 0.86426 0.286795 0.23241999999999996 0.14843
3 0.10498 0.27736 0.08496000000000001 0.25032
3 0.1123045 0.63522 0.087891 0.2440199999999999
3 0.7251000000000001 0.64025 0.07520000000000004 0.23395999999999995
4 0.40625 0.28049999999999997 0.0625 0.23396
4 0.410645 0.6383650000000001 0.06542999999999999 0.23019
4 0.66406 0.6421399999999999 0.04492000000000007 0.22515999999999992
7 0.68213 0.28302 0.08495999999999992 0.15346
8 0.441895 0.569815 0.12793 0.83019
9 0.79834 0.46101000000000003 0.25878 0.07170000000000004
9 0.796875 0.8239000000000001 0.2558499999999999 0.06037999999999999
8 0.95703 0.571065 0.07812000000000008 0.85283
9 0.64893 0.460375 0.040040000000000076 0.10063
9 0.64844 0.822645 0.041020000000000056 0.10063
9 0.96045 0.46101 0.06738 0.08175999999999994
9 0.958005 0.8239 0.06641000000000008 0.08050000000000002
