1 0.500000 0.500000 1.000000 1.000000
0 0.503916 0.494629 0.992167 0.983398
6 0.500000 0.904785 0.289817 0.104492
8 0.242820 0.886719 0.062663 0.140625
8 0.720627 0.886230 0.125326 0.141602
8 0.308094 0.886230 0.062663 0.141602
8 0.808094 0.128906 0.054830 0.132812
8 0.750653 0.128418 0.060052 0.131836
8 0.579634 0.127930 0.062663 0.132812
8 0.409922 0.126953 0.057441 0.132812
8 0.215405 0.126953 0.112272 0.132812
2 0.088773 0.813965 0.104439 0.034180
2 0.904700 0.812500 0.101828 0.033203
2 0.898172 0.747070 0.067885 0.035156
2 0.496084 0.743652 0.073107 0.028320
2 0.091384 0.747559 0.067885 0.036133
2 0.661880 0.742676 0.070496 0.030273
2 0.090078 0.686035 0.070496 0.032227
2 0.330287 0.686035 0.070496 0.034180
2 0.898172 0.685059 0.073107 0.034180
2 0.663185 0.684570 0.073107 0.033203
2 0.496084 0.684082 0.073107 0.034180
2 0.087467 0.631348 0.070496 0.032227
2 0.896867 0.631348 0.070496 0.034180
2 0.497389 0.630371 0.070496 0.034180
2 0.330287 0.630371 0.070496 0.034180
2 0.663185 0.628418 0.073107 0.034180
2 0.900783 0.576660 0.073107 0.034180
2 0.090078 0.576172 0.070496 0.033203
2 0.663185 0.575684 0.073107 0.034180
2 0.334204 0.575684 0.073107 0.034180
2 0.498695 0.574707 0.073107 0.034180
2 0.896867 0.522949 0.070496 0.034180
2 0.092689 0.521973 0.070496 0.032227
2 0.661880 0.520996 0.070496 0.034180
2 0.500000 0.519531 0.070496 0.033203
2 0.330287 0.519531 0.070496 0.033203
2 0.898172 0.468262 0.073107 0.034180
2 0.090078 0.466309 0.070496 0.032227
2 0.663185 0.465332 0.073107 0.034180
2 0.497389 0.464844 0.070496 0.033203
2 0.331593 0.465332 0.073107 0.034180
2 0.896867 0.412598 0.070496 0.034180
2 0.090078 0.411621 0.070496 0.032227
2 0.663185 0.410645 0.073107 0.034180
2 0.498695 0.410156 0.073107 0.033203
2 0.330287 0.410156 0.070496 0.033203
2 0.900783 0.353027 0.073107 0.034180
2 0.092689 0.349121 0.070496 0.032227
2 0.660574 0.348145 0.073107 0.034180
2 0.496084 0.348145 0.073107 0.034180
2 0.331593 0.348145 0.073107 0.034180
2 0.896867 0.297363 0.070496 0.034180
2 0.330287 0.294922 0.070496 0.033203
2 0.090078 0.294922 0.070496 0.033203
2 0.660574 0.294434 0.073107 0.034180
2 0.498695 0.293457 0.073107 0.034180
2 0.899478 0.244141 0.070496 0.033203
2 0.090078 0.240723 0.065274 0.032227
2 0.497389 0.239258 0.070496 0.033203
2 0.663185 0.238770 0.073107 0.034180
2 0.330287 0.238770 0.070496 0.034180
2 0.869452 0.184570 0.093995 0.023438
2 0.114883 0.180176 0.114883 0.026367
2 0.492167 0.166992 0.127937 0.052734
2 0.661880 0.166016 0.122715 0.054688
2 0.327676 0.165527 0.122715 0.055664
2 0.872063 0.138672 0.088773 0.054688
2 0.110966 0.133789 0.112272 0.052734
2 0.665796 0.095703 0.120104 0.062500
2 0.498695 0.095703 0.125326 0.062500
2 0.327676 0.095215 0.122715 0.061523
9 0.091384 0.906250 0.104439 0.089844
9 0.904700 0.905273 0.107050 0.089844
9 0.330287 0.731934 0.127937 0.049805
4 0.898172 0.723633 0.109661 0.013672
4 0.660574 0.722656 0.109661 0.013672
4 0.493473 0.722656 0.109661 0.013672
4 0.091384 0.722656 0.109661 0.013672
7 0.088773 0.775391 0.104439 0.019531
7 0.900783 0.773926 0.104439 0.018555
5 0.502611 0.770508 0.556136 0.025391
