0 0.5014225 0.50097655 0.997155 0.9980469
1 0.23471 0.057129 0.14794000000000002 0.038086
1 0.22404000000000002 0.21338000000000001 0.14652 0.038079999999999975
1 0.214795 0.38183500000000004 0.14793 0.03711000000000003
1 0.21123999999999998 0.55957 0.14651999999999998 0.041020000000000056
1 0.21764 0.73584 0.14794 0.03808
1 0.22830499999999998 0.9116200000000001 0.14651 0.03808
1 0.55903 0.557125 0.18208000000000002 0.04198999999999997
1 0.55903 0.37695500000000004 0.18208000000000002 0.04297000000000001
1 0.559035 0.052246 0.17639 0.038086
1 0.5561849999999999 0.20752 0.17638999999999994 0.03808
1 0.5633 0.733395 0.18492000000000003 0.04296999999999995
1 0.5633 0.912595 0.17638000000000004 0.04199000000000008
1 0.887625 0.55078 0.16216999999999993 0.058599999999999985
1 0.8790899999999999 0.90674 0.15648000000000006 0.05176000000000003
1 0.8862000000000001 0.728515 0.15932000000000002 0.05859000000000003
1 0.8819349999999999 0.374515 0.16217000000000004 0.05957000000000001
1 0.871975 0.207035 0.15647 0.054690000000000016
1 0.86344 0.0488285 0.15078000000000003 0.05078099999999999
3 0.142245 0.0561525 0.03129000000000001 0.06347699999999999
3 0.128735 0.21387 0.03271 0.0625
3 0.11878 0.37939500000000004 0.03272000000000001 0.06346999999999997
3 0.11451049999999999 0.55664 0.032718999999999984 0.0625
3 0.12090999999999999 0.73535 0.03129999999999998 0.0625
3 0.450925 0.73047 0.08534999999999998 0.08398000000000005
3 0.44950500000000004 0.55176 0.08534999999999998 0.08398000000000005
3 0.446655 0.37256 0.08534999999999998 0.08496000000000004
3 0.44808000000000003 0.2041 0.08534000000000003 0.08398
3 0.44950500000000004 0.04882795 0.08534999999999998 0.08398409999999999
4 0.34282 0.051757500000000005 0.06828000000000001 0.060547000000000004
4 0.33570500000000003 0.20947 0.07397000000000004 0.06348000000000001
4 0.325745 0.37598 0.07396999999999998 0.0625
4 0.32148 0.55078 0.07396000000000003 0.0625
4 0.32788 0.731935 0.07540000000000002 0.06346999999999992
4 0.340685 0.9106449999999999 0.07539000000000001 0.05957000000000001
4 0.68421 0.91016 0.07396000000000003 0.07421999999999995
4 0.688475 0.72949 0.07396999999999998 0.08008000000000004
4 0.685635 0.55078 0.07397000000000009 0.08008000000000004
4 0.684925 0.37158 0.07539000000000007 0.08105999999999997
4 0.679235 0.205565 0.07538999999999996 0.08105000000000001
4 0.675675 0.0478515 0.07396999999999998 0.074219
4 0.9445250000000001 0.050293000000000004 0.01707000000000003 0.063476
4 0.954485 0.20459 0.01707000000000003 0.06348000000000001
4 0.9701249999999999 0.38037 0.01707000000000003 0.06347999999999998
4 0.9751099999999999 0.549805 0.021340000000000026 0.07813000000000003
4 0.9708399999999999 0.72656 0.021340000000000026 0.07811999999999997
4 0.962305 0.904785 0.02132999999999996 0.06933
8 0.058319949999999995 0.5029295500000001 0.1052601 0.9882809
8 0.72475 0.4995114 0.03839999999999999 0.9892572000000001
9 0.399715 0.12842 0.4978699999999999 0.022459999999999994
9 0.399005 0.291995 0.5106700000000001 0.019529999999999992
9 0.39118 0.46582 0.50924 0.019540000000000002
9 0.395445 0.64844 0.52347 0.021479999999999944
9 0.39758 0.82422 0.50782 0.01758000000000004
9 0.411805 0.986815 0.49075 0.020510000000000028
9 0.679945 0.12549 0.05974999999999997 0.034180000000000016
9 0.68421 0.291505 0.059740000000000015 0.03027000000000002
9 0.68421 0.46436 0.07112000000000007 0.03417999999999999
9 0.6899 0.6450199999999999 0.07111999999999996 0.032220000000000026
9 0.68777 0.821775 0.0697000000000001 0.03222999999999998
9 0.68563 0.98584 0.059740000000000015 0.02636000000000005
9 0.117352 0.132325 0.06969600000000001 0.032229999999999995
9 0.107398 0.293945 0.06970399999999999 0.03321000000000002
9 0.10170799999999999 0.469235 0.06970399999999999 0.03222999999999998
9 0.099572 0.648925 0.06827599999999999 0.03222999999999998
9 0.1095305 0.825195 0.06827899999999999 0.03320999999999996
9 0.13086899999999999 0.984375 0.068282 0.029290000000000038
3 0.44950500000000004 0.910155 0.08534999999999998 0.08399000000000001
3 0.136555 0.91309 0.03129 0.0625
