0 0.550565 0.5101625 0.88989 0.947155
1 0.453935 0.11687049999999999 0.08539000000000002 0.071139
1 0.45618000000000003 0.21239999999999998 0.08539999999999998 0.07114000000000001
1 0.45730499999999996 0.39126 0.08315 0.07113999999999998
1 0.45842499999999997 0.57012 0.08539000000000002 0.07113999999999998
1 0.45842499999999997 0.74898 0.08539000000000002 0.07113999999999998
1 0.46292 0.8689 0.08539999999999998 0.07113999999999998
1 0.6134850000000001 0.87398 0.07640999999999998 0.06503999999999999
1 0.611235 0.7439 0.07640999999999998 0.06503999999999999
1 0.60899 0.56504 0.07640000000000002 0.06503999999999999
1 0.607865 0.39228 0.07414999999999994 0.06503999999999999
1 0.60562 0.204265 0.07416 0.06707000000000002
1 0.6022449999999999 0.109758 0.07191000000000003 0.06504399999999999
1 0.85955 0.48983999999999994 0.11012 0.04877999999999999
1 0.8393250000000001 0.63313 0.07865 0.07113999999999998
1 0.850565 0.13821 0.12809000000000004 0.03251999999999999
1 0.851685 0.175815 0.13033000000000006 0.030490000000000017
1 0.19438 0.275405 0.06966 0.030490000000000017
1 0.193255 0.316055 0.07191 0.03048999999999996
1 0.194385 0.070122 0.015730000000000022 0.022357999999999996
1 0.19550499999999998 0.15549000000000002 0.017970000000000014 0.02236000000000002
1 0.3 0.656505 0.015739999999999976 0.02032999999999996
2 0.8606750000000001 0.8363849999999999 0.12134999999999996 0.16057
4 0.50112 0.112803 0.01797999999999994 0.103654
4 0.50112 0.21748 0.01797999999999994 0.09756000000000001
4 0.504495 0.39228 0.015730000000000022 0.09755999999999998
4 0.50562 0.57317 0.017979999999999996 0.09755999999999998
4 0.50562 0.74797 0.017979999999999996 0.09350000000000003
4 0.507865 0.87297 0.01797000000000004 0.09145999999999999
4 0.644945 0.11280649999999999 0.01797000000000004 0.09146699999999999
4 0.6471899999999999 0.208335 0.017979999999999996 0.09147000000000002
4 0.64944 0.38923 0.017979999999999996 0.09145999999999999
4 0.6516850000000001 0.567075 0.01796999999999993 0.09349000000000007
4 0.65618 0.74492 0.017979999999999996 0.09145999999999999
4 0.65618 0.870935 0.017979999999999996 0.09146999999999994
4 0.92247 0.15752 0.011239999999999917 0.09960000000000001
4 0.9202250000000001 0.4939 0.011229999999999962 0.08129999999999998
4 0.8831450000000001 0.63923 0.01796999999999993 0.10365999999999997
6 0.455055 0.271345 0.08315 0.03454999999999997
6 0.45618000000000003 0.336385 0.08539999999999998 0.03454999999999997
6 0.45842499999999997 0.44715499999999997 0.08539000000000002 0.036589999999999956
6 0.45281 0.058942999999999995 0.08313999999999999 0.036586
6 0.45730499999999996 0.5172749999999999 0.08315 0.03454999999999997
6 0.45730499999999996 0.62805 0.08315 0.03658000000000006
6 0.45842499999999997 0.697155 0.08539000000000002 0.03659000000000001
6 0.45842499999999997 0.80183 0.08539000000000002 0.034560000000000035
6 0.46067 0.814025 0.08090000000000003 0.03455000000000008
6 0.460675 0.924795 0.08538999999999997 0.03659000000000001
6 0.60112 0.061992 0.07416 0.030488
6 0.604495 0.259145 0.07641000000000009 0.03455
6 0.604495 0.338415 0.07641000000000009 0.034550000000000025
6 0.60562 0.446135 0.07416 0.03454999999999997
6 0.60562 0.51118 0.07416 0.034560000000000035
6 0.60562 0.62195 0.07416 0.03658000000000006
6 0.61236 0.694105 0.07416 0.03454999999999997
6 0.61236 0.7957350000000001 0.07416 0.03454999999999997
6 0.61236 0.82114 0.07416 0.03658000000000006
6 0.6134850000000001 0.925815 0.07640999999999998 0.03454999999999997
7 0.78427 0.2937 0.24719999999999998 0.33536
8 0.39775 0.5101600000000001 0.04493999999999998 0.9390200000000001
8 0.5539350000000001 0.51626 0.01572999999999991 0.8130000000000001
10 0.75281 0.76118 0.06742000000000004 0.3435
