0 0.5019547 0.514061 0.9921906 0.887498
1 0.173825 0.22109499999999999 0.08202999999999999 0.11406999999999998
1 0.32861 0.221875 0.09082000000000001 0.11251
1 0.172855 0.8085899999999999 0.08202999999999999 0.11405999999999994
1 0.33057000000000003 0.81094 0.09081999999999996 0.11250000000000004
1 0.174315 0.516405 0.08301 0.05780999999999997
1 0.46679499999999996 0.492965 0.09960999999999992 0.07031000000000004
1 0.638185 0.49453 0.09863 0.06718000000000002
1 0.8164100000000001 0.20078000000000001 0.08594000000000002 0.07343999999999998
1 0.8164100000000001 0.358595 0.08594000000000002 0.07030999999999998
1 0.81738 0.50469 0.0859399999999999 0.05312
1 0.8168949999999999 0.5820350000000001 0.08690999999999993 0.054690000000000016
1 0.817385 0.7593749999999999 0.08789000000000002 0.05313000000000001
1 0.8168949999999999 0.83828 0.08690999999999993 0.05156000000000005
1 0.17236 0.44375 0.07909999999999998 0.03750000000000003
1 0.171875 0.5835950000000001 0.08202999999999999 0.03907000000000005
1 0.32567999999999997 0.44218999999999997 0.0791 0.03750000000000003
1 0.32567999999999997 0.58438 0.0791 0.03750000000000009
1 0.476075 0.57656 0.10059000000000001 0.03749999999999998
1 0.47997999999999996 0.421875 0.10644000000000003 0.02812999999999999
1 0.643555 0.577345 0.10546999999999995 0.04530999999999996
1 0.6416 0.424215 0.10155999999999998 0.032810000000000006
2 0.32959 0.51172 0.08692 0.06093999999999994
3 0.1132795 0.80703 0.027341000000000004 0.12031999999999998
3 0.115235 0.22109499999999999 0.025389999999999982 0.12031
3 0.251465 0.5125 0.061529999999999974 0.2875
4 0.2168 0.441405 0.011720000000000008 0.054690000000000016
4 0.21826 0.5117200000000001 0.01074 0.07656000000000002
4 0.21826 0.5828150000000001 0.012700000000000017 0.05313000000000001
5 0.5546899999999999 0.2109375 0.09179999999999999 0.265625
5 0.72168 0.213285 0.08007999999999993 0.21719
5 0.720215 0.807035 0.0791099999999999 0.2171900000000001
5 0.553225 0.809375 0.09277000000000002 0.2656299999999999
3 0.25732 0.8039050000000001 0.040039999999999965 0.19530999999999998
3 0.2583 0.21406 0.04004000000000002 0.2
7 0.32471 0.38593500000000003 0.08496000000000004 0.04687000000000002
7 0.32471 0.64375 0.08496000000000004 0.04376000000000002
7 0.41259500000000005 0.80859 0.047850000000000004 0.12656
7 0.41064500000000004 0.22109499999999999 0.04394999999999999 0.12031
4 0.54883 0.49453 0.06835999999999998 0.07032
4 0.554685 0.576565 0.07227000000000006 0.05313000000000001
4 0.55566 0.423435 0.06835999999999998 0.03437000000000001
7 0.87549 0.35546500000000003 0.10254000000000008 0.19531000000000004
7 0.19189499999999998 0.28515500000000005 0.038089999999999985 0.020309999999999995
7 0.19092 0.154685 0.03417999999999999 0.02187
7 0.19189499999999998 0.740625 0.03223000000000001 0.018750000000000044
7 0.190915 0.871875 0.036129999999999995 0.021869999999999945
8 0.686035 0.511719 0.11035000000000006 0.876562
8 0.42871000000000004 0.5148440000000001 0.03906000000000004 0.882812
8 0.07763500000000001 0.514846 0.09863000000000001 0.8640680000000001
9 0.25781 0.33281499999999997 0.22069999999999998 0.053129999999999955
9 0.25781 0.11093599999999999 0.22069999999999998 0.05624799999999999
9 0.25781 0.6953149999999999 0.22069999999999998 0.05313000000000001
9 0.25683500000000004 0.91953 0.22071000000000002 0.05155999999999994
9 0.390135 0.111716 0.04198999999999997 0.057808
9 0.389645 0.33281499999999997 0.04297000000000001 0.05624999999999997
9 0.39110999999999996 0.6960949999999999 0.045899999999999996 0.05781000000000003
9 0.390135 0.91953 0.04394999999999999 0.05781999999999998
9 0.128415 0.1093725 0.036129999999999995 0.049994999999999984
9 0.12842 0.33281499999999997 0.03808 0.053129999999999955
9 0.12842 0.6953149999999999 0.03808 0.05313000000000001
9 0.12695 0.920315 0.03906 0.05313000000000001
9 0.47021499999999994 0.038281 0.34667 0.054688
9 0.65283 0.035937500000000004 0.01856000000000002 0.059375000000000004
10 0.947755 0.796875 0.09472999999999998 0.1343700000000001
10 0.9462900000000001 0.54297 0.08984000000000003 0.13282000000000005
2 0.94922 0.356255 0.09179999999999999 0.09375
10 0.9453100000000001 0.201565 0.09179999999999999 0.08124999999999999
1 0.48877 0.221875 0.09277999999999997 0.11251
1 0.490235 0.80781 0.09570999999999996 0.11250000000000004
1 0.648925 0.21875 0.09277000000000002 0.11250000000000002
1 0.65137 0.809375 0.09570000000000001 0.11248999999999998
