0 0.387224 0.805955 0.058360 0.096509
0 0.106467 0.804928 0.074132 0.102669
0 0.615142 0.799795 0.056782 0.096509
0 0.267350 0.802875 0.074132 0.102669
0 0.728707 0.795688 0.069401 0.096509
0 0.879338 0.793634 0.064669 0.096509
0 0.501577 0.722793 0.088328 0.041068
0 0.616719 0.589322 0.053628 0.086242
0 0.386435 0.591376 0.056782 0.090349
0 0.267350 0.593429 0.074132 0.094456
0 0.503155 0.588296 0.075710 0.088296
0 0.108044 0.592402 0.070978 0.096509
0 0.728707 0.586242 0.072555 0.088296
0 0.879338 0.584189 0.067823 0.088296
0 0.876972 0.383984 0.063091 0.086242
0 0.613565 0.385010 0.056782 0.088296
0 0.724763 0.382957 0.070978 0.088296
0 0.500789 0.382957 0.074132 0.088296
0 0.384069 0.385010 0.058360 0.092402
0 0.268927 0.383984 0.074132 0.090349
0 0.109621 0.386037 0.074132 0.094456
0 0.600158 0.189938 0.026814 0.051335
0 0.391956 0.185832 0.026814 0.051335
0 0.712934 0.185832 0.069401 0.092402
0 0.112776 0.184805 0.074132 0.090349
0 0.499211 0.183778 0.064669 0.092402
0 0.271293 0.180698 0.075710 0.090349
0 0.632492 0.085216 0.034700 0.022587
0 0.477918 0.078029 0.031546 0.020534
1 0.753943 0.851129 0.441640 0.030801
1 0.237382 0.851129 0.458991 0.030801
1 0.648265 0.292608 0.656151 0.067762
9 0.500000 0.876797 0.066246 0.147844
5 0.266562 0.651951 0.094637 0.022587
5 0.109621 0.650924 0.096215 0.020534
5 0.386435 0.647844 0.075710 0.022587
5 0.619085 0.643737 0.077287 0.022587
5 0.504732 0.645791 0.097792 0.026694
5 0.731861 0.643737 0.097792 0.026694
5 0.878549 0.640657 0.097792 0.024641
5 0.109621 0.443532 0.096215 0.020534
5 0.388013 0.442505 0.075710 0.022587
5 0.616719 0.440452 0.075710 0.022587
5 0.266562 0.440452 0.094637 0.022587
5 0.873817 0.439425 0.097792 0.024641
5 0.727129 0.439425 0.097792 0.024641
5 0.501577 0.439425 0.097792 0.024641
5 0.111987 0.240246 0.094637 0.020534
5 0.268927 0.236140 0.096215 0.020534
8 0.267350 0.803901 0.070978 0.100616
8 0.164826 0.800821 0.042587 0.102669
8 0.047319 0.799795 0.041009 0.104723
8 0.670347 0.797741 0.041009 0.104723
8 0.807571 0.795688 0.078864 0.104723
8 0.934543 0.791581 0.039432 0.104723
8 0.671136 0.592402 0.042587 0.104723
8 0.561514 0.592402 0.041009 0.104723
8 0.442429 0.592402 0.042587 0.104723
8 0.208991 0.592402 0.042587 0.104723
8 0.164826 0.592402 0.042587 0.104723
8 0.049685 0.591376 0.042587 0.102669
8 0.325710 0.590349 0.042587 0.104723
8 0.933754 0.587269 0.041009 0.102669
8 0.805205 0.586242 0.080442 0.104723
8 0.559937 0.388090 0.041009 0.102669
8 0.167192 0.388090 0.041009 0.102669
8 0.051262 0.389117 0.042587 0.104723
8 0.929811 0.386037 0.042587 0.102669
8 0.802839 0.388090 0.085174 0.106776
8 0.327287 0.387064 0.042587 0.104723
8 0.210568 0.387064 0.042587 0.104723
8 0.668770 0.385010 0.041009 0.104723
8 0.443218 0.385010 0.041009 0.104723
8 0.769716 0.185832 0.037855 0.092402
8 0.665615 0.183778 0.037855 0.092402
8 0.551262 0.183778 0.039432 0.092402
8 0.446372 0.183778 0.041009 0.092402
8 0.055994 0.186858 0.039432 0.098563
8 0.328076 0.182752 0.037855 0.094456
8 0.212145 0.183778 0.039432 0.096509
8 0.168770 0.184805 0.037855 0.098563
