1 0.500000 0.500000 1.000000 1.000000
0 0.494424 0.480957 0.820322 0.961914
2 0.699504 0.743164 0.112763 0.203125
2 0.486369 0.742676 0.110285 0.202148
2 0.277571 0.741699 0.111524 0.202148
2 0.491945 0.416016 0.109046 0.189453
2 0.698885 0.416016 0.106568 0.191406
2 0.283767 0.416504 0.104089 0.192383
2 0.283767 0.136230 0.074349 0.108398
2 0.489467 0.135254 0.074349 0.108398
2 0.698885 0.133789 0.074349 0.109375
2 0.573730 0.038086 0.014870 0.007812
2 0.473358 0.038086 0.017348 0.007812
2 0.451673 0.038086 0.016109 0.007812
2 0.432466 0.038086 0.017348 0.007812
2 0.410781 0.038086 0.016109 0.007812
2 0.392813 0.038086 0.014870 0.007812
2 0.555762 0.037598 0.016109 0.008789
2 0.534696 0.037598 0.016109 0.008789
2 0.513631 0.037598 0.016109 0.008789
2 0.492565 0.037598 0.016109 0.008789
2 0.576208 0.015137 0.017348 0.020508
2 0.556382 0.015137 0.017348 0.020508
2 0.535936 0.015137 0.016109 0.020508
2 0.514250 0.015137 0.017348 0.020508
2 0.472739 0.015137 0.016109 0.020508
2 0.453532 0.015137 0.017348 0.020508
2 0.433086 0.015137 0.016109 0.020508
2 0.392193 0.015137 0.016109 0.020508
2 0.493804 0.014648 0.016109 0.021484
2 0.411400 0.014648 0.017348 0.021484
3 0.492565 0.572266 0.799257 0.064453
3 0.494424 0.239746 0.802974 0.096680
7 0.704461 0.867676 0.179678 0.045898
7 0.488848 0.866699 0.179678 0.045898
7 0.276952 0.865723 0.179678 0.045898
5 0.963445 0.615234 0.065675 0.080078
5 0.464684 0.051270 0.599752 0.018555
