0 0.7632749999999999 0.603515 0.44691000000000003 0.5234300000000001
1 0.38938 0.0317385 0.09440000000000004 0.036133
1 0.253685 0.16797 0.10619 0.029299999999999993
1 0.27507499999999996 0.20654499999999998 0.10766999999999999 0.03026999999999999
1 0.4941 0.166995 0.11210000000000003 0.03125
1 0.513275 0.205565 0.11209000000000002 0.03222999999999998
1 0.728615 0.186525 0.10915000000000008 0.03125
1 0.7721199999999999 0.29735999999999996 0.10472000000000004 0.02245999999999998
1 0.95059 0.185545 0.09588000000000008 0.03125
1 0.38864 0.878415 0.10471999999999998 0.026369999999999894
1 0.59661 0.8808549999999999 0.12832 0.025389999999999913
1 0.69543 0.37842 0.10471999999999992 0.06934000000000001
1 0.695425 0.47509999999999997 0.10177000000000003 0.06933999999999996
1 0.69543 0.56836 0.09881999999999991 0.06640000000000001
1 0.69543 0.65918 0.09881999999999991 0.06640000000000001
1 0.6939500000000001 0.74707 0.09882000000000002 0.0625
1 0.6939550000000001 0.827635 0.09587000000000001 0.04980999999999991
1 0.32153 0.731935 0.02360000000000001 0.004890000000000061
1 0.320795 0.739255 0.022129999999999983 0.00391000000000008
1 0.18068 0.9126000000000001 0.09881999999999999 0.04589999999999994
1 0.180675 0.96045 0.09587000000000001 0.04393999999999998
3 0.658555 0.18310500000000002 0.016229999999999967 0.07325000000000001
3 0.70944 0.30322000000000005 0.032440000000000024 0.05565999999999999
5 0.5811200000000001 0.598635 0.06784000000000001 0.50781
6 0.17109 0.9121049999999999 0.07669999999999999 0.042970000000000064
6 0.172565 0.959965 0.07668999999999998 0.042970000000000064
7 0.4528 0.73584 0.10914000000000001 0.03808
7 0.81932 0.6137699999999999 0.057519999999999905 0.08886000000000005
7 0.87168 0.36865000000000003 0.10030000000000006 0.043940000000000035
7 0.85251 0.839845 0.09440000000000004 0.042970000000000064
7 0.5693250000000001 0.024902280000000002 0.056050000000000044 0.04785144
7 0.483035 0.945315 0.060470000000000024 0.019530000000000047
7 0.49189 0.878905 0.08111999999999997 0.03125
7 0.32816999999999996 0.8779300000000001 0.042779999999999985 0.04296
7 0.27802499999999997 0.865235 0.02213000000000004 0.015630000000000033
7 0.896755 0.90381 0.09735000000000005 0.05566000000000004
8 0.620205 0.597655 0.02803 0.50781
8 0.7972 0.604005 0.03391999999999995 0.5185500000000001
8 0.748525 0.60205 0.022129999999999983 0.51856
9 0.477135 0.917965 0.34661000000000003 0.025390000000000024
9 0.690265 0.919435 0.07965 0.036129999999999995
9 0.276545 0.918455 0.05456999999999998 0.043949999999999934
1 0.554575 0.2832 0.11209000000000008 0.023440000000000016
1 0.32743500000000003 0.279785 0.10915000000000002 0.024410000000000043
1 0.58186 0.3125 0.11062000000000005 0.023440000000000016
1 0.353985 0.31201 0.11209000000000002 0.022460000000000035
0 0.506637 0.210939 0.980826 0.25586200000000003
