1 0.500000 0.500000 1.000000 1.000000
0 0.777941 0.187012 0.061765 0.079102
0 0.654412 0.187012 0.076471 0.079102
0 0.530147 0.187012 0.060294 0.079102
0 0.408088 0.187012 0.075000 0.079102
0 0.283088 0.187012 0.060294 0.079102
0 0.533824 0.503906 0.776471 0.992188
6 0.223529 0.955078 0.050000 0.058594
6 0.113971 0.942383 0.033824 0.033203
6 0.716176 0.950684 0.050000 0.051758
6 0.584559 0.955566 0.048529 0.061523
6 0.337500 0.954590 0.051471 0.059570
6 0.396324 0.922363 0.039706 0.038086
6 0.467647 0.947266 0.091176 0.093750
6 0.416176 0.876953 0.023529 0.033203
6 0.516912 0.871582 0.022059 0.024414
6 0.962500 0.847656 0.013235 0.025391
6 0.969853 0.815918 0.025000 0.028320
2 0.833088 0.817383 0.057353 0.046875
2 0.068382 0.822266 0.057353 0.072266
2 0.469118 0.814941 0.055882 0.077148
2 0.337500 0.814453 0.057353 0.076172
2 0.223529 0.815430 0.052941 0.078125
2 0.714706 0.813965 0.052941 0.077148
2 0.584559 0.813965 0.057353 0.077148
2 0.072794 0.662598 0.051471 0.061523
2 0.833824 0.659668 0.055882 0.073242
2 0.715441 0.659180 0.054412 0.072266
2 0.584559 0.649902 0.054412 0.055664
2 0.338971 0.657715 0.057353 0.071289
2 0.222794 0.658203 0.054412 0.072266
2 0.470588 0.649414 0.055882 0.056641
2 0.069853 0.500000 0.054412 0.044922
2 0.222794 0.500977 0.057353 0.070312
2 0.341176 0.500977 0.055882 0.072266
2 0.585294 0.486816 0.055882 0.045898
2 0.469853 0.486816 0.054412 0.045898
2 0.835294 0.499023 0.055882 0.072266
2 0.716176 0.500000 0.058824 0.074219
2 0.071324 0.341797 0.054412 0.039062
2 0.339706 0.347656 0.052941 0.074219
2 0.225735 0.347656 0.054412 0.074219
2 0.586765 0.327637 0.055882 0.036133
2 0.472059 0.327637 0.055882 0.036133
2 0.836029 0.344727 0.057353 0.072266
2 0.716912 0.345215 0.057353 0.073242
2 0.071324 0.208496 0.054412 0.071289
2 0.588235 0.195801 0.055882 0.073242
2 0.472794 0.195801 0.054412 0.073242
2 0.341912 0.195801 0.057353 0.073242
2 0.225735 0.196777 0.054412 0.075195
2 0.836765 0.193848 0.055882 0.073242
2 0.719853 0.193848 0.054412 0.073242
2 0.338971 0.032227 0.057353 0.029297
2 0.469118 0.031738 0.055882 0.030273
2 0.830882 0.029297 0.055882 0.029297
2 0.713971 0.029785 0.054412 0.030273
2 0.585294 0.030762 0.055882 0.032227
3 0.894118 0.877441 0.044118 0.055664
3 0.473529 0.877441 0.647059 0.055664
3 0.801471 0.723145 0.229412 0.059570
3 0.276471 0.723145 0.247059 0.059570
3 0.534559 0.579590 0.766176 0.084961
3 0.537500 0.241699 0.769118 0.030273
3 0.533088 0.102051 0.766176 0.090820
11 0.834559 0.935059 0.075000 0.114258
9 0.836029 0.862305 0.122059 0.031250
9 0.070588 0.443359 0.117647 0.064453
9 0.484559 0.429688 0.113235 0.054688
9 0.602941 0.428711 0.102941 0.056641
9 0.072059 0.163086 0.038235 0.019531
4 0.223529 0.461426 0.114706 0.083008
4 0.719118 0.461426 0.123529 0.084961
4 0.343382 0.461426 0.116176 0.084961
4 0.843382 0.459961 0.119118 0.083984
4 0.074265 0.304688 0.110294 0.035156
4 0.223529 0.293945 0.108824 0.039062
4 0.340441 0.292480 0.104412 0.038086
4 0.717647 0.291016 0.108824 0.039062
4 0.587500 0.291504 0.101471 0.040039
4 0.472794 0.291992 0.107353 0.041016
4 0.838971 0.290527 0.101471 0.040039
4 0.226471 0.139648 0.111765 0.044922
4 0.722794 0.138184 0.107353 0.043945
4 0.589706 0.138672 0.114706 0.044922
4 0.474265 0.139160 0.113235 0.045898
4 0.345588 0.139160 0.120588 0.045898
4 0.838235 0.137207 0.105882 0.043945
7 0.837500 0.716797 0.095588 0.041016
7 0.727206 0.714844 0.080882 0.039062
7 0.225000 0.714844 0.094118 0.041016
7 0.340441 0.713867 0.095588 0.041016
7 0.737500 0.556641 0.072059 0.039062
7 0.341912 0.557617 0.092647 0.041016
7 0.225000 0.557617 0.094118 0.042969
7 0.839706 0.556152 0.102941 0.041992
7 0.338971 0.397949 0.098529 0.026367
7 0.224265 0.397949 0.101471 0.026367
7 0.735294 0.395508 0.076471 0.027344
7 0.840441 0.395508 0.110294 0.029297
5 0.543382 0.724609 0.286765 0.093750
5 0.073529 0.573242 0.141176 0.101562
5 0.551471 0.561523 0.300000 0.103516
5 0.067647 0.406738 0.135294 0.090820
5 0.547794 0.392090 0.298529 0.092773
