0 0.508895 0.5014472 0.81621 0.9971056
1 0.295455 0.305355 0.16403000000000004 0.13602999999999998
1 0.29842 0.161362 0.16206 0.13169599999999998
1 0.29842 0.04630985 0.15810000000000002 0.08104230000000001
1 0.291505 0.454415 0.16403 0.13602999999999993
1 0.291505 0.606365 0.16403 0.13602999999999998
1 0.289525 0.75398 0.16402999999999998 0.13603999999999994
1 0.291505 0.904485 0.16403 0.13602999999999998
1 0.57411 0.454415 0.16403999999999996 0.13602999999999993
1 0.5721350000000001 0.30825 0.16403 0.13604
1 0.57411 0.16425499999999998 0.16403999999999996 0.12591
1 0.56917 0.0499275 0.15810000000000002 0.07670099999999999
1 0.57411 0.603475 0.16403999999999996 0.13602999999999998
1 0.5721350000000001 0.75615 0.16403 0.13457999999999992
1 0.57411 0.9059349999999999 0.16403999999999996 0.13602999999999998
1 0.8290550000000001 0.309695 0.16403 0.13602999999999998
1 0.8310249999999999 0.16932 0.16403 0.12736000000000003
1 0.82016 0.052822 0.1580999999999999 0.0767
1 0.827075 0.45875499999999997 0.16403 0.13602999999999998
1 0.8250949999999999 0.606365 0.16403 0.13602999999999998
1 0.8250949999999999 0.75398 0.16403 0.13603999999999994
1 0.8250949999999999 0.9030400000000001 0.16403 0.13604000000000005
6 0.28162 0.044862450000000005 0.11264000000000002 0.0752531
6 0.29051 0.16353 0.13834 0.12445999999999999
6 0.27075 0.753255 0.11857999999999999 0.13169000000000008
6 0.273715 0.904485 0.12055000000000002 0.13024999999999998
6 0.565215 0.9052100000000001 0.14229000000000003 0.13170000000000004
6 0.565215 0.755425 0.14229000000000003 0.13024999999999998
6 0.5662050000000001 0.60275 0.14031000000000005 0.13169999999999993
6 0.567195 0.45369000000000004 0.14229000000000003 0.13169999999999998
6 0.54644 0.30825 0.10870000000000002 0.13023999999999997
6 0.8083 0.605645 0.07509999999999994 0.12301000000000006
