1 0.35791 0.27669 0.059579999999999966 0.02734000000000003
1 0.35742 0.30989999999999995 0.058599999999999985 0.026040000000000008
1 0.48046999999999995 0.27409 0.062499999999999944 0.02734000000000003
1 0.47997999999999996 0.309245 0.06347999999999993 0.027349999999999985
3 0.438475 0.291015 0.01366999999999996 0.09244999999999998
1 0.354985 0.42383000000000004 0.05957000000000001 0.04036000000000001
1 0.354985 0.51758 0.05957000000000001 0.04036000000000001
1 0.47705 0.42447999999999997 0.06347999999999998 0.041659999999999975
1 0.47753999999999996 0.5195299999999999 0.06445999999999996 0.041659999999999975
3 0.43603499999999995 0.42318 0.014649999999999996 0.07552000000000003
3 0.43701 0.51823 0.016600000000000004 0.07551999999999998
1 0.47314500000000004 0.59961 0.05370999999999998 0.02214000000000005
1 0.354985 0.602215 0.05957000000000001 0.027350000000000096
1 0.339845 0.671875 0.03320999999999996 0.05208999999999997
1 0.354985 0.74349 0.05957000000000001 0.026040000000000063
1 0.450195 0.67057 0.07421 0.0625
1 0.473145 0.74349 0.05567 0.023440000000000016
1 0.354985 0.822265 0.05957000000000001 0.04037000000000002
1 0.47753999999999996 0.81901 0.06445999999999996 0.04166000000000003
3 0.436525 0.81901 0.015630000000000033 0.07291999999999998
3 0.55908 0.822265 0.03417999999999999 0.08462999999999998
1 0.617185 0.822265 0.07617000000000007 0.04296999999999995
1 0.5918 0.742835 0.07421999999999995 0.019530000000000047
1 0.731445 0.732425 0.07617000000000007 0.02994999999999992
1 0.73828 0.82552 0.06446000000000007 0.039059999999999984
1 0.87793 0.82487 0.06835999999999998 0.04296
1 0.87842 0.73112 0.06933999999999996 0.024739999999999984
1 0.87842 0.6113299999999999 0.06933999999999996 0.022139999999999938
1 0.87793 0.6705749999999999 0.06835999999999998 0.041669999999999985
1 0.87891 0.516925 0.06835999999999998 0.04167000000000004
1 0.87842 0.42252500000000004 0.06933999999999996 0.04297000000000001
2 0.9140649999999999 0.28776 0.13280999999999998 0.06509999999999999
3 0.696285 0.28711 0.019529999999999936 0.10808000000000001
1 0.74414 0.271485 0.07031999999999994 0.02735000000000004
1 0.74463 0.30794 0.06933999999999996 0.02734000000000003
1 0.740235 0.42317499999999997 0.07616999999999996 0.04167000000000004
1 0.7387699999999999 0.5182249999999999 0.06934000000000007 0.044269999999999976
3 0.69531 0.421225 0.01757999999999993 0.07943
1 0.728025 0.66927 0.08301000000000003 0.052080000000000015
1 0.731935 0.606775 0.07519000000000009 0.03125
1 0.5893550000000001 0.66927 0.08104999999999996 0.06510000000000005
1 0.59131 0.597655 0.07519999999999993 0.01823000000000008
1 0.617185 0.51823 0.07617000000000007 0.041659999999999975
3 0.560055 0.5175799999999999 0.036129999999999995 0.08463999999999994
3 0.5595699999999999 0.421875 0.03710000000000002 0.08855000000000002
1 0.611815 0.42383000000000004 0.0654300000000001 0.04036000000000001
3 0.561035 0.28776 0.03416999999999992 0.10156000000000001
1 0.61328 0.290365 0.06640000000000001 0.04687000000000002
0 0.56641 0.5943999999999999 0.83594 0.7669199999999999
1 0.354985 0.91797 0.05957000000000001 0.04165999999999992
1 0.47753999999999996 0.9205749999999999 0.06445999999999996 0.041669999999999985
1 0.37255499999999997 0.12565 0.059569999999999956 0.048180000000000014
1 0.49072000000000005 0.123695 0.061520000000000075 0.04426999999999999
1 0.61963 0.12434499999999998 0.07519999999999993 0.042969999999999994
1 0.223635 0.671225 0.048829999999999985 0.03254999999999997
3 0.43554499999999996 0.9199200000000001 0.015629999999999977 0.07422000000000006
3 0.55713 0.919925 0.03614000000000006 0.08203000000000005
3 0.449705 0.1230445 0.032230000000000036 0.08463100000000001
3 0.575195 0.11783949999999999 0.029290000000000038 0.087241
4 0.517575 0.288415 0.019530000000000047 0.09245
4 0.5161100000000001 0.42317499999999997 0.01660000000000006 0.07031000000000004
4 0.51465 0.51823 0.015620000000000078 0.07032000000000005
4 0.5166 0.8203149999999999 0.015620000000000078 0.07030999999999998
4 0.5166 0.9166650000000001 0.015620000000000078 0.07030999999999998
4 0.656735 0.42057500000000003 0.026370000000000005 0.07812999999999998
4 0.65771 0.28385499999999997 0.03417999999999999 0.10157
5 0.791505 0.27083500000000005 0.024410000000000043 0.03384999999999999
5 0.791505 0.30729 0.024410000000000043 0.03386
5 0.791015 0.42122000000000004 0.025390000000000024 0.06380000000000002
5 0.785155 0.50651 0.027349999999999985 0.09114
5 0.78467 0.83203 0.028320000000000012 0.09114
5 0.50684 0.671225 0.044920000000000015 0.19140999999999997
5 0.36621000000000004 0.671225 0.027339999999999975 0.10287000000000002
5 0.643065 0.51888 0.026370000000000005 0.11067999999999995
5 0.641605 0.8229150000000001 0.025390000000000024 0.10416999999999998
7 0.297365 0.45508000000000004 0.026370000000000005 0.011720000000000008
7 0.296875 0.48633000000000004 0.025390000000000024 0.011720000000000008
7 0.297365 0.5175799999999999 0.026370000000000005 0.011720000000000064
7 0.29540999999999995 0.54948 0.026359999999999995 0.010419999999999985
7 0.297365 0.5800799999999999 0.026370000000000005 0.011720000000000064
7 0.297365 0.6100300000000001 0.026370000000000005 0.011720000000000064
7 0.296875 0.640625 0.025390000000000024 0.01041000000000003
7 0.297365 0.42383000000000004 0.026370000000000005 0.011720000000000008
7 0.297365 0.39127999999999996 0.026370000000000005 0.011720000000000008
7 0.29540999999999995 0.364585 0.026359999999999995 0.01041000000000003
7 0.300295 0.35221 0.026370000000000005 0.011720000000000008
7 0.299315 0.322265 0.026370000000000005 0.011709999999999998
7 0.299315 0.290365 0.026370000000000005 0.010409999999999975
7 0.300295 0.26237 0.026370000000000005 0.011720000000000008
7 0.299315 0.23047 0.026370000000000005 0.010420000000000013
7 0.299315 0.21745 0.026370000000000005 0.010419999999999985
7 0.296875 0.6699200000000001 0.025390000000000024 0.011720000000000064
7 0.297365 0.70182 0.026370000000000005 0.010420000000000096
7 0.296875 0.7324200000000001 0.025390000000000024 0.011720000000000064
7 0.297855 0.76302 0.025389999999999968 0.010419999999999985
7 0.295895 0.79232 0.025389999999999968 0.011719999999999953
7 0.296875 0.82357 0.025390000000000024 0.011719999999999953
7 0.296875 0.85482 0.025390000000000024 0.011719999999999953
7 0.296385 0.88672 0.026370000000000005 0.010419999999999985
7 0.296385 0.9199200000000001 0.026370000000000005 0.011720000000000064
7 0.297855 0.9524699999999999 0.025389999999999968 0.011720000000000064
7 0.23584 0.736325 0.014639999999999986 0.019530000000000047
7 0.237305 0.608725 0.015630000000000005 0.019529999999999936
7 0.643065 0.6699200000000001 0.014650000000000052 0.06120000000000003
7 0.64209 0.602215 0.014640000000000097 0.03254999999999997
7 0.641115 0.736325 0.014650000000000052 0.03255000000000008
7 0.6875 0.73177 0.011719999999999953 0.039059999999999984
7 0.6875 0.60547 0.011719999999999953 0.039059999999999984
7 0.826175 0.28646 0.025390000000000024 0.08593999999999999
7 0.823245 0.42318 0.013670000000000071 0.052080000000000015
7 0.8237300000000001 0.51432 0.012700000000000045 0.05207999999999996
7 0.822265 0.66927 0.01366999999999996 0.052080000000000015
7 0.822265 0.828125 0.01366999999999996 0.05208999999999997
7 0.8237300000000001 0.608725 0.012700000000000045 0.03254999999999997
7 0.823245 0.732425 0.013670000000000071 0.03255000000000008
7 0.82324 0.5644549999999999 0.011719999999999953 0.01693
7 0.82324 0.7760400000000001 0.011719999999999953 0.015620000000000078
8 0.28955 0.5944 0.08106 0.76172
3 0.173825 0.671875 0.019529999999999992 0.07291000000000003
8 0.41846 0.597005 0.03417999999999999 0.75651
8 0.673825 0.597655 0.019530000000000047 0.75781
8 0.8056650000000001 0.59375 0.07226999999999995 0.7525999999999999
8 0.927245 0.59375 0.03808999999999996 0.7578199999999999
9 0.7280249999999999 0.47135 0.07714999999999994 0.013020000000000032
9 0.728515 0.54427 0.07616999999999996 0.013020000000000032
9 0.726075 0.57943 0.07715000000000005 0.013020000000000032
9 0.726075 0.63281 0.07715000000000005 0.013020000000000032
9 0.727535 0.70638 0.07616999999999996 0.011719999999999953
9 0.726565 0.75781 0.07617000000000007 0.013020000000000032
9 0.7280249999999999 0.79427 0.07714999999999994 0.013020000000000032
9 0.7280249999999999 0.86719 0.07714999999999994 0.013020000000000032
9 0.611815 0.891275 0.05567 0.009110000000000062
9 0.6123000000000001 0.85091 0.05663999999999991 0.009119999999999906
9 0.60791 0.79362 0.0478599999999999 0.009120000000000017
9 0.60449 0.761065 0.04688000000000003 0.006510000000000016
9 0.596195 0.7265649999999999 0.05957000000000001 0.007809999999999984
9 0.5942350000000001 0.71419 0.05957000000000001 0.011719999999999953
9 0.594725 0.62565 0.05859000000000003 0.009120000000000017
9 0.597165 0.61198 0.05957000000000001 0.010419999999999985
9 0.60498 0.5794250000000001 0.047860000000000014 0.005210000000000048
9 0.60791 0.546225 0.0478599999999999 0.009110000000000062
9 0.608885 0.489585 0.04980999999999991 0.007809999999999984
9 0.61279 0.39388 0.05565999999999993 0.009120000000000017
9 0.6123050000000001 0.45117 0.054690000000000016 0.009120000000000017
9 0.6137699999999999 0.31966 0.05565999999999993 0.009120000000000017
9 0.6137699999999999 0.25781 0.05565999999999993 0.010419999999999985
9 0.749025 0.447915 0.04883000000000004 0.007809999999999984
9 0.75 0.397785 0.048820000000000086 0.006510000000000016
9 0.7504850000000001 0.32747499999999996 0.04785000000000006 0.009110000000000007
9 0.7504850000000001 0.289715 0.04785000000000006 0.009109999999999951
9 0.7504850000000001 0.24870000000000003 0.04785000000000006 0.010420000000000013
9 0.365235 0.37890500000000005 0.08007000000000003 0.03384999999999999
9 0.365235 0.563805 0.08007000000000003 0.033849999999999936
9 0.364745 0.47135499999999997 0.08105000000000001 0.039069999999999994
9 0.34082 0.632165 0.03320000000000001 0.019530000000000047
9 0.34131 0.7109350000000001 0.03417999999999999 0.020830000000000015
9 0.364745 0.7792950000000001 0.08105000000000001 0.029950000000000032
9 0.364745 0.86914 0.08105000000000001 0.04035999999999995
9 0.36426000000000003 0.962235 0.08007999999999998 0.03125
9 0.320315 0.7793 0.007809999999999984 0.037760000000000016
9 0.320315 0.8697900000000001 0.007809999999999984 0.04948000000000008
9 0.320315 0.960285 0.007809999999999984 0.035149999999999904
9 0.320315 0.71159 0.007809999999999984 0.02734000000000003
9 0.31933500000000004 0.63151 0.007810000000000039 0.023440000000000016
9 0.320805 0.5625 0.008789999999999965 0.039060000000000095
9 0.319825 0.470705 0.00879000000000002 0.04557
9 0.320805 0.37890999999999997 0.008789999999999965 0.03906000000000004
9 0.58057 0.25651 0.010739999999999972 0.015619999999999995
9 0.581055 0.32031 0.009770000000000056 0.013019999999999976
9 0.57959 0.39453 0.010740000000000083 0.013020000000000032
9 0.57959 0.45117 0.010740000000000083 0.01432
9 0.57959 0.546875 0.010740000000000083 0.013030000000000097
9 0.5791 0.48958 0.009760000000000102 0.013019999999999976
9 0.56006 0.6263 0.010739999999999972 0.013020000000000032
9 0.56201 0.61198 0.010739999999999972 0.013020000000000032
9 0.57568 0.578775 0.010739999999999972 0.014330000000000065
9 0.55957 0.7141900000000001 0.009759999999999991 0.01432
9 0.561525 0.727865 0.009769999999999945 0.013029999999999986
9 0.575195 0.76302 0.009770000000000056 0.013020000000000032
9 0.5791 0.79297 0.009760000000000102 0.01301999999999992
9 0.5791 0.852215 0.009760000000000102 0.014330000000000065
9 0.5786100000000001 0.89193 0.010740000000000083 0.013020000000000032
9 0.72363 0.25 0.005859999999999976 0.013020000000000004
9 0.72461 0.290365 0.005859999999999976 0.013029999999999986
9 0.72363 0.32682 0.005859999999999976 0.013020000000000032
9 0.72168 0.39779 0.005859999999999976 0.011720000000000008
9 0.72168 0.44792 0.005859999999999976 0.013019999999999976
9 0.68652 0.472005 0.005859999999999976 0.019529999999999992
9 0.68701 0.544925 0.006839999999999957 0.019530000000000047
9 0.68506 0.580075 0.006839999999999957 0.019530000000000047
9 0.68506 0.632815 0.006839999999999957 0.01822999999999997
9 0.68506 0.7057249999999999 0.006839999999999957 0.01823000000000008
9 0.68457 0.757815 0.005859999999999976 0.01822999999999997
9 0.686035 0.7942750000000001 0.006830000000000003 0.01823000000000008
9 0.686035 0.867835 0.006830000000000003 0.019530000000000047
9 0.626465 0.6263 0.00488999999999995 0.015619999999999967
9 0.62695 0.7135400000000001 0.005859999999999976 0.015620000000000078
9 0.643065 0.45052000000000003 0.004890000000000061 0.013019999999999976
9 0.643065 0.39322999999999997 0.004890000000000061 0.013019999999999976
9 0.64404 0.25781 0.0048800000000001065 0.013019999999999976
9 0.64404 0.31966 0.0048800000000001065 0.011719999999999953
9 0.64209 0.890625 0.0048799999999999955 0.013030000000000097
9 0.7768550000000001 0.32682 0.00488999999999995 0.013020000000000032
9 0.7768550000000001 0.290365 0.00488999999999995 0.013029999999999986
9 0.7768550000000001 0.24869999999999998 0.00488999999999995 0.013020000000000004
9 0.77637 0.39648 0.005859999999999976 0.011719999999999953
9 0.77588 0.447265 0.0048799999999999955 0.011709999999999998
9 0.76904 0.47070500000000004 0.0048800000000001065 0.019529999999999992
9 0.76904 0.54362 0.0048800000000001065 0.019540000000000002
9 0.76709 0.579425 0.006840000000000068 0.01822999999999997
9 0.76709 0.632815 0.0048799999999999955 0.01822999999999997
9 0.76758 0.707035 0.005859999999999976 0.01822999999999997
9 0.76709 0.759115 0.0048799999999999955 0.01822999999999997
9 0.7685500000000001 0.86784 0.005860000000000087 0.016919999999999935
9 0.7685500000000001 0.7942750000000001 0.005860000000000087 0.01823000000000008
