0 0.231707 0.828838 0.081301 0.143154
0 0.757114 0.812241 0.067073 0.122407
0 0.469512 0.819502 0.081301 0.141079
0 0.753049 0.578838 0.075203 0.120332
0 0.234756 0.566390 0.079268 0.132780
0 0.468496 0.563278 0.079268 0.134855
0 0.750000 0.353734 0.077236 0.109959
0 0.468496 0.316390 0.083333 0.114108
0 0.237805 0.312241 0.081301 0.109959
0 0.743902 0.140041 0.048780 0.072614
0 0.444106 0.109959 0.042683 0.016598
0 0.341463 0.081950 0.048780 0.072614
1 0.486789 0.712656 0.888211 0.047718
1 0.493902 0.200207 0.873984 0.159751
2 0.756098 0.479253 0.150407 0.049793
2 0.478659 0.456432 0.172764 0.058091
2 0.240854 0.457469 0.172764 0.060166
2 0.738821 0.075726 0.107724 0.039419
2 0.346545 0.021784 0.119919 0.031120
5 0.235772 0.913900 0.134146 0.026971
5 0.475610 0.903527 0.134146 0.026971
5 0.758130 0.886929 0.134146 0.026971
5 0.756098 0.673237 0.134146 0.068465
5 0.237805 0.671162 0.154472 0.076763
5 0.471545 0.668050 0.146341 0.074689
5 0.753049 0.438797 0.136179 0.060166
5 0.474593 0.408714 0.148374 0.070539
5 0.235772 0.402490 0.146341 0.070539
3 0.436992 0.067427 0.097561 0.051867
3 0.208333 0.030083 0.156504 0.043568
8 0.230691 0.780083 0.079268 0.045643
8 0.757114 0.817427 0.063008 0.128631
8 0.469512 0.823651 0.077236 0.141079
