0 0.49999975 0.287398 0.9923805 0.477844
0 0.50095475 0.765235 0.9942905 0.46953
1 0.1009545 0.175205 0.10667100000000002 0.12880999999999998
1 0.561905 0.62604 0.13332999999999995 0.060939999999999994
1 0.561905 0.70222 0.13332999999999995 0.060939999999999994
1 0.10762100000000001 0.41205 0.093338 0.09834000000000004
1 0.11523549999999999 0.65928 0.093329 0.09972000000000003
1 0.808575 0.69737 0.13143000000000005 0.059559999999999946
1 0.808575 0.6239600000000001 0.13143000000000005 0.059559999999999946
1 0.837145 0.8324100000000001 0.17332999999999998 0.06647999999999998
1 0.602855 0.83587 0.17332999999999998 0.06509999999999994
1 0.38476 0.8372550000000001 0.12572 0.06786999999999999
1 0.345715 0.34141 0.07808999999999999 0.05402000000000001
1 0.34380999999999995 0.40027500000000005 0.0781 0.05263000000000001
1 0.34286 0.457065 0.07999999999999996 0.052629999999999955
1 0.57714 0.34072 0.08762000000000003 0.055400000000000005
1 0.57714 0.457065 0.08762000000000003 0.052629999999999955
1 0.813335 0.341415 0.12190999999999996 0.05124999999999996
1 0.8114300000000001 0.4536 0.12190000000000001 0.05123999999999995
1 0.813335 0.39681500000000003 0.11809000000000003 0.04292999999999997
1 0.57524 0.398895 0.08762000000000003 0.041549999999999976
1 0.33238 0.602495 0.12762 0.030469999999999997
1 0.33429 0.642655 0.12762 0.030469999999999997
1 0.33429 0.682825 0.12762 0.030469999999999997
1 0.33619 0.722995 0.12762 0.030470000000000108
1 0.339045 0.216065 0.11429 0.036009999999999986
1 0.33714 0.172435 0.11048000000000002 0.034629999999999994
1 0.33904999999999996 0.1295 0.11047999999999997 0.03462
1 0.572385 0.17036 0.11619000000000002 0.06648000000000001
1 0.8104750000000001 0.172435 0.1161899999999999 0.06786999999999999
1 0.1161915 0.836565 0.04571700000000001 0.052629999999999955
3 0.45904999999999996 0.16827999999999999 0.08761999999999998 0.08725999999999999
4 0.40286 0.1703615 0.024760000000000004 0.14681699999999998
4 0.63714 0.169665 0.017140000000000044 0.09557
4 0.15619 0.1779765 0.015240000000000004 0.156507
4 0.874285 0.16967000000000002 0.022850000000000037 0.09280000000000001
4 0.40667 0.6689750000000001 0.024760000000000004 0.19667
4 0.63333 0.66136 0.017140000000000044 0.17035999999999996
4 0.879045 0.6592800000000001 0.020950000000000024 0.15790000000000004
5 0.42286 0.40651000000000004 0.08761999999999998 0.22576000000000002
5 0.6571400000000001 0.407895 0.08761999999999992 0.22577000000000003
5 0.9066700000000001 0.40720500000000004 0.07999999999999996 0.21607000000000004
5 0.41237999999999997 0.881575 0.09334000000000003 0.17313
5 0.65238 0.8788050000000001 0.09333999999999998 0.1731299999999999
5 0.9 0.87396 0.09333999999999998 0.17452
5 0.187615 0.8795 0.10857 0.17174
6 0.559045 0.699445 0.11619000000000002 0.052629999999999955
7 0.23905 0.662745 0.05524000000000001 0.18420999999999998
8 0.722855 0.17866849999999998 0.07808999999999999 0.24930299999999997
8 0.6980999999999999 0.66482 0.039999999999999925 0.26592000000000005
5 0.02761915 0.39888999999999997 0.0438097 0.25208
