0 0.50113895 0.5034195 0.9977221 0.864261
1 0.23234500000000002 0.150395 0.05923000000000003 0.04297000000000001
1 0.23007 0.44677500000000003 0.05922000000000002 0.04394999999999999
1 0.22665 0.619625 0.06378 0.04784999999999995
1 0.22836 0.790035 0.05808000000000002 0.04883000000000004
1 0.396355 0.791505 0.10250999999999999 0.04198999999999997
1 0.395215 0.618655 0.10250999999999999 0.04199000000000008
1 0.396925 0.44872999999999996 0.09908999999999996 0.04199999999999998
1 0.396355 0.299315 0.09794999999999998 0.04198999999999997
1 0.546125 0.14795 0.10136999999999996 0.04199999999999998
1 0.547265 0.297365 0.10136999999999996 0.04198999999999997
1 0.5478350000000001 0.44677500000000003 0.10479000000000005 0.04199000000000003
1 0.548975 0.615235 0.10251000000000005 0.04296999999999995
1 0.549545 0.78857 0.10364999999999996 0.04590000000000005
1 0.70672 0.787595 0.10592000000000001 0.04785000000000006
1 0.70444 0.6162099999999999 0.10364000000000007 0.04491999999999996
1 0.7027300000000001 0.4458 0.10706000000000004 0.045899999999999996
1 0.702165 0.29541 0.10365000000000002 0.04393999999999998
1 0.7033050000000001 0.146975 0.10137000000000007 0.04394999999999999
1 0.840545 0.14551 0.05238999999999994 0.04492
1 0.841685 0.296875 0.05238999999999994 0.044930000000000025
1 0.842255 0.44287 0.053529999999999966 0.04393999999999998
1 0.855925 0.788575 0.03759000000000001 0.05174999999999996
3 0.800115 0.29541 0.05125000000000002 0.08692
3 0.798405 0.144045 0.05010999999999999 0.08691
3 0.800115 0.44677500000000003 0.05125000000000002 0.08690999999999999
3 0.8041 0.78955 0.05012000000000005 0.08692
3 0.484055 0.14844 0.022770000000000012 0.062499999999999986
3 0.48349 0.29785 0.021640000000000048 0.0625
3 0.48462 0.44678 0.021639999999999993 0.06152000000000002
3 0.48462 0.61865 0.021639999999999993 0.06152000000000002
3 0.48462 0.79053 0.021639999999999993 0.06738
5 0.28303 0.148925 0.03758 0.05957000000000001
5 0.284165 0.44922 0.033030000000000004 0.058599999999999985
5 0.28303 0.6206050000000001 0.03076000000000001 0.05761000000000005
5 0.28132 0.79199 0.02961999999999998 0.056640000000000024
5 0.44248 0.14697 0.06947999999999999 0.061520000000000005
5 0.44362 0.29883 0.06947999999999999 0.0625
5 0.44362 0.44873 0.06947999999999999 0.06152000000000002
5 0.44020499999999996 0.61914 0.06946999999999998 0.06835999999999998
5 0.441345 0.7939449999999999 0.06946999999999998 0.06835000000000002
5 0.59795 0.791015 0.07289999999999996 0.07227000000000006
5 0.59795 0.620115 0.07289999999999996 0.07030999999999998
5 0.59738 0.44824 0.06947999999999999 0.0625
5 0.59795 0.29687 0.07518000000000002 0.0625
5 0.59738 0.14746 0.07404 0.06250000000000001
5 0.7460100000000001 0.14648 0.06378000000000006 0.0625
5 0.7460100000000001 0.29541 0.06378000000000006 0.06152000000000002
5 0.74943 0.44678 0.06378000000000006 0.06152000000000002
5 0.74886 0.6181650000000001 0.06264000000000003 0.06640999999999997
5 0.75171 0.79199 0.06377999999999995 0.07421999999999995
5 0.90376 0.1440435 0.08085999999999993 0.110353
5 0.904895 0.29492 0.08087 0.11914000000000002
5 0.9117299999999999 0.794435 0.08086000000000004 0.11817
6 0.22779 0.7714799999999999 0.05922000000000002 0.011720000000000064
6 0.22494000000000003 0.8081050000000001 0.06492 0.01464999999999994
6 0.22722 0.63672 0.06492000000000003 0.015620000000000078
6 0.234055 0.16650500000000001 0.05809 0.01075000000000001
6 0.39976999999999996 0.13965 0.08883999999999997 0.02148
1 0.396355 0.150395 0.09794999999999998 0.04297000000000001
6 0.54442 0.6411100000000001 0.11162000000000005 0.010740000000000083
6 0.5467 0.80713 0.10933999999999994 0.016599999999999948
6 0.5467 0.4292 0.10477999999999998 0.010740000000000027
6 0.5466949999999999 0.461425 0.10250999999999999 0.00879000000000002
6 0.40034000000000003 0.161135 0.08998 0.02149000000000001
6 0.705015 0.137695 0.09567000000000003 0.02148999999999998
6 0.705015 0.15918 0.09567000000000003 0.02148
6 0.70558 0.305665 0.09454000000000007 0.02149000000000001
6 0.70558 0.28418 0.09454000000000007 0.02148
6 0.706155 0.45459 0.09794999999999998 0.020499999999999963
6 0.705585 0.43359499999999995 0.09681000000000006 0.019529999999999992
6 0.842255 0.157225 0.04896999999999996 0.02149000000000001
6 0.842255 0.13574 0.04896999999999996 0.02148
6 0.843395 0.453125 0.04896999999999996 0.02149000000000001
6 0.843395 0.43164 0.04896999999999996 0.02148
6 0.70501 0.8061499999999999 0.10933999999999999 0.012700000000000045
6 0.703875 0.6303749999999999 0.10250999999999999 0.008789999999999965
8 0.128131 0.501954 0.13097799999999998 0.8437520000000001
8 0.29442 0.5034160000000001 0.08313999999999999 0.848628
