1 0.500000 0.500000 1.000000 1.000000
0 0.580729 0.554688 0.835938 0.855469
2 0.820964 0.909180 0.042969 0.066406
2 0.708984 0.908691 0.045573 0.067383
2 0.654948 0.908203 0.044271 0.066406
2 0.547526 0.906250 0.066406 0.066406
2 0.386068 0.899902 0.009115 0.063477
2 0.339844 0.896973 0.078125 0.059570
2 0.287109 0.897461 0.019531 0.064453
2 0.876302 0.784180 0.044271 0.066406
2 0.820312 0.783203 0.044271 0.066406
2 0.651042 0.783203 0.044271 0.068359
2 0.708333 0.782227 0.044271 0.068359
2 0.543620 0.780762 0.066406 0.067383
2 0.333984 0.779785 0.089844 0.067383
2 0.875651 0.644531 0.050781 0.066406
2 0.812500 0.644043 0.049479 0.067383
2 0.706380 0.642578 0.048177 0.066406
2 0.642578 0.642578 0.048177 0.066406
2 0.536458 0.642090 0.067708 0.067383
2 0.317057 0.638184 0.082031 0.067383
2 0.875651 0.513672 0.050781 0.066406
2 0.812500 0.513672 0.049479 0.066406
2 0.703125 0.512695 0.049479 0.068359
2 0.640625 0.511719 0.049479 0.068359
2 0.533203 0.510254 0.066406 0.067383
2 0.313802 0.504883 0.080729 0.068359
2 0.873047 0.380371 0.050781 0.067383
2 0.809245 0.379395 0.050781 0.067383
2 0.701823 0.377930 0.049479 0.066406
2 0.638672 0.377930 0.050781 0.066406
2 0.530599 0.376465 0.069010 0.067383
2 0.277995 0.369141 0.050781 0.068359
2 0.343750 0.367676 0.049479 0.067383
3 0.585286 0.702148 0.824219 0.027344
3 0.581380 0.273438 0.821615 0.056641
9 0.384766 0.773438 0.011719 0.013672
9 0.278646 0.771484 0.015625 0.013672
9 0.208984 0.794434 0.066406 0.067383
9 0.332031 0.739258 0.020833 0.013672
9 0.843099 0.580078 0.097656 0.031250
9 0.673828 0.578613 0.097656 0.030273
9 0.536458 0.577637 0.054688 0.030273
9 0.317057 0.571289 0.048177 0.027344
9 0.670573 0.315918 0.132812 0.022461
9 0.529297 0.314453 0.144531 0.023438
9 0.308594 0.306641 0.106771 0.019531
9 0.294271 0.263184 0.013021 0.010742
9 0.294271 0.232422 0.065104 0.046875
4 0.306641 0.438477 0.167969 0.058594
4 0.285807 0.195801 0.217448 0.125977
7 0.847005 0.846191 0.113281 0.049805
7 0.679688 0.845215 0.111979 0.049805
7 0.544271 0.843262 0.083333 0.049805
7 0.326172 0.839844 0.131510 0.050781
7 0.876953 0.686035 0.050781 0.014648
7 0.813151 0.685059 0.050781 0.014648
7 0.706380 0.683594 0.050781 0.015625
7 0.642578 0.683594 0.050781 0.015625
7 0.539062 0.683594 0.072917 0.015625
7 0.317057 0.679688 0.084635 0.015625
