4 0.571289 0.797091 0.044922 0.026316
4 0.421875 0.794321 0.044922 0.026316
4 0.919922 0.750000 0.031250 0.015235
4 0.655762 0.816482 0.081055 0.148199
4 0.106934 0.748615 0.024414 0.018006
4 0.771973 0.812327 0.081055 0.148199
4 0.341309 0.812327 0.081055 0.148199
4 0.229004 0.810942 0.081055 0.148199
4 0.501953 0.058172 0.261719 0.047091
6 0.079102 0.612881 0.005859 0.062327
6 0.895996 0.610803 0.014648 0.091413
6 0.879883 0.610803 0.005859 0.091413
6 0.942383 0.609418 0.017578 0.094183
6 0.803711 0.606648 0.013672 0.108033
6 0.740723 0.606648 0.012695 0.108033
6 0.529785 0.604571 0.012695 0.103878
6 0.467285 0.604571 0.012695 0.103878
6 0.687988 0.605956 0.012695 0.109418
6 0.624023 0.605956 0.013672 0.109418
6 0.372070 0.605263 0.013672 0.108033
6 0.310059 0.605263 0.012695 0.108033
6 0.258301 0.604571 0.014648 0.109418
6 0.197266 0.603186 0.013672 0.112188
6 0.066895 0.594183 0.014648 0.099723
6 0.805176 0.463989 0.006836 0.066482
6 0.770996 0.463989 0.004883 0.066482
6 0.737305 0.463296 0.005859 0.067867
6 0.689941 0.463296 0.006836 0.067867
6 0.655762 0.463296 0.004883 0.067867
6 0.621582 0.463296 0.006836 0.067867
6 0.520508 0.464681 0.007812 0.070637
6 0.475098 0.464681 0.006836 0.070637
6 0.375000 0.461911 0.007812 0.067867
6 0.307617 0.461911 0.007812 0.067867
6 0.261230 0.461911 0.008789 0.067867
6 0.195312 0.461911 0.007812 0.067867
6 0.879883 0.454986 0.007812 0.106648
6 0.894531 0.452909 0.019531 0.108033
6 0.943848 0.450831 0.022461 0.109418
6 0.863281 0.547091 0.023438 0.304709
6 0.836914 0.546399 0.023438 0.303324
6 0.165527 0.541551 0.022461 0.301939
6 0.132812 0.540859 0.039062 0.300554
6 0.071289 0.443213 0.025391 0.108033
6 0.556641 0.521468 0.021484 0.270083
6 0.405762 0.521468 0.022461 0.270083
6 0.437500 0.520776 0.021484 0.271468
6 0.587891 0.536011 0.021484 0.304709
6 0.883789 0.304017 0.021484 0.106648
6 0.126953 0.301247 0.011719 0.103878
6 0.942383 0.299169 0.013672 0.102493
6 0.859375 0.300554 0.017578 0.105263
6 0.142578 0.299861 0.017578 0.103878
6 0.833984 0.299169 0.017578 0.105263
6 0.167969 0.299169 0.017578 0.105263
6 0.072754 0.292244 0.012695 0.105263
6 0.555664 0.289474 0.017578 0.102493
6 0.437500 0.290166 0.017578 0.103878
0 0.918945 0.832410 0.023438 0.091413
0 0.919434 0.610111 0.028320 0.092798
0 0.771484 0.609418 0.044922 0.102493
0 0.656250 0.609418 0.044922 0.102493
0 0.498047 0.607341 0.044922 0.098338
0 0.098145 0.601108 0.032227 0.085873
0 0.341797 0.607341 0.044922 0.103878
0 0.229492 0.607341 0.044922 0.103878
0 0.534668 0.472992 0.018555 0.065097
0 0.461426 0.472992 0.018555 0.065097
0 0.787598 0.452909 0.028320 0.088643
0 0.754395 0.452909 0.028320 0.088643
0 0.672363 0.452909 0.028320 0.088643
0 0.639160 0.452909 0.028320 0.088643
0 0.325684 0.451524 0.028320 0.088643
0 0.242676 0.451524 0.028320 0.088643
0 0.213379 0.451524 0.028320 0.088643
0 0.356934 0.450831 0.028320 0.090028
0 0.917480 0.453601 0.028320 0.098338
0 0.497559 0.451524 0.038086 0.096953
0 0.100098 0.450139 0.024414 0.096953
0 0.462891 0.313019 0.021484 0.077562
0 0.785156 0.312327 0.027344 0.078947
0 0.752930 0.312327 0.027344 0.078947
0 0.638672 0.311634 0.027344 0.077562
0 0.532227 0.311634 0.021484 0.077562
0 0.325684 0.312327 0.028320 0.078947
0 0.213379 0.312327 0.028320 0.078947
0 0.672363 0.310942 0.028320 0.078947
0 0.498047 0.310942 0.035156 0.078947
0 0.357910 0.310942 0.028320 0.078947
0 0.247070 0.310942 0.027344 0.078947
0 0.100098 0.308172 0.028320 0.078947
0 0.165527 0.175900 0.030273 0.069252
0 0.199707 0.174515 0.030273 0.069252
0 0.270508 0.173130 0.031250 0.069252
0 0.234863 0.173823 0.030273 0.070637
0 0.306641 0.171745 0.031250 0.069252
0 0.837891 0.171053 0.031250 0.070637
0 0.764648 0.171053 0.031250 0.070637
0 0.378906 0.171053 0.031250 0.070637
0 0.341797 0.171053 0.031250 0.070637
0 0.896973 0.171053 0.028320 0.073407
0 0.801758 0.169668 0.031250 0.070637
0 0.729492 0.169668 0.031250 0.070637
0 0.692383 0.169668 0.031250 0.070637
0 0.112793 0.171745 0.028320 0.074792
0 0.656250 0.168283 0.031250 0.070637
0 0.620117 0.168283 0.031250 0.070637
0 0.931152 0.168283 0.028320 0.073407
0 0.498047 0.166898 0.031250 0.070637
0 0.461914 0.166898 0.031250 0.070637
0 0.080566 0.166898 0.028320 0.073407
0 0.534668 0.164127 0.030273 0.070637
1 0.796875 0.656510 0.005859 0.008310
1 0.746582 0.656510 0.004883 0.008310
1 0.681641 0.656510 0.005859 0.008310
1 0.630859 0.656510 0.005859 0.008310
1 0.317383 0.655817 0.003906 0.006925
1 0.205078 0.655817 0.003906 0.006925
1 0.501465 0.682825 0.911133 0.060942
1 0.796875 0.567175 0.005859 0.012465
1 0.746582 0.567175 0.004883 0.012465
1 0.681641 0.566482 0.005859 0.013850
1 0.630859 0.566482 0.005859 0.013850
1 0.522949 0.566482 0.004883 0.013850
1 0.473145 0.566482 0.004883 0.013850
1 0.316406 0.565789 0.005859 0.015235
1 0.204102 0.565097 0.005859 0.016620
1 0.913574 0.542936 0.086914 0.060942
1 0.848633 0.542936 0.009766 0.060942
1 0.711426 0.542936 0.231445 0.060942
1 0.571777 0.542936 0.014648 0.060942
1 0.538086 0.542936 0.021484 0.060942
1 0.456055 0.542936 0.021484 0.060942
1 0.422363 0.542936 0.016602 0.060942
1 0.285645 0.542936 0.223633 0.060942
1 0.153320 0.542936 0.007812 0.060942
1 0.089355 0.542936 0.086914 0.060942
1 0.498047 0.397507 0.046875 0.011080
1 0.504395 0.372576 0.913086 0.060942
1 0.505371 0.227147 0.911133 0.060942
1 0.503906 0.117036 0.910156 0.048476
7 0.460449 0.413435 0.028320 0.042936
7 0.535645 0.412050 0.028320 0.042936
2 0.771973 0.542936 0.084961 0.036011
2 0.656738 0.541551 0.084961 0.036011
2 0.497559 0.541551 0.084961 0.036011
2 0.340820 0.540166 0.083984 0.036011
2 0.227051 0.538781 0.084961 0.036011
2 0.654785 0.398199 0.084961 0.015235
2 0.229004 0.399584 0.084961 0.020776
2 0.770996 0.395429 0.084961 0.015235
2 0.340820 0.396814 0.083984 0.020776
2 0.497070 0.376731 0.062500 0.030471
5 0.497070 0.515235 0.060547 0.030471
5 0.771484 0.509695 0.080078 0.024931
5 0.656738 0.509695 0.079102 0.024931
5 0.341309 0.508310 0.079102 0.024931
5 0.227051 0.507618 0.079102 0.023546
3 0.773438 0.680748 0.080078 0.040166
3 0.656250 0.680748 0.080078 0.040166
3 0.341309 0.680055 0.083008 0.041551
3 0.227539 0.677978 0.080078 0.037396
3 0.916992 0.680748 0.091797 0.048476
3 0.494629 0.675208 0.204102 0.037396
3 0.089355 0.668975 0.088867 0.049861
8 0.918457 0.832410 0.020508 0.088643
8 0.498047 0.414820 0.033203 0.020776
8 0.463379 0.302632 0.018555 0.051247
8 0.752930 0.290166 0.025391 0.029086
8 0.327637 0.282548 0.022461 0.013850
8 0.917480 0.312327 0.024414 0.076177
8 0.785645 0.289474 0.026367 0.030471
8 0.532227 0.301939 0.019531 0.055402
8 0.498047 0.304709 0.033203 0.060942
8 0.672852 0.287396 0.025391 0.029086
8 0.638672 0.288089 0.025391 0.030471
8 0.166504 0.153047 0.026367 0.020776
8 0.200684 0.154432 0.028320 0.026316
8 0.235840 0.149584 0.026367 0.019391
8 0.112793 0.173823 0.020508 0.067867
8 0.764648 0.152355 0.029297 0.027701
8 0.729004 0.149584 0.028320 0.027701
8 0.693359 0.169668 0.029297 0.067867
8 0.461426 0.149584 0.028320 0.027701
8 0.620117 0.143352 0.029297 0.018006
8 0.534668 0.148199 0.028320 0.027701
8 0.656250 0.146814 0.029297 0.027701
8 0.498047 0.146814 0.029297 0.027701
