4 0.094727 0.904075 0.017578 0.059423
4 0.160645 0.900679 0.022461 0.110357
4 0.024902 0.898981 0.022461 0.110357
6 0.937500 0.467742 0.023438 0.293718
6 0.854492 0.467742 0.025391 0.293718
6 0.127441 0.460951 0.024414 0.300509
6 0.045898 0.462649 0.023438 0.303905
6 0.729492 0.458404 0.027344 0.315789
6 0.967773 0.455008 0.027344 0.312394
6 0.826172 0.455008 0.027344 0.312394
6 0.543945 0.455008 0.023438 0.312394
6 0.252930 0.456706 0.027344 0.315789
6 0.160156 0.455857 0.023438 0.314092
6 0.444336 0.453311 0.023438 0.312394
6 0.016113 0.455008 0.022461 0.315789
6 0.633789 0.453311 0.054688 0.315789
6 0.373047 0.450764 0.027344 0.314092
6 0.344238 0.451613 0.026367 0.315789
6 0.614258 0.084041 0.017578 0.157895
6 0.545898 0.040747 0.033203 0.074703
6 0.440430 0.082343 0.033203 0.161290
6 0.371094 0.082343 0.017578 0.161290
0 0.771973 0.895586 0.030273 0.093379
0 0.208496 0.893888 0.030273 0.089983
0 0.682617 0.893039 0.031250 0.091681
0 0.404297 0.867572 0.031250 0.040747
0 0.299316 0.896435 0.030273 0.098472
0 0.586914 0.866723 0.031250 0.042445
0 0.772461 0.716469 0.031250 0.098472
0 0.298340 0.718166 0.032227 0.101868
0 0.683105 0.715620 0.032227 0.100170
0 0.586426 0.715620 0.032227 0.100170
0 0.208008 0.716469 0.031250 0.101868
0 0.897461 0.715620 0.031250 0.103565
0 0.495117 0.727504 0.031250 0.127334
0 0.403320 0.715620 0.031250 0.103565
0 0.088867 0.715620 0.033203 0.103565
0 0.684082 0.523769 0.034180 0.110357
0 0.296875 0.524618 0.033203 0.112054
0 0.206055 0.524618 0.033203 0.112054
0 0.772949 0.522071 0.032227 0.110357
0 0.895996 0.522071 0.034180 0.168081
0 0.584473 0.523769 0.034180 0.171477
0 0.493652 0.521222 0.032227 0.166384
0 0.088379 0.521222 0.034180 0.166384
0 0.402344 0.522920 0.033203 0.173175
0 0.684570 0.345501 0.031250 0.045840
0 0.893555 0.345501 0.033203 0.049236
0 0.773926 0.344652 0.030273 0.047538
0 0.297363 0.342954 0.030273 0.047538
0 0.206543 0.342954 0.032227 0.047538
0 0.492676 0.342105 0.034180 0.049236
0 0.585938 0.341256 0.033203 0.050934
0 0.085938 0.341256 0.033203 0.050934
0 0.402344 0.337861 0.033203 0.050934
0 0.491699 0.076401 0.030273 0.047538
0 0.583984 0.108659 0.031250 0.115450
0 0.400879 0.106961 0.030273 0.115450
1 0.491699 0.798812 0.971680 0.059423
1 0.491699 0.625637 0.967773 0.039049
1 0.967285 0.251273 0.026367 0.095076
1 0.685547 0.257216 0.302734 0.106961
1 0.308594 0.257216 0.324219 0.106961
1 0.022949 0.257216 0.024414 0.106961
9 0.587402 0.949066 0.030273 0.098472
9 0.403809 0.948217 0.030273 0.100170
9 0.498047 0.917657 0.056641 0.164686
7 0.895508 0.269949 0.117188 0.101868
7 0.087891 0.260611 0.117188 0.100170
7 0.643066 0.120543 0.016602 0.050934
7 0.339355 0.118846 0.016602 0.050934
7 0.727051 0.129032 0.024414 0.081494
7 0.248535 0.127334 0.020508 0.078098
7 0.964844 0.125637 0.023438 0.081494
7 0.822266 0.124788 0.023438 0.083192
7 0.014160 0.122241 0.018555 0.081494
7 0.501465 0.196095 0.135742 0.235993
7 0.157715 0.119694 0.018555 0.083192
2 0.774414 0.834465 0.064453 0.022071
2 0.209473 0.834465 0.061523 0.022071
2 0.687988 0.833616 0.061523 0.023769
2 0.299316 0.835314 0.061523 0.027165
2 0.296875 0.438031 0.060547 0.064516
2 0.205078 0.438879 0.062500 0.066214
2 0.774414 0.435484 0.060547 0.062818
2 0.687012 0.437182 0.061523 0.073005
2 0.587891 0.415110 0.048828 0.066214
2 0.493164 0.415110 0.070312 0.066214
2 0.895508 0.413413 0.066406 0.069610
2 0.405762 0.410017 0.051758 0.066214
2 0.086426 0.416808 0.063477 0.079796
2 0.583496 0.033956 0.049805 0.037351
2 0.401367 0.032258 0.048828 0.037351
2 0.493164 0.025467 0.054688 0.037351
5 0.300293 0.971986 0.053711 0.052632
5 0.772949 0.968591 0.053711 0.052632
5 0.685059 0.967742 0.053711 0.057725
5 0.207520 0.968591 0.053711 0.059423
5 0.298340 0.786927 0.051758 0.035654
5 0.897949 0.786078 0.049805 0.037351
5 0.405762 0.785229 0.041992 0.035654
5 0.209961 0.786078 0.052734 0.037351
5 0.088379 0.786078 0.051758 0.037351
5 0.775879 0.784380 0.049805 0.037351
5 0.687012 0.784380 0.049805 0.037351
5 0.586914 0.784380 0.041016 0.037351
5 0.298340 0.600170 0.049805 0.039049
5 0.207520 0.599321 0.049805 0.037351
5 0.686035 0.597623 0.049805 0.037351
5 0.775391 0.595925 0.050781 0.037351
3 0.814453 0.193548 0.300781 0.054329
3 0.185547 0.191002 0.300781 0.056027
