0 0.559175 0.3829034 0.85207 0.7629332
1 0.739645 0.21983 0.21893000000000007 0.10920000000000002
1 0.74556 0.34698 0.2189399999999999 0.10775999999999997
1 0.742605 0.47414 0.21892999999999996 0.10919999999999996
1 0.74556 0.09195300000000001 0.2189399999999999 0.10919400000000001
1 0.387575 0.1364965 0.15385000000000004 0.10632699999999999
1 0.387575 0.32759 0.15385000000000004 0.10631999999999997
1 0.38905 0.502875 0.16271999999999998 0.06896999999999998
1 0.38905 0.659485 0.16271999999999998 0.06608999999999998
2 0.8387549999999999 0.65445 0.26922999999999997 0.061779999999999946
4 0.468935 0.13649650000000002 0.038470000000000004 0.12356700000000001
4 0.467455 0.327585 0.029590000000000005 0.12357000000000001
4 0.473375 0.501435 0.02366999999999997 0.09194999999999998
4 0.476335 0.663795 0.02366999999999997 0.10345000000000004
6 0.38461500000000004 0.252875 0.15977000000000002 0.040230000000000016
6 0.38609499999999997 0.400865 0.16272999999999999 0.040230000000000044
6 0.38166 0.207615 0.16568000000000005 0.03591
6 0.389055 0.48707 0.15681 0.03448000000000001
6 0.389055 0.521555 0.15681 0.031609999999999916
6 0.387575 0.644395 0.15385000000000004 0.03304999999999991
6 0.389055 0.677445 0.15681 0.03017000000000003
6 0.48373 0.89655 0.13314000000000004 0.020120000000000027
6 0.50444 0.92241 0.12129999999999996 0.017240000000000033
6 0.516275 0.952585 0.10355000000000003 0.01149
6 0.532545 0.985635 0.07101000000000007 0.01149
8 0.171595 0.37931195 0.06508999999999998 0.7442561
10 0.44230499999999995 0.72414 0.14497 0.06034000000000006
10 0.529585 0.38865000000000005 0.07100999999999996 0.4842
10 0.6508849999999999 0.8354900000000001 0.059170000000000056 0.07901999999999998
10 0.786985 0.834055 0.18935000000000002 0.20833000000000002
10 0.788465 0.71121 0.06805000000000005 0.03736000000000006
10 0.714495 0.703305 0.06213000000000002 0.033050000000000024
10 0.71006 0.5560350000000001 0.07099999999999995 0.0402300000000001
10 0.789945 0.565375 0.059169999999999945 0.03017000000000003
10 0.83876 0.61279 0.25739999999999996 0.015799999999999925
10 0.8683449999999999 0.569685 0.05620999999999998 0.021549999999999958
