1 0.41503999999999996 0.397785 0.04687999999999998 0.029950000000000032
1 0.41552500000000003 0.45833500000000005 0.047850000000000004 0.02865000000000001
1 0.49365499999999995 0.404295 0.014649999999999996 0.01693
1 0.49072499999999997 0.427735 0.012690000000000035 0.019529999999999992
1 0.494625 0.45117 0.014649999999999996 0.01432
1 0.51904 0.404295 0.028320000000000012 0.01693
1 0.518065 0.427735 0.03222999999999998 0.019529999999999992
1 0.5200199999999999 0.452475 0.028320000000000012 0.01693
1 0.588375 0.404945 0.014650000000000052 0.01822999999999997
1 0.612795 0.404945 0.026370000000000005 0.01822999999999997
1 0.612305 0.429035 0.029290000000000038 0.019530000000000047
1 0.6137699999999999 0.453125 0.02636000000000005 0.01822999999999997
1 0.588865 0.453125 0.01366999999999996 0.01822999999999997
1 0.58691 0.429035 0.011720000000000064 0.019530000000000047
1 0.703125 0.39453 0.05078999999999989 0.02864
1 0.7036100000000001 0.464195 0.05175999999999992 0.029949999999999977
1 0.78125 0.40625 0.011719999999999953 0.013020000000000032
1 0.780275 0.429035 0.01366999999999996 0.019530000000000047
1 0.78125 0.45117 0.011719999999999953 0.01432
1 0.80762 0.4069 0.03320000000000001 0.01432
1 0.80762 0.429685 0.03320000000000001 0.020830000000000015
1 0.808105 0.45247499999999996 0.03222999999999998 0.01433000000000001
1 0.77832 0.559245 0.011719999999999953 0.011709999999999998
1 0.77832 0.578125 0.011719999999999953 0.013030000000000097
1 0.806155 0.569015 0.036129999999999995 0.03125
1 0.77881 0.6074200000000001 0.012699999999999934 0.01432
1 0.77832 0.62565 0.011719999999999953 0.011720000000000064
1 0.806155 0.616535 0.036129999999999995 0.03254999999999997
2 0.890625 0.714845 0.0644499999999999 0.03125
2 0.88623 0.789065 0.07323999999999997 0.04427000000000003
1 0.7817350000000001 0.70573 0.01464999999999994 0.013020000000000032
1 0.7817350000000001 0.7233099999999999 0.01464999999999994 0.01432
1 0.80908 0.714845 0.03417999999999999 0.03125
1 0.7109399999999999 0.734375 0.029299999999999993 0.015630000000000033
1 0.68652 0.733725 0.011719999999999953 0.01693
1 0.68408 0.7597700000000001 0.012699999999999934 0.024740000000000095
1 0.68701 0.785155 0.012699999999999934 0.01823000000000008
1 0.708495 0.7604200000000001 0.03027000000000002 0.023440000000000016
1 0.7109399999999999 0.785155 0.029299999999999993 0.01823000000000008
1 0.590335 0.733725 0.01464999999999994 0.01693
1 0.5893550000000001 0.752605 0.012689999999999979 0.01041000000000003
1 0.5893550000000001 0.766275 0.012689999999999979 0.009110000000000062
1 0.59033 0.785155 0.012699999999999934 0.01823000000000008
1 0.61279 0.734375 0.022460000000000035 0.015630000000000033
1 0.611325 0.7597700000000001 0.025390000000000024 0.024740000000000095
1 0.612305 0.785155 0.023430000000000062 0.01823000000000008
1 0.49316499999999996 0.746745 0.013670000000000015 0.022129999999999983
1 0.49316499999999996 0.772785 0.013670000000000015 0.022130000000000094
1 0.52051 0.745445 0.03320000000000001 0.019530000000000047
1 0.5209999999999999 0.772785 0.03417999999999999 0.022130000000000094
1 0.39258000000000004 0.759765 0.011720000000000008 0.022129999999999983
1 0.412595 0.733725 0.020510000000000028 0.01693
1 0.41308500000000004 0.7858050000000001 0.019529999999999992 0.01693
1 0.41308500000000004 0.759765 0.019529999999999992 0.022129999999999983
1 0.39209 0.584635 0.047860000000000014 0.03125
1 0.40185499999999996 0.5488249999999999 0.05370999999999998 0.01693
1 0.402345 0.62565 0.054690000000000016 0.024739999999999984
1 0.47070500000000004 0.553385 0.013670000000000015 0.015630000000000033
1 0.47021500000000005 0.57487 0.014649999999999996 0.01432
1 0.47070500000000004 0.59505 0.013670000000000015 0.013020000000000032
1 0.47070500000000004 0.616535 0.013670000000000015 0.01693
1 0.49902 0.553385 0.03319999999999995 0.015630000000000033
1 0.49755499999999997 0.585285 0.03612999999999994 0.035149999999999904
1 0.49902 0.616535 0.03319999999999995 0.01693
1 0.574705 0.55208 0.014650000000000052 0.013020000000000032
1 0.574705 0.57096 0.014650000000000052 0.011719999999999953
1 0.574705 0.59961 0.014650000000000052 0.01432
1 0.574705 0.61849 0.014650000000000052 0.013020000000000032
1 0.603515 0.561195 0.035150000000000015 0.03125
1 0.6040000000000001 0.608725 0.03417999999999999 0.03254999999999997
1 0.682615 0.56185 0.01366999999999996 0.011720000000000064
1 0.682615 0.57943 0.01366999999999996 0.013020000000000032
1 0.6831050000000001 0.60677 0.01464999999999994 0.013020000000000032
1 0.6831050000000001 0.62305 0.01464999999999994 0.011719999999999953
1 0.7075199999999999 0.570965 0.02636000000000005 0.029950000000000032
1 0.70801 0.613935 0.02734000000000003 0.02994999999999992
0 0.589845 0.595055 0.67383 0.47917000000000004
1 0.30859499999999995 0.7487 0.023430000000000006 0.015619999999999967
1 0.30859499999999995 0.7708349999999999 0.023430000000000006 0.01562999999999992
1 0.30713 0.919925 0.026359999999999995 0.03255000000000008
1 0.519045 0.91536 0.04981000000000002 0.0625
1 0.42334 0.91536 0.040039999999999965 0.0625
1 0.6162099999999999 0.917315 0.05467999999999995 0.06901000000000002
1 0.708005 0.917315 0.04882999999999993 0.06901000000000002
1 0.73926 0.19661499999999998 0.041019999999999945 0.049469999999999986
1 0.81006 0.19661499999999998 0.03808 0.049469999999999986
1 0.67041 0.19596 0.03808 0.05077999999999999
1 0.5957049999999999 0.195965 0.04687000000000008 0.04816999999999999
1 0.54297 0.128255 0.041019999999999945 0.04557000000000001
1 0.523925 0.19531500000000002 0.04981000000000002 0.05468999999999999
1 0.80664 0.30664 0.039059999999999984 0.04558000000000001
1 0.7334 0.307945 0.039059999999999984 0.04557
1 0.6582 0.309245 0.039060000000000095 0.04557
1 0.5825199999999999 0.30664 0.040039999999999965 0.04558000000000001
1 0.50781 0.307945 0.03906000000000004 0.04557
1 0.4541 0.332685 0.023440000000000016 0.03254999999999997
1 0.31348 0.5918 0.039059999999999984 0.08983999999999992
2 0.890625 0.616535 0.06641000000000008 0.03254999999999997
2 0.890625 0.56771 0.06641000000000008 0.03386
2 0.89111 0.42969 0.06738 0.049480000000000024
3 0.389645 0.458985 0.04297000000000001 0.04816999999999999
3 0.388675 0.396485 0.04297000000000001 0.04816999999999999
4 0.44677500000000003 0.395835 0.01855000000000001 0.04427000000000003
4 0.44677500000000003 0.455725 0.01855000000000001 0.04427000000000003
4 0.55664 0.431645 0.048819999999999975 0.13151000000000002
4 0.51953 0.583985 0.009759999999999991 0.10807
4 0.740725 0.46354 0.024410000000000043 0.04947999999999997
4 0.740235 0.39322999999999997 0.025390000000000024 0.049480000000000024
4 0.828125 0.429035 0.009770000000000056 0.08984999999999999
5 0.74463 0.589195 0.05176000000000003 0.13151000000000002
5 0.7456050000000001 0.761065 0.04785000000000006 0.09244999999999992
5 0.736815 0.902995 0.036129999999999995 0.11329
5 0.6459950000000001 0.903645 0.04981000000000002 0.11458999999999997
5 0.651365 0.76237 0.06054999999999999 0.10285999999999995
5 0.5400400000000001 0.76107 0.039059999999999984 0.08464000000000005
5 0.44922 0.758465 0.0625 0.1028699999999999
5 0.546875 0.90365 0.060550000000000104 0.125
5 0.445315 0.908855 0.058589999999999975 0.13541000000000003
5 0.34424 0.92057 0.05176000000000003 0.07552000000000003
5 0.34473 0.759765 0.05077999999999999 0.07682999999999995
5 0.340335 0.591795 0.04198999999999997 0.11848999999999998
4 0.424805 0.58724 0.017569999999999975 0.044279999999999986
5 0.53711 0.29818 0.04688000000000003 0.07552000000000003
5 0.611325 0.296875 0.04296999999999995 0.07552999999999999
5 0.68701 0.29818 0.040040000000000076 0.07552000000000003
5 0.76172 0.296875 0.03515999999999997 0.07291000000000003
5 0.460935 0.29297 0.048829999999999985 0.11198
5 0.479495 0.171875 0.06444999999999995 0.12761
5 0.33838 0.432295 0.024419999999999997 0.14322999999999997
5 0.341795 0.813805 0.02149000000000001 0.03125
5 0.34033 0.70247 0.02245999999999998 0.037760000000000016
5 0.34033 0.8606750000000001 0.02245999999999998 0.041669999999999985
5 0.3418 0.978515 0.023440000000000016 0.04037000000000002
4 0.83643 0.5677099999999999 0.022459999999999924 0.04948000000000008
4 0.837405 0.61719 0.024409999999999932 0.04947999999999997
7 0.4209 0.5019549999999999 0.03515999999999997 0.019529999999999936
7 0.422365 0.6816450000000001 0.036129999999999995 0.019529999999999936
3 0.551755 0.5612 0.025390000000000024 0.04688000000000003
3 0.552735 0.610025 0.025390000000000024 0.04557
4 0.6303700000000001 0.60872 0.01856000000000002 0.037760000000000016
4 0.6303700000000001 0.55794 0.01856000000000002 0.037760000000000016
5 0.6498999999999999 0.42317499999999997 0.049799999999999955 0.10937000000000002
5 0.833985 0.89779 0.035150000000000015 0.11328000000000005
7 0.81006 0.789715 0.07909999999999995 0.08202999999999994
4 0.828615 0.7128950000000001 0.008790000000000076 0.055990000000000095
7 0.449705 0.58594 0.01855000000000001 0.03645999999999994
7 0.323245 0.70052 0.01366999999999996 0.03386
7 0.32421500000000003 0.492185 0.013670000000000015 0.02083000000000007
7 0.32421500000000003 0.811195 0.013670000000000015 0.01822999999999997
7 0.32421500000000003 0.860025 0.013670000000000015 0.01693
7 0.566895 0.759115 0.026370000000000005 0.08855000000000002
8 0.84668 0.597005 0.009759999999999991 0.47265
8 0.89746 0.5931 0.009759999999999991 0.47266
8 0.753905 0.591145 0.009769999999999945 0.47395
8 0.657225 0.595705 0.009769999999999945 0.47265000000000007
8 0.46191499999999996 0.5944 0.009770000000000001 0.47265999999999997
8 0.35692999999999997 0.5944 0.016600000000000004 0.47265999999999997
9 0.6987300000000001 0.6367149999999999 0.03808 0.005210000000000048
9 0.6987300000000001 0.535155 0.03808 0.005210000000000048
9 0.70459 0.5442750000000001 0.03417999999999999 0.005210000000000048
9 0.7041 0.642575 0.03515999999999997 0.00391000000000008
9 0.79834 0.591795 0.040039999999999965 0.006510000000000016
9 0.71924 0.534505 0.0048799999999999955 0.009109999999999951
9 0.719725 0.636065 0.003909999999999969 0.009109999999999951
9 0.6757850000000001 0.5358099999999999 0.007809999999999984 0.01432
9 0.68359 0.54492 0.005859999999999976 0.009120000000000017
9 0.6757850000000001 0.63607 0.007809999999999984 0.011719999999999953
9 0.68408 0.6432249999999999 0.0048799999999999955 0.005210000000000048
9 0.7749 0.591145 0.006839999999999957 0.01041000000000003
9 0.82129 0.5917950000000001 0.005859999999999976 0.009110000000000062
10 0.89209 0.272135 0.05371999999999999 0.13540999999999997
10 0.854005 0.71419 0.008790000000000076 0.03516000000000008
10 0.8833 0.74284 0.024419999999999997 0.016919999999999935
10 0.884275 0.6764349999999999 0.024410000000000043 0.01693
10 0.852055 0.617185 0.008790000000000076 0.033849999999999936
10 0.8530249999999999 0.56771 0.008789999999999965 0.03386
10 0.8530249999999999 0.42969 0.008789999999999965 0.052080000000000015
