4 0.581986 0.906040 0.207852 0.093960
4 0.356813 0.904922 0.200924 0.100671
4 0.132794 0.904922 0.196305 0.100671
4 0.847575 0.891499 0.244804 0.131991
4 0.867206 0.808725 0.080831 0.024609
4 0.170901 0.689038 0.157044 0.040268
4 0.175520 0.565996 0.157044 0.040268
4 0.175520 0.442953 0.157044 0.040268
4 0.180139 0.317673 0.157044 0.040268
0 0.578522 0.759508 0.053118 0.055928
0 0.428406 0.758389 0.053118 0.058166
0 0.652425 0.759508 0.057737 0.064877
0 0.281755 0.755034 0.050808 0.055928
0 0.355658 0.757271 0.055427 0.064877
0 0.139723 0.752796 0.053118 0.055928
0 0.504619 0.756152 0.057737 0.067114
0 0.212471 0.755034 0.055427 0.064877
0 0.065820 0.752796 0.057737 0.064877
0 0.866051 0.749441 0.189376 0.080537
0 0.652425 0.636465 0.057737 0.060403
0 0.211316 0.634228 0.057737 0.060403
0 0.576212 0.634228 0.057737 0.064877
0 0.509238 0.633110 0.057737 0.062640
0 0.354503 0.633110 0.057737 0.062640
0 0.433025 0.631991 0.057737 0.064877
0 0.285219 0.631991 0.057737 0.064877
0 0.063510 0.629754 0.057737 0.060403
0 0.139723 0.629754 0.057737 0.064877
0 0.866051 0.625280 0.184758 0.069351
0 0.654734 0.508949 0.057737 0.064877
0 0.580831 0.508949 0.057737 0.064877
0 0.431871 0.508949 0.060046 0.064877
0 0.287529 0.508949 0.057737 0.064877
0 0.505774 0.506711 0.055427 0.064877
0 0.359122 0.507830 0.057737 0.067114
0 0.139723 0.506711 0.057737 0.064877
0 0.213626 0.505593 0.057737 0.067114
0 0.070439 0.505593 0.057737 0.067114
0 0.863741 0.503356 0.193995 0.071588
0 0.654734 0.383669 0.057737 0.064877
0 0.581986 0.382550 0.064665 0.062640
0 0.509238 0.382550 0.057737 0.062640
0 0.361432 0.382550 0.057737 0.062640
0 0.214781 0.382550 0.060046 0.062640
0 0.068129 0.383669 0.057737 0.064877
0 0.437644 0.382550 0.062356 0.067114
0 0.287529 0.382550 0.062356 0.067114
0 0.142032 0.382550 0.062356 0.067114
0 0.864896 0.378076 0.191686 0.071588
0 0.510393 0.257271 0.064665 0.062640
0 0.431871 0.258389 0.060046 0.064877
0 0.361432 0.257271 0.062356 0.062640
0 0.286374 0.258389 0.060046 0.064877
0 0.213626 0.257271 0.062356 0.062640
0 0.073903 0.258389 0.064665 0.064877
0 0.658199 0.256152 0.064665 0.064877
0 0.580831 0.256152 0.057737 0.064877
0 0.142032 0.256152 0.057737 0.064877
0 0.862587 0.250559 0.200924 0.080537
0 0.381062 0.124161 0.032333 0.020134
0 0.163972 0.125280 0.032333 0.022371
0 0.598152 0.121924 0.032333 0.020134
1 0.488453 0.192394 0.949192 0.049217
8 0.862587 0.739374 0.182448 0.060403
8 0.583141 0.373602 0.057737 0.040268
8 0.214781 0.375839 0.055427 0.049217
