1 0.521975 0.22396 0.08300999999999997 0.05990000000000004
3 0.44629 0.22655999999999998 0.0625 0.10155999999999998
3 0.44873 0.370445 0.06347999999999998 0.10286999999999996
1 0.52295 0.365235 0.08300000000000002 0.06119000000000002
3 0.441405 0.5384150000000001 0.07030999999999998 0.21745000000000003
1 0.522465 0.467445 0.08202999999999999 0.028649999999999953
1 0.52295 0.5944050000000001 0.08105999999999997 0.029950000000000032
1 0.522465 0.53125 0.08202999999999999 0.0625
1 0.52295 0.697915 0.08300000000000002 0.05989
1 0.52295 0.83854 0.08300000000000002 0.0625
3 0.44677500000000003 0.70638 0.059569999999999956 0.11068
3 0.44873 0.845055 0.06347999999999998 0.10677000000000003
3 0.611815 0.8444 0.043949999999999934 0.11068
3 0.611815 0.70573 0.04784999999999995 0.10938000000000003
1 0.6816450000000001 0.695965 0.08788999999999991 0.05859000000000003
1 0.6816450000000001 0.83724 0.08788999999999991 0.059900000000000064
1 0.837405 0.83659 0.08300999999999992 0.058600000000000096
1 0.837405 0.6985699999999999 0.08300999999999992 0.06379999999999997
1 0.950685 0.834635 0.07715000000000005 0.06770999999999994
1 0.9511700000000001 0.695315 0.07812000000000008 0.06770999999999994
1 0.9501949999999999 0.227215 0.07421 0.06641
1 0.949705 0.366535 0.07518999999999998 0.06640999999999997
1 0.83887 0.22786499999999998 0.08397999999999994 0.05988999999999997
1 0.83887 0.36849 0.08397999999999994 0.05990000000000001
1 0.68164 0.22526000000000002 0.08984000000000003 0.05989999999999998
1 0.68213 0.365885 0.08885999999999994 0.05989
3 0.612305 0.22786499999999998 0.04686999999999997 0.10157000000000002
3 0.6113299999999999 0.369795 0.04491999999999996 0.10416999999999998
3 0.6196299999999999 0.537765 0.03417999999999999 0.21875000000000006
1 0.6821299999999999 0.465495 0.08692 0.029950000000000032
1 0.6821299999999999 0.5293 0.08692 0.06119999999999998
1 0.6816450000000001 0.5930949999999999 0.08788999999999991 0.029950000000000032
2 0.8999 0.53255 0.18262 0.12240000000000001
0 0.56738 0.4941431 0.8535200000000001 0.9804738000000001
1 0.358885 0.84375 0.07715 0.0625
1 0.358885 0.70182 0.07715 0.0625
1 0.358885 0.597005 0.08105000000000001 0.02994999999999992
1 0.35791 0.46809500000000004 0.08106000000000002 0.029949999999999977
1 0.357425 0.53255 0.08202999999999999 0.0625
1 0.35448999999999997 0.365235 0.08398 0.06119000000000002
1 0.524415 0.0833325 0.08202999999999999 0.059895000000000004
1 0.68262 0.085285 0.08983999999999992 0.05859
3 0.608885 0.087888 0.04784999999999995 0.105464
4 0.56836 0.838545 0.013680000000000025 0.09375
4 0.56836 0.699215 0.013680000000000025 0.09375
4 0.5693349999999999 0.365235 0.01366999999999996 0.09505000000000002
4 0.567385 0.22135500000000002 0.01366999999999996 0.09375000000000003
4 0.566405 0.08593600000000001 0.01366999999999996 0.09374800000000001
4 0.7412099999999999 0.22786499999999998 0.03515999999999997 0.09635000000000002
4 0.7417 0.084634 0.03613999999999995 0.09635200000000002
4 0.740235 0.36458500000000005 0.035150000000000015 0.09634999999999999
4 0.7421899999999999 0.695965 0.03515999999999997 0.09504999999999997
4 0.740235 0.83854 0.035150000000000015 0.09636
4 0.73926 0.5319 0.029299999999999993 0.19922
4 0.890625 0.8378950000000001 0.027349999999999985 0.08202999999999994
4 0.89209 0.697265 0.030279999999999974 0.07682999999999995
4 0.893065 0.37044 0.03027000000000002 0.07682
4 0.893065 0.229165 0.03027000000000002 0.07813000000000003
5 0.219235 0.72982 0.04199 0.16535999999999995
7 0.157715 0.88216 0.03223000000000001 0.08984000000000003
7 0.77588 0.535155 0.06738 0.20573000000000002
8 0.762695 0.4973955 0.025390000000000024 0.9687490000000001
8 0.41455 0.49414125 0.036140000000000005 0.9726575
4 0.580565 0.533205 0.036129999999999995 0.19401000000000007
9 0.521485 0.49219 0.08202999999999999 0.013019999999999976
9 0.521485 0.44401 0.08202999999999999 0.013019999999999976
9 0.522465 0.572265 0.08202999999999999 0.014329999999999954
9 0.522465 0.62109 0.08202999999999999 0.013020000000000032
9 0.563475 0.49154 0.003909999999999969 0.01432
9 0.563475 0.5709599999999999 0.003909999999999969 0.01432
9 0.5629850000000001 0.6197900000000001 0.002929999999999988 0.015620000000000078
9 0.563965 0.44531 0.002929999999999988 0.015620000000000023
9 0.47509999999999997 0.444665 0.010740000000000027 0.019529999999999992
9 0.476075 0.49349 0.010749999999999982 0.01822000000000007
9 0.476075 0.572265 0.010749999999999982 0.019530000000000047
9 0.476565 0.620445 0.009770000000000001 0.019530000000000047
9 0.6816450000000001 0.44401 0.08788999999999991 0.013019999999999976
9 0.681155 0.49219 0.08690999999999993 0.013019999999999976
9 0.6816450000000001 0.57161 0.08788999999999991 0.01301999999999992
9 0.681155 0.61914 0.08690999999999993 0.011719999999999953
9 0.632325 0.44401 0.008789999999999965 0.015620000000000023
9 0.633305 0.49219 0.008790000000000076 0.015620000000000023
9 0.633305 0.571615 0.008790000000000076 0.015630000000000033
9 0.633305 0.61784 0.008790000000000076 0.016919999999999935
10 0.878415 0.45377500000000004 0.030269999999999908 0.04297000000000001
10 0.93164 0.628255 0.015619999999999967 0.02472999999999992
10 0.9126 0.632815 0.010739999999999972 0.01822999999999997
10 0.930665 0.43815000000000004 0.015630000000000033 0.022139999999999993
