1 0.32373 0.446615 0.06152000000000002 0.04687000000000002
1 0.322755 0.552735 0.05957000000000001 0.048170000000000046
1 0.441405 0.446615 0.05859000000000003 0.04687000000000002
1 0.42578 0.553385 0.06054000000000004 0.049470000000000014
1 0.529785 0.553385 0.05957000000000001 0.049470000000000014
1 0.54639 0.446615 0.057620000000000005 0.04687000000000002
1 0.326665 0.658855 0.05957000000000001 0.04686999999999997
1 0.32471 0.7636700000000001 0.06152000000000002 0.04818
1 0.426755 0.7636700000000001 0.06054999999999999 0.04818
1 0.530275 0.76172 0.06054999999999999 0.04687999999999992
1 0.445805 0.658855 0.05957000000000001 0.04686999999999997
1 0.549315 0.658855 0.05760999999999994 0.04686999999999997
1 0.6333 0.76302 0.057620000000000005 0.04947999999999997
1 0.651365 0.65755 0.05859000000000003 0.04688000000000003
1 0.7543949999999999 0.65755 0.05761000000000005 0.04688000000000003
1 0.736325 0.76302 0.05858999999999992 0.04947999999999997
1 0.847165 0.65755 0.04199000000000008 0.04688000000000003
1 0.847165 0.76237 0.04199000000000008 0.04818
1 0.63379 0.552735 0.058599999999999985 0.048170000000000046
1 0.6499 0.447915 0.057620000000000005 0.04686999999999997
1 0.73584 0.552735 0.057620000000000005 0.048170000000000046
1 0.75342 0.448565 0.057620000000000005 0.04557
1 0.847165 0.44987 0.04199000000000008 0.04558000000000001
1 0.84668 0.553385 0.041020000000000056 0.04686999999999997
0 0.594725 0.514325 0.80469 0.72917
1 0.33154 0.34309999999999996 0.057620000000000005 0.04558000000000001
1 0.3457 0.24413999999999997 0.056640000000000024 0.03775999999999999
1 0.37256 0.16732 0.06152000000000002 0.024739999999999984
1 0.46924 0.16602 0.06152000000000002 0.024739999999999984
1 0.461425 0.24348999999999998 0.059569999999999956 0.039059999999999984
1 0.431155 0.34114500000000003 0.05957000000000001 0.044269999999999976
1 0.534665 0.34114500000000003 0.05957000000000001 0.044269999999999976
1 0.56201 0.24414000000000002 0.05566000000000004 0.03516
1 0.56348 0.16927 0.056640000000000024 0.026040000000000008
1 0.63721 0.34114500000000003 0.05565999999999993 0.044269999999999976
1 0.664555 0.251955 0.053709999999999924 0.03514999999999999
1 0.6606449999999999 0.176435 0.051750000000000074 0.029950000000000004
1 0.7417 0.350915 0.05566000000000004 0.04297000000000001
1 0.8515600000000001 0.35352 0.039059999999999984 0.037760000000000016
1 0.855955 0.276045 0.03808999999999996 0.03125
1 0.858885 0.21419500000000002 0.03808999999999996 0.029950000000000004
1 0.76465 0.26432500000000003 0.058600000000000096 0.02865000000000001
1 0.7587900000000001 0.19205499999999998 0.050779999999999936 0.029950000000000004
1 0.951175 0.47265500000000005 0.08789000000000002 0.19271
1 0.9487300000000001 0.7291650000000001 0.09082000000000001 0.20833000000000002
1 0.95068 0.270835 0.09082000000000001 0.09375
9 0.9511700000000001 0.347005 0.08984000000000003 0.05338999999999999
9 0.94824 0.597005 0.08984000000000003 0.05339000000000005
