1 0.500000 0.500000 1.000000 1.000000
0 0.500000 0.496094 0.995976 0.988281
6 0.714286 0.869629 0.301811 0.120117
6 0.310865 0.870117 0.150905 0.125000
2 0.728370 0.719727 0.080483 0.070312
2 0.896378 0.717773 0.082495 0.070312
2 0.150905 0.607422 0.080483 0.070312
2 0.729376 0.605469 0.082495 0.070312
2 0.558350 0.605469 0.082495 0.070312
2 0.349095 0.605469 0.082495 0.070312
2 0.896378 0.604492 0.082495 0.070312
2 0.726358 0.490234 0.080483 0.070312
2 0.149899 0.475586 0.086519 0.041016
2 0.901408 0.489258 0.080483 0.070312
2 0.349095 0.475098 0.086519 0.041992
2 0.559356 0.474609 0.080483 0.042969
2 0.560362 0.350586 0.086519 0.031250
2 0.348089 0.350586 0.084507 0.031250
2 0.726358 0.368652 0.084507 0.069336
2 0.149899 0.350098 0.086519 0.032227
2 0.896378 0.368164 0.086519 0.070312
2 0.341046 0.225586 0.086519 0.025391
2 0.148893 0.225586 0.084507 0.025391
2 0.723340 0.243652 0.086519 0.065430
2 0.559356 0.224609 0.084507 0.027344
2 0.894366 0.243164 0.086519 0.066406
2 0.560362 0.108887 0.086519 0.024414
2 0.723340 0.127930 0.086519 0.064453
2 0.343058 0.108398 0.086519 0.025391
2 0.151911 0.108398 0.086519 0.025391
2 0.892354 0.128418 0.086519 0.067383
3 0.501006 0.778320 0.985915 0.052734
3 0.502012 0.650391 0.983903 0.035156
3 0.496982 0.539551 0.981891 0.041992
3 0.812877 0.407227 0.358149 0.019531
3 0.024145 0.407227 0.036217 0.019531
3 0.497988 0.046875 0.979879 0.083984
4 0.726358 0.439941 0.144869 0.032227
4 0.150905 0.439453 0.144869 0.033203
4 0.898390 0.438965 0.146881 0.036133
4 0.451710 0.436523 0.356137 0.033203
4 0.899396 0.328613 0.169014 0.038086
4 0.724346 0.327637 0.164990 0.038086
4 0.149899 0.327637 0.167002 0.038086
4 0.343058 0.322754 0.162978 0.049805
4 0.555332 0.322266 0.160966 0.050781
4 0.342052 0.201172 0.148893 0.019531
4 0.148893 0.201660 0.148893 0.020508
4 0.896378 0.200195 0.146881 0.019531
4 0.727364 0.200195 0.146881 0.019531
4 0.556338 0.200195 0.146881 0.019531
7 0.893360 0.284180 0.136821 0.015625
7 0.722334 0.283691 0.136821 0.014648
7 0.893360 0.169434 0.136821 0.014648
7 0.726358 0.167480 0.136821 0.014648
5 0.342052 0.522949 0.591549 0.053711
5 0.338028 0.393066 0.591549 0.053711
5 0.342052 0.267578 0.587525 0.058594
5 0.338028 0.150391 0.579477 0.058594
