0 0.4831177 0.549145 0.9598046 0.7606900000000001
1 0.19534 0.33654 0.09164000000000003 0.07477999999999996
1 0.19534 0.547005 0.09164000000000003 0.07264999999999999
1 0.19775 0.7596149999999999 0.09004000000000001 0.07479000000000002
1 0.36254 0.338675 0.09486 0.07050999999999996
1 0.36415 0.5480750000000001 0.09486 0.07050999999999996
1 0.36415 0.7574799999999999 0.09486 0.07052000000000003
1 0.5321549999999999 0.340815 0.09324999999999994 0.07478999999999997
1 0.5321549999999999 0.75641 0.09324999999999994 0.07691999999999999
1 0.5490349999999999 0.54701 0.12378999999999996 0.0769200000000001
1 0.038585 0.75534 0.04823200000000001 0.04059999999999997
1 0.0369775 0.55235 0.048231 0.04059999999999997
1 0.71463 0.338675 0.08519999999999994 0.13888999999999996
1 0.71463 0.542735 0.08519999999999994 0.14103
1 0.713025 0.751065 0.08521000000000001 0.13888999999999996
2 0.8786149999999999 0.547005 0.16881000000000002 0.13675000000000004
3 0.14148 0.33654 0.022499999999999992 0.10897999999999997
3 0.14469500000000002 0.550215 0.022510000000000002 0.10897000000000001
3 0.14469500000000002 0.759615 0.022510000000000002 0.10897000000000001
3 0.284565 0.550215 0.05786999999999998 0.13889
3 0.45257000000000003 0.34188 0.04984000000000005 0.13676
3 0.45418000000000003 0.76282 0.04984000000000005 0.1367600000000001
3 0.28135 0.34295 0.051439999999999986 0.13033999999999996
3 0.28135 0.76389 0.051439999999999986 0.13034
4 0.24196499999999999 0.338675 0.01447000000000001 0.11324999999999996
4 0.242765 0.549145 0.01607000000000003 0.11111000000000004
4 0.24356500000000003 0.76282 0.01447000000000001 0.11112
4 0.413985 0.75641 0.014469999999999983 0.11112
4 0.412375 0.34188 0.014469999999999983 0.11112
4 0.599675 0.7649600000000001 0.051449999999999996 0.11965999999999999
4 0.6004799999999999 0.34188 0.049839999999999995 0.11965999999999999
5 0.43649499999999997 0.56517 0.11737000000000003 0.22436
5 0.6125400000000001 0.57158 0.11575999999999997 0.30128
6 0.192925 0.282055 0.09325 0.034190000000000054
6 0.19373 0.3953 0.09164 0.03417999999999999
6 0.194535 0.496795 0.09325 0.03205000000000008
6 0.19373 0.608975 0.09164 0.034190000000000054
6 0.196145 0.707265 0.09325000000000003 0.034190000000000054
6 0.19534 0.819445 0.09164000000000003 0.03632999999999997
6 0.36173500000000003 0.819445 0.09325 0.03632999999999997
6 0.36334500000000003 0.706195 0.09325 0.03632999999999997
6 0.36254 0.399575 0.09164 0.03419
6 0.36173500000000003 0.28098500000000004 0.09325 0.03633000000000003
6 0.53135 0.279915 0.09485999999999994 0.038470000000000004
6 0.53135 0.40171 0.09485999999999994 0.038459999999999994
6 0.53296 0.8205100000000001 0.09485999999999994 0.03846000000000005
6 0.53296 0.700855 0.09485999999999994 0.038470000000000004
6 0.550645 0.6132500000000001 0.11415000000000003 0.03846000000000005
6 0.553855 0.48824999999999996 0.11414999999999997 0.04059999999999997
8 0.100482 0.555555 0.065916 0.74359
8 0.650325 0.55235 0.07235000000000003 0.7457199999999999
10 0.8705799999999999 0.338675 0.14629999999999999 0.13888999999999996
10 0.869775 0.75107 0.14790999999999999 0.13461999999999996
