0 0.501464 0.5238825 0.956052 0.923155
1 0.22411999999999999 0.13084 0.08886000000000002 0.054000000000000006
1 0.22411999999999999 0.24090999999999999 0.09081999999999998 0.05399999999999999
1 0.22558499999999998 0.35099 0.09179000000000001 0.05192000000000002
1 0.22558499999999998 0.4595 0.09179000000000001 0.05296000000000001
1 0.39697499999999997 0.13032 0.09473000000000004 0.055040000000000006
1 0.39697499999999997 0.239875 0.09473000000000004 0.05606999999999998
1 0.39746 0.34943 0.09570000000000001 0.05504000000000003
1 0.397465 0.46002 0.09375 0.05608000000000002
1 0.22655999999999998 0.569055 0.08984 0.05398999999999998
1 0.22607 0.67913 0.09082000000000001 0.05608000000000002
1 0.39746 0.568535 0.09570000000000001 0.05503000000000002
1 0.398925 0.6780900000000001 0.09473000000000004 0.05608000000000002
1 0.58301 0.126685 0.10155999999999998 0.04777000000000001
1 0.58301 0.238315 0.10155999999999998 0.04881000000000002
1 0.583495 0.34735 0.10058999999999996 0.050880000000000036
1 0.39307000000000003 0.904465 0.09668000000000004 0.05398999999999998
1 0.583495 0.45794 0.10058999999999996 0.05192000000000002
1 0.584475 0.56698 0.10058999999999996 0.05399999999999994
1 0.5849599999999999 0.6770499999999999 0.10155999999999998 0.05399999999999994
1 0.22021000000000002 0.904465 0.09082000000000001 0.05398999999999998
1 0.5791 0.90291 0.10155999999999998 0.05503999999999998
1 0.77197 0.13032 0.10253999999999996 0.055040000000000006
1 0.771485 0.239875 0.10156999999999994 0.05606999999999998
1 0.772465 0.34995 0.09960999999999998 0.05608000000000002
1 0.7724599999999999 0.46002 0.10351999999999995 0.05608000000000002
1 0.7724599999999999 0.5695749999999999 0.10155999999999998 0.05503000000000002
1 0.7734399999999999 0.67913 0.10155999999999998 0.05608000000000002
1 0.76953 0.904985 0.10351999999999995 0.057109999999999994
1 0.928715 0.5721700000000001 0.08789000000000002 0.05608000000000002
1 0.92432 0.46106 0.07910000000000006 0.05192000000000002
1 0.921875 0.34943 0.07421000000000011 0.05087999999999998
2 0.93164 0.90602 0.09570000000000001 0.05504000000000009
2 0.9321299999999999 0.67757 0.09277999999999997 0.05503999999999998
3 0.16748000000000002 0.127209 0.04394000000000001 0.10696199999999999
3 0.16748000000000002 0.23935499999999998 0.04394000000000001 0.10694999999999999
3 0.16748 0.34787 0.045899999999999996 0.10383999999999999
3 0.16699 0.456905 0.044920000000000015 0.10385
3 0.168455 0.56646 0.04394999999999999 0.10487999999999997
3 0.16748 0.676535 0.045899999999999996 0.10072999999999999
3 0.16161999999999999 0.90083 0.04003999999999999 0.11318000000000006
3 0.49316499999999996 0.11526449999999999 0.041009999999999935 0.09761099999999999
3 0.49414 0.22222000000000003 0.041020000000000056 0.10800000000000001
3 0.49414 0.33333 0.041020000000000056 0.10592000000000001
3 0.492675 0.444445 0.03808999999999996 0.10798999999999997
3 0.49414 0.5560750000000001 0.041020000000000056 0.10694999999999999
3 0.492675 0.6671849999999999 0.03808999999999996 0.10694999999999999
3 0.487795 0.897715 0.04198999999999997 0.12148999999999999
3 0.322265 0.1194205 0.07617000000000002 0.10799899999999998
3 0.322265 0.23104999999999998 0.07617000000000002 0.10904
3 0.32177999999999995 0.34008 0.0791 0.1028
3 0.320805 0.45431 0.07715 0.11318
3 0.3208 0.56698 0.0791 0.10384000000000004
3 0.3208 0.67809 0.0791 0.10592000000000001
3 0.31884999999999997 0.902385 0.08105999999999997 0.11214999999999997
4 0.45752 0.1240915 0.03417999999999999 0.10695700000000001
4 0.45703 0.23520000000000002 0.03320000000000001 0.10488
4 0.459965 0.34631 0.03125 0.10487999999999997
4 0.45801000000000003 0.45742499999999997 0.029300000000000048 0.10072999999999999
4 0.459475 0.5711299999999999 0.036129999999999995 0.10175999999999996
4 0.45996000000000004 0.675495 0.035160000000000025 0.09865000000000002
4 0.45654 0.90343 0.03417999999999999 0.10384000000000004
4 0.84033 0.90395 0.04393999999999998 0.09242000000000006
4 0.841795 0.67497 0.04100999999999999 0.09138000000000002
4 0.84082 0.5649 0.041020000000000056 0.09554000000000007
4 0.84131 0.45535000000000003 0.040040000000000076 0.09242
4 0.841795 0.346315 0.04100999999999999 0.09865000000000002
4 0.841305 0.235205 0.04198999999999997 0.09865000000000002
4 0.84424 0.133954 0.04394000000000009 0.080992
5 0.643555 0.90083 0.04686999999999997 0.11526000000000003
5 0.648925 0.6749750000000001 0.04198999999999997 0.11007
5 0.648925 0.5612699999999999 0.04198999999999997 0.10696000000000006
5 0.64844 0.45379 0.041020000000000056 0.10592000000000001
5 0.64795 0.34164 0.04200000000000004 0.10799999999999998
5 0.64795 0.23001 0.04393999999999998 0.11112
5 0.64795 0.11993799999999999 0.04393999999999998 0.10280399999999999
7 0.44238 0.7814099999999999 0.05077999999999999 0.07579999999999998
8 0.09619249999999999 0.524405 0.10449499999999999 0.90343
8 0.278325 0.5249205 0.037109999999999976 0.906539
8 0.49072 0.5259605 0.049799999999999955 0.921079
8 0.68799 0.5259615 0.06152000000000002 0.898237
8 0.866215 0.520247 0.025390000000000024 0.901346
9 0.27588 0.806335 0.22558 0.02803
9 0.276365 0.7647999999999999 0.22461 0.028039999999999954
9 0.574215 0.71132 0.09375 0.012460000000000027
9 0.574705 0.63759 0.09472999999999998 0.012459999999999916
9 0.5737300000000001 0.5996900000000001 0.09472000000000003 0.011420000000000097
9 0.574705 0.52804 0.09277000000000002 0.011419999999999986
9 0.574215 0.49065499999999995 0.09375 0.011429999999999996
9 0.5737300000000001 0.416925 0.09472000000000003 0.011429999999999996
9 0.574215 0.37902 0.09375 0.012459999999999971
9 0.5737300000000001 0.30685 0.09472000000000003 0.011419999999999986
9 0.57422 0.26895 0.09570000000000001 0.012459999999999971
9 0.5737300000000001 0.19782 0.09277999999999997 0.013500000000000012
9 0.574215 0.15784 0.09375 0.014539999999999997
9 0.5737300000000001 0.0877465 0.09472000000000003 0.013498999999999997
9 0.393555 0.80478 0.009770000000000001 0.03738000000000008
9 0.393555 0.7627200000000001 0.007809999999999984 0.03633999999999993
9 0.62451 0.711835 0.006839999999999957 0.017649999999999944
9 0.625 0.638115 0.005859999999999976 0.019730000000000025
9 0.62402 0.599685 0.005859999999999976 0.019730000000000025
9 0.623535 0.52752 0.00488999999999995 0.01662000000000008
9 0.62402 0.489095 0.005859999999999976 0.020769999999999955
9 0.62402 0.416405 0.005859999999999976 0.02077000000000001
9 0.62402 0.377465 0.005859999999999976 0.021809999999999996
9 0.62402 0.306855 0.005859999999999976 0.019730000000000025
9 0.62451 0.26843 0.0048799999999999955 0.023880000000000012
9 0.62305 0.19729999999999998 0.005859999999999976 0.02284
9 0.623535 0.15732000000000002 0.00488999999999995 0.023879999999999985
9 0.623535 0.0877465 0.00488999999999995 0.021807000000000007
9 0.5200199999999999 0.0877465 0.012700000000000045 0.021807000000000007
9 0.52002 0.15732000000000002 0.014639999999999986 0.021800000000000014
9 0.5209950000000001 0.1973 0.012689999999999979 0.02076
9 0.5200199999999999 0.268435 0.012700000000000045 0.021809999999999996
9 0.5200199999999999 0.30581499999999995 0.012700000000000045 0.01765
9 0.520505 0.376945 0.013670000000000071 0.02077000000000001
9 0.520505 0.415365 0.013670000000000071 0.018689999999999984
9 0.5214799999999999 0.489615 0.011720000000000064 0.01972999999999997
9 0.521485 0.5264800000000001 0.01366999999999996 0.022840000000000082
9 0.52051 0.597615 0.011719999999999953 0.019730000000000025
9 0.52051 0.63811 0.011719999999999953 0.023880000000000012
9 0.5209950000000001 0.70976 0.012689999999999979 0.025960000000000094
9 0.51416 0.864485 0.010740000000000083 0.019729999999999914
9 0.515135 0.937695 0.01269000000000009 0.018689999999999984
9 0.56836 0.865005 0.09765999999999997 0.016610000000000014
9 0.569335 0.93718 0.09570999999999996 0.013500000000000068
9 0.6206050000000001 0.865005 0.00488999999999995 0.018689999999999984
9 0.61963 0.938215 0.0048799999999999955 0.017649999999999944
9 0.14600000000000002 0.8053 0.034180000000000016 0.04049999999999998
9 0.14599499999999999 0.7642800000000001 0.03613000000000002 0.03738000000000008
