0 0.52696 0.48289865 0.5882400000000001 0.9592826999999999
1 0.37622500000000003 0.311075 0.09559000000000001 0.026050000000000018
1 0.375 0.276055 0.09314 0.027689999999999992
1 0.37622500000000003 0.241855 0.09559000000000001 0.027689999999999992
1 0.378675 0.207655 0.09559000000000001 0.027689999999999992
1 0.3799 0.17264000000000002 0.09314 0.02606
1 0.38235 0.140065 0.09314 0.026050000000000018
1 0.383575 0.106677 0.09558999999999995 0.027686000000000002
1 0.38480499999999995 0.0741045 0.09312999999999999 0.027686999999999996
1 0.38480499999999995 0.0423455 0.09312999999999999 0.026059000000000002
1 0.37255 0.34772000000000003 0.09314 0.027679999999999982
1 0.371325 0.38517999999999997 0.09559000000000001 0.027679999999999982
1 0.3701 0.417755 0.09314 0.027689999999999992
1 0.36887499999999995 0.451955 0.09559000000000001 0.027689999999999992
1 0.51348 0.45277 0.09558000000000005 0.026059999999999972
1 0.515935 0.41694 0.09558999999999995 0.026060000000000028
1 0.515935 0.38111 0.09558999999999995 0.026059999999999972
1 0.51961 0.34609 0.09314 0.027680000000000038
1 0.5208349999999999 0.30945 0.09558999999999995 0.026059999999999972
1 0.523285 0.27524000000000004 0.09559000000000001 0.026060000000000028
1 0.52206 0.24022500000000002 0.09313999999999995 0.02769000000000002
1 0.5208349999999999 0.20684000000000002 0.09558999999999995 0.02606
1 0.523285 0.17264000000000002 0.09559000000000001 0.02606
1 0.5208349999999999 0.10504749999999999 0.09558999999999995 0.027685
1 0.523285 0.13924999999999998 0.09559000000000001 0.02768000000000001
1 0.52451 0.07329000000000001 0.09314000000000006 0.026058000000000005
1 0.52451 0.0399025 0.09314000000000006 0.027687000000000003
1 0.52451 0.012215 0.09314000000000006 0.014658
1 0.387255 0.013843850000000001 0.09312999999999999 0.0146583
1 0.66667 0.012215 0.09314 0.014658
1 0.66912 0.0423455 0.09314 0.026059000000000002
1 0.66912 0.0749185 0.09314 0.026059
1 0.670345 0.108305 0.09558999999999995 0.021169999999999994
1 0.67157 0.14088 0.09314 0.02768000000000001
1 0.667895 0.1759 0.09559000000000006 0.02606
1 0.66912 0.20684000000000002 0.09314 0.02606
1 0.66912 0.24267 0.09314 0.026059999999999972
1 0.6654450000000001 0.276055 0.09558999999999995 0.027689999999999992
1 0.66667 0.311075 0.09314 0.026050000000000018
1 0.6654450000000001 0.34609 0.09558999999999995 0.027680000000000038
1 0.664215 0.37948000000000004 0.09312999999999994 0.026060000000000028
1 0.664215 0.41694 0.09312999999999994 0.026060000000000028
1 0.66299 0.451955 0.09558 0.027689999999999992
1 0.362745 0.668565 0.09312999999999999 0.027689999999999992
1 0.36152 0.704395 0.09558 0.027689999999999992
1 0.362745 0.74104 0.09312999999999999 0.029320000000000013
1 0.36152 0.77687 0.09558 0.0293199999999999
1 0.36029500000000003 0.812705 0.09312999999999999 0.029309999999999947
1 0.36152 0.85016 0.09558 0.029320000000000013
1 0.35784 0.8843650000000001 0.09314 0.029310000000000058
1 0.356615 0.920195 0.09559000000000001 0.029309999999999947
1 0.508575 0.66775 0.09559000000000001 0.029320000000000013
1 0.508575 0.706025 0.09559000000000001 0.027689999999999992
1 0.5061249999999999 0.7394149999999999 0.09558999999999995 0.029310000000000058
1 0.5061249999999999 0.7785 0.09558999999999995 0.029320000000000013
1 0.5061249999999999 0.815145 0.09558999999999995 0.027689999999999992
1 0.5061249999999999 0.848535 0.09558999999999995 0.029310000000000058
1 0.503675 0.88762 0.09559000000000001 0.029320000000000013
1 0.503675 0.920195 0.09559000000000001 0.029309999999999947
1 0.655635 0.78013 0.09558999999999995 0.03258000000000005
1 0.6544099999999999 0.818405 0.09804000000000002 0.030949999999999922
1 0.653185 0.8526050000000001 0.10048999999999997 0.030949999999999922
1 0.64951 0.888435 0.09804000000000002 0.030950000000000033
1 0.721815 0.559445 0.09559000000000006 0.027689999999999992
2 0.724265 0.7076549999999999 0.13971 0.10587000000000002
6 0.38603 0.041531 0.09067999999999998 0.024430000000000004
6 0.38480499999999995 0.074104 0.09312999999999999 0.024430000000000007
6 0.37745 0.24185500000000001 0.09314 0.024430000000000007
6 0.375 0.27605500000000005 0.09314 0.024430000000000007
6 0.5257350000000001 0.039902 0.09069000000000005 0.024429999999999997
6 0.5257350000000001 0.072476 0.09069000000000005 0.02443
6 0.51716 0.38029500000000005 0.09313999999999995 0.024430000000000007
6 0.514705 0.417755 0.09313000000000005 0.024430000000000007
6 0.5134799999999999 0.451955 0.09067999999999998 0.024430000000000007
6 0.66299 0.451955 0.09067999999999998 0.024430000000000007
6 0.66299 0.417755 0.09067999999999998 0.024430000000000007
6 0.66299 0.38029500000000005 0.09067999999999998 0.024430000000000007
6 0.66544 0.34609500000000004 0.09067999999999998 0.024430000000000007
6 0.66667 0.311075 0.09314 0.022809999999999997
6 0.66544 0.27605500000000005 0.09067999999999998 0.024430000000000007
6 0.670345 0.24185500000000001 0.09069000000000005 0.024430000000000007
6 0.667895 0.206025 0.09068999999999994 0.02442999999999998
6 0.667895 0.175085 0.09068999999999994 0.024430000000000007
6 0.672795 0.140875 0.09069000000000005 0.024430000000000007
6 0.670345 0.074104 0.09069000000000005 0.024430000000000007
6 0.670345 0.1083045 0.09069000000000005 0.017910999999999996
6 0.66912 0.043160000000000004 0.09314 0.02443
6 0.667895 0.011400500000000001 0.09068999999999994 0.013029
6 0.523285 0.013029349999999999 0.09068999999999999 0.013029299999999999
6 0.38848 0.013029349999999999 0.09067999999999998 0.013029299999999999
6 0.655635 0.780945 0.09069000000000005 0.024429999999999952
6 0.653185 0.816775 0.09068999999999994 0.024429999999999952
6 0.362745 0.6685650000000001 0.09312999999999999 0.024430000000000063
6 0.36152 0.704395 0.09067999999999998 0.024429999999999952
6 0.36397 0.740225 0.09067999999999998 0.024429999999999952
6 0.36152 0.7760549999999999 0.09067999999999998 0.024430000000000063
6 0.36029500000000003 0.813515 0.09312999999999999 0.024429999999999952
6 0.36152 0.849345 0.09067999999999998 0.024429999999999952
6 0.356615 0.884365 0.09068999999999999 0.022809999999999997
6 0.356615 0.919385 0.09068999999999999 0.024429999999999952
6 0.50858 0.6669350000000001 0.09067999999999998 0.024430000000000063
6 0.50858 0.706025 0.09067999999999998 0.024429999999999952
6 0.50858 0.740225 0.09067999999999998 0.024429999999999952
6 0.506125 0.779315 0.09068999999999999 0.024429999999999952
6 0.50858 0.815145 0.09067999999999998 0.024429999999999952
6 0.506125 0.849345 0.09068999999999999 0.024429999999999952
6 0.503675 0.8868050000000001 0.09068999999999994 0.024430000000000063
6 0.506125 0.9210050000000001 0.09068999999999999 0.024430000000000063
6 0.3701 0.451955 0.09314 0.024430000000000007
6 0.370095 0.10667650000000001 0.06862999999999997 0.02442699999999999
6 0.3701 0.140875 0.06372 0.024430000000000007
6 0.36641999999999997 0.173455 0.06617999999999996 0.024430000000000007
6 0.35784 0.207655 0.05391999999999997 0.024430000000000007
6 0.514705 0.105047 0.07842999999999994 0.024426000000000003
6 0.51838 0.139255 0.08088000000000001 0.024430000000000007
6 0.517155 0.171825 0.07843000000000006 0.024430000000000007
6 0.501225 0.30945 0.05146999999999996 0.022800000000000042
6 0.5 0.346905 0.05391999999999997 0.022809999999999997
