6 0.202948 0.566406 0.038549 0.119141
6 0.362245 0.446289 0.051020 0.361328
6 0.200680 0.385254 0.036281 0.241211
6 0.975624 0.442871 0.039683 0.358398
6 0.816893 0.443848 0.051020 0.360352
0 0.061791 0.885742 0.080499 0.083984
0 0.686508 0.891113 0.085034 0.104492
0 0.064626 0.718262 0.081633 0.083008
0 0.515306 0.709473 0.051020 0.092773
0 0.441610 0.709961 0.048753 0.093750
0 0.647392 0.709961 0.049887 0.095703
0 0.276077 0.708008 0.082766 0.091797
0 0.723356 0.708984 0.049887 0.095703
0 0.896259 0.708008 0.082766 0.095703
0 0.065193 0.552734 0.082766 0.083984
0 0.517007 0.530762 0.049887 0.092773
0 0.439909 0.530762 0.049887 0.092773
0 0.723356 0.529297 0.049887 0.093750
0 0.648526 0.529297 0.049887 0.093750
0 0.275510 0.528320 0.081633 0.091797
0 0.895125 0.528809 0.082766 0.094727
0 0.065193 0.384766 0.082766 0.083984
0 0.514739 0.355469 0.049887 0.083984
0 0.723923 0.355469 0.051020 0.085938
0 0.439909 0.354980 0.049887 0.084961
0 0.647392 0.354980 0.049887 0.086914
0 0.278345 0.353027 0.082766 0.086914
0 0.893991 0.350098 0.082766 0.084961
0 0.064059 0.216309 0.087302 0.084961
0 0.723923 0.179688 0.060091 0.076172
0 0.516440 0.180176 0.060091 0.077148
0 0.649093 0.178711 0.060091 0.076172
0 0.443311 0.179199 0.058957 0.077148
0 0.280612 0.175293 0.071429 0.077148
0 0.898526 0.174316 0.071429 0.077148
1 0.589569 0.777344 0.802721 0.058594
1 0.946145 0.573242 0.019274 0.005859
1 0.848073 0.573242 0.011338 0.005859
1 0.769841 0.588379 0.043084 0.036133
1 0.685941 0.573242 0.024943 0.005859
1 0.582766 0.588379 0.081633 0.036133
1 0.478458 0.573730 0.027211 0.006836
1 0.401361 0.588379 0.027211 0.036133
1 0.326531 0.572266 0.020408 0.003906
1 0.228458 0.572266 0.012472 0.003906
1 0.975057 0.273438 0.034014 0.023438
1 0.590136 0.273438 0.500000 0.023438
1 0.204649 0.273438 0.030612 0.023438
1 0.586735 0.094238 0.801587 0.100586
9 0.275510 0.917480 0.120181 0.153320
9 0.480159 0.914062 0.082766 0.152344
2 0.685941 0.643555 0.172336 0.068359
2 0.277211 0.639648 0.121315 0.064453
2 0.480159 0.643555 0.175737 0.074219
2 0.891723 0.637207 0.123583 0.065430
2 0.689909 0.467285 0.171202 0.067383
2 0.900227 0.461426 0.122449 0.063477
2 0.279478 0.463867 0.119048 0.068359
2 0.485261 0.462402 0.174603 0.079102
2 0.686508 0.299805 0.162132 0.062500
2 0.479025 0.299805 0.162132 0.062500
2 0.280045 0.289062 0.120181 0.068359
2 0.899093 0.285156 0.117914 0.068359
5 0.483560 0.594727 0.175737 0.035156
5 0.895125 0.590332 0.121315 0.028320
5 0.690476 0.592773 0.181406 0.033203
5 0.278912 0.590820 0.126984 0.033203
5 0.689909 0.416016 0.182540 0.035156
5 0.481293 0.415039 0.180272 0.035156
5 0.280612 0.413086 0.128118 0.033203
5 0.897959 0.411133 0.131519 0.037109
