0 0.57113 0.4806245 0.85356 0.776451
1 0.3295 0.42921 0.11506 0.03874
1 0.330545 0.481375 0.11715000000000003 0.03875000000000001
1 0.33159000000000005 0.62817 0.11506 0.040240000000000054
1 0.31276000000000004 0.73994 0.11506 0.04023999999999994
1 0.5502100000000001 0.48956999999999995 0.11716000000000004 0.04024
1 0.5523 0.43666499999999997 0.11715999999999999 0.03875000000000001
1 0.55439 0.62817 0.12134000000000006 0.052159999999999984
1 0.78138 0.627425 0.12761999999999996 0.05662999999999996
1 0.78243 0.48658999999999997 0.12551999999999996 0.04619999999999996
1 0.78138 0.43443 0.12761999999999996 0.04620000000000002
1 0.78243 0.80253 0.12551999999999996 0.04023999999999994
1 0.777195 0.745155 0.12761 0.03577000000000008
1 0.54184 0.74292 0.12969999999999993 0.040240000000000054
1 0.549165 0.800295 0.12761 0.041730000000000045
1 0.32636 0.800295 0.13390000000000002 0.041730000000000045
1 0.77824 0.286885 0.12551999999999996 0.04022999999999999
1 0.78138 0.23547 0.12761999999999996 0.056640000000000024
1 0.78138 0.17809 0.12761999999999996 0.05514000000000002
1 0.553345 0.17362 0.12761 0.055139999999999995
1 0.553345 0.23174 0.12761 0.055139999999999995
1 0.5554399999999999 0.28316 0.12761999999999996 0.03874
1 0.309625 0.213115 0.11297000000000001 0.11624999999999999
4 0.622385 0.6274200000000001 0.023009999999999975 0.07452000000000003
4 0.6150599999999999 0.73845 0.02091999999999994 0.06408000000000003
4 0.622385 0.803275 0.027189999999999936 0.05663000000000007
4 0.644355 0.850225 0.029290000000000038 0.025330000000000075
4 0.37657 0.7362150000000001 0.016739999999999977 0.053650000000000087
4 0.390165 0.801785 0.03975000000000001 0.05961000000000005
4 0.421545 0.84948 0.03974999999999995 0.023840000000000083
4 0.84519 0.739195 0.02092000000000005 0.05663000000000007
4 0.851465 0.80328 0.029290000000000038 0.06259999999999999
4 0.8598300000000001 0.84948 0.02510000000000001 0.023840000000000083
4 0.62029 0.45827 0.027200000000000002 0.11774000000000007
4 0.85146 0.46125000000000005 0.02092000000000005 0.11476000000000003
4 0.85146 0.6266750000000001 0.02092000000000005 0.07601000000000002
4 0.848325 0.22206 0.014650000000000052 0.18778
6 0.78243 0.628915 0.12134 0.05066999999999999
6 0.78243 0.48658999999999997 0.12134 0.04321999999999998
6 0.780335 0.43443 0.12132999999999994 0.04321999999999998
7 0.66632 0.554395 0.056479999999999975 0.06259000000000003
8 0.61297 0.425485 0.033479999999999954 0.65723
