0 0.5009781 0.49915170000000003 0.9941438 0.9881166
1 0.229005 0.86927 0.11620999999999998 0.07810000000000006
1 0.230955 0.1307305 0.11620999999999998 0.07809899999999999
1 0.22803 0.37351500000000004 0.11229999999999998 0.08149
1 0.22900500000000001 0.62988 0.11231000000000002 0.07810000000000006
1 0.376465 0.1307305 0.12402999999999997 0.07809899999999999
1 0.37256 0.86927 0.12402000000000002 0.07810000000000006
1 0.52832 0.867575 0.13672 0.08149000000000006
1 0.53369 0.1315805 0.14159999999999995 0.079799
1 0.68945 0.1307305 0.1015600000000001 0.07809899999999999
1 0.6845699999999999 0.86927 0.10155999999999998 0.07810000000000006
1 0.36133000000000004 0.32937 0.08398 0.09167999999999998
1 0.36084000000000005 0.612055 0.08886 0.08658999999999994
1 0.36035 0.471985 0.08594000000000002 0.14600999999999997
1 0.52295 0.47029 0.10450000000000004 0.14261999999999997
1 0.52344 0.325125 0.10352000000000006 0.08659
1 0.52197 0.610355 0.10253999999999996 0.08658999999999994
1 0.7026399999999999 0.612055 0.11425999999999992 0.08658999999999994
1 0.7026399999999999 0.327675 0.11425999999999992 0.08828999999999998
1 0.7036100000000001 0.46859000000000006 0.11425999999999992 0.14262000000000002
2 0.943845 0.643465 0.08887 0.06791000000000003
3 0.62744 0.1213905 0.02635999999999994 0.168079
3 0.621585 0.86333 0.026369999999999894 0.16808
5 0.7612300000000001 0.12393950000000001 0.041999999999999926 0.13922099999999998
5 0.754885 0.8624799999999999 0.04100999999999999 0.13922
5 0.5844750000000001 0.12139 0.053710000000000035 0.21222000000000002
5 0.580075 0.865875 0.04882999999999993 0.19355
5 0.41503500000000004 0.8641749999999999 0.048829999999999985 0.19355
5 0.268555 0.865875 0.04883000000000001 0.19355
5 0.42041 0.126486 0.05176000000000003 0.195248
5 0.26807 0.1222395 0.05176 0.19694099999999998
5 0.269045 0.47963 0.04980999999999999 0.46009999999999995
5 0.78076 0.463495 0.040040000000000076 0.4380299999999999
5 0.056152499999999994 0.86927 0.032227 0.24107999999999996
5 0.054687 0.1307285 0.03125 0.241083
6 0.230955 0.150255 0.11230999999999997 0.03225
6 0.230955 0.115451 0.11230999999999997 0.03395799999999999
6 0.228025 0.35314 0.11035 0.03395999999999999
6 0.22900500000000001 0.39304 0.11034999999999998 0.035660000000000025
6 0.22900500000000001 0.613755 0.11034999999999998 0.03565000000000007
6 0.22900500000000001 0.649405 0.11034999999999998 0.03564999999999996
6 0.228515 0.8446549999999999 0.11132999999999998 0.022069999999999923
6 0.22900500000000001 0.898135 0.11231000000000002 0.02037
6 0.37549 0.110358 0.12012 0.030564000000000008
6 0.37598 0.1511 0.11913999999999997 0.030560000000000004
6 0.37256 0.89049 0.12012 0.032259999999999955
6 0.37158 0.85059 0.12012 0.03056000000000003
6 0.52832 0.887945 0.13476 0.033949999999999925
6 0.52832 0.849745 0.13476 0.03564999999999996
6 0.53418 0.148555 0.13867999999999997 0.03564999999999999
6 0.690915 0.112053 0.0986300000000001 0.03395400000000001
6 0.686035 0.8871 0.09863 0.032259999999999955
6 0.68555 0.850595 0.09766000000000008 0.033949999999999925
7 0.126465 0.357385 0.01661 0.11714999999999998
7 0.126465 0.504245 0.01661 0.11885000000000001
7 0.12695 0.643465 0.01758 0.11885000000000001
7 0.126465 0.872665 0.018549999999999997 0.23429
7 0.12744 0.1315775 0.018560000000000007 0.239385
7 0.061523499999999995 0.495755 0.04687499999999999 0.37011000000000005
8 0.118164 0.4966045 0.07031200000000001 0.9762310000000001
8 0.28955 0.49915349999999997 0.05175999999999997 0.977933
8 0.43799 0.4940567 0.05176000000000003 0.9779266
8 0.5883799999999999 0.50085 0.04393999999999998 0.97114
8 0.7626949999999999 0.5017 0.06445000000000001 0.97284
9 0.36133 0.27249500000000004 0.056640000000000024 0.02206999999999998
9 0.36084 0.387095 0.05566000000000004 0.02037
9 0.36035 0.556875 0.056640000000000024 0.02037
9 0.36084 0.667235 0.05566000000000004 0.02037
9 0.523435 0.667235 0.07031000000000004 0.02037
9 0.524415 0.55518 0.07031000000000004 0.020380000000000065
9 0.5249 0.38370000000000004 0.06934000000000001 0.02038000000000001
9 0.52588 0.271645 0.06934000000000001 0.02037
9 0.512695 0.18251 0.06641000000000002 0.018680000000000002
9 0.515135 0.080645 0.06542999999999993 0.018675999999999998
9 0.356935 0.180815 0.053710000000000035 0.01867000000000002
9 0.35791 0.081494 0.05371999999999999 0.020374000000000003
9 0.35448999999999997 0.82088 0.052739999999999954 0.01867999999999992
9 0.353515 0.917655 0.05273 0.018669999999999964
9 0.510255 0.917655 0.06739000000000006 0.022070000000000034
9 0.510255 0.819185 0.06739000000000006 0.022069999999999923
9 0.674805 0.9202 0.04686999999999997 0.016979999999999995
9 0.67676 0.81494 0.04688000000000003 0.016979999999999995
9 0.679685 0.18251 0.04686999999999997 0.018680000000000002
9 0.679685 0.07470299999999999 0.04686999999999997 0.016978000000000007
9 0.69043 0.26825 0.05274000000000001 0.02038000000000001
9 0.68994 0.38370000000000004 0.05176000000000003 0.02038000000000001
9 0.6894549999999999 0.555175 0.052730000000000055 0.023769999999999958
9 0.6875 0.667235 0.05274000000000001 0.023769999999999958
9 0.39697499999999997 0.07979649999999999 0.024409999999999987 0.023769
9 0.39697499999999997 0.180815 0.024409999999999987 0.022070000000000006
9 0.393065 0.818335 0.024410000000000043 0.023769999999999958
9 0.392575 0.917655 0.025390000000000024 0.022070000000000034
9 0.562985 0.07809849999999999 0.03027000000000002 0.023769
9 0.561035 0.181665 0.030269999999999908 0.023770000000000013
9 0.558105 0.816635 0.03027000000000002 0.02377000000000007
9 0.559085 0.918505 0.030269999999999908 0.02377000000000007
9 0.717285 0.921055 0.03809000000000007 0.025469999999999993
9 0.71973 0.813245 0.039059999999999984 0.02377000000000007
9 0.72363 0.073854 0.039060000000000095 0.025465999999999996
9 0.722165 0.181665 0.03809000000000007 0.023770000000000013
9 0.39844 0.272495 0.017579999999999985 0.025469999999999993
9 0.39795 0.38709499999999997 0.018559999999999965 0.027169999999999972
9 0.39746000000000004 0.66723 0.017579999999999985 0.027160000000000073
9 0.39746000000000004 0.556025 0.017579999999999985 0.025469999999999993
9 0.56738 0.66723 0.01757999999999993 0.027160000000000073
9 0.5678700000000001 0.55433 0.01856000000000002 0.025460000000000038
9 0.568845 0.38455 0.018549999999999955 0.025460000000000038
9 0.5693349999999999 0.270795 0.017569999999999975 0.025469999999999993
9 0.7412099999999999 0.270795 0.048819999999999975 0.025469999999999993
9 0.740235 0.38370000000000004 0.04686999999999997 0.027160000000000017
9 0.7387699999999999 0.55433 0.04589999999999994 0.028859999999999997
9 0.737305 0.665535 0.04686999999999997 0.027169999999999916
9 0.32323999999999997 0.079796 0.015620000000000023 0.03055999999999999
9 0.322265 0.17912 0.015629999999999977 0.028859999999999997
9 0.47119 0.0772495 0.01856000000000002 0.028863
9 0.47070500000000004 0.18166 0.019529999999999992 0.030560000000000004
9 0.6469750000000001 0.180815 0.018549999999999955 0.028870000000000007
9 0.64795 0.072156 0.01856000000000002 0.028862
9 0.320315 0.9176599999999999 0.013670000000000015 0.028859999999999997
9 0.320315 0.82088 0.013670000000000015 0.028859999999999997
9 0.46826500000000004 0.9176599999999999 0.014649999999999996 0.028859999999999997
9 0.46923499999999996 0.81664 0.014649999999999996 0.027159999999999962
9 0.643065 0.9210499999999999 0.014650000000000052 0.028859999999999997
9 0.64502 0.81409 0.014639999999999986 0.028859999999999997
9 0.652835 0.66638 0.01464999999999994 0.028859999999999997
9 0.654785 0.55603 0.01464999999999994 0.028859999999999997
9 0.654785 0.38370000000000004 0.016609999999999903 0.030559999999999976
9 0.654785 0.2691 0.016609999999999903 0.028859999999999997
9 0.47997999999999996 0.2691 0.018559999999999965 0.03226000000000001
9 0.480955 0.3837 0.01855000000000001 0.03395999999999999
9 0.480955 0.55348 0.01855000000000001 0.03395999999999999
9 0.479005 0.66638 0.01855000000000001 0.032259999999999955
9 0.32372999999999996 0.66893 0.018559999999999965 0.03395999999999999
9 0.32422 0.55688 0.015619999999999967 0.03056000000000003
9 0.32471 0.38625 0.016599999999999948 0.03226000000000001
9 0.32471 0.2691 0.016599999999999948 0.03226000000000001
10 0.8950199999999999 0.866725 0.15918 0.19184999999999997
10 0.854005 0.70798 0.07715000000000005 0.0339600000000001
10 0.8554649999999999 0.640915 0.07616999999999996 0.07979000000000003
10 0.90039 0.131581 0.1582 0.205438
2 0.908205 0.47878 0.14649 0.16637999999999997
