1 0.500000 0.500000 1.000000 1.000000
0 0.497070 0.508197 0.921875 0.879781
6 0.136230 0.800546 0.038086 0.035519
6 0.302246 0.837432 0.051758 0.131148
6 0.654785 0.827869 0.049805 0.114754
6 0.604980 0.828552 0.022461 0.118852
6 0.557129 0.827186 0.051758 0.116120
6 0.509277 0.825137 0.020508 0.112022
6 0.460449 0.821721 0.049805 0.107923
6 0.135742 0.745902 0.058594 0.032787
6 0.302246 0.745219 0.057617 0.034153
6 0.558594 0.741803 0.251953 0.032787
6 0.917969 0.718579 0.013672 0.016393
2 0.848633 0.564208 0.054688 0.128415
2 0.652344 0.562842 0.054688 0.128415
2 0.461914 0.559426 0.054688 0.124317
2 0.297852 0.560109 0.054688 0.125683
2 0.136719 0.560109 0.054688 0.125683
2 0.136230 0.278689 0.055664 0.114754
2 0.463867 0.276639 0.054688 0.116120
2 0.299316 0.278005 0.053711 0.118852
2 0.854004 0.276639 0.053711 0.121585
2 0.654297 0.275273 0.056641 0.121585
3 0.498047 0.697404 0.912109 0.028689
3 0.497559 0.352459 0.915039 0.032787
3 0.494629 0.124317 0.913086 0.095628
11 0.136719 0.882514 0.037109 0.122951
11 0.846680 0.820355 0.109375 0.187158
4 0.137207 0.448087 0.098633 0.090164
4 0.656738 0.448087 0.102539 0.092896
4 0.464355 0.446721 0.102539 0.092896
4 0.300293 0.446721 0.102539 0.092896
4 0.856934 0.444672 0.110352 0.099727
4 0.298828 0.196038 0.089844 0.047814
4 0.857910 0.193306 0.090820 0.047814
4 0.658203 0.193306 0.089844 0.047814
4 0.135742 0.193306 0.089844 0.047814
4 0.465820 0.191940 0.089844 0.047814
7 0.856934 0.659153 0.090820 0.061475
7 0.658203 0.657787 0.089844 0.061475
7 0.299805 0.653689 0.089844 0.061475
7 0.134766 0.653689 0.089844 0.061475
7 0.465820 0.653005 0.089844 0.062842
