1 0.500000 0.500000 1.000000 1.000000
0 0.495605 0.502000 0.987305 0.996000
6 0.265625 0.868000 0.048828 0.208000
6 0.169922 0.866000 0.048828 0.208000
6 0.073730 0.866000 0.047852 0.208000
6 0.728027 0.867000 0.047852 0.214000
6 0.823730 0.868000 0.047852 0.220000
6 0.919434 0.866000 0.047852 0.220000
8 0.647949 0.456000 0.036133 0.468000
8 0.545410 0.456000 0.036133 0.472000
8 0.444336 0.457000 0.035156 0.474000
8 0.341797 0.454000 0.035156 0.476000
2 0.591797 0.589000 0.033203 0.102000
2 0.398926 0.588000 0.030273 0.100000
2 0.494629 0.587000 0.030273 0.102000
2 0.263184 0.597000 0.038086 0.122000
2 0.922363 0.593000 0.032227 0.118000
2 0.826660 0.594000 0.032227 0.120000
2 0.727051 0.595000 0.036133 0.122000
2 0.165039 0.595000 0.031250 0.122000
2 0.068359 0.595000 0.031250 0.122000
2 0.498535 0.378000 0.028320 0.040000
2 0.918945 0.349000 0.037109 0.098000
2 0.822754 0.348000 0.036133 0.100000
2 0.590332 0.348000 0.036133 0.100000
2 0.166504 0.348000 0.036133 0.100000
2 0.071289 0.348000 0.037109 0.100000
2 0.722168 0.346000 0.026367 0.100000
2 0.397949 0.345000 0.036133 0.098000
2 0.261719 0.346000 0.037109 0.100000
3 0.497070 0.709000 0.976562 0.050000
3 0.495605 0.189000 0.977539 0.126000
11 0.499023 0.865000 0.064453 0.246000
9 0.597168 0.848000 0.032227 0.136000
9 0.398438 0.847000 0.033203 0.138000
9 0.286621 0.753000 0.022461 0.038000
9 0.241699 0.753000 0.022461 0.038000
9 0.801270 0.752000 0.022461 0.040000
9 0.750488 0.751000 0.022461 0.038000
9 0.705566 0.752000 0.022461 0.040000
9 0.190430 0.751000 0.023438 0.038000
9 0.145996 0.751000 0.022461 0.038000
9 0.050293 0.751000 0.022461 0.038000
9 0.943848 0.749000 0.022461 0.038000
9 0.896973 0.749000 0.022461 0.038000
9 0.847656 0.749000 0.023438 0.038000
9 0.095215 0.749000 0.022461 0.038000
9 0.494141 0.469000 0.052734 0.082000
9 0.494629 0.302000 0.036133 0.112000
9 0.493164 0.027000 0.078125 0.038000
9 0.575684 0.025000 0.026367 0.038000
9 0.413574 0.025000 0.026367 0.038000
4 0.261719 0.500000 0.082031 0.056000
4 0.163086 0.500000 0.082031 0.056000
4 0.921875 0.498000 0.082031 0.056000
4 0.827637 0.498000 0.081055 0.056000
4 0.069336 0.496000 0.082031 0.056000
4 0.730957 0.494000 0.081055 0.056000
5 0.262695 0.680000 0.041016 0.044000
5 0.727539 0.678000 0.041016 0.044000
5 0.166992 0.678000 0.041016 0.044000
5 0.071289 0.677000 0.041016 0.042000
5 0.825195 0.676000 0.041016 0.044000
5 0.920898 0.674000 0.041016 0.044000
5 0.600586 0.665000 0.076172 0.050000
5 0.497070 0.664000 0.076172 0.052000
5 0.395508 0.664000 0.076172 0.052000
5 0.173340 0.086000 0.333008 0.044000
5 0.819336 0.083000 0.332031 0.042000
10 0.274902 0.597000 0.010742 0.118000
10 0.515625 0.587000 0.011719 0.102000
10 0.473633 0.587000 0.011719 0.102000
10 0.250000 0.596000 0.011719 0.120000
10 0.614258 0.587000 0.011719 0.106000
10 0.569824 0.587000 0.010742 0.106000
10 0.419922 0.586000 0.011719 0.104000
10 0.378418 0.586000 0.010742 0.104000
10 0.848145 0.594000 0.010742 0.124000
10 0.750977 0.594000 0.011719 0.124000
10 0.186523 0.595000 0.011719 0.126000
10 0.089844 0.595000 0.011719 0.126000
10 0.804688 0.592000 0.011719 0.124000
10 0.708496 0.592000 0.010742 0.124000
10 0.143555 0.593000 0.011719 0.126000
10 0.047363 0.593000 0.010742 0.126000
10 0.943848 0.590000 0.010742 0.124000
10 0.900879 0.591000 0.010742 0.126000
10 0.480469 0.378000 0.007812 0.040000
10 0.179688 0.349000 0.007812 0.094000
10 0.084961 0.349000 0.007812 0.094000
10 0.575684 0.349000 0.008789 0.098000
10 0.275391 0.347000 0.007812 0.094000
10 0.248047 0.347000 0.007812 0.094000
10 0.712891 0.348000 0.007812 0.100000
10 0.411621 0.347000 0.008789 0.098000
10 0.382324 0.347000 0.010742 0.098000
10 0.809082 0.345000 0.008789 0.098000
10 0.739746 0.346000 0.008789 0.100000
10 0.604004 0.344000 0.008789 0.100000
