6 0.837756 0.886719 0.022919 0.064453
6 0.784680 0.541016 0.015682 0.085938
6 0.896261 0.540527 0.016888 0.086914
6 0.839566 0.540527 0.016888 0.086914
6 0.690591 0.242676 0.020507 0.120117
6 0.067551 0.242188 0.019300 0.119141
6 0.047648 0.242188 0.018094 0.119141
6 0.609168 0.242188 0.019300 0.121094
6 0.583233 0.241699 0.020507 0.120117
6 0.500603 0.242188 0.021713 0.121094
6 0.474065 0.242188 0.019300 0.121094
6 0.392642 0.242676 0.020507 0.122070
6 0.365501 0.242188 0.019300 0.121094
6 0.282871 0.241699 0.020507 0.122070
6 0.257539 0.241699 0.022919 0.122070
6 0.174910 0.241699 0.021713 0.122070
6 0.148975 0.241699 0.020507 0.122070
6 0.904101 0.237793 0.020507 0.122070
6 0.725573 0.237305 0.032569 0.121094
6 0.776840 0.236328 0.021713 0.121094
6 0.954765 0.235840 0.027744 0.122070
6 0.012666 0.239746 0.025332 0.180664
0 0.431242 0.712402 0.054282 0.079102
0 0.107358 0.713379 0.050663 0.081055
0 0.649578 0.712402 0.051870 0.081055
0 0.541013 0.712402 0.051870 0.081055
0 0.324487 0.712402 0.050663 0.081055
0 0.215923 0.712891 0.050663 0.082031
0 0.864294 0.711426 0.047045 0.081055
0 0.811821 0.710938 0.041013 0.082031
0 0.647768 0.544922 0.053076 0.080078
0 0.539807 0.544922 0.051870 0.080078
0 0.431242 0.544922 0.051870 0.080078
0 0.323884 0.543945 0.051870 0.078125
0 0.214717 0.545410 0.048251 0.081055
0 0.107358 0.544922 0.050663 0.080078
0 0.867913 0.541992 0.044632 0.083984
0 0.811821 0.541992 0.043426 0.083984
0 0.646562 0.389160 0.050663 0.083008
0 0.539807 0.389648 0.051870 0.083984
0 0.431242 0.389160 0.051870 0.083008
0 0.324487 0.389160 0.050663 0.083008
0 0.215320 0.389160 0.051870 0.083008
0 0.106755 0.389160 0.049457 0.083008
0 0.864294 0.381348 0.044632 0.079102
0 0.810615 0.380371 0.041013 0.077148
0 0.647768 0.232910 0.050663 0.077148
0 0.540410 0.233398 0.053076 0.080078
0 0.431242 0.232910 0.054282 0.079102
0 0.323884 0.232422 0.051870 0.078125
0 0.216526 0.232422 0.051870 0.078125
0 0.107358 0.231445 0.050663 0.076172
0 0.863691 0.227051 0.043426 0.077148
0 0.812425 0.227051 0.042220 0.077148
1 0.503016 0.787598 0.921592 0.069336
1 0.505428 0.621582 0.909530 0.090820
1 0.507238 0.314453 0.917973 0.039062
1 0.503016 0.146484 0.904704 0.093750
9 0.430036 0.901367 0.078408 0.152344
7 0.841978 0.065918 0.118215 0.041992
2 0.215923 0.482422 0.098914 0.039062
2 0.650181 0.480957 0.103739 0.038086
2 0.542823 0.481445 0.101327 0.039062
2 0.434861 0.480957 0.102533 0.038086
2 0.108565 0.481934 0.103739 0.040039
2 0.326900 0.481445 0.103739 0.041016
2 0.842581 0.476074 0.158022 0.049805
2 0.215923 0.333984 0.098914 0.027344
2 0.104946 0.334473 0.098914 0.028320
2 0.650181 0.336914 0.101327 0.035156
2 0.325694 0.336426 0.098914 0.034180
2 0.540410 0.336426 0.101327 0.038086
2 0.433052 0.336426 0.101327 0.040039
2 0.841375 0.332520 0.153197 0.034180
5 0.106152 0.938477 0.072376 0.035156
5 0.651990 0.937988 0.071170 0.036133
5 0.215320 0.937988 0.073583 0.036133
5 0.843185 0.939941 0.123040 0.041992
5 0.324487 0.935547 0.077201 0.033203
5 0.542823 0.934082 0.074789 0.032227
5 0.219542 0.770996 0.079614 0.034180
5 0.107358 0.770508 0.084439 0.033203
5 0.650784 0.769531 0.080820 0.033203
5 0.541013 0.768555 0.078408 0.031250
5 0.325694 0.769043 0.079614 0.032227
5 0.840772 0.768066 0.125452 0.032227
5 0.431242 0.767578 0.085645 0.031250
5 0.214113 0.603516 0.088058 0.035156
5 0.648372 0.601562 0.090470 0.033203
5 0.539204 0.601074 0.084439 0.032227
5 0.431846 0.603516 0.086852 0.037109
5 0.106755 0.602051 0.090470 0.034180
5 0.840772 0.602539 0.147165 0.037109
5 0.324487 0.601074 0.086852 0.036133
3 0.542220 0.288086 0.063932 0.029297
3 0.431846 0.289062 0.060314 0.033203
3 0.650181 0.287109 0.062726 0.031250
3 0.323884 0.286621 0.063932 0.030273
3 0.216526 0.287109 0.061520 0.031250
3 0.109168 0.287598 0.061520 0.036133
3 0.837153 0.281250 0.115802 0.031250
3 0.929433 0.075195 0.039807 0.027344
3 0.754524 0.075195 0.042220 0.027344
