0 0.5022332 0.519725 0.9910736 0.91595
1 0.16518 0.301025 0.0625 0.039449999999999985
1 0.174105 0.17753 0.03125 0.07375999999999999
1 0.16518 0.7367049999999999 0.0625 0.039450000000000096
1 0.174105 0.849915 0.03125 0.06689
1 0.36495999999999995 0.192965 0.11384 0.06003
1 0.36272000000000004 0.39108 0.11384 0.05831999999999998
1 0.5725450000000001 0.19211 0.11831000000000003 0.05831999999999998
1 0.5725450000000001 0.39194 0.11831000000000003 0.06003999999999998
1 0.7845949999999999 0.192965 0.12276999999999993 0.06003
1 0.7845949999999999 0.393655 0.12276999999999993 0.06002999999999997
1 0.36272499999999996 0.52144 0.10937000000000002 0.05831999999999998
1 0.36272000000000004 0.65266 0.11384 0.056599999999999984
1 0.38058000000000003 0.58748 0.14955999999999997 0.056599999999999984
1 0.36719 0.84477 0.09598000000000001 0.07376000000000005
1 0.572545 0.849915 0.09599000000000002 0.07374999999999998
1 0.780135 0.8567750000000001 0.10936999999999997 0.0737500000000001
1 0.55804 0.5660400000000001 0.125 0.037739999999999996
1 0.554685 0.616635 0.12722999999999995 0.039449999999999985
1 0.5591550000000001 0.65866 0.12723000000000007 0.02744000000000002
1 0.561385 0.5188649999999999 0.12723 0.03259000000000001
1 0.771205 0.568615 0.12722999999999995 0.039449999999999985
1 0.773435 0.618355 0.12722999999999995 0.039449999999999985
1 0.7779050000000001 0.6629499999999999 0.12723000000000007 0.029159999999999964
1 0.77679 0.52058 0.125 0.03602000000000005
1 0.36719 0.9022300000000001 0.09151999999999999 0.02744000000000002
1 0.36495500000000003 0.787305 0.09151000000000004 0.027449999999999974
1 0.5725450000000001 0.9082300000000001 0.10045000000000004 0.029159999999999964
1 0.574775 0.791595 0.10045000000000004 0.02915000000000001
1 0.77902 0.91681 0.10268 0.029160000000000075
1 0.779015 0.79846 0.11160999999999999 0.029159999999999964
1 0.15402 0.51801 0.08928 0.09605999999999998
1 0.0390625 0.51715 0.05580299999999999 0.029160000000000075
1 0.9486650000000001 0.6363650000000001 0.053570000000000007 0.04459000000000002
1 0.9497800000000001 0.5557449999999999 0.05579999999999996 0.04459000000000002
1 0.9430799999999999 0.86278 0.05134000000000005 0.0343
1 0.94085 0.917665 0.05134000000000005 0.03430999999999995
1 0.9430799999999999 0.81132 0.05134000000000005 0.0343
1 0.939735 0.35763 0.03125 0.029159999999999964
1 0.939735 0.42024 0.03125 0.03088000000000002
1 0.95424 0.18782500000000002 0.05133999999999994 0.07719000000000001
4 0.640625 0.19211 0.02679000000000009 0.09261999999999998
4 0.638395 0.39022500000000004 0.02678999999999998 0.09090999999999999
4 0.8482149999999999 0.39193500000000003 0.017850000000000033 0.09090999999999999
4 0.851565 0.19211 0.02008999999999994 0.09261999999999998
4 0.8404050000000001 0.861065 0.020090000000000052 0.16466999999999998
5 0.43415499999999996 0.584905 0.10044999999999998 0.24013
8 0.235495 0.5231585000000001 0.08258999999999997 0.891943
8 0.696425 0.523158 0.03125 0.8988039999999999
9 0.487725 0.30017 0.36831 0.041159999999999974
9 0.49219 0.08405 0.36830000000000007 0.037739999999999996
9 0.472095 0.745285 0.33704999999999996 0.039449999999999985
9 0.6841550000000001 0.30017000000000005 0.02454999999999996 0.051460000000000006
9 0.68527 0.08576249999999999 0.017859999999999987 0.04459500000000001
9 0.289065 0.0874775 0.037949999999999984 0.04802500000000001
9 0.285715 0.298455 0.03571000000000002 0.05489000000000005
9 0.285715 0.7418549999999999 0.03571000000000002 0.05317000000000005
3 0.0848235 0.301885 0.071433 0.08918999999999999
3 0.08482050000000001 0.7367049999999999 0.084819 0.09090999999999994
