0 0.914992 0.790274 0.074189 0.072948
0 0.826893 0.796353 0.040185 0.085106
0 0.982998 0.679331 0.021638 0.063830
0 0.605100 0.644377 0.078825 0.048632
0 0.910355 0.648936 0.071097 0.063830
0 0.813756 0.653495 0.075734 0.072948
0 0.706337 0.653495 0.074189 0.072948
0 0.489954 0.642857 0.071097 0.051672
0 0.377898 0.642857 0.066461 0.051672
0 0.265842 0.642857 0.055641 0.051672
0 0.167697 0.648936 0.066461 0.069909
0 0.071870 0.645897 0.066461 0.069909
0 0.982226 0.556231 0.023184 0.066869
0 0.909583 0.507599 0.069552 0.054711
0 0.268161 0.501520 0.057187 0.042553
0 0.808346 0.512158 0.074189 0.069909
0 0.709428 0.512158 0.074189 0.069909
0 0.605873 0.500000 0.068006 0.045593
0 0.491499 0.500000 0.068006 0.045593
0 0.379444 0.500000 0.066461 0.045593
0 0.076507 0.512158 0.066461 0.069909
0 0.171561 0.509119 0.068006 0.069909
0 0.979907 0.433131 0.021638 0.063830
0 0.493818 0.363222 0.063369 0.039514
0 0.268934 0.363222 0.061824 0.039514
0 0.174652 0.376900 0.068006 0.072948
0 0.080371 0.376900 0.068006 0.072948
0 0.809119 0.373860 0.075734 0.072948
0 0.708655 0.373860 0.072643 0.072948
0 0.605873 0.360182 0.064915 0.045593
0 0.383308 0.360182 0.068006 0.045593
0 0.905719 0.361702 0.068006 0.054711
0 0.139876 0.240122 0.063369 0.054711
0 0.068779 0.237082 0.060278 0.054711
0 0.749614 0.237082 0.064915 0.060790
0 0.608964 0.237082 0.064915 0.060790
0 0.350850 0.231003 0.061824 0.054711
0 0.820711 0.231003 0.064915 0.060790
0 0.530912 0.234043 0.075734 0.072948
1 0.810665 0.424012 0.298300 0.069909
1 0.098918 0.424012 0.179289 0.069909
9 0.729521 0.817629 0.024730 0.115502
9 0.791345 0.814590 0.030912 0.115502
3 0.424266 0.708207 0.474498 0.079027
3 0.420402 0.569909 0.472952 0.094225
3 0.425039 0.430091 0.472952 0.094225
8 0.630603 0.645897 0.018547 0.045593
8 0.593509 0.641337 0.046368 0.036474
8 0.505410 0.636778 0.040185 0.027356
8 0.720247 0.648936 0.043277 0.057751
8 0.284389 0.366261 0.027821 0.033435
8 0.253478 0.364742 0.024730 0.030395
8 0.198609 0.363222 0.017002 0.033435
8 0.163833 0.364742 0.043277 0.042553
8 0.080371 0.375380 0.061824 0.063830
8 0.140649 0.237082 0.058733 0.042553
8 0.268161 0.232523 0.069552 0.039514
8 0.344668 0.221884 0.071097 0.030395
