0 0.49902399999999997 0.496158 0.957032 0.922064
1 0.15576 0.169045 0.05176 0.043910000000000005
1 0.169435 0.41273 0.07129000000000002 0.03952
1 0.16992000000000002 0.49944999999999995 0.07226000000000002 0.039519999999999944
1 0.169435 0.574095 0.07129000000000002 0.041710000000000025
1 0.17041 0.659715 0.07128000000000001 0.041710000000000025
1 0.17089500000000002 0.7371000000000001 0.07031000000000001 0.04061999999999999
1 0.171385 0.826565 0.07128999999999999 0.041709999999999914
1 0.171875 0.901755 0.07030999999999998 0.040610000000000035
1 0.27880499999999997 0.0933025 0.08300999999999997 0.048295000000000005
1 0.168945 0.33864 0.07031000000000001 0.04061999999999999
1 0.320805 0.336445 0.07715 0.040610000000000035
1 0.32128999999999996 0.41273499999999996 0.07617999999999997 0.04170999999999997
1 0.32177500000000003 0.4989 0.07715 0.040619999999999934
1 0.322265 0.573545 0.07617000000000002 0.040610000000000035
1 0.322755 0.658615 0.07518999999999998 0.041710000000000025
1 0.323245 0.736005 0.07616999999999996 0.040610000000000035
1 0.30469 0.82437 0.04102 0.04172000000000009
1 0.30664 0.901205 0.04102 0.041710000000000025
1 0.44531 0.0922085 0.08398 0.048303
1 0.4751 0.336445 0.07520000000000004 0.042810000000000015
1 0.4751 0.411635 0.07520000000000004 0.03950999999999999
1 0.476075 0.49945000000000006 0.07715000000000005 0.041720000000000035
1 0.47705000000000003 0.573 0.07520000000000004 0.03952
1 0.47705 0.6608149999999999 0.07713999999999999 0.041710000000000025
1 0.47705 0.735455 0.07713999999999999 0.039510000000000045
1 0.46435499999999996 0.826565 0.047850000000000004 0.041709999999999914
1 0.46533 0.901205 0.04980000000000001 0.041710000000000025
1 0.611815 0.0922085 0.08301000000000003 0.048303
1 0.6313500000000001 0.336995 0.07520000000000004 0.041710000000000025
1 0.6318349999999999 0.41109 0.07616999999999996 0.03842000000000001
1 0.6318349999999999 0.498355 0.07616999999999996 0.04170999999999997
1 0.632325 0.573 0.07715000000000005 0.03952
1 0.6318349999999999 0.660265 0.07616999999999996 0.040610000000000035
1 0.632815 0.7343550000000001 0.07813000000000003 0.041710000000000025
1 0.625975 0.824915 0.06054999999999999 0.042810000000000015
1 0.626465 0.901755 0.061529999999999974 0.040610000000000035
1 0.78418 0.1663 0.07617999999999991 0.04720000000000002
1 0.785155 0.33809 0.07616999999999996 0.04171999999999998
1 0.785155 0.412185 0.07616999999999996 0.04060999999999998
1 0.785155 0.6630050000000001 0.07616999999999996 0.041710000000000025
1 0.784665 0.736005 0.07714999999999994 0.042810000000000015
1 0.7856449999999999 0.8276650000000001 0.07714999999999994 0.043910000000000005
1 0.786135 0.901755 0.07616999999999996 0.040610000000000035
1 0.30566499999999996 0.198685 0.09571000000000002 0.026349999999999985
1 0.625 0.198135 0.08983999999999992 0.025249999999999995
1 0.46338 0.197585 0.09081999999999996 0.024150000000000005
1 0.78223 0.53732 0.0625 0.04061999999999999
2 0.90918 0.53732 0.11718000000000006 0.06475999999999993
3 0.213865 0.092206 0.04687000000000002 0.081228
3 0.26465 0.3326 0.03515999999999997 0.07904
3 0.26514 0.41108500000000003 0.03417999999999999 0.07793
3 0.265625 0.49561 0.035150000000000015 0.08014000000000004
3 0.2666 0.57355 0.03516 0.07573999999999992
3 0.26758000000000004 0.65642 0.035160000000000025 0.07904
3 0.2666 0.735455 0.03516 0.07903000000000004
3 0.26709 0.82327 0.03417999999999999 0.07683999999999991
3 0.268065 0.901205 0.03222999999999998 0.07903000000000004
3 0.42041 0.33205 0.03417999999999999 0.07794000000000001
3 0.41992 0.40999 0.03320000000000001 0.07794000000000001
3 0.42041 0.49395999999999995 0.032220000000000026 0.07683999999999996
3 0.421875 0.57245 0.03320999999999996 0.07573999999999992
3 0.421875 0.65642 0.03320999999999996 0.07684000000000002
3 0.421875 0.7338100000000001 0.03320999999999996 0.07794000000000001
3 0.37744 0.0905595 0.049799999999999955 0.08452099999999999
4 0.37012 0.334795 0.029299999999999993 0.07245000000000001
4 0.370605 0.411085 0.026370000000000005 0.07355
4 0.36963 0.49561 0.026359999999999995 0.07353999999999994
4 0.371095 0.5719000000000001 0.027349999999999985 0.07463999999999993
4 0.370605 0.65532 0.026370000000000005 0.07684000000000002
4 0.371095 0.734905 0.025390000000000024 0.07355
4 0.52539 0.332605 0.02734000000000003 0.07245000000000001
4 0.52539 0.40944 0.02734000000000003 0.07244
4 0.5248999999999999 0.497255 0.028320000000000012 0.07024999999999998
4 0.52588 0.57245 0.02635999999999994 0.07353999999999994
4 0.527345 0.6580699999999999 0.029289999999999927 0.07354000000000005
4 0.52783 0.73655 0.028320000000000012 0.07684000000000002
5 0.33838 0.09549750000000001 0.04004000000000002 0.081225
5 0.358885 0.196485 0.04198999999999997 0.043910000000000005
5 0.5014649999999999 0.0955005 0.03416999999999998 0.06805900000000001
5 0.52051 0.19813 0.03320000000000001 0.03842000000000001
5 0.6699200000000001 0.091109 0.03515999999999997 0.065862
5 0.677735 0.197585 0.03125 0.03733
5 0.36914 0.8507100000000001 0.08983999999999998 0.19977999999999996
5 0.53711 0.8507100000000001 0.10156000000000004 0.21075999999999995
5 0.6987300000000001 0.84797 0.09277999999999997 0.20087999999999995
7 0.11914 0.16575499999999999 0.02148 0.03513000000000002
7 0.12207000000000001 0.33809 0.021480000000000013 0.02854000000000001
7 0.12256 0.41383000000000003 0.022459999999999994 0.026339999999999975
7 0.12304499999999999 0.50055 0.021489999999999995 0.028540000000000065
7 0.12304499999999999 0.5757399999999999 0.021489999999999995 0.02524000000000004
7 0.124515 0.6602600000000001 0.02051 0.02964
7 0.12451000000000001 0.73491 0.022459999999999994 0.02964
7 0.125485 0.824915 0.02051 0.025249999999999995
7 0.125485 0.9017599999999999 0.02051 0.02964
7 0.5581050000000001 0.0894615 0.024409999999999932 0.029636999999999997
7 0.58154 0.335345 0.022460000000000035 0.025249999999999995
7 0.58154 0.411635 0.022460000000000035 0.02635000000000004
7 0.5825199999999999 0.49616000000000005 0.022460000000000035 0.019760000000000055
7 0.58301 0.5719 0.023440000000000016 0.01976
7 0.583005 0.6608149999999999 0.025390000000000024 0.024150000000000005
7 0.5834999999999999 0.7343550000000001 0.022460000000000035 0.024150000000000005
7 0.58301 0.82437 0.023440000000000016 0.01755999999999991
7 0.5825199999999999 0.900655 0.020500000000000074 0.023050000000000015
7 0.402345 0.88584 0.05859000000000003 0.08121999999999996
7 0.402835 0.804065 0.05957000000000001 0.08233000000000001
8 0.07470850000000001 0.4956075 0.096683 0.909985
8 0.216795 0.49341599999999997 0.03125 0.903408
8 0.522465 0.4945095 0.08202999999999999 0.912181
8 0.6928749999999999 0.4912195 0.05957000000000001 0.905601
8 0.851075 0.4906715 0.05957000000000001 0.917677
10 0.905275 0.16190949999999998 0.13866999999999996 0.24698099999999998
10 0.84863 0.778265 0.03516000000000008 0.21075
10 0.8432599999999999 0.6383099999999999 0.03808 0.02744000000000002
10 0.897945 0.69484 0.053709999999999924 0.03732000000000002
10 0.89795 0.7749699999999999 0.05566000000000004 0.04609999999999992
10 0.896485 0.864985 0.054690000000000016 0.032929999999999904
10 0.90625 0.93633 0.03516000000000008 0.02854000000000001
1 0.9296850000000001 0.6580699999999999 0.06445000000000001 0.04061999999999999
1 0.930175 0.73436 0.06542999999999999 0.03952
1 0.92871 0.9023049999999999 0.0625 0.037329999999999974
2 0.927735 0.8249200000000001 0.08593000000000006 0.0494
