1 0.46289 0.23893 0.06446000000000002 0.05077999999999999
1 0.46289 0.33789 0.06446000000000002 0.04818
1 0.58496 0.24088500000000002 0.06640000000000001 0.049470000000000014
1 0.58496 0.33919 0.06640000000000001 0.04818
3 0.5283199999999999 0.24283500000000002 0.04296 0.09505
3 0.527835 0.34440499999999996 0.04199000000000008 0.09505000000000002
3 0.42334 0.24088500000000002 0.030279999999999974 0.09375000000000003
3 0.423825 0.342445 0.03125 0.09635000000000005
1 0.46289 0.4375 0.06446000000000002 0.04688000000000003
1 0.58447 0.43815 0.06738 0.04818
3 0.527345 0.44401 0.04100999999999999 0.09636
3 0.42334 0.44271 0.030279999999999974 0.09636
3 0.41455 0.6549499999999999 0.02245999999999998 0.10155999999999998
3 0.52197 0.65951 0.040039999999999965 0.10026000000000002
1 0.581055 0.64909 0.06641000000000008 0.04818
1 0.458005 0.64909 0.06445000000000001 0.04818
1 0.710445 0.6549499999999999 0.07129000000000008 0.052080000000000015
1 0.8432649999999999 0.6536500000000001 0.07128999999999996 0.04948000000000008
1 0.84668 0.240235 0.07031999999999994 0.04816999999999999
1 0.84668 0.33789 0.07031999999999994 0.04818
1 0.84668 0.43620000000000003 0.07031999999999994 0.04687999999999998
1 0.71533 0.43685 0.06933999999999996 0.04818
1 0.71631 0.33854 0.06933999999999996 0.04947999999999997
1 0.71631 0.240235 0.06933999999999996 0.04816999999999999
0 0.605955 0.4036481 0.78613 0.7994838000000001
1 0.46386499999999997 0.13932 0.06444999999999995 0.04948000000000001
1 0.46289 0.0403645 0.06446000000000002 0.049478999999999995
1 0.58496 0.13932 0.06835999999999998 0.04948000000000001
1 0.586425 0.0403645 0.06738999999999995 0.049478999999999995
1 0.717285 0.141275 0.06933 0.048170000000000004
1 0.84668 0.14258 0.07031999999999994 0.048180000000000014
2 0.958985 0.6569 0.07421 0.050779999999999936
2 0.96094 0.43945 0.07421999999999995 0.05077999999999999
2 0.961425 0.340495 0.07325000000000004 0.05079
2 0.96045 0.24154 0.07323999999999997 0.05077999999999999
2 0.9619150000000001 0.14323 0.07226999999999995 0.04948000000000001
3 0.421875 0.140624 0.03125 0.096352
3 0.526855 0.141274 0.04198999999999997 0.09765199999999999
3 0.527345 0.04687515 0.042970000000000064 0.0833337
3 0.6533199999999999 0.44791499999999995 0.029299999999999993 0.09634999999999999
3 0.6543000000000001 0.345055 0.029299999999999993 0.09635000000000005
3 0.6543000000000001 0.241535 0.029299999999999993 0.09505
3 0.6543000000000001 0.143882 0.029299999999999993 0.095056
3 0.6474599999999999 0.6666700000000001 0.029299999999999993 0.10155999999999998
4 0.628905 0.141276 0.02342999999999995 0.092448
4 0.628905 0.241535 0.02342999999999995 0.09245
4 0.62988 0.34179499999999996 0.023439999999999905 0.09244999999999998
4 0.628905 0.440755 0.02342999999999995 0.09245000000000003
4 0.625975 0.6516949999999999 0.025389999999999913 0.09245000000000003
4 0.89404 0.438805 0.028320000000000012 0.08333000000000002
4 0.89404 0.341795 0.028320000000000012 0.08462999999999998
4 0.89404 0.24023500000000003 0.028320000000000012 0.08463000000000001
4 0.8950199999999999 0.139323 0.028320000000000012 0.083334
4 0.89307 0.6569 0.028320000000000012 0.08463999999999994
5 0.757325 0.6640600000000001 0.03027000000000002 0.10155999999999998
5 0.7612300000000001 0.44466 0.030279999999999974 0.10026000000000002
5 0.76172 0.34440000000000004 0.029299999999999993 0.09244000000000002
5 0.76172 0.24479499999999998 0.029299999999999993 0.09374999999999997
5 0.76172 0.143227 0.029299999999999993 0.093746
7 0.615235 0.5488299999999999 0.03320999999999996 0.06379999999999997
7 0.61426 0.764325 0.03320000000000001 0.06511
7 0.31543 0.652995 0.013680000000000025 0.05339000000000005
1 0.27441499999999996 0.653645 0.023430000000000006 0.03125
3 0.257325 0.6542950000000001 0.024409999999999987 0.07161000000000006
8 0.9130849999999999 0.4036473 0.02342999999999995 0.7890654
8 0.7866200000000001 0.4062485 0.03808 0.791663
8 0.65137 0.40104415000000004 0.039060000000000095 0.7916717
8 0.50244 0.40038915 0.028319999999999956 0.7903617
8 0.36963 0.4069005 0.09277999999999997 0.7877590000000001
9 0.49902 0.564455 0.15819999999999995 0.022129999999999983
9 0.49902 0.52669 0.15819999999999995 0.02214000000000005
9 0.49707 0.74284 0.15819999999999995 0.022139999999999938
9 0.49707 0.779295 0.15819999999999995 0.022129999999999983
9 0.58154 0.5644549999999999 0.006840000000000068 0.03254999999999997
9 0.58154 0.527995 0.006840000000000068 0.035150000000000015
9 0.580565 0.741535 0.006830000000000003 0.03254999999999997
9 0.580565 0.7792950000000001 0.006830000000000003 0.03254999999999997
9 0.406735 0.565105 0.026370000000000005 0.03125
9 0.406735 0.527345 0.026370000000000005 0.03125
9 0.404785 0.7428349999999999 0.026370000000000005 0.029950000000000032
9 0.404785 0.7805949999999999 0.026370000000000005 0.029950000000000032
9 0.74072 0.695965 0.006840000000000068 0.022130000000000094
9 0.74072 0.6263000000000001 0.006840000000000068 0.023440000000000016
9 0.703125 0.6263 0.06834999999999991 0.013020000000000032
9 0.703125 0.69401 0.06834999999999991 0.013020000000000032
9 0.66553 0.627605 0.006840000000000068 0.020830000000000015
9 0.666015 0.6953149999999999 0.007809999999999984 0.020830000000000015
9 0.7431650000000001 0.47396 0.003909999999999969 0.013020000000000032
9 0.74463 0.410155 0.006839999999999957 0.01822999999999997
9 0.74414 0.37370000000000003 0.0039000000000000146 0.013019999999999976
9 0.74512 0.30989500000000003 0.005859999999999976 0.018230000000000024
9 0.74463 0.27539 0.0048799999999999955 0.01691999999999999
9 0.74512 0.208985 0.005859999999999976 0.01693
9 0.74512 0.17513 0.005859999999999976 0.01691999999999999
9 0.74512 0.110025 0.005859999999999976 0.01693
9 0.708985 0.11003 0.06640999999999997 0.011720000000000008
9 0.708985 0.17382999999999998 0.06640999999999997 0.01171999999999998
9 0.708985 0.20898 0.06640999999999997 0.011720000000000008
9 0.708495 0.27409 0.06739000000000006 0.009120000000000017
9 0.708985 0.30989500000000003 0.06640999999999997 0.010409999999999975
9 0.708985 0.37434999999999996 0.06640999999999997 0.011720000000000008
9 0.708005 0.4082 0.06641000000000008 0.011720000000000008
9 0.708005 0.47331 0.06641000000000008 0.011720000000000008
9 0.6713849999999999 0.473955 0.006830000000000003 0.018230000000000024
9 0.6713849999999999 0.409505 0.006830000000000003 0.019529999999999992
9 0.6723650000000001 0.375 0.006830000000000003 0.018220000000000014
9 0.671875 0.309245 0.007810000000000095 0.019529999999999992
9 0.671875 0.274735 0.007810000000000095 0.01822999999999997
9 0.6723650000000001 0.210285 0.006830000000000003 0.019529999999999992
9 0.671875 0.173825 0.007810000000000095 0.019529999999999992
9 0.6723650000000001 0.108724 0.006830000000000003 0.019531999999999994
9 0.671875 0.07356750000000001 0.007810000000000095 0.019531000000000007
