0 0.45717835 0.37367 0.8992433000000001 0.36985999999999997
0 0.4559189 0.7427699999999999 0.9017622000000001 0.36530000000000007
2 0.81864 0.59589 0.16624000000000005 0.041100000000000025
1 0.238035 0.33257000000000003 0.08313000000000001 0.02587999999999996
1 0.239295 0.363015 0.08061000000000001 0.025870000000000004
1 0.238035 0.461185 0.08313000000000001 0.024349999999999983
1 0.238035 0.49239 0.08313000000000001 0.02587999999999996
1 0.241815 0.615675 0.07557000000000003 0.02586999999999995
1 0.243075 0.64688 0.07305 0.024359999999999937
1 0.243075 0.775495 0.07305 0.02586999999999995
1 0.244335 0.8059350000000001 0.07556999999999997 0.02586999999999995
1 0.41058 0.33029 0.09067999999999998 0.024359999999999993
1 0.40806 0.363015 0.09068000000000004 0.025870000000000004
1 0.580605 0.32953 0.08313000000000004 0.025880000000000014
1 0.580605 0.362255 0.08313000000000004 0.024349999999999983
1 0.41184 0.774735 0.08312000000000003 0.027389999999999914
1 0.41184 0.8066949999999999 0.08312000000000003 0.024349999999999983
1 0.579345 0.773215 0.08565 0.024349999999999983
1 0.578085 0.8066949999999999 0.08313000000000004 0.024349999999999983
1 0.39798500000000003 0.460425 0.07053000000000004 0.025870000000000004
1 0.401765 0.49391 0.06801000000000001 0.025880000000000014
1 0.571785 0.6468799999999999 0.07052999999999998 0.02739999999999998
1 0.571785 0.612635 0.07052999999999998 0.02586999999999995
1 0.399245 0.612635 0.06801000000000001 0.02586999999999995
1 0.399245 0.64612 0.06801000000000001 0.025880000000000014
1 0.574305 0.49239 0.07052999999999998 0.02587999999999996
1 0.576825 0.458905 0.07052999999999998 0.025870000000000004
1 0.57809 0.21537 0.09319999999999995 0.01369999999999999
1 0.57809 0.23743999999999998 0.09319999999999995 0.015219999999999984
1 0.40554 0.21613 0.09067999999999998 0.015219999999999984
1 0.40554 0.23896499999999998 0.09067999999999998 0.015229999999999994
1 0.40680000000000005 0.91096 0.0932 0.013700000000000045
1 0.41058 0.885845 0.09067999999999998 0.015230000000000077
1 0.57683 0.88737 0.09067999999999998 0.015220000000000011
1 0.57557 0.91096 0.09319999999999995 0.013700000000000045
1 0.23426000000000002 0.9102 0.09068000000000001 0.015220000000000011
1 0.23678 0.88737 0.09067999999999998 0.015220000000000011
1 0.23174 0.21766 0.09067999999999998 0.015220000000000011
1 0.22922 0.24201 0.09068000000000004 0.015220000000000011
1 0.27078 0.149165 0.08312 0.01827000000000001
1 0.27708 0.127855 0.0806 0.018269999999999995
1 0.7556700000000001 0.22831 0.09571999999999992 0.027400000000000008
1 0.75441 0.32496 0.09824 0.031960000000000044
1 0.7556700000000001 0.36606 0.09571999999999992 0.03195999999999999
1 0.763225 0.45586 0.09571000000000007 0.03195999999999999
1 0.760705 0.49771999999999994 0.09570999999999996 0.030439999999999967
1 0.74811 0.66743 0.09571999999999992 0.03195999999999999
1 0.75315 0.769405 0.09572000000000003 0.031970000000000054
1 0.75189 0.813545 0.09824 0.03196999999999994
1 0.75315 0.8881300000000001 0.09572000000000003 0.025880000000000014
1 0.7581899999999999 0.127095 0.09067999999999998 0.010650000000000007
1 0.75693 0.14612 0.09319999999999995 0.012180000000000024
1 0.43073 0.15297 0.0806 0.016740000000000005
1 0.43703000000000003 0.12938 0.08312000000000003 0.015219999999999997
1 0.59446 0.149165 0.08563999999999994 0.01827000000000001
1 0.59572 0.12709 0.08311999999999997 0.01673999999999999
1 0.460955 0.0761035 0.08061000000000001 0.030441000000000003
1 0.60957 0.0768645 0.0805999999999999 0.028919
1 0.76448 0.0745815 0.09320000000000006 0.03044100000000001
1 0.5969800000000001 0.967275 0.09067999999999998 0.010650000000000048
1 0.60076 0.9824999999999999 0.09320000000000006 0.013699999999999934
1 0.44206500000000004 0.98402 0.08312999999999998 0.013700000000000045
1 0.43954499999999996 0.967275 0.08312999999999998 0.01368999999999998
4 0.45969499999999996 0.346275 0.01762999999999998 0.08067000000000002
4 0.630985 0.346275 0.017630000000000035 0.08067000000000002
4 0.644835 0.13774999999999998 0.015110000000000068 0.059359999999999996
4 0.482365 0.13775 0.027710000000000012 0.056319999999999995
4 0.5 0.073059 0.017640000000000045 0.039574
4 0.654915 0.071537 0.015109999999999957 0.039574000000000005
4 0.460955 0.7907150000000001 0.02015 0.08371000000000006
4 0.627205 0.792235 0.02015 0.08370999999999995
4 0.486145 0.9756499999999999 0.02015 0.04261999999999999
4 0.6473549999999999 0.9756499999999999 0.02015 0.04261999999999999
5 0.47480999999999995 0.472605 0.08815999999999996 0.12329000000000001
5 0.64987 0.474125 0.09067999999999998 0.12328999999999996
5 0.47229 0.6468799999999999 0.08816000000000002 0.13698
5 0.64358 0.64612 0.08816000000000002 0.13546000000000002
6 0.401765 0.24048999999999998 0.07808999999999999 0.012179999999999996
6 0.376575 0.216135 0.027710000000000012 0.012170000000000014
6 0.59446 0.14992 0.0806 0.01369999999999999
6 0.59698 0.12709 0.0806 0.013700000000000004
6 0.75693 0.146115 0.08816000000000002 0.00913
6 0.735515 0.32496 0.05540999999999996 0.02892
6 0.72922 0.36606000000000005 0.04281999999999997 0.02892
6 0.760705 0.4551 0.08565 0.02739999999999998
6 0.76071 0.49695999999999996 0.0906800000000001 0.02892
6 0.575565 0.49239 0.0680099999999999 0.02283999999999997
6 0.57053 0.459665 0.05289999999999995 0.024349999999999983
6 0.376575 0.33105 0.022669999999999968 0.02283999999999997
6 0.37531499999999995 0.363015 0.02518999999999999 0.02282999999999996
6 0.38161 0.460425 0.03273999999999999 0.02282999999999996
6 0.401765 0.49239 0.06801000000000001 0.02283999999999997
6 0.22922 0.46270999999999995 0.060460000000000014 0.024359999999999993
6 0.23173500000000002 0.493915 0.06045000000000003 0.02282999999999996
6 0.384135 0.773215 0.022669999999999968 0.02130999999999994
6 0.399245 0.6453549999999999 0.06801000000000001 0.024349999999999983
6 0.400505 0.612635 0.06549000000000005 0.022830000000000017
6 0.7405550000000001 0.6666700000000001 0.08060999999999996 0.02739999999999998
6 0.75315 0.768645 0.09067999999999998 0.027390000000000025
6 0.75315 0.812785 0.09067999999999998 0.027390000000000025
6 0.717885 0.8866050000000001 0.025190000000000046 0.022830000000000017
1 0.28337500000000004 0.98478 0.07305 0.015220000000000011
6 0.28463499999999997 0.9855400000000001 0.06548999999999999 0.010660000000000003
8 0.32242000000000004 0.400305 0.05541999999999997 0.29529000000000005
8 0.31989999999999996 0.7237450000000001 0.04533999999999999 0.31811
