0 0.50055065 0.4936505 0.9988987 0.948239
3 0.954295 0.7792950000000001 0.08701000000000003 0.29297000000000006
3 0.65804 0.8554649999999999 0.0826 0.13866999999999996
3 0.6591400000000001 0.70459 0.0848000000000001 0.14160000000000006
3 0.6552899999999999 0.46923499999999996 0.08150000000000002 0.14550999999999997
3 0.65804 0.31738 0.08700000000000008 0.14648000000000003
3 0.65804 0.164552 0.0826 0.149416
1 0.788545 0.854005 0.1718099999999999 0.08691000000000004
1 0.789095 0.704105 0.17070999999999992 0.08789000000000002
1 0.787995 0.47021500000000005 0.17070999999999992 0.08887000000000006
1 0.787995 0.32031 0.17070999999999992 0.08983999999999998
1 0.7890950000000001 0.170895 0.17291 0.09374999999999999
1 0.44989 0.8549800000000001 0.15748000000000006 0.08886000000000005
1 0.453195 0.705565 0.15968999999999994 0.08887
1 0.44989 0.47119 0.15748000000000006 0.09081999999999996
1 0.44989 0.3208 0.15748000000000006 0.08886
1 0.44989 0.17041 0.15748000000000006 0.08886
1 0.162445 0.7783249999999999 0.10243 0.08788999999999991
1 0.162445 0.47168 0.10243 0.09180000000000005
1 0.162445 0.3208 0.10243 0.08886
1 0.16355 0.1709 0.10021999999999999 0.08984
3 0.0886575 0.17285499999999998 0.051765000000000005 0.11718999999999999
3 0.0870025 0.322755 0.048455 0.13965
3 0.0848015 0.47168 0.048457 0.13867999999999997
3 0.337005 0.16992000000000002 0.05506999999999995 0.13086
3 0.34086 0.31738500000000003 0.06057999999999997 0.13281000000000004
3 0.343065 0.47168 0.06057000000000001 0.13281999999999994
3 0.334805 0.706545 0.07489000000000001 0.13965000000000005
3 0.33315 0.85498 0.07377999999999996 0.13964
3 0.085902 0.780275 0.048456000000000006 0.13866999999999996
4 0.55892 0.1709 0.06498000000000004 0.11914000000000001
4 0.5616749999999999 0.32227 0.07269000000000003 0.11914000000000002
4 0.55562 0.470705 0.06718000000000002 0.11719000000000002
4 0.5622199999999999 0.85547 0.0671799999999999 0.11717999999999995
4 0.56057 0.7026349999999999 0.06828000000000001 0.11817
4 0.910795 0.16846 0.07708999999999999 0.13184
4 0.910795 0.319825 0.07708999999999999 0.13183
4 0.9118949999999999 0.47168 0.07708999999999999 0.13085999999999998
4 0.906935 0.85303 0.07599 0.12988
4 0.90804 0.70654 0.07599999999999996 0.1298800000000001
7 0.02918515 0.77881 0.0495597 0.10058
7 0.0297358 0.32471 0.0484584 0.19433999999999998
8 0.27533 0.495115 0.10132 0.93359
8 0.0704845 0.4960915 0.046255 0.931637
8 0.9587 0.49560350000000003 0.03414000000000006 0.938473
9 0.64262 0.07177750000000001 0.46586000000000005 0.045899
9 0.64152 0.569825 0.46585999999999994 0.045889999999999986
9 0.9140950000000001 0.0703125 0.07708999999999999 0.052735000000000004
9 0.912445 0.5693349999999999 0.07819000000000009 0.052730000000000055
9 0.388765 0.069826 0.03745000000000004 0.061528
9 0.38931499999999997 0.5693349999999999 0.03855000000000003 0.06054999999999999
