1 0.500000 0.659180 1.000000 0.681641
0 0.342679 0.349121 0.112150 0.036133
0 0.683801 0.347656 0.115265 0.035156
0 0.501558 0.658203 0.996885 0.679688
0 0.501558 0.154297 0.996885 0.308594
6 0.638629 0.920898 0.517134 0.146484
8 0.425234 0.369141 0.077882 0.115234
8 0.255452 0.369629 0.080997 0.116211
8 0.774143 0.368652 0.077882 0.116211
8 0.599688 0.368652 0.077882 0.116211
2 0.205607 0.862305 0.124611 0.037109
2 0.352025 0.793945 0.112150 0.042969
2 0.515576 0.793457 0.115265 0.043945
2 0.850467 0.792480 0.112150 0.043945
2 0.682243 0.792480 0.112150 0.043945
2 0.183801 0.792480 0.112150 0.043945
2 0.347352 0.721680 0.115265 0.044922
2 0.179128 0.721680 0.109034 0.044922
2 0.685358 0.719727 0.118380 0.044922
2 0.514019 0.719727 0.118380 0.044922
2 0.856698 0.718750 0.118380 0.044922
2 0.347352 0.647949 0.115265 0.047852
2 0.179128 0.646973 0.115265 0.047852
2 0.514019 0.645996 0.112150 0.047852
2 0.688474 0.645020 0.112150 0.047852
2 0.856698 0.644043 0.112150 0.047852
2 0.171340 0.571289 0.118380 0.046875
2 0.342679 0.570801 0.118380 0.047852
2 0.512461 0.569336 0.115265 0.046875
2 0.685358 0.567871 0.112150 0.047852
2 0.856698 0.566895 0.112150 0.047852
2 0.345794 0.492676 0.112150 0.049805
2 0.176012 0.492676 0.115265 0.049805
2 0.514019 0.491211 0.118380 0.048828
2 0.858255 0.490234 0.121495 0.048828
2 0.686916 0.490723 0.121495 0.049805
2 0.347352 0.411621 0.109034 0.032227
2 0.177570 0.411621 0.105919 0.032227
2 0.515576 0.410156 0.109034 0.031250
2 0.861371 0.409180 0.109034 0.031250
2 0.690031 0.409668 0.109034 0.032227
2 0.176012 0.343750 0.115265 0.044922
2 0.515576 0.342285 0.115265 0.043945
2 0.339564 0.341797 0.112150 0.044922
2 0.855140 0.340820 0.115265 0.044922
2 0.690031 0.336914 0.115265 0.044922
2 0.179128 0.260742 0.109034 0.035156
2 0.347352 0.259277 0.109034 0.034180
2 0.858255 0.258789 0.109034 0.035156
2 0.690031 0.258301 0.109034 0.034180
2 0.518692 0.258789 0.109034 0.035156
2 0.688474 0.195801 0.112150 0.043945
2 0.347352 0.195801 0.115265 0.043945
2 0.855140 0.195312 0.115265 0.044922
2 0.182243 0.194824 0.115265 0.043945
2 0.523364 0.193359 0.112150 0.050781
2 0.191589 0.107910 0.115265 0.034180
2 0.693146 0.106934 0.115265 0.034180
2 0.529595 0.106934 0.112150 0.034180
2 0.359813 0.106934 0.115265 0.034180
2 0.862928 0.105957 0.112150 0.034180
2 0.691589 0.042969 0.112150 0.046875
2 0.529595 0.043457 0.112150 0.047852
2 0.361371 0.042969 0.112150 0.046875
2 0.856698 0.042480 0.112150 0.047852
2 0.196262 0.042480 0.112150 0.047852
3 0.504673 0.833008 0.978193 0.033203
3 0.504673 0.748535 0.978193 0.022461
3 0.507788 0.669922 0.978193 0.015625
3 0.510903 0.596680 0.978193 0.015625
3 0.510903 0.518555 0.978193 0.015625
3 0.495327 0.296387 0.990654 0.043945
3 0.503115 0.144531 0.987539 0.044922
3 0.514019 0.015625 0.971963 0.025391
9 0.506231 0.452637 0.071651 0.020508
9 0.680685 0.452148 0.071651 0.021484
9 0.848910 0.451172 0.071651 0.021484
9 0.051402 0.449707 0.084112 0.030273
9 0.207165 0.448242 0.152648 0.033203
9 0.369159 0.447266 0.152648 0.033203
9 0.591900 0.445312 0.080997 0.031250
9 0.950156 0.443848 0.062305 0.030273
9 0.761682 0.443359 0.084112 0.031250
9 0.515576 0.379883 0.115265 0.025391
9 0.344237 0.379395 0.115265 0.024414
9 0.176012 0.379883 0.115265 0.025391
9 0.855140 0.377930 0.115265 0.025391
9 0.685358 0.377930 0.118380 0.025391
9 0.065421 0.322266 0.112150 0.017578
9 0.945483 0.317871 0.109034 0.018555
9 0.066978 0.268066 0.090343 0.020508
9 0.957944 0.264648 0.077882 0.023438
5 0.155763 0.892090 0.255452 0.022461
