0 0.49609328 0.4909885 0.99023344 0.9794029999999999
1 0.21338000000000001 0.133845 0.08106000000000002 0.05663
1 0.229 0.36422 0.0791 0.05147999999999997
1 0.22998 0.49356500000000003 0.0791 0.05277000000000004
1 0.229 0.6261300000000001 0.0791 0.055340000000000056
1 0.22998 0.7567550000000001 0.0791 0.05405000000000004
1 0.228515 0.8861 0.07812999999999998 0.05020000000000002
1 0.38622999999999996 0.36358 0.0791 0.05534
1 0.38622999999999996 0.494205 0.08105999999999997 0.05662999999999996
1 0.37256 0.62291 0.05176000000000003 0.05147999999999997
1 0.3833 0.175675 0.08105999999999997 0.04504999999999998
1 0.382325 0.11904599999999999 0.07910999999999996 0.04246799999999999
1 0.38573999999999997 0.754825 0.07812000000000002 0.052769999999999984
1 0.385255 0.884815 0.07715 0.052769999999999984
1 0.54932 0.149295 0.07910000000000006 0.056629999999999986
1 0.55078 0.36229 0.08008000000000004 0.05276000000000003
1 0.55029 0.49228000000000005 0.07910000000000006 0.05534
1 0.549805 0.62355 0.08007000000000009 0.055340000000000056
1 0.549805 0.75418 0.07813000000000003 0.05147999999999997
1 0.55029 0.8861 0.07910000000000006 0.05275999999999992
1 0.712405 0.14994 0.08104999999999996 0.055339999999999986
1 0.71289 0.363575 0.08008000000000004 0.052769999999999984
1 0.7123999999999999 0.49485500000000004 0.07910000000000006 0.05277000000000004
1 0.7133799999999999 0.6242 0.08106000000000002 0.05147999999999997
1 0.7133799999999999 0.75354 0.08106000000000002 0.05020000000000002
1 0.71289 0.8861 0.08008000000000004 0.055339999999999945
1 0.8720699999999999 0.362935 0.08204 0.05404999999999999
1 0.873045 0.14672 0.08399000000000001 0.05405999999999998
1 0.872555 0.62291 0.08301000000000003 0.05406
1 0.8720699999999999 0.754825 0.08204 0.052769999999999984
1 0.8720699999999999 0.88481 0.08204 0.055339999999999945
1 0.057129 0.8713 0.034179999999999995 0.06691999999999998
1 0.064453 0.6235550000000001 0.017578000000000003 0.024449999999999972
1 0.048827999999999996 0.097813 0.013671999999999997 0.020594
2 0.9091800000000001 0.4955 0.1543 0.07721999999999996
3 0.49316499999999996 0.138995 0.03514999999999996 0.12355000000000001
3 0.49707 0.357145 0.02148 0.10938999999999999
3 0.49658499999999994 0.49035 0.024409999999999987 0.11068
3 0.49658499999999994 0.75161 0.024409999999999987 0.10295999999999994
3 0.49707 0.881595 0.02343999999999996 0.11068999999999996
4 0.427735 0.148651 0.01757000000000003 0.12741799999999998
4 0.43261499999999997 0.357785 0.019529999999999992 0.09009
4 0.43115499999999995 0.49034999999999995 0.01855000000000001 0.08751999999999999
4 0.430175 0.75418 0.020509999999999973 0.09523999999999999
4 0.42822000000000005 0.88224 0.016600000000000004 0.09138000000000002
5 0.44970999999999994 0.6093949999999999 0.11425999999999997 0.15573000000000004
7 0.46240499999999995 0.36229 0.03809000000000001 0.04503999999999997
7 0.46143 0.88417 0.040039999999999965 0.041179999999999994
7 0.77637 0.49485 0.09179999999999999 0.17374
7 0.14795 0.131275 0.04199999999999998 0.04375000000000001
8 0.1118165 0.49228000000000005 0.10058700000000001 0.95882
8 0.305175 0.49421000000000004 0.07910999999999996 0.96268
8 0.612305 0.4909915 0.07813000000000003 0.958817
8 0.77881 0.492922 0.06738 0.954956
9 0.1958 0.192405 0.10643999999999998 0.019309999999999994
9 0.19385 0.0701415 0.1084 0.019305000000000003
9 0.20947000000000002 0.300515 0.10254000000000002 0.009010000000000018
9 0.20996 0.42664 0.10156000000000004 0.02188000000000001
9 0.209965 0.55663 0.09961 0.019299999999999984
9 0.21045 0.6891849999999999 0.09864 0.016730000000000023
9 0.20996 0.82111 0.10352 0.018019999999999925
9 0.21094 0.951735 0.10352 0.01930999999999994
9 0.21094000000000002 0.9646049999999999 0.10156000000000001 0.009010000000000074
9 0.260745 0.066924 0.03125 0.03861
9 0.261715 0.18983 0.031249999999999972 0.03989999999999999
9 0.27393 0.301805 0.028320000000000012 0.016730000000000023
9 0.27441499999999996 0.42664 0.029289999999999983 0.032179999999999986
9 0.27539 0.55534 0.029299999999999993 0.03731999999999991
9 0.27441499999999996 0.68726 0.029289999999999983 0.033460000000000045
9 0.27588 0.818535 0.028320000000000012 0.030890000000000084
9 0.27539 0.95045 0.027339999999999975 0.02960000000000007
9 0.27637 0.9703999999999999 0.02734000000000003 0.00772000000000006
9 0.1333 0.021879000000000003 0.012699999999999989 0.030888000000000002
9 0.19336 0.023809499999999997 0.10742000000000002 0.014157
9 0.26123 0.023809499999999997 0.028320000000000012 0.019305
9 0.13427499999999998 0.068211 0.012690000000000007 0.02574
9 0.13574 0.19112 0.011720000000000008 0.029599999999999987
9 0.15185500000000002 0.30179999999999996 0.012690000000000007 0.014160000000000006
9 0.152345 0.42407 0.013669999999999988 0.02959999999999996
9 0.152835 0.5546949999999999 0.014649999999999996 0.028309999999999946
9 0.152835 0.687905 0.014649999999999996 0.02703
9 0.151365 0.81918 0.015629999999999977 0.02960000000000007
9 0.15283 0.94981 0.012699999999999989 0.025739999999999985
9 0.1543 0.9678249999999999 0.011720000000000008 0.012870000000000048
