1 0.500000 0.500000 1.000000 1.000000
0 0.281746 0.534940 0.014286 0.067470
0 0.216667 0.534940 0.023810 0.067470
0 0.150000 0.515663 0.011111 0.028916
0 0.220635 0.326506 0.053968 0.036145
0 0.471429 0.518072 0.828571 0.963855
6 0.113492 0.893976 0.087302 0.154217
6 0.479365 0.884337 0.088889 0.163855
6 0.660317 0.856627 0.260317 0.233735
6 0.296825 0.856627 0.260317 0.233735
6 0.470635 0.677108 0.036508 0.086747
6 0.385714 0.603614 0.241270 0.045783
6 0.139683 0.572289 0.044444 0.084337
2 0.811905 0.543373 0.068254 0.055422
2 0.445238 0.542169 0.068254 0.057831
2 0.310317 0.536145 0.042857 0.069880
2 0.251587 0.536145 0.046032 0.069880
2 0.180159 0.536145 0.049206 0.069880
2 0.123810 0.533735 0.041270 0.065060
2 0.814286 0.374699 0.066667 0.103614
2 0.444444 0.371084 0.073016 0.101205
2 0.632540 0.354217 0.074603 0.072289
2 0.285714 0.309639 0.076190 0.069880
2 0.154762 0.303614 0.077778 0.081928
2 0.787302 0.192771 0.073016 0.101205
2 0.466667 0.192771 0.073016 0.101205
2 0.634127 0.171084 0.071429 0.062651
2 0.229365 0.138554 0.090476 0.084337
3 0.457143 0.615663 0.796825 0.093976
3 0.472222 0.239759 0.826984 0.137349
5 0.620635 0.448193 0.142857 0.115663
5 0.215079 0.422892 0.312698 0.156627
5 0.617460 0.244578 0.133333 0.084337
10 0.798413 0.543373 0.028571 0.050602
10 0.831746 0.540964 0.028571 0.050602
10 0.461905 0.542169 0.028571 0.053012
10 0.631746 0.540964 0.063492 0.055422
10 0.814286 0.375904 0.063492 0.101205
10 0.284127 0.310843 0.069841 0.067470
