1 0.500000 0.500000 1.000000 1.000000
0 0.501465 0.501812 0.995117 0.993961
2 0.250488 0.852657 0.071289 0.149758
2 0.777832 0.847826 0.071289 0.149758
2 0.122070 0.847826 0.070312 0.149758
2 0.906250 0.846618 0.070312 0.149758
2 0.782715 0.562198 0.071289 0.163043
2 0.916992 0.560990 0.070312 0.167874
2 0.659180 0.559179 0.070312 0.164251
2 0.518555 0.558575 0.070312 0.167874
2 0.379883 0.557971 0.070312 0.166667
2 0.248047 0.557367 0.070312 0.167874
2 0.115723 0.557367 0.071289 0.167874
2 0.519531 0.254831 0.070312 0.166667
2 0.923340 0.253019 0.071289 0.167874
2 0.250488 0.253019 0.071289 0.167874
2 0.790039 0.251812 0.070312 0.167874
2 0.664062 0.251812 0.070312 0.167874
2 0.381348 0.250604 0.071289 0.167874
2 0.115723 0.250604 0.071289 0.167874
3 0.504395 0.679952 0.981445 0.089372
3 0.504883 0.358696 0.986328 0.048309
3 0.503418 0.042271 0.979492 0.070048
11 0.514648 0.875604 0.138672 0.234300
4 0.795898 0.446860 0.398438 0.065217
4 0.521484 0.446860 0.132812 0.065217
4 0.112793 0.446860 0.133789 0.065217
4 0.317871 0.446256 0.266602 0.066425
4 0.928711 0.134662 0.119141 0.032609
4 0.117676 0.131643 0.118164 0.033816
4 0.527832 0.129831 0.118164 0.032609
4 0.795410 0.128623 0.118164 0.032609
4 0.669434 0.128623 0.118164 0.032609
4 0.385742 0.128623 0.119141 0.032609
4 0.252441 0.127415 0.118164 0.032609
7 0.914551 0.676329 0.102539 0.062802
7 0.784180 0.675725 0.101562 0.064010
7 0.515625 0.675725 0.101562 0.064010
7 0.247559 0.673913 0.102539 0.062802
7 0.118164 0.673913 0.101562 0.062802
7 0.660156 0.673309 0.101562 0.064010
7 0.381836 0.673309 0.101562 0.064010
