1 0.500000 0.500000 1.000000 1.000000
0 0.791016 0.678267 0.093750 0.240057
0 0.744629 0.544034 0.008789 0.028409
0 0.867188 0.417614 0.013672 0.127841
0 0.791016 0.320312 0.089844 0.299716
0 0.619141 0.325994 0.189453 0.311080
0 0.440918 0.321023 0.094727 0.301136
0 0.528320 0.436790 0.939453 0.870739
6 0.406738 0.786222 0.014648 0.015625
6 0.148438 0.774858 0.136719 0.103693
6 0.442383 0.767045 0.048828 0.093750
6 0.329590 0.786222 0.047852 0.132102
6 0.259277 0.771307 0.028320 0.110795
6 0.629395 0.740767 0.063477 0.123580
6 0.174316 0.688920 0.059570 0.025568
6 0.330078 0.685369 0.078125 0.021307
6 0.441406 0.678977 0.037109 0.019886
6 0.894531 0.691051 0.037109 0.055398
8 0.848633 0.712358 0.035156 0.305398
8 0.729492 0.713068 0.044922 0.315341
8 0.508789 0.711648 0.046875 0.315341
8 0.383789 0.709517 0.035156 0.313920
8 0.849121 0.330256 0.028320 0.328125
8 0.381836 0.321023 0.033203 0.338068
8 0.731934 0.319602 0.043945 0.340909
8 0.507324 0.316761 0.045898 0.346591
2 0.790527 0.778409 0.092773 0.122159
2 0.894531 0.602273 0.042969 0.085227
2 0.791504 0.600142 0.043945 0.083807
2 0.326660 0.600852 0.043945 0.085227
2 0.442383 0.599432 0.042969 0.088068
2 0.221680 0.598722 0.042969 0.086648
2 0.121582 0.597301 0.041992 0.086648
2 0.894043 0.421165 0.040039 0.126420
2 0.793945 0.414062 0.039062 0.123580
2 0.326660 0.414062 0.041992 0.126420
2 0.115723 0.413352 0.040039 0.125000
2 0.219238 0.412642 0.041992 0.126420
2 0.622070 0.406250 0.050781 0.125000
2 0.441406 0.407670 0.044922 0.130682
2 0.895020 0.230824 0.043945 0.106534
2 0.116699 0.224432 0.043945 0.107955
2 0.789551 0.221591 0.043945 0.107955
2 0.220215 0.220170 0.043945 0.107955
2 0.326660 0.218750 0.043945 0.107955
2 0.439941 0.213068 0.043945 0.107955
2 0.619629 0.207386 0.047852 0.107955
3 0.530762 0.505682 0.934570 0.048295
3 0.528320 0.132812 0.919922 0.075284
11 0.228027 0.794744 0.034180 0.120739
9 0.804688 0.530540 0.111328 0.055398
9 0.425293 0.526989 0.118164 0.048295
9 0.620117 0.524148 0.240234 0.062500
4 0.897949 0.320312 0.075195 0.066761
4 0.792969 0.317472 0.085938 0.075284
4 0.114746 0.314631 0.081055 0.069602
4 0.220215 0.313210 0.081055 0.069602
4 0.327637 0.308949 0.081055 0.069602
4 0.440430 0.306818 0.091797 0.076705
4 0.619141 0.302557 0.091797 0.076705
7 0.894043 0.654830 0.065430 0.019886
7 0.444336 0.659801 0.076172 0.032670
7 0.327637 0.651278 0.067383 0.015625
7 0.791504 0.658381 0.075195 0.032670
7 0.222168 0.649858 0.067383 0.015625
7 0.120605 0.647727 0.067383 0.014205
7 0.895020 0.495739 0.063477 0.022727
7 0.328125 0.487926 0.062500 0.021307
7 0.797363 0.486506 0.075195 0.021307
7 0.219727 0.486506 0.062500 0.021307
7 0.117188 0.486506 0.062500 0.021307
7 0.440918 0.483665 0.075195 0.021307
7 0.623047 0.479403 0.074219 0.021307
10 0.927734 0.606534 0.023438 0.085227
10 0.869141 0.605114 0.015625 0.085227
10 0.762695 0.605114 0.015625 0.085227
10 0.410645 0.603693 0.022461 0.085227
10 0.358887 0.603693 0.022461 0.085227
10 0.822266 0.602983 0.023438 0.086648
10 0.472656 0.602273 0.023438 0.085227
10 0.294922 0.602273 0.023438 0.085227
10 0.252441 0.600852 0.022461 0.085227
10 0.190430 0.600852 0.023438 0.085227
10 0.149414 0.599432 0.023438 0.085227
10 0.088867 0.597301 0.023438 0.086648
10 0.925781 0.421875 0.023438 0.127841
10 0.823730 0.417614 0.022461 0.127841
10 0.870117 0.416193 0.011719 0.127841
10 0.763184 0.416193 0.022461 0.127841
10 0.356934 0.416193 0.022461 0.127841
10 0.295410 0.416193 0.022461 0.127841
10 0.087402 0.416193 0.022461 0.127841
10 0.250000 0.414773 0.023438 0.127841
10 0.187988 0.414773 0.022461 0.127841
10 0.146973 0.414773 0.022461 0.127841
10 0.474121 0.411932 0.022461 0.127841
10 0.408691 0.411932 0.022461 0.127841
10 0.926758 0.230824 0.021484 0.103693
10 0.867188 0.226562 0.015625 0.103693
10 0.085938 0.222301 0.021484 0.103693
10 0.822266 0.220881 0.021484 0.103693
10 0.187988 0.220881 0.022461 0.103693
10 0.145508 0.220881 0.021484 0.103693
10 0.293945 0.219460 0.021484 0.103693
10 0.250488 0.219460 0.022461 0.103693
10 0.759766 0.218750 0.021484 0.105114
10 0.472656 0.213778 0.021484 0.103693
10 0.408203 0.211648 0.021484 0.105114
10 0.356445 0.213778 0.021484 0.112216
10 0.656738 0.208097 0.026367 0.109375
10 0.586426 0.203835 0.022461 0.112216
