1 0.820801 0.404605 0.358398 0.809211
1 0.320801 0.500000 0.641602 1.000000
0 0.947266 0.916118 0.103516 0.167763
0 0.772949 0.916118 0.055664 0.167763
0 0.452637 0.916118 0.440430 0.167763
0 0.712891 0.687500 0.015625 0.105263
0 0.711426 0.496711 0.016602 0.082237
0 0.917969 0.489309 0.039062 0.097039
0 0.844727 0.489309 0.039062 0.097039
0 0.440918 0.294408 0.364258 0.115132
0 0.199707 0.294408 0.086914 0.115132
0 0.567871 0.614309 0.862305 0.768092
0 0.567871 0.075658 0.862305 0.151316
6 0.451172 0.923520 0.050781 0.116776
6 0.325684 0.925164 0.051758 0.120066
6 0.067871 0.918586 0.124023 0.162829
6 0.390137 0.847862 0.102539 0.031250
6 0.850586 0.915296 0.136719 0.169408
6 0.712891 0.914474 0.136719 0.171053
6 0.199707 0.908717 0.116211 0.179276
8 0.536133 0.353618 0.039062 0.190789
8 0.633789 0.299342 0.039062 0.296053
8 0.255859 0.300164 0.035156 0.300987
8 0.151367 0.300987 0.035156 0.302632
8 0.532227 0.200658 0.039062 0.108553
2 0.079590 0.717105 0.028320 0.105263
2 0.047363 0.717105 0.028320 0.105263
2 0.435547 0.714638 0.027344 0.103618
2 0.340820 0.714638 0.027344 0.103618
2 0.309570 0.714638 0.027344 0.103618
2 0.199219 0.713816 0.035156 0.101974
2 0.580566 0.712171 0.036133 0.101974
2 0.466797 0.713816 0.027344 0.105263
2 0.884277 0.689967 0.034180 0.103618
2 0.810059 0.689145 0.034180 0.101974
2 0.736328 0.687500 0.031250 0.105263
2 0.689453 0.686678 0.031250 0.106908
2 0.079590 0.510691 0.028320 0.103618
2 0.047363 0.510691 0.028320 0.103618
2 0.339844 0.507401 0.027344 0.103618
2 0.309082 0.507401 0.026367 0.103618
2 0.198242 0.506579 0.035156 0.101974
2 0.467773 0.505757 0.027344 0.103618
2 0.435547 0.505757 0.027344 0.103618
2 0.581055 0.504934 0.035156 0.105263
2 0.954590 0.492599 0.034180 0.103618
2 0.881348 0.493421 0.034180 0.105263
2 0.807617 0.493421 0.035156 0.105263
2 0.734863 0.487664 0.030273 0.100329
2 0.687988 0.488487 0.030273 0.101974
2 0.079590 0.309211 0.026367 0.105263
2 0.047852 0.310033 0.027344 0.106908
2 0.580566 0.306743 0.036133 0.106908
2 0.436035 0.307566 0.026367 0.108553
2 0.340820 0.307566 0.027344 0.108553
2 0.309570 0.307566 0.027344 0.108553
2 0.199219 0.306743 0.035156 0.106908
2 0.466797 0.306743 0.027344 0.110197
2 0.808105 0.291941 0.032227 0.097039
2 0.956055 0.290296 0.033203 0.097039
2 0.881836 0.291118 0.033203 0.098684
2 0.687988 0.285362 0.030273 0.097039
2 0.735840 0.284539 0.030273 0.098684
2 0.200195 0.104441 0.023438 0.041118
2 0.581543 0.104441 0.024414 0.044408
3 0.572266 0.823191 0.855469 0.027961
3 0.817871 0.586349 0.356445 0.097039
3 0.654785 0.392270 0.004883 0.080592
3 0.586914 0.392270 0.062500 0.080592
3 0.387695 0.392270 0.257812 0.080592
3 0.206055 0.392270 0.074219 0.080592
3 0.583008 0.194079 0.062500 0.085526
3 0.390625 0.194079 0.244141 0.085526
3 0.202637 0.194079 0.073242 0.085526
3 0.820312 0.187500 0.357422 0.098684
11 0.581055 0.931743 0.072266 0.129934
4 0.064941 0.635691 0.086914 0.018092
4 0.454102 0.633224 0.091797 0.019737
4 0.327148 0.634046 0.089844 0.021382
4 0.201172 0.632401 0.064453 0.018092
4 0.583496 0.631579 0.071289 0.023026
4 0.890137 0.417763 0.215820 0.052632
4 0.718262 0.420230 0.124023 0.070724
7 0.452148 0.773849 0.070312 0.014803
7 0.325195 0.775493 0.076172 0.018092
7 0.198730 0.773849 0.051758 0.018092
7 0.582031 0.770559 0.050781 0.014803
7 0.885742 0.755757 0.062500 0.027961
7 0.810547 0.754112 0.062500 0.027961
7 0.713867 0.753289 0.105469 0.026316
7 0.064453 0.570724 0.072266 0.016447
7 0.326660 0.568257 0.075195 0.018092
7 0.582520 0.565789 0.051758 0.016447
7 0.453613 0.566612 0.075195 0.018092
7 0.199219 0.566612 0.050781 0.018092
7 0.885254 0.354441 0.063477 0.027961
7 0.811523 0.355263 0.060547 0.029605
7 0.958984 0.353618 0.062500 0.029605
7 0.715820 0.348684 0.107422 0.029605
