0 0.5023585 0.519945 0.995283 0.72969
1 0.337265 0.33826 0.16981000000000002 0.07089999999999996
1 0.33962499999999995 0.696455 0.16509000000000001 0.06942999999999999
1 0.64741 0.33382999999999996 0.18631999999999993 0.07090000000000002
1 0.64623 0.7016249999999999 0.18867999999999996 0.07090999999999992
1 0.681605 0.520675 0.21226999999999996 0.06647000000000003
1 0.34906 0.517725 0.18396 0.06943000000000005
1 0.05542275 0.51403 0.0966945 0.06204000000000004
4 0.42571000000000003 0.33604 0.030659999999999965 0.11374000000000001
4 0.42807 0.696455 0.03066000000000002 0.11373
4 0.7452799999999999 0.70384 0.03301999999999994 0.11373999999999995
4 0.74882 0.32718 0.03066000000000002 0.11374000000000001
5 0.43986 0.50148 0.19104 0.22600000000000003
5 0.80071 0.49778500000000003 0.22406000000000004 0.25407
8 0.15566000000000002 0.527325 0.09906000000000001 0.70901
8 0.823115 0.51994 0.03772999999999993 0.72378
