1 0.500000 0.500000 1.000000 1.000000
0 0.363406 0.553435 0.558179 0.888041
0 0.814503 0.530534 0.337268 0.923664
6 0.820405 0.956743 0.318718 0.050891
6 0.523609 0.942748 0.163575 0.033079
6 0.229342 0.945293 0.161889 0.043257
6 0.818718 0.033079 0.291737 0.066158
6 0.419899 0.031807 0.374368 0.063613
8 0.524452 0.839695 0.016863 0.152672
8 0.226813 0.839695 0.015177 0.152672
8 0.426644 0.586514 0.033727 0.328244
8 0.321248 0.585242 0.032040 0.330789
8 0.618044 0.572519 0.035413 0.361323
8 0.125632 0.571247 0.035413 0.363868
8 0.617201 0.332061 0.016863 0.114504
8 0.521922 0.332061 0.015177 0.114504
8 0.322091 0.332061 0.016863 0.114504
8 0.425801 0.329517 0.015177 0.114504
8 0.224283 0.329517 0.016863 0.114504
8 0.125632 0.326972 0.015177 0.114504
2 0.705734 0.905852 0.048904 0.050891
2 0.923272 0.904580 0.052277 0.053435
2 0.814503 0.904580 0.050590 0.053435
2 0.569140 0.837150 0.075885 0.111959
2 0.481450 0.837150 0.075885 0.111959
2 0.378583 0.818066 0.072513 0.073791
2 0.273187 0.838422 0.077572 0.114504
2 0.182125 0.835878 0.077572 0.114504
2 0.923272 0.762087 0.048904 0.068702
2 0.818718 0.759542 0.048904 0.073791
2 0.707420 0.758270 0.048904 0.071247
2 0.376054 0.665394 0.053963 0.078880
2 0.569140 0.660305 0.038786 0.073791
2 0.274030 0.660305 0.038786 0.073791
2 0.478078 0.670483 0.038786 0.099237
2 0.184654 0.661578 0.038786 0.081425
2 0.704890 0.606870 0.050590 0.073791
2 0.924115 0.603053 0.050590 0.071247
2 0.816189 0.606870 0.050590 0.078880
2 0.272344 0.505089 0.038786 0.089059
2 0.182125 0.505089 0.037099 0.089059
2 0.569140 0.503817 0.038786 0.091603
2 0.478078 0.506361 0.038786 0.096692
2 0.374368 0.502545 0.064081 0.099237
2 0.923272 0.458015 0.048904 0.071247
2 0.705734 0.455471 0.048904 0.066158
2 0.815346 0.452926 0.048904 0.071247
2 0.923272 0.344784 0.028668 0.022901
2 0.704890 0.343511 0.030354 0.020356
2 0.566610 0.344784 0.033727 0.083969
2 0.478078 0.344784 0.032040 0.083969
2 0.269815 0.344784 0.033727 0.083969
2 0.373524 0.342239 0.032040 0.083969
2 0.179595 0.342239 0.032040 0.083969
2 0.815346 0.316794 0.028668 0.078880
2 0.271501 0.207379 0.023609 0.073791
2 0.564924 0.206107 0.023609 0.076336
2 0.476391 0.206107 0.025295 0.076336
2 0.180438 0.204835 0.023609 0.073791
2 0.373524 0.206107 0.032040 0.081425
2 0.817032 0.175573 0.025295 0.066158
2 0.921585 0.169211 0.028668 0.073791
2 0.703204 0.166667 0.030354 0.073791
3 0.816189 0.835878 0.327150 0.038168
3 0.366779 0.756997 0.548061 0.038168
3 0.364250 0.413486 0.549747 0.068702
3 0.365093 0.267176 0.548061 0.055980
9 0.371838 0.431298 0.021922 0.048346
9 0.927487 0.307888 0.104553 0.050891
9 0.780776 0.212468 0.263069 0.241730
4 0.924958 0.715013 0.089376 0.040712
4 0.818718 0.712468 0.089376 0.040712
4 0.705734 0.709924 0.089376 0.040712
4 0.562395 0.606870 0.075885 0.033079
4 0.476391 0.604326 0.075885 0.033079
4 0.181282 0.604326 0.075885 0.033079
4 0.268971 0.601781 0.075885 0.033079
4 0.707420 0.558524 0.075885 0.033079
4 0.924958 0.559796 0.079258 0.040712
4 0.817032 0.555980 0.079258 0.038168
4 0.924115 0.410941 0.080944 0.038168
4 0.817032 0.407125 0.079258 0.040712
4 0.703204 0.407125 0.080944 0.040712
4 0.822934 0.269720 0.037099 0.040712
4 0.566610 0.161578 0.050590 0.022901
4 0.476391 0.159033 0.048904 0.022901
4 0.268971 0.159033 0.048904 0.022901
4 0.179595 0.156489 0.048904 0.022901
4 0.376054 0.151399 0.064081 0.038168
4 0.919899 0.115776 0.048904 0.043257
4 0.703204 0.114504 0.057336 0.040712
4 0.815346 0.091603 0.126476 0.040712
7 0.925801 0.810433 0.067454 0.027990
7 0.816189 0.810433 0.067454 0.027990
7 0.705734 0.807888 0.065767 0.027990
7 0.813659 0.660305 0.065767 0.027990
7 0.701518 0.657761 0.067454 0.027990
7 0.919056 0.652672 0.067454 0.027990
7 0.473862 0.573791 0.070826 0.038168
7 0.566610 0.569975 0.070826 0.040712
7 0.268128 0.569975 0.070826 0.040712
7 0.178752 0.569975 0.070826 0.040712
7 0.924115 0.507634 0.067454 0.027990
7 0.816189 0.503817 0.067454 0.030534
7 0.703204 0.503817 0.067454 0.030534
7 0.924115 0.370229 0.067454 0.027990
7 0.816189 0.371501 0.067454 0.030534
7 0.703204 0.367684 0.067454 0.027990
5 0.378583 0.886768 0.089376 0.063613
5 0.375211 0.729008 0.059022 0.048346
5 0.481450 0.729008 0.042159 0.053435
5 0.186341 0.730280 0.045531 0.055980
5 0.567454 0.725191 0.042159 0.055980
5 0.271501 0.726463 0.047218 0.058524
10 0.816189 0.601781 0.043845 0.058524
10 0.936762 0.585242 0.021922 0.030534
10 0.911467 0.585242 0.021922 0.030534
10 0.704890 0.583969 0.047218 0.027990
10 0.910624 0.438931 0.023609 0.027990
10 0.706577 0.436387 0.047218 0.022901
10 0.935076 0.436387 0.021922 0.027990
10 0.803541 0.433842 0.021922 0.022901
