2 0.911135 0.46354 0.10936999999999997 0.0625
1 0.8374 0.70638 0.07323999999999997 0.06119999999999992
1 0.83789 0.60026 0.07421999999999995 0.0625
1 0.714845 0.70638 0.06640999999999997 0.05337999999999998
1 0.71533 0.60026 0.06738 0.05468000000000006
3 0.660155 0.709635 0.03907000000000005 0.09375
3 0.659665 0.603515 0.03809000000000007 0.09245000000000003
3 0.5400400000000001 0.709635 0.039059999999999984 0.09115000000000006
3 0.54053 0.603515 0.040039999999999965 0.09245000000000003
1 0.595215 0.7070350000000001 0.06738999999999995 0.054690000000000016
1 0.59473 0.60091 0.06835999999999998 0.053380000000000094
1 0.479005 0.70573 0.057609999999999995 0.052080000000000015
1 0.479005 0.60026 0.057609999999999995 0.052080000000000015
1 0.36035 0.70703 0.056640000000000024 0.052080000000000015
1 0.36084 0.60026 0.057620000000000005 0.052080000000000015
1 0.47168 0.5364599999999999 0.06640000000000001 0.01301999999999992
1 0.46924 0.396485 0.06933999999999996 0.029949999999999977
1 0.455075 0.47721500000000006 0.06445000000000001 0.05599000000000004
1 0.356445 0.49219 0.048829999999999985 0.03905999999999993
1 0.36377 0.429035 0.06347999999999998 0.035150000000000015
1 0.47753999999999996 0.32031 0.05663999999999997 0.052080000000000015
1 0.47802999999999995 0.21354 0.05761999999999995 0.05207999999999999
1 0.35986 0.32096 0.057620000000000005 0.05077999999999999
1 0.35986 0.21354 0.057620000000000005 0.05207999999999999
1 0.821775 0.463545 0.03808999999999996 0.041669999999999985
1 0.83838 0.31966 0.07323999999999997 0.06120000000000003
1 0.83789 0.21289000000000002 0.07225999999999999 0.061200000000000004
1 0.71484 0.21354499999999998 0.06835999999999998 0.05468999999999999
1 0.71484 0.32031 0.06835999999999998 0.052080000000000015
3 0.6591800000000001 0.21419 0.039059999999999984 0.08984
3 0.6591750000000001 0.321615 0.03711000000000009 0.08855000000000002
3 0.538085 0.215495 0.04100999999999999 0.08723
3 0.53955 0.32096 0.040039999999999965 0.08724000000000004
1 0.59473 0.214195 0.06835999999999998 0.05338999999999999
1 0.59473 0.32031 0.06835999999999998 0.052080000000000015
1 0.57715 0.477865 0.0722600000000001 0.05469000000000007
1 0.70459 0.476565 0.07128000000000001 0.05468999999999996
1 0.588865 0.39583500000000005 0.07616999999999996 0.02865000000000001
1 0.71045 0.396485 0.07520000000000004 0.029949999999999977
1 0.5893550000000001 0.5364599999999999 0.07324999999999993 0.015620000000000078
1 0.7119150000000001 0.53711 0.07226999999999995 0.01432
0 0.5542 0.46159 0.83106 0.65234
1 0.236815 0.49219 0.04785000000000003 0.03905999999999993
1 0.236815 0.428385 0.04785000000000003 0.039069999999999994
1 0.23877 0.654295 0.04004000000000002 0.04037000000000002
1 0.373045 0.0540365 0.054690000000000016 0.061197
1 0.476565 0.05078100000000001 0.05468999999999996 0.0625
1 0.217775 0.90755 0.05273 0.04688000000000003
1 0.36865499999999995 0.88932 0.08690999999999999 0.08854000000000006
1 0.486325 0.88802 0.08789000000000002 0.08853999999999995
2 0.93945 0.59961 0.05078000000000005 0.06120000000000003
3 0.431155 0.21354499999999998 0.036129999999999995 0.08332999999999999
3 0.430665 0.325525 0.03125 0.08072999999999997
3 0.43213 0.704425 0.032220000000000026 0.08072999999999997
3 0.431645 0.601565 0.03125 0.08072999999999997
3 0.64795 0.47721499999999994 0.04200000000000004 0.06900999999999996
3 0.20557 0.6582 0.028320000000000012 0.08983999999999992
3 0.16454999999999997 0.91927 0.05176 0.10155999999999998
4 0.516115 0.21354 0.024410000000000043 0.08594000000000002
4 0.515625 0.322265 0.019530000000000047 0.08202999999999999
4 0.51709 0.70638 0.020500000000000074 0.08204
4 0.51709 0.60026 0.020500000000000074 0.08072000000000001
4 0.638185 0.70638 0.014650000000000052 0.07942000000000005
4 0.637205 0.60026 0.014650000000000052 0.07811999999999997
4 0.63623 0.321615 0.014639999999999986 0.07812999999999998
4 0.6386700000000001 0.21419500000000002 0.015620000000000078 0.07943000000000003
4 0.76172 0.21224 0.029299999999999993 0.07812000000000002
4 0.76172 0.319665 0.029299999999999993 0.07943
4 0.75244 0.47656 0.02635999999999994 0.07292000000000004
4 0.760255 0.70638 0.026370000000000005 0.08204
4 0.760255 0.6041650000000001 0.026370000000000005 0.08333000000000002
4 0.8925799999999999 0.7070350000000001 0.041019999999999945 0.06771000000000005
4 0.89209 0.600915 0.040039999999999965 0.06901000000000002
4 0.262205 0.65495 0.00879000000000002 0.04688000000000003
4 0.26416 0.49414 0.00878000000000001 0.04558000000000001
4 0.263185 0.43099 0.008789999999999965 0.04687999999999998
4 0.259765 0.267575 0.009770000000000001 0.04296999999999998
5 0.39697499999999997 0.89974 0.05370999999999998 0.11718000000000006
5 0.518065 0.8958349999999999 0.05370999999999998 0.11719000000000002
7 0.31054499999999996 0.46224 0.04297000000000001 0.11197999999999997
7 0.36084 0.38802000000000003 0.07713999999999999 0.03645999999999999
7 0.35985999999999996 0.26953000000000005 0.0791 0.03645999999999999
7 0.362305 0.5364599999999999 0.07617000000000002 0.03646000000000005
7 0.35985999999999996 0.6556 0.0791 0.037760000000000016
7 0.36084000000000005 0.770835 0.0791 0.03125
7 0.360355 0.153645 0.07617000000000002 0.03125
7 0.445315 0.266925 0.08788999999999997 0.046869999999999995
7 0.44384500000000005 0.652995 0.08690999999999999 0.04557
7 0.513675 0.47785999999999995 0.05468999999999996 0.07551999999999998
7 0.411135 0.478515 0.03125 0.08203000000000005
4 0.522945 0.39583500000000005 0.05370999999999998 0.03384999999999999
4 0.5244150000000001 0.53711 0.05859000000000003 0.016920000000000046
4 0.632325 0.39974 0.024410000000000043 0.03386
4 0.6337900000000001 0.53711 0.029299999999999993 0.016920000000000046
4 0.758785 0.39583500000000005 0.025390000000000024 0.03384999999999999
4 0.7558549999999999 0.538415 0.025389999999999913 0.019530000000000047
7 0.8178700000000001 0.41667 0.03808 0.039059999999999984
7 0.817385 0.5234399999999999 0.037109999999999976 0.039059999999999984
8 0.7783199999999999 0.46288999999999997 0.023440000000000016 0.63932
8 0.30127 0.458985 0.047860000000000014 0.64453
8 0.39746000000000004 0.463545 0.017579999999999985 0.64323
9 0.91455 0.51823 0.09863999999999995 0.02083999999999997
9 0.91455 0.41276 0.09863999999999995 0.020840000000000025
9 0.8515600000000001 0.41276 0.02734000000000003 0.039059999999999984
9 0.850585 0.51823 0.027349999999999985 0.03906000000000004
10 0.89209 0.27018 0.032220000000000026 0.18880000000000002
4 0.8769549999999999 0.214195 0.009769999999999945 0.06901000000000002
4 0.877445 0.320965 0.008789999999999965 0.06901000000000002
10 0.94141 0.21419 0.056640000000000024 0.061200000000000004
10 0.930665 0.15560000000000002 0.03125 0.024740000000000012
10 0.945315 0.26823 0.04296999999999995 0.03906000000000001
10 0.939945 0.31901 0.053710000000000035 0.05990000000000001
10 0.93311 0.37890999999999997 0.0341800000000001 0.026040000000000008
10 0.88965 0.39909 0.029299999999999993 0.024739999999999984
