0 0.5108225 0.5344525 0.978355 0.931095
1 0.18074 0.53975 0.05844000000000002 0.06890000000000007
1 0.31277 0.40547500000000003 0.09739999999999999 0.05477000000000004
1 0.314935 0.539755 0.09741 0.054769999999999985
1 0.31710000000000005 0.66961 0.09739999999999999 0.056539999999999924
1 0.47294499999999995 0.40636 0.09740999999999994 0.05300000000000005
1 0.47727 0.67138 0.09740000000000004 0.052999999999999936
1 0.64394 0.40283 0.09740000000000004 0.05299999999999999
1 0.64286 0.672265 0.09523999999999999 0.054769999999999985
1 0.647185 0.537985 0.09956999999999994 0.054769999999999985
1 0.820345 0.403715 0.09956999999999994 0.054769999999999985
1 0.8225100000000001 0.541515 0.09955999999999998 0.054769999999999985
1 0.8181849999999999 0.670495 0.09957000000000005 0.054769999999999985
1 0.47186000000000006 0.17756 0.09524000000000005 0.04064000000000001
1 0.47186000000000006 0.2235 0.09524000000000005 0.04064000000000001
1 0.64286 0.227915 0.09523999999999999 0.04241
1 0.64069 0.175795 0.09523999999999999 0.04063
1 0.81818 0.175795 0.09523999999999999 0.04063
1 0.81818 0.227915 0.09523999999999999 0.04241
1 0.47619 0.51502 0.09523999999999999 0.040640000000000065
1 0.47619 0.560955 0.09523999999999999 0.040629999999999944
1 0.478355 0.84452 0.09090999999999999 0.04239999999999999
1 0.478355 0.89134 0.09090999999999999 0.04064000000000001
1 0.647185 0.84452 0.09956999999999994 0.04239999999999999
1 0.645025 0.89134 0.09957000000000005 0.04064000000000001
1 0.8160149999999999 0.845405 0.09957000000000005 0.040630000000000055
1 0.8160149999999999 0.89311 0.09957000000000005 0.04064000000000001
3 0.415585 0.40105999999999997 0.025969999999999993 0.08480000000000004
3 0.41775 0.67138 0.025980000000000003 0.08479999999999999
3 0.57684 0.396645 0.036799999999999944 0.08656999999999998
3 0.580085 0.535335 0.03463000000000005 0.08481000000000005
3 0.577925 0.667845 0.03462999999999994 0.08481000000000005
3 0.41667 0.534455 0.019479999999999997 0.12191000000000002
3 0.579005 0.8666050000000001 0.03247 0.12191000000000007
3 0.574675 0.19523000000000001 0.03247 0.12190000000000001
3 0.7445900000000001 0.196115 0.021639999999999993 0.12367
3 0.7478400000000001 0.40018 0.019480000000000053 0.08304
3 0.7478400000000001 0.5371049999999999 0.019480000000000053 0.08481
3 0.7478400000000001 0.66696 0.019480000000000053 0.08304
3 0.74459 0.86661 0.017320000000000002 0.11837999999999993
4 0.213205 0.537105 0.015149999999999997 0.08127000000000001
4 0.362555 0.401945 0.015149999999999997 0.07596999999999998
4 0.36363500000000004 0.5371 0.017309999999999992 0.07420000000000004
4 0.366885 0.66608 0.015149999999999997 0.07420000000000004
4 0.524895 0.400175 0.015149999999999997 0.07596999999999998
4 0.5259750000000001 0.6704950000000001 0.017310000000000048 0.07596999999999998
4 0.6991350000000001 0.5379849999999999 0.017310000000000048 0.07596999999999998
4 0.69697 0.404595 0.017320000000000002 0.07421
4 0.69697 0.668725 0.017320000000000002 0.07596999999999998
4 0.52381 0.19964500000000002 0.017320000000000002 0.11661000000000002
4 0.5259750000000001 0.53975 0.017310000000000048 0.11484
4 0.5292250000000001 0.8674949999999999 0.015150000000000108 0.11660999999999999
4 0.69697 0.8710249999999999 0.017320000000000002 0.11660999999999999
4 0.69697 0.19964500000000002 0.017320000000000002 0.11661000000000002
5 0.35714 0.199649 0.07791999999999999 0.254422
5 0.37229500000000004 0.868375 0.07793 0.25265000000000004
6 0.471865 0.27032 0.09956999999999994 0.04594000000000001
6 0.47078 0.12809500000000001 0.10173999999999994 0.044170000000000015
6 0.640695 0.128975 0.10823000000000005 0.04593
6 0.642855 0.269435 0.10822999999999994 0.04771
6 0.813855 0.12986 0.10823000000000005 0.04770000000000002
6 0.820345 0.269435 0.10823000000000005 0.04771
6 0.18074 0.48939999999999995 0.05844000000000002 0.031799999999999995
6 0.1829 0.58569 0.05843999999999999 0.02650000000000008
6 0.311685 0.358655 0.09956999999999999 0.028270000000000017
6 0.311685 0.443465 0.09956999999999999 0.028270000000000017
6 0.313855 0.49470000000000003 0.09956999999999999 0.028260000000000007
6 0.31385 0.57862 0.09523999999999999 0.026499999999999968
6 0.313855 0.625445 0.09956999999999999 0.028270000000000017
6 0.31818 0.70936 0.09523999999999999 0.026499999999999968
6 0.472945 0.35953999999999997 0.10172999999999999 0.03004000000000001
6 0.471865 0.446115 0.09956999999999994 0.03003
6 0.47402500000000003 0.477915 0.09956999999999999 0.026509999999999978
6 0.477275 0.571555 0.08874999999999994 0.01590999999999998
6 0.477275 0.5521199999999999 0.08874999999999994 0.015899999999999914
6 0.47511000000000003 0.626325 0.09739999999999999 0.03003
6 0.47943500000000006 0.710245 0.09307000000000004 0.028270000000000017
6 0.47402500000000003 0.798585 0.09956999999999999 0.045930000000000026
6 0.47835500000000003 0.931095 0.09523000000000004 0.04241000000000006
6 0.64286 0.93463 0.10389999999999999 0.04239999999999999
6 0.6461049999999999 0.80035 0.10172999999999999 0.04239999999999999
6 0.647185 0.7120150000000001 0.10389000000000004 0.02473000000000003
6 0.647185 0.62809 0.10389000000000004 0.026499999999999968
6 0.6450199999999999 0.496465 0.10389999999999999 0.02473000000000003
6 0.6461049999999999 0.44435 0.10172999999999999 0.026500000000000024
6 0.64286 0.35953999999999997 0.10389999999999999 0.026500000000000024
6 0.820345 0.358655 0.10389000000000004 0.02473000000000003
6 0.8225100000000001 0.443465 0.10389999999999999 0.02473000000000003
6 0.8225100000000001 0.49735 0.10389999999999999 0.02650000000000008
6 0.820345 0.58304 0.10389000000000004 0.024739999999999984
6 0.820345 0.62721 0.10389000000000004 0.024739999999999984
6 0.8181799999999999 0.71113 0.10389999999999999 0.02650000000000008
6 0.8170999999999999 0.801235 0.10174000000000005 0.04417000000000004
6 0.813855 0.93198 0.09956999999999994 0.04064000000000001
8 0.56818 0.534451 0.028140000000000054 0.9169579999999999
8 0.869045 0.534451 0.03247 0.9169579999999999
9 0.9751099999999999 0.139575 0.045459999999999945 0.01766999999999999
9 0.9772749999999999 0.27032 0.04113 0.014140000000000041
9 0.9426399999999999 0.137805 0.019480000000000053 0.02826999999999999
9 0.94697 0.269435 0.019479999999999942 0.02296999999999999
9 0.94372 0.803005 0.017320000000000002 0.022970000000000046
9 0.938315 0.928445 0.015149999999999997 0.01590999999999998
3 0.92208 0.199645 0.038959999999999995 0.19080999999999998
3 0.924245 0.39753 0.04329000000000005 0.13073999999999997
3 0.8993549999999999 0.536215 0.023809999999999998 0.13250999999999996
3 0.91883 0.67491 0.036800000000000055 0.13427999999999995
3 0.9166650000000001 0.86661 0.04113 0.16784
10 0.968615 0.20671 0.05845 0.10954
10 0.968615 0.40547500000000003 0.0541100000000001 0.06890999999999997
10 0.96645 0.53887 0.06277999999999995 0.06713999999999998
10 0.96753 0.67403 0.05628000000000011 0.06889999999999996
10 0.96537 0.868375 0.06494 0.10776999999999992
