0 0.49914615 0.47272600000000004 0.9948677 0.909088
1 0.073629 0.79182 0.061642 0.03817999999999999
1 0.066781 0.47545499999999996 0.061644 0.03819
1 0.0702055 0.652725 0.058219 0.025449999999999973
1 0.067637 0.61818 0.05993199999999999 0.025459999999999927
1 0.0667805 0.32909 0.058219 0.025460000000000038
1 0.0667805 0.292725 0.058219 0.025449999999999973
1 0.23288 0.47363500000000003 0.07534000000000002 0.05273
1 0.237155 0.805455 0.07704999999999998 0.05454999999999999
1 0.38271 0.805455 0.08048 0.05454999999999999
1 0.380995 0.47817999999999994 0.08390999999999998 0.05453999999999998
1 0.23031000000000001 0.14273 0.07706000000000002 0.05636000000000001
1 0.37756999999999996 0.14090999999999998 0.08390000000000003 0.05635999999999999
1 0.52911 0.14273 0.08903999999999995 0.05636000000000001
1 0.52911 0.47726999999999997 0.08561999999999997 0.06
1 0.6875 0.47545499999999996 0.09417999999999993 0.056369999999999976
1 0.6875 0.13999999999999999 0.09417999999999993 0.058179999999999996
1 0.53253 0.803635 0.08903999999999995 0.05091000000000001
1 0.6857850000000001 0.80182 0.08733000000000002 0.05818000000000001
1 0.2363 0.28727 0.08904000000000001 0.03999999999999998
1 0.232875 0.333635 0.08218999999999999 0.034550000000000025
1 0.380995 0.334545 0.08390999999999998 0.03637000000000001
1 0.391265 0.284545 0.10103000000000001 0.03454999999999997
1 0.541095 0.28908999999999996 0.11301 0.03636
1 0.39298 0.663635 0.10102 0.03637000000000001
1 0.23716 0.66091 0.08390000000000003 0.0381800000000001
1 0.543665 0.663635 0.11472999999999994 0.03637000000000001
1 0.529965 0.33272999999999997 0.09074999999999994 0.03636
1 0.531675 0.6190899999999999 0.09074999999999994 0.03817999999999999
1 0.233735 0.61636 0.07705000000000001 0.040000000000000036
1 0.380995 0.61636 0.08390999999999998 0.040000000000000036
1 0.688355 0.333635 0.09588999999999992 0.034550000000000025
1 0.688355 0.285455 0.09588999999999992 0.03637000000000001
1 0.684935 0.616365 0.09589000000000003 0.0363699999999999
1 0.686645 0.6599999999999999 0.09588999999999992 0.03636000000000006
2 0.889555 0.47636500000000004 0.13185000000000002 0.06545000000000006
3 0.45377 0.144543 0.058219999999999994 0.12181399999999999
3 0.456335 0.48 0.06335000000000002 0.11271999999999993
3 0.4589 0.81 0.058219999999999994 0.11453999999999998
3 0.306505 0.1445435 0.05478999999999995 0.103633
3 0.309075 0.48091000000000006 0.05308999999999997 0.10364000000000001
3 0.31678 0.80818 0.05479999999999996 0.10363999999999995
4 0.27825500000000003 0.1409085 0.029110000000000025 0.096363
4 0.279965 0.47909 0.03253 0.10364000000000001
4 0.28425 0.81091 0.03081999999999996 0.10182000000000002
4 0.43664000000000003 0.8045450000000001 0.030820000000000014 0.09636999999999996
4 0.43322 0.47909 0.03081999999999996 0.09636
4 0.42979500000000004 0.1409085 0.03082999999999997 0.096363
4 0.75 0.802725 0.041099999999999914 0.08545000000000003
4 0.755995 0.48 0.042810000000000015 0.08727999999999997
4 0.749145 0.6418200000000001 0.042809999999999904 0.11635999999999991
4 0.755995 0.143635 0.042810000000000015 0.08726999999999999
4 0.7542800000000001 0.31545500000000004 0.04280000000000006 0.11091000000000001
5 0.59161 0.1418175 0.04623999999999995 0.094545
5 0.59161 0.48091 0.04623999999999995 0.09272000000000002
5 0.595035 0.811815 0.039390000000000036 0.09273000000000009
5 0.601885 0.31818 0.11473 0.22546000000000002
5 0.59846 0.6563650000000001 0.11471999999999993 0.22545000000000004
5 0.434075 0.657275 0.08390999999999998 0.19455
5 0.43065 0.32273 0.08048 0.17636
5 0.269695 0.318185 0.10102999999999998 0.17091
5 0.271405 0.661815 0.10102999999999998 0.17091
6 0.22774 0.47363500000000003 0.06164 0.045450000000000046
6 0.06678100000000001 0.32818 0.054793999999999995 0.019999999999999962
6 0.06678100000000001 0.29273000000000005 0.054793999999999995 0.021820000000000006
6 0.06678100000000001 0.472725 0.054793999999999995 0.03273000000000004
6 0.06678100000000001 0.61909 0.054793999999999995 0.020000000000000018
6 0.068493 0.65273 0.054794 0.02182000000000006
6 0.686645 0.7981849999999999 0.08561000000000007 0.047270000000000034
6 0.660955 0.14091 0.03766999999999998 0.05272
6 0.68664 0.65909 0.08904000000000001 0.027280000000000082
6 0.68493 0.616365 0.08904000000000001 0.03273000000000004
8 0.142125 0.4709115 0.04794999999999999 0.887277
8 0.27483 0.4745445 0.03254000000000001 0.887271
8 0.596745 0.4754565 0.05993000000000004 0.896367
8 0.7585649999999999 0.472728 0.05137000000000003 0.898184
9 0.45548 0.0336365 0.23972 0.023637000000000002
9 0.45976 0.912725 0.23802 0.025449999999999973
9 0.32533999999999996 0.90909 0.030820000000000014 0.03636000000000006
9 0.32106 0.0372725 0.03254000000000001 0.034545000000000006
10 0.888695 0.33999999999999997 0.12671 0.10181999999999997
10 0.8869849999999999 0.16909 0.12671 0.10182000000000001
10 0.885275 0.6209100000000001 0.12329000000000001 0.09999999999999998
10 0.88185 0.78636 0.12328000000000006 0.09999999999999998
10 0.8013699999999999 0.70909 0.02739999999999998 0.25454
2 0.8869849999999999 0.7054549999999999 0.13012999999999997 0.058190000000000075
2 0.8904099999999999 0.25272500000000003 0.13014000000000003 0.054550000000000015
10 0.8065100000000001 0.254545 0.02739999999999998 0.22908999999999996
