0 0.62138 0.870115 0.49444000000000005 0.22460999999999998
0 0.64254 0.65332 0.46994 0.20311999999999997
0 0.64588 0.43701 0.4677 0.22557999999999995
0 0.657015 0.260745 0.43207 0.12304999999999999
0 0.73051 0.111817 0.29844000000000004 0.17480600000000002
1 0.671495 0.056640499999999996 0.06459000000000004 0.015624999999999993
1 0.671495 0.104005 0.06459000000000004 0.014649999999999996
1 0.67372 0.155275 0.06458000000000008 0.015630000000000005
1 0.67372 0.189945 0.06458000000000008 0.014649999999999996
1 0.527835 0.229 0.07127 0.016600000000000004
1 0.527835 0.26025 0.07127 0.016600000000000004
1 0.527835 0.29296999999999995 0.07127 0.017579999999999985
1 0.67038 0.22998 0.07572000000000001 0.016600000000000004
1 0.6714899999999999 0.26171999999999995 0.07350000000000001 0.017579999999999985
1 0.672605 0.29442999999999997 0.07573000000000008 0.016600000000000004
1 0.49331500000000006 0.35205 0.07795000000000002 0.018559999999999965
1 0.49443000000000004 0.39209 0.07572000000000007 0.01856000000000002
1 0.495545 0.43408 0.07795000000000002 0.018559999999999965
1 0.495545 0.47509999999999997 0.07795000000000002 0.018559999999999965
1 0.49331500000000006 0.518065 0.07795000000000002 0.018550000000000066
1 0.6403099999999999 0.516605 0.08686000000000005 0.019530000000000047
1 0.6403099999999999 0.476565 0.08686000000000005 0.019529999999999992
1 0.641425 0.434085 0.08462999999999998 0.020510000000000028
1 0.6403099999999999 0.392575 0.08686000000000005 0.019529999999999992
1 0.639195 0.351565 0.08462999999999998 0.019529999999999992
1 0.49666 0.587405 0.05790000000000001 0.01464999999999994
1 0.49666 0.606445 0.05790000000000001 0.013670000000000071
1 0.49666 0.643065 0.05790000000000001 0.014650000000000052
1 0.49666 0.662595 0.05790000000000001 0.01464999999999994
1 0.49666 0.699705 0.05790000000000001 0.014650000000000052
1 0.49666 0.7182649999999999 0.05790000000000001 0.01464999999999994
1 0.623605 0.586915 0.05791000000000002 0.015630000000000033
1 0.62249 0.60547 0.05567999999999995 0.015620000000000078
1 0.623605 0.6425799999999999 0.05791000000000002 0.015620000000000078
1 0.6247199999999999 0.66162 0.05568000000000006 0.016599999999999948
1 0.6258349999999999 0.6987300000000001 0.05791000000000002 0.01660000000000006
1 0.6247199999999999 0.717775 0.05568000000000006 0.01562999999999992
1 0.44655 0.7841800000000001 0.06903999999999999 0.019540000000000002
1 0.44655 0.839845 0.06903999999999999 0.019529999999999936
1 0.44877500000000003 0.884275 0.06905 0.020510000000000028
1 0.5902000000000001 0.782225 0.06681999999999999 0.019529999999999936
1 0.5902000000000001 0.83789 0.06681999999999999 0.019540000000000002
1 0.591315 0.882815 0.06904999999999994 0.019530000000000047
1 0.44766 0.9306650000000001 0.06681999999999999 0.019529999999999936
1 0.591315 0.927735 0.06904999999999994 0.019530000000000047
2 0.780625 0.8373999999999999 0.10912999999999995 0.022460000000000035
2 0.815145 0.47363 0.12473000000000001 0.023440000000000016
3 0.6046750000000001 0.26025 0.03341000000000005 0.028319999999999984
3 0.60579 0.228515 0.026719999999999966 0.029289999999999983
3 0.606905 0.29297 0.02895000000000003 0.029299999999999993
3 0.575725 0.35107 0.05123 0.040039999999999965
3 0.575725 0.39258000000000004 0.05123 0.04102
3 0.575725 0.433595 0.05123 0.04100999999999999
3 0.57795 0.47461 0.05121999999999993 0.04102
3 0.57795 0.5175799999999999 0.05121999999999993 0.041019999999999945
4 0.56793 0.228515 0.013359999999999927 0.027349999999999985
4 0.56793 0.26073999999999997 0.013359999999999927 0.027339999999999975
4 0.56793 0.293945 0.013359999999999927 0.027349999999999985
4 0.7104699999999999 0.22998 0.013359999999999927 0.026359999999999995
4 0.7126950000000001 0.26172 0.013369999999999993 0.02734000000000003
4 0.7126950000000001 0.293945 0.013369999999999993 0.027349999999999985
4 0.538975 0.35156 0.017809999999999993 0.03320000000000001
4 0.538975 0.39209 0.017809999999999993 0.03417999999999999
4 0.538975 0.43408 0.017809999999999993 0.03417999999999999
4 0.5412 0.47558500000000004 0.017819999999999947 0.03321000000000002
4 0.5412 0.51709 0.017819999999999947 0.03417999999999999
4 0.484405 0.782225 0.015590000000000048 0.03125
4 0.484405 0.839845 0.015590000000000048 0.03125
4 0.486635 0.882815 0.015589999999999993 0.03125
4 0.484405 0.930665 0.015590000000000048 0.03125
4 0.626945 0.78125 0.015589999999999993 0.031260000000000066
4 0.629175 0.836915 0.015589999999999993 0.03125
4 0.626945 0.882815 0.015589999999999993 0.03125
4 0.631405 0.928715 0.015589999999999993 0.03125
7 0.560135 0.654785 0.05123 0.1416099999999999
7 0.538975 0.56494 0.14698999999999995 0.022459999999999924
7 0.538975 0.7412099999999999 0.14698999999999995 0.023440000000000016
7 0.479955 0.6245149999999999 0.033409999999999995 0.01464999999999994
7 0.479955 0.681155 0.037870000000000015 0.01464999999999994
7 0.43764000000000003 0.38037 0.024500000000000022 0.006840000000000013
7 0.436525 0.362795 0.022270000000000012 0.006830000000000003
7 0.436525 0.33838 0.022270000000000012 0.006840000000000013
7 0.43764000000000003 0.327635 0.024500000000000022 0.006830000000000003
7 0.43764000000000003 0.40381 0.024500000000000022 0.006839999999999957
7 0.43987 0.42041 0.024500000000000022 0.006839999999999957
7 0.43764000000000003 0.4458 0.024500000000000022 0.006840000000000013
7 0.43764000000000003 0.46338 0.024500000000000022 0.006840000000000013
7 0.438755 0.487305 0.022270000000000012 0.005850000000000022
7 0.438755 0.50488 0.022270000000000012 0.005859999999999976
7 0.436525 0.53076 0.022270000000000012 0.006839999999999957
7 0.436525 0.54053 0.022270000000000012 0.006840000000000068
7 0.44098000000000004 0.351075 0.013359999999999983 0.01855000000000001
7 0.44098000000000004 0.37207 0.013359999999999983 0.009759999999999991
7 0.44098000000000004 0.3916 0.013359999999999983 0.01758000000000004
7 0.44098000000000004 0.43359000000000003 0.013359999999999983 0.017579999999999985
7 0.44321 0.47461 0.013360000000000039 0.017579999999999985
7 0.44098000000000004 0.518555 0.013359999999999983 0.017570000000000086
7 0.44321 0.41259500000000005 0.013360000000000039 0.00879000000000002
7 0.44321 0.45459 0.013360000000000039 0.00878000000000001
7 0.44321 0.496585 0.013360000000000039 0.008789999999999965
8 0.596885 0.1123035 0.022270000000000012 0.171873
8 0.743875 0.1113285 0.022270000000000012 0.169923
8 0.73385 0.261715 0.024499999999999966 0.11718999999999999
8 0.45657000000000003 0.262205 0.02672000000000002 0.11817000000000003
8 0.43764000000000003 0.43847499999999995 0.04231999999999997 0.21874999999999994
8 0.5356350000000001 0.43652499999999994 0.011129999999999973 0.22264999999999996
8 0.7026749999999999 0.43652500000000005 0.02894999999999992 0.22071000000000002
8 0.42984500000000003 0.65332 0.040090000000000015 0.19921999999999995
8 0.389755 0.87158 0.022270000000000012 0.22168
8 0.669265 0.88867 0.05123 0.18164000000000002
9 0.49666 0.3291 0.05790000000000001 0.005859999999999976
9 0.495545 0.33984000000000003 0.06013000000000002 0.005860000000000032
9 0.495545 0.36328 0.06013000000000002 0.005859999999999976
9 0.49666 0.38086 0.05790000000000001 0.005860000000000032
9 0.49666 0.40527 0.05790000000000001 0.005860000000000032
9 0.49666 0.42285 0.05790000000000001 0.005859999999999976
9 0.49666 0.44628999999999996 0.05790000000000001 0.005860000000000032
9 0.49666 0.46387 0.05790000000000001 0.005859999999999976
9 0.495545 0.48828 0.06013000000000002 0.005859999999999976
9 0.49666 0.50586 0.05790000000000001 0.005859999999999976
9 0.49777499999999997 0.529785 0.06012999999999996 0.00488999999999995
9 0.495545 0.54053 0.06013000000000002 0.0048799999999999955
9 0.63474 0.33838 0.06235999999999997 0.0048799999999999955
9 0.63697 0.36523 0.06235999999999997 0.005859999999999976
9 0.63697 0.37890999999999997 0.06235999999999997 0.005860000000000032
9 0.63697 0.40527 0.06235999999999997 0.005860000000000032
9 0.63697 0.41992 0.06235999999999997 0.005859999999999976
9 0.63697 0.44727 0.06235999999999997 0.005859999999999976
9 0.638085 0.46191 0.06458999999999993 0.005859999999999976
9 0.63697 0.48877 0.06235999999999997 0.0048799999999999955
9 0.638085 0.50293 0.06458999999999993 0.005859999999999976
9 0.638085 0.53027 0.06458999999999993 0.005859999999999976
9 0.52895 0.328615 0.006680000000000019 0.006830000000000003
9 0.52895 0.339355 0.006680000000000019 0.006830000000000003
9 0.52895 0.36377000000000004 0.006680000000000019 0.006840000000000013
9 0.530065 0.38037 0.008909999999999973 0.006840000000000013
9 0.530065 0.404785 0.008909999999999973 0.006830000000000003
9 0.530065 0.422365 0.008909999999999973 0.006830000000000003
9 0.530065 0.4458 0.008909999999999973 0.006840000000000013
9 0.530065 0.46386499999999997 0.008909999999999973 0.007810000000000039
9 0.530065 0.487795 0.008909999999999973 0.006830000000000003
9 0.52895 0.50586 0.006680000000000019 0.007819999999999938
9 0.53118 0.529785 0.006680000000000019 0.006830000000000003
9 0.52895 0.5400400000000001 0.006680000000000019 0.00782000000000005
9 0.6826300000000001 0.53076 0.024500000000000077 0.006839999999999957
9 0.6826300000000001 0.50342 0.024500000000000077 0.006839999999999957
9 0.6826300000000001 0.48877000000000004 0.024500000000000077 0.006840000000000013
9 0.6826300000000001 0.46191 0.024500000000000077 0.005859999999999976
9 0.6815150000000001 0.44727 0.02673000000000003 0.005859999999999976
9 0.6804 0.41992 0.024499999999999966 0.005859999999999976
9 0.6804 0.40576 0.024499999999999966 0.006840000000000013
9 0.6804 0.379395 0.024499999999999966 0.006830000000000003
9 0.6804 0.364745 0.024499999999999966 0.006830000000000003
9 0.6792849999999999 0.33838 0.02673000000000003 0.006840000000000013
9 0.599105 0.33838 0.008909999999999973 0.006840000000000013
9 0.601335 0.364745 0.008910000000000085 0.006830000000000003
9 0.601335 0.37842 0.008910000000000085 0.006840000000000013
9 0.601335 0.40576 0.008910000000000085 0.006840000000000013
9 0.601335 0.42041 0.008910000000000085 0.006839999999999957
9 0.601335 0.447755 0.008910000000000085 0.006830000000000003
9 0.601335 0.461425 0.008910000000000085 0.006830000000000003
9 0.601335 0.48877000000000004 0.008910000000000085 0.006840000000000013
9 0.601335 0.50293 0.008910000000000085 0.005859999999999976
9 0.603565 0.53076 0.008909999999999973 0.006839999999999957
9 0.45991000000000004 0.328615 0.011139999999999983 0.006830000000000003
9 0.45991000000000004 0.339355 0.011139999999999983 0.006830000000000003
9 0.45991000000000004 0.36377000000000004 0.011139999999999983 0.006840000000000013
9 0.461025 0.38037 0.013369999999999993 0.006840000000000013
9 0.461025 0.404785 0.013369999999999993 0.006830000000000003
9 0.45991000000000004 0.421875 0.011139999999999983 0.007809999999999984
9 0.461025 0.44628999999999996 0.013369999999999993 0.007819999999999994
9 0.461025 0.46386499999999997 0.013369999999999993 0.007810000000000039
9 0.45991000000000004 0.487795 0.011139999999999983 0.006830000000000003
9 0.461025 0.50586 0.013369999999999993 0.007819999999999938
9 0.46214 0.5292950000000001 0.011140000000000039 0.007809999999999984
9 0.461025 0.54053 0.013369999999999993 0.006840000000000068
10 0.709355 0.652345 0.03786999999999996 0.20116999999999996
10 0.78285 0.65283 0.10022000000000009 0.20019999999999993
10 0.787305 0.78662 0.12248999999999999 0.040040000000000076
10 0.76615 0.90674 0.1737200000000001 0.06738
10 0.73385 0.519045 0.04231999999999991 0.036129999999999995
10 0.796215 0.51709 0.09576999999999991 0.02636000000000005
10 0.8051200000000001 0.43408 0.07350000000000001 0.018559999999999965
10 0.7951 0.39209 0.08908000000000005 0.024419999999999997
10 0.7951 0.353515 0.08908000000000005 0.023430000000000006
10 0.76949 0.27637 0.020040000000000058 0.04491999999999996
10 0.8140350000000001 0.285645 0.06459000000000004 0.05957000000000001
10 0.811805 0.233885 0.09576999999999991 0.036129999999999995
10 0.7817350000000001 0.171385 0.02673000000000003 0.05371000000000001
10 0.8296250000000001 0.157715 0.06459000000000004 0.024409999999999987
10 0.827395 0.18994 0.06013000000000002 0.016600000000000004
7 0.51559 0.6245149999999999 0.03340000000000004 0.01464999999999994
7 0.6046750000000001 0.623535 0.03341000000000005 0.01464999999999994
7 0.641425 0.623535 0.03563000000000005 0.01464999999999994
7 0.643655 0.6792 0.03563000000000005 0.014639999999999986
7 0.606905 0.6792 0.03341000000000005 0.014639999999999986
7 0.517815 0.681155 0.03340999999999994 0.01464999999999994
8 0.67706 0.6508750000000001 0.022280000000000078 0.19628999999999996
