0 0.45643894999999995 0.531824 0.9053021 0.930692
1 0.138259 0.321075 0.162882 0.09619
1 0.35038 0.321075 0.16287999999999997 0.09619
1 0.563445 0.31966 0.16098999999999997 0.09618000000000004
1 0.20644 0.885435 0.14772 0.07921
1 0.19981 0.695895 0.14583999999999997 0.07921
1 0.19697 0.49787499999999996 0.14772000000000002 0.07920999999999995
1 0.38636499999999996 0.49929500000000004 0.14772999999999997 0.07921000000000006
1 0.3911 0.695895 0.14583999999999997 0.07921
1 0.395835 0.884015 0.14773000000000003 0.07921
1 0.58144 0.884015 0.14771999999999996 0.07921
1 0.5823849999999999 0.695895 0.14583000000000002 0.07921
1 0.58239 0.49859000000000003 0.14961999999999998 0.08628000000000002
1 0.104169 0.247525 0.09470199999999998 0.03110999999999997
1 0.3125 0.24894 0.0947 0.03112000000000001
1 0.5265150000000001 0.24894 0.09469000000000005 0.03112000000000001
1 0.545455 0.173975 0.08333000000000002 0.07072999999999999
1 0.348485 0.17468 0.07574999999999998 0.06647999999999998
1 0.14488499999999999 0.17609999999999998 0.051129999999999995 0.06648000000000001
1 0.36268999999999996 0.79491 0.08144000000000001 0.08204
1 0.17235 0.797735 0.08334 0.08487
1 0.55114 0.79915 0.08711999999999998 0.08204
1 0.55019 0.60467 0.08521999999999996 0.08628000000000002
1 0.35606 0.605375 0.08711999999999998 0.08769000000000005
1 0.166665 0.603255 0.07955000000000001 0.08345000000000002
1 0.161935 0.41867 0.07765 0.06506
1 0.357005 0.41725500000000004 0.07765 0.06507000000000002
1 0.548295 0.41584 0.07765 0.06506
1 0.73769 0.176805 0.08144000000000007 0.06789
1 0.741475 0.285715 0.07765 0.11314999999999997
1 0.742425 0.40665 0.07955000000000001 0.08628000000000002
1 0.742425 0.500705 0.07955000000000001 0.08768999999999999
1 0.74053 0.60396 0.07953999999999994 0.0877
1 0.73958 0.694485 0.08143999999999996 0.08769000000000005
1 0.738635 0.794205 0.07955000000000001 0.08344999999999991
1 0.73769 0.881185 0.07765999999999995 0.07921
5 0.41856 0.1499285 0.125 0.16124300000000003
5 0.625 0.1499285 0.125 0.16124300000000003
5 0.20455 0.1506355 0.125 0.159829
5 0.26893999999999996 0.96747 0.10227999999999998 0.056579999999999964
5 0.45644 0.966055 0.10228000000000004 0.05657000000000001
5 0.642045 0.96747 0.10226999999999997 0.056579999999999964
6 0.52557 0.249645 0.0928 0.029710000000000014
6 0.5625 0.31966 0.1553 0.09052000000000004
6 0.38636000000000004 0.49929 0.14394 0.07637999999999995
6 0.354165 0.417255 0.07955000000000001 0.06223000000000001
6 0.54924 0.417255 0.07575999999999994 0.06223000000000001
6 0.16477 0.603255 0.07576 0.07779000000000003
6 0.35701 0.606085 0.08143999999999996 0.08345000000000002
6 0.196025 0.49717 0.14205 0.07495999999999997
6 0.19981 0.69519 0.14204000000000003 0.07496000000000003
6 0.17235 0.7963199999999999 0.07954 0.08204
6 0.14678000000000002 0.885435 0.020839999999999997 0.07355
6 0.5833349999999999 0.49929500000000004 0.14773000000000003 0.08487000000000006
6 0.55019 0.60467 0.07765999999999995 0.08062000000000002
6 0.58144 0.69519 0.14015999999999995 0.07496000000000003
6 0.551135 0.79915 0.07955000000000001 0.07638
6 0.58144 0.884015 0.14015999999999995 0.07355
6 0.73769 0.8811899999999999 0.07385999999999993 0.07638
6 0.73864 0.7942 0.07575999999999994 0.08062000000000002
6 0.74053 0.6937800000000001 0.07576000000000005 0.08062000000000002
6 0.741475 0.60396 0.07765 0.08204
6 0.74432 0.49858500000000006 0.07576000000000005 0.08063000000000003
6 0.743375 0.405235 0.07765 0.08345000000000002
6 0.74148 0.28642 0.07386000000000004 0.11173999999999998
6 0.73769 0.176805 0.07765999999999995 0.06506999999999999
