0 0.567225 0.37988500000000003 0.86555 0.33203000000000005
0 0.5436985 0.71338 0.902523 0.33299999999999996
1 0.279835 0.26416 0.07899 0.03028
1 0.5907549999999999 0.404785 0.08235000000000003 0.02246999999999999
1 0.341175 0.057617 0.07730999999999999 0.044922
1 0.342015 0.15380500000000003 0.07562999999999998 0.04199
1 0.312605 0.9311499999999999 0.08739000000000002 0.040039999999999965
1 0.47227 0.9311499999999999 0.08740000000000003 0.040039999999999965
1 0.491595 0.057617 0.07898999999999995 0.044922
1 0.49075500000000005 0.15332 0.07731000000000005 0.04491999999999999
1 0.6352949999999999 0.15380500000000003 0.0773100000000001 0.04199
1 0.637815 0.056641000000000004 0.07899 0.044922000000000004
1 0.434455 0.26367 0.07899 0.02930000000000002
1 0.5907549999999999 0.262205 0.08235000000000003 0.030269999999999964
1 0.277315 0.35009500000000005 0.07730999999999996 0.024409999999999987
1 0.27731 0.404785 0.08068 0.02246999999999999
1 0.433615 0.40527 0.08066999999999996 0.023440000000000016
1 0.432775 0.34961 0.08234999999999998 0.02343999999999996
1 0.589915 0.35009999999999997 0.08067000000000002 0.02245999999999998
1 0.434455 0.49365499999999995 0.07899 0.030269999999999964
1 0.279835 0.49365499999999995 0.07899 0.030269999999999964
1 0.589075 0.49365499999999995 0.08234999999999992 0.030269999999999964
1 0.75042 0.40381 0.08235999999999999 0.022460000000000035
1 0.75042 0.34912 0.08235999999999999 0.02245999999999998
1 0.75042 0.49414 0.08235999999999999 0.029299999999999937
1 0.909245 0.49413999999999997 0.08403000000000005 0.03515999999999997
1 0.906725 0.40869 0.07899 0.03417999999999999
1 0.394955 0.597165 0.08067000000000002 0.030269999999999908
1 0.554625 0.59717 0.08067000000000002 0.028320000000000012
1 0.237815 0.5966800000000001 0.07899 0.029299999999999993
1 0.715125 0.59814 0.08234999999999992 0.0283199999999999
1 0.394955 0.689455 0.07730999999999999 0.025390000000000024
1 0.394955 0.739255 0.07730999999999999 0.025390000000000024
1 0.23529500000000003 0.688965 0.07731000000000002 0.026370000000000005
1 0.23529500000000003 0.739255 0.07731000000000002 0.025390000000000024
1 0.553785 0.688475 0.08235000000000003 0.025389999999999913
1 0.5546249999999999 0.739255 0.08402999999999994 0.025390000000000024
1 0.395795 0.828615 0.07899 0.03027000000000002
1 0.553785 0.82959 0.08235000000000003 0.028320000000000012
1 0.23613499999999998 0.828615 0.07898999999999998 0.03027000000000002
1 0.715125 0.82959 0.08234999999999992 0.028320000000000012
1 0.715965 0.688475 0.08402999999999994 0.025389999999999913
1 0.715125 0.740235 0.08234999999999992 0.025390000000000024
1 0.6352949999999999 0.93213 0.08738999999999997 0.040040000000000076
1 0.7991600000000001 0.93213 0.09243999999999997 0.040040000000000076
2 0.90084 0.686525 0.13782000000000005 0.03125
3 0.19411499999999998 0.375975 0.035290000000000016 0.14649
3 0.179835 0.5957049999999999 0.01680999999999999 0.052730000000000055
3 0.17899500000000002 0.6879850000000001 0.01848999999999998 0.04785000000000006
3 0.17899500000000002 0.7387699999999999 0.01848999999999998 0.049799999999999955
3 0.17899500000000002 0.8276349999999999 0.01848999999999998 0.05567
4 0.533615 0.057129 0.011769999999999947 0.051758
4 0.533615 0.15283 0.011769999999999947 0.04980000000000001
4 0.32184999999999997 0.262205 0.011760000000000048 0.04394999999999999
4 0.32184999999999997 0.34961 0.011760000000000048 0.04102
4 0.32101 0.40381 0.010080000000000033 0.040039999999999965
4 0.32016999999999995 0.49560499999999996 0.008400000000000019 0.04198999999999997
4 0.47815 0.262695 0.011759999999999993 0.04296999999999998
4 0.47731 0.34912 0.010079999999999978 0.03808
4 0.47563 0.40332 0.010079999999999978 0.039059999999999984
4 0.47731 0.49365 0.010079999999999978 0.04393999999999998
4 0.80168 0.493165 0.020160000000000067 0.04883000000000004
4 0.803365 0.40234000000000003 0.02353000000000005 0.044920000000000015
4 0.8025249999999999 0.348145 0.021850000000000036 0.045889999999999986
4 0.3 0.59668 0.048740000000000006 0.041020000000000056
4 0.46974499999999997 0.597165 0.07227 0.03809000000000007
4 0.77479 0.597165 0.04034000000000004 0.04199000000000008
4 0.471425 0.688965 0.07227 0.03809000000000007
4 0.471425 0.739255 0.07227 0.037109999999999976
4 0.47226500000000005 0.827145 0.07395000000000002 0.037109999999999976
4 0.7739499999999999 0.8291 0.0353 0.041019999999999945
4 0.77563 0.688965 0.0353 0.036129999999999995
4 0.77563 0.739745 0.03866000000000003 0.036129999999999995
4 0.3 0.687985 0.048740000000000006 0.036129999999999995
4 0.29916 0.73926 0.04705999999999999 0.03515999999999997
4 0.29832000000000003 0.828125 0.04873999999999995 0.04100999999999999
3 0.234455 0.930175 0.028569999999999984 0.061529999999999974
7 0.55714 0.930175 0.05881999999999998 0.04198999999999997
8 0.6596599999999999 0.378905 0.055459999999999954 0.3281299999999999
8 0.8361350000000001 0.38086 0.015129999999999977 0.32811999999999997
8 0.82269 0.7133799999999999 0.011759999999999993 0.33106
8 0.142015 0.71338 0.031930000000000014 0.32909999999999995
8 0.62017 0.714845 0.05377999999999994 0.3281299999999999
9 0.408405 0.63623 0.38319 0.014639999999999986
9 0.40756499999999996 0.5581050000000001 0.38487 0.018549999999999955
9 0.40924499999999997 0.788085 0.38487 0.015630000000000033
9 0.408405 0.8667 0.38655 0.014639999999999986
8 0.21933 0.711915 0.011759999999999993 0.32813000000000003
9 0.5563 0.891115 0.24538 0.018550000000000066
9 0.5563 0.9707 0.24538 0.01757999999999993
9 0.41596500000000003 0.890135 0.03192999999999996 0.020510000000000028
9 0.41512499999999997 0.970215 0.03360999999999997 0.020509999999999917
9 0.6210100000000001 0.78809 0.04202000000000006 0.01758000000000004
9 0.61765 0.63672 0.04202000000000006 0.01758000000000004
9 0.6210100000000001 0.557615 0.04202000000000006 0.019530000000000047
9 0.6210100000000001 0.867675 0.04202000000000006 0.018549999999999955
4 0.694955 0.92969 0.015130000000000088 0.05078000000000005
1 0.912605 0.5898399999999999 0.08067000000000002 0.04491999999999996
2 0.92269 0.62451 0.09748000000000001 0.022459999999999924
10 0.856305 0.60205 0.031930000000000014 0.06933999999999996
10 0.8756299999999999 0.740235 0.08740000000000003 0.025390000000000024
10 0.805045 0.82715 0.02689000000000008 0.10155999999999998
10 0.890755 0.771 0.04032999999999998 0.016599999999999948
10 0.890755 0.79297 0.04032999999999998 0.015620000000000078
10 0.889915 0.86328 0.03865000000000007 0.015620000000000078
10 0.90168 0.828615 0.13950000000000007 0.036129999999999995
4 0.613445 0.5976600000000001 0.03025 0.04491999999999996
4 0.614285 0.68994 0.028569999999999984 0.04394000000000009
4 0.613445 0.73926 0.02688999999999997 0.041019999999999945
4 0.6151249999999999 0.8276399999999999 0.02688999999999997 0.04589999999999994
4 0.643695 0.49365 0.01680999999999999 0.040039999999999965
4 0.642855 0.402835 0.015129999999999977 0.036129999999999995
4 0.642015 0.34912 0.01680999999999999 0.036140000000000005
4 0.6445350000000001 0.26172 0.015129999999999977 0.04101999999999997
