0 0.521127 0.507185 0.957746 0.97741
1 0.450705 0.09137400000000001 0.11830999999999997 0.051332
1 0.656335 0.0965075 0.11830999999999992 0.053385
1 0.44788500000000003 0.261805 0.11831000000000003 0.051330000000000015
1 0.6591549999999999 0.259755 0.11831000000000003 0.051330000000000015
1 0.47042500000000004 0.48768 0.11831000000000003 0.05134
1 0.673235 0.483575 0.11831000000000003 0.05133000000000004
1 0.667605 0.6611899999999999 0.11267000000000005 0.057499999999999996
1 0.46197 0.6591400000000001 0.11268000000000006 0.057499999999999996
1 0.269015 0.6591400000000001 0.10423000000000002 0.057499999999999996
1 0.26479 0.26078 0.09578 0.04928000000000002
1 0.239435 0.140655 0.05071000000000003 0.047229999999999994
1 0.13098500000000002 0.35113 0.05915000000000001 0.05337999999999998
1 0.25493 0.485625 0.04226000000000002 0.07187000000000004
1 0.66479 0.83265 0.09014 0.039020000000000055
1 0.67042 0.890145 0.09014 0.03900999999999999
1 0.447885 0.8316250000000001 0.07887 0.04107000000000005
1 0.45634 0.8891199999999999 0.09014 0.03695999999999999
1 0.260565 0.8891199999999999 0.05915000000000001 0.03695999999999999
1 0.24366500000000002 0.8316250000000001 0.047890000000000016 0.04107000000000005
1 0.126759 0.6611899999999999 0.06760200000000001 0.0944600000000001
1 0.129576 0.510265 0.06196800000000001 0.09651000000000004
4 0.514085 0.25873 0.030990000000000073 0.08624000000000001
4 0.515495 0.089324 0.02817000000000003 0.08419200000000002
4 0.725355 0.26283 0.030989999999999962 0.08624000000000001
4 0.721125 0.096509 0.02817000000000003 0.08624200000000001
4 0.532395 0.48049 0.028169999999999917 0.08624000000000004
4 0.7380249999999999 0.48664999999999997 0.028169999999999917 0.08623999999999998
4 0.72676 0.658115 0.022540000000000004 0.08418999999999999
4 0.5211250000000001 0.6591400000000001 0.02253000000000005 0.08213999999999999
4 0.31831 0.662215 0.022540000000000004 0.08418999999999999
5 0.32958 0.452775 0.11268 0.24024999999999996
5 0.314085 0.14681850000000002 0.11548999999999998 0.23614300000000002
5 0.346475 0.8829549999999999 0.17465000000000003 0.2217699999999999
5 0.553525 0.8850100000000001 0.13802999999999999 0.22176000000000007
5 0.75634 0.8829549999999999 0.10421999999999998 0.2217699999999999
8 0.18451 0.511292 0.07042000000000001 0.956876
8 0.792955 0.5082154999999999 0.08169000000000004 0.9671489999999999
10 0.8873249999999999 0.28542 0.11831000000000003 0.06982
10 0.880285 0.123201 0.11548999999999998 0.11087799999999999
10 0.90141 0.470225 0.12394000000000005 0.12731000000000003
10 0.914085 0.6488700000000001 0.15493 0.11087999999999998
10 0.915495 0.8141700000000001 0.15211000000000008 0.17864000000000002
10 0.8619749999999999 0.93429 0.028169999999999917 0.024639999999999995
6 0.44788500000000003 0.052361000000000005 0.11831000000000003 0.026694000000000002
6 0.44788500000000003 0.128335 0.11831000000000003 0.026690000000000005
6 0.44789 0.24846000000000001 0.11267999999999995 0.024640000000000023
6 0.44648 0.27515 0.11549999999999994 0.024639999999999995
6 0.466195 0.442505 0.12113000000000002 0.02668999999999999
6 0.466195 0.52464 0.12113000000000002 0.026699999999999946
6 0.65493 0.054415000000000005 0.12112 0.026694000000000002
6 0.65493 0.13347 0.12112 0.02464000000000001
6 0.6746449999999999 0.44148 0.12113000000000007 0.024639999999999995
6 0.6746449999999999 0.52361 0.12113000000000007 0.024639999999999995
6 0.657745 0.27515 0.12112999999999996 0.024639999999999995
6 0.657745 0.249485 0.12112999999999996 0.02669000000000002
6 0.67042 0.6170450000000001 0.11268 0.02668999999999999
6 0.67042 0.701235 0.11268 0.02668999999999999
6 0.46197 0.67454 0.10704000000000002 0.026699999999999946
6 0.460565 0.64682 0.10423000000000004 0.024639999999999995
6 0.26478999999999997 0.67351 0.08449999999999999 0.024639999999999995
6 0.2662 0.64682 0.08732000000000004 0.024639999999999995
6 0.25634 0.502055 0.03944000000000003 0.039010000000000045
6 0.25634 0.46406499999999995 0.03944000000000003 0.03284999999999999
6 0.259155 0.29466000000000003 0.09576999999999997 0.0267
6 0.23803000000000002 0.213555 0.05352000000000001 0.028749999999999998
6 0.23521 0.171455 0.04787999999999998 0.02259
6 0.238025 0.09958800000000001 0.04788999999999999 0.022584000000000007
6 0.11972 0.308005 0.07606 0.028749999999999998
6 0.128171 0.47844 0.059158 0.04106000000000004
6 0.1267625 0.54415 0.061975 0.024639999999999995
6 0.1267625 0.6006149999999999 0.061975 0.02668999999999999
6 0.1253525 0.704315 0.05915500000000001 0.028750000000000053
6 0.24647999999999998 0.829565 0.047880000000000006 0.04106999999999994
6 0.447885 0.82854 0.07887 0.039019999999999944
6 0.456335 0.88706 0.08450999999999997 0.03695999999999999
6 0.26056 0.88809 0.05352000000000001 0.03490000000000004
