1 0.168455 0.154395 0.09863 0.07362999999999999
1 0.16797 0.328575 0.09766 0.07252999999999998
1 0.404785 0.155495 0.12793 0.07363000000000001
1 0.404785 0.328575 0.12793 0.07252999999999998
1 0.168945 0.502745 0.09570999999999999 0.07143000000000005
1 0.16797 0.671975 0.09766 0.07143
1 0.40381 0.50165 0.12597999999999998 0.07362000000000007
1 0.40332 0.671425 0.12696000000000002 0.07033
1 0.16748000000000002 0.841755 0.09668000000000002 0.07252999999999998
1 0.402835 0.842855 0.12793 0.07252999999999998
1 0.654785 0.156045 0.1708900000000001 0.09011
1 0.6543 0.33021999999999996 0.16992000000000007 0.0912
1 0.8720699999999999 0.15714499999999998 0.10155999999999998 0.06813
1 0.8706050000000001 0.331315 0.10059000000000007 0.06922999999999996
1 0.652835 0.673075 0.17285000000000006 0.08901000000000003
1 0.651365 0.841755 0.17186999999999997 0.09011000000000002
1 0.86914 0.673625 0.10155999999999998 0.06813000000000002
1 0.868165 0.846155 0.10350999999999999 0.07033
3 0.52734 0.67527 0.056640000000000024 0.13956000000000002
3 0.5268550000000001 0.8467 0.05567 0.1395599999999999
3 0.52783 0.504395 0.057620000000000005 0.14284999999999998
1 0.65332 0.502195 0.16992000000000007 0.09011000000000002
1 0.87012 0.502745 0.1015600000000001 0.06922999999999996
3 0.529785 0.1532945 0.05761000000000005 0.143951
3 0.5293 0.32911999999999997 0.056640000000000024 0.13955999999999996
0 0.50048985 0.498352 0.9951203 0.9637359999999999
4 0.76709 0.1549445 0.05565999999999993 0.127471
4 0.76465 0.32911999999999997 0.05663999999999991 0.12638
4 0.7651349999999999 0.506045 0.05567 0.12637000000000004
4 0.7651349999999999 0.673625 0.05567 0.12746999999999997
4 0.76465 0.842855 0.05663999999999991 0.12746999999999997
8 0.24804500000000002 0.499998 0.06641 0.951644
8 0.805665 0.5016475 0.035150000000000015 0.952745
8 0.0581047 0.497804 0.1044906 0.9516519999999999
9 0.15967 0.047802 0.11816 0.027472000000000003
9 0.15967 0.085714 0.11816 0.02637400000000001
9 0.16211 0.222525 0.11913999999999998 0.027469999999999994
9 0.16162 0.25989 0.11816 0.027479999999999977
9 0.1626 0.398355 0.11815999999999999 0.027469999999999994
9 0.16113 0.435165 0.11914000000000001 0.026370000000000005
9 0.160645 0.57033 0.11817000000000001 0.02638000000000007
9 0.16162 0.60934 0.11816 0.02747999999999995
9 0.15967 0.74066 0.11816 0.02638000000000007
9 0.16016 0.778025 0.11914000000000001 0.026370000000000005
9 0.15868949999999998 0.91044 0.11816099999999999 0.02747999999999995
9 0.15967 0.95 0.11816 0.02748000000000006
9 0.07958950000000001 0.0681295 0.040039000000000005 0.094501
9 0.08202999999999999 0.23956 0.03906 0.0945
9 0.08202999999999999 0.42088000000000003 0.03906 0.09449999999999997
9 0.08202999999999999 0.5956049999999999 0.03906 0.09450999999999998
9 0.0805685 0.762635 0.040043 0.09450999999999998
9 0.0810565 0.932965 0.039067 0.09450999999999998
