0 0.529489 0.49290955000000003 0.935902 0.9751809
1 0.29872 0.60461 0.12563999999999997 0.11348000000000003
1 0.29359 0.8422000000000001 0.12564 0.11347999999999991
1 0.29872 0.1258845 0.12563999999999997 0.113471
1 0.55256 0.601065 0.12564000000000003 0.11347000000000007
1 0.54744 0.8395349999999999 0.12564000000000003 0.11524999999999996
1 0.55769 0.126772 0.12564000000000003 0.09751599999999999
1 0.547435 0.36790500000000004 0.10513 0.18617
1 0.28846499999999997 0.366135 0.10513 0.18617
2 0.914105 0.426415 0.15641000000000005 0.058510000000000006
3 0.20640999999999998 0.35992999999999997 0.03334000000000001 0.23404
5 0.396155 0.32801 0.14103 0.30141999999999997
5 0.646155 0.31738 0.11795 0.30142
6 0.2859 0.1276605 0.08462 0.10283899999999999
6 0.53718 0.832445 0.09488000000000002 0.12589000000000006
6 0.5423100000000001 0.10549700000000001 0.08462000000000003 0.13652599999999998
6 0.291025 0.36702500000000005 0.09486999999999998 0.18085
8 0.1102555 0.4911335 0.082049 0.950353
10 0.714105 0.572695 0.06923000000000001 0.76595
10 0.67692 0.08776450000000001 0.13846000000000003 0.11879100000000001
10 0.661535 0.943265 0.10769000000000006 0.04254999999999998
10 0.88846 0.926415 0.14615999999999996 0.03369
10 0.891025 0.887415 0.14615 0.03369
10 0.88846 0.843085 0.14615999999999996 0.03369
10 0.88846 0.804075 0.14615999999999996 0.03369
10 0.887175 0.761525 0.14359 0.03369
10 0.891025 0.695925 0.14615 0.03369
10 0.88846 0.651595 0.14615999999999996 0.03369
10 0.88846 0.610815 0.14615999999999996 0.03369
10 0.88846 0.56915 0.14615999999999996 0.035459999999999936
10 0.889745 0.52039 0.14359 0.03367999999999993
10 0.7833300000000001 0.926415 0.048719999999999986 0.03369
10 0.7859 0.885635 0.048719999999999986 0.03369
10 0.7846150000000001 0.817375 0.046150000000000024 0.08511000000000002
10 0.7884599999999999 0.6666650000000001 0.03846000000000005 0.08510999999999991
10 0.7846150000000001 0.54078 0.05640999999999996 0.09219999999999995
10 0.896155 0.9583349999999999 0.053850000000000064 0.026590000000000003
10 0.901285 0.480495 0.05384999999999995 0.028370000000000006
10 0.843585 0.480495 0.05640999999999996 0.028370000000000006
10 0.9089750000000001 0.363475 0.06411 0.03900999999999999
10 0.7846150000000001 0.299645 0.05640999999999996 0.08865
10 0.7884599999999999 0.19326 0.033340000000000036 0.08156
10 0.788465 0.0789015 0.06923000000000001 0.07269700000000001
10 0.90513 0.24556499999999998 0.05127999999999999 0.023049999999999987
10 0.8858999999999999 0.28635 0.13590000000000002 0.03014
10 0.8846149999999999 0.33067 0.13846999999999998 0.03014
10 0.8923099999999999 0.21986 0.14872000000000007 0.02482000000000001
10 0.8923099999999999 0.18085 0.14872000000000007 0.02481999999999998
10 0.89487 0.1383 0.14872000000000007 0.02482000000000001
10 0.89487 0.097518 0.14872000000000007 0.024824
10 0.89487 0.0602835 0.14872000000000007 0.024822999999999998
10 0.829485 0.22961 0.03332999999999997 0.037239999999999995
