0 0.50048985 0.5023585 0.9951203 0.995283
1 0.20654 0.505505 0.12988 0.14623000000000003
1 0.20751999999999998 0.21933999999999998 0.12987999999999997 0.14622
1 0.20751999999999998 0.790095 0.12987999999999997 0.14623000000000008
1 0.41748 0.806605 0.12988 0.14464999999999995
1 0.41455 0.503145 0.12988000000000005 0.14465000000000006
1 0.419435 0.224055 0.12988999999999995 0.14623
1 0.663085 0.215405 0.15234999999999999 0.15408999999999998
1 0.6640600000000001 0.5070749999999999 0.15234000000000003 0.15251000000000003
1 0.6640600000000001 0.796385 0.15234000000000003 0.15250999999999992
2 0.916015 0.1187105 0.15625 0.114779
7 0.0708015 0.363995 0.08105699999999999 0.07074999999999998
7 0.0708015 0.64544 0.08105699999999999 0.07075999999999993
7 0.0708015 0.939465 0.08105699999999999 0.07075000000000009
7 0.06885000000000001 0.0455975 0.08106000000000001 0.069183
7 0.048827999999999996 0.14151 0.041016 0.05346000000000001
7 0.0473635 0.24057 0.040039 0.05345999999999998
7 0.0473635 0.45282999999999995 0.040039 0.05346000000000001
7 0.050292500000000004 0.5534600000000001 0.040039 0.05345999999999995
7 0.0473635 0.75629 0.040039 0.05346000000000006
7 0.048827999999999996 0.83805 0.041016 0.05345999999999995
8 0.057129549999999994 0.5007858 0.0966809 0.9858484
10 0.791015 0.5000005 0.12890999999999997 0.971699
10 0.92334 0.577045 0.12988 0.70441
