0 0.55469 0.57276 0.8535200000000001 0.60324
1 0.870115 0.38992499999999997 0.08399000000000001 0.05597000000000002
2 0.90039 0.56903 0.14647999999999994 0.06840000000000002
1 0.869625 0.75373 0.08301000000000003 0.05722000000000005
3 0.48584 0.7512449999999999 0.03613999999999995 0.10198999999999991
3 0.48633 0.5671649999999999 0.03515999999999997 0.10446999999999995
3 0.484375 0.386815 0.03320999999999996 0.10447000000000001
1 0.7143550000000001 0.38992499999999997 0.08690999999999993 0.05597000000000002
1 0.55908 0.38992499999999997 0.08496000000000004 0.05597000000000002
1 0.714845 0.7512449999999999 0.08788999999999991 0.054730000000000056
1 0.714355 0.569025 0.08887 0.055970000000000075
1 0.5585899999999999 0.7512449999999999 0.08594000000000002 0.054730000000000056
1 0.557615 0.568405 0.08399000000000001 0.054730000000000056
1 0.407715 0.75 0.07911000000000001 0.0547200000000001
1 0.25488500000000003 0.75 0.07031000000000001 0.0547200000000001
1 0.253905 0.5671649999999999 0.07030999999999998 0.054730000000000056
1 0.25586 0.389305 0.07032 0.05473
1 0.40869500000000003 0.568405 0.07715 0.054730000000000056
1 0.40869500000000003 0.38992499999999997 0.07715 0.05597000000000002
1 0.25537 0.96393 0.06738 0.06218000000000001
1 0.300295 0.17475 0.07519000000000003 0.03358
1 0.299805 0.0883095 0.07421 0.03234100000000001
1 0.300295 0.131845 0.07519000000000003 0.04228999999999998
1 0.44189500000000004 0.131845 0.07519000000000003 0.04228999999999998
1 0.44140999999999997 0.17662 0.07422000000000001 0.03233999999999998
1 0.583005 0.174755 0.08203000000000005 0.03606999999999999
3 0.35497999999999996 0.38744 0.026359999999999995 0.08582000000000001
3 0.35448999999999997 0.568405 0.027339999999999975 0.08209
3 0.353515 0.7493799999999999 0.02735000000000004 0.08083999999999991
3 0.64795 0.56592 0.030279999999999974 0.11939999999999995
3 0.64795 0.39178999999999997 0.030279999999999974 0.1194
3 0.648435 0.75187 0.03125 0.11815999999999993
4 0.45752 0.38805999999999996 0.024419999999999997 0.08956000000000003
4 0.458495 0.567785 0.024409999999999987 0.09078999999999993
4 0.458495 0.75062 0.024409999999999987 0.09079999999999999
4 0.77197 0.38744 0.028320000000000012 0.11070000000000002
4 0.771485 0.56654 0.029290000000000038 0.11070000000000002
4 0.7700199999999999 0.7506200000000001 0.028320000000000012 0.11069999999999991
4 0.92041 0.386195 0.022460000000000035 0.08084999999999998
4 0.921875 0.752485 0.027349999999999985 0.08209
5 0.6167 0.38992499999999997 0.03417999999999999 0.09329000000000004
5 0.615235 0.567785 0.035150000000000015 0.09328999999999998
5 0.6167 0.751865 0.03417999999999999 0.0932900000000001
3 0.38037 0.133705 0.02245999999999998 0.15547
3 0.51318 0.1386825 0.022460000000000035 0.155475
4 0.34521500000000005 0.131839 0.01855000000000001 0.146762
4 0.483885 0.130599 0.014649999999999996 0.144282
7 0.20850000000000002 0.386815 0.022460000000000008 0.022389999999999965
7 0.20850000000000002 0.5671649999999999 0.022460000000000008 0.02239000000000002
7 0.20850000000000002 0.7493799999999999 0.022460000000000008 0.021140000000000048
8 0.16748 0.574005 0.0791 0.59825
8 0.32372999999999996 0.57649 0.0791 0.59826
8 0.6498999999999999 0.574005 0.040039999999999965 0.5932900000000001
9 0.476565 0.300995 0.19530999999999993 0.027370000000000005
9 0.47705 0.47823 0.19238 0.026120000000000032
9 0.47656 0.6598299999999999 0.19335999999999998 0.026120000000000032
9 0.476565 0.8401700000000001 0.19530999999999993 0.026120000000000032
9 0.604495 0.300995 0.06054999999999999 0.044769999999999976
9 0.603515 0.47636999999999996 0.06054999999999999 0.044779999999999986
9 0.603515 0.66045 0.06054999999999999 0.04478000000000004
9 0.6040049999999999 0.84266 0.05957000000000001 0.04602000000000006
9 0.3667 0.300375 0.024419999999999997 0.036070000000000046
9 0.36865499999999995 0.47885500000000003 0.024409999999999987 0.03482999999999997
9 0.36719 0.840795 0.023440000000000016 0.03483000000000003
9 0.36816499999999996 0.659205 0.023430000000000006 0.03483000000000003
9 0.668455 0.34701499999999996 0.008789999999999965 0.01740999999999998
9 0.668455 0.430345 0.008789999999999965 0.01740999999999998
9 0.668455 0.52612 0.008789999999999965 0.01741999999999999
9 0.66797 0.610695 0.00782000000000005 0.017409999999999926
9 0.667485 0.7101999999999999 0.008790000000000076 0.017420000000000102
9 0.669435 0.794775 0.008790000000000076 0.017409999999999926
9 0.7119150000000001 0.6107 0.08006999999999997 0.012440000000000007
9 0.71289 0.52612 0.08008000000000004 0.012440000000000007
9 0.7119150000000001 0.7101999999999999 0.08006999999999997 0.012439999999999896
9 0.71387 0.79478 0.08007999999999993 0.012440000000000007
9 0.71289 0.34701499999999996 0.08008000000000004 0.012429999999999997
9 0.71289 0.43035 0.08008000000000004 0.012440000000000007
9 0.75635 0.346395 0.006839999999999957 0.016170000000000018
9 0.75635 0.43096999999999996 0.006839999999999957 0.016160000000000008
9 0.75635 0.525495 0.006839999999999957 0.016170000000000018
9 0.75635 0.610695 0.006839999999999957 0.017409999999999926
9 0.75537 0.710825 0.006839999999999957 0.016170000000000018
9 0.7568349999999999 0.795395 0.007809999999999984 0.016170000000000018
