1 0.89655 0.83887 0.07609999999999995 0.03320000000000001
1 0.8959550000000001 0.75928 0.07490999999999992 0.03417999999999999
1 0.89774 0.649905 0.07372000000000001 0.036129999999999995
1 0.89655 0.55322 0.07609999999999995 0.03417999999999999
1 0.89655 0.48486 0.07609999999999995 0.03417999999999999
1 0.89655 0.41553 0.07609999999999995 0.03417999999999999
1 0.89774 0.34619 0.07610000000000006 0.03417999999999999
0 0.62782 0.59424 0.73246 0.6025400000000001
1 0.7479199999999999 0.347655 0.07609999999999995 0.03320999999999996
1 0.748515 0.555175 0.07728999999999997 0.03222999999999998
1 0.748515 0.48633 0.07728999999999997 0.03320000000000001
1 0.7479199999999999 0.41747999999999996 0.07609999999999995 0.03221999999999997
1 0.725325 0.63965 0.08322999999999992 0.039059999999999984
1 0.747325 0.759765 0.07728999999999997 0.037109999999999976
1 0.7479199999999999 0.83838 0.07609999999999995 0.03614000000000006
1 0.591555 0.7587900000000001 0.07967000000000002 0.03515999999999997
1 0.591555 0.837405 0.07967000000000002 0.03222999999999998
1 0.44233 0.837405 0.06896000000000002 0.03222999999999998
1 0.44233 0.759275 0.06896000000000002 0.03222999999999998
1 0.39596 0.63965 0.07372000000000001 0.03320000000000001
1 0.55767 0.640135 0.08323999999999998 0.036129999999999995
1 0.591555 0.555665 0.07967000000000002 0.03125
1 0.442925 0.5561499999999999 0.06777 0.028320000000000012
1 0.591555 0.418455 0.07967000000000002 0.032230000000000036
1 0.59215 0.486325 0.07848 0.03125
1 0.59215 0.34912 0.07848 0.03417999999999999
1 0.44233 0.48779 0.06896000000000002 0.028320000000000012
1 0.44233 0.418945 0.06896000000000002 0.029289999999999983
1 0.44233 0.350095 0.06657999999999997 0.03027000000000002
1 0.44471 0.251955 0.05469999999999997 0.031249999999999972
1 0.44530499999999995 0.213865 0.05351 0.03125
1 0.45006 0.16455 0.05349999999999999 0.026359999999999995
1 0.45006 0.127925 0.05349999999999999 0.031250000000000014
1 0.5915600000000001 0.231445 0.08204 0.04101000000000002
1 0.744355 0.22949 0.08560999999999996 0.04102
1 0.44054499999999996 0.9453100000000001 0.07729000000000003 0.03320000000000001
1 0.5897749999999999 0.946775 0.08084999999999998 0.036129999999999995
4 0.65755 0.34863500000000003 0.05708000000000002 0.058589999999999975
4 0.65755 0.416995 0.05708000000000002 0.054690000000000016
4 0.65993 0.484865 0.05708000000000002 0.05370999999999998
4 0.65755 0.5556650000000001 0.05708000000000002 0.054690000000000016
4 0.6278250000000001 0.639645 0.057070000000000065 0.054690000000000016
4 0.65874 0.83789 0.05708000000000002 0.05468000000000006
4 0.65755 0.75586 0.05708000000000002 0.05468000000000006
4 0.797265 0.345215 0.029730000000000034 0.05567
4 0.79905 0.41503999999999996 0.02854000000000001 0.054680000000000006
4 0.79905 0.48584000000000005 0.026160000000000072 0.053720000000000045
4 0.79905 0.55371 0.026160000000000072 0.05274000000000001
4 0.7788349999999999 0.63916 0.026150000000000007 0.05371999999999999
4 0.798455 0.83691 0.027349999999999985 0.056640000000000024
4 0.797265 0.75879 0.027349999999999985 0.056640000000000024
4 0.65696 0.944825 0.06302000000000008 0.053710000000000035
5 0.648035 0.231445 0.03329000000000004 0.046869999999999995
5 0.8002400000000001 0.22802499999999998 0.030919999999999948 0.05371000000000001
3 0.39298500000000003 0.34961 0.02735000000000004 0.044920000000000015
3 0.394175 0.41796999999999995 0.027349999999999985 0.044920000000000015
3 0.394175 0.48828 0.027349999999999985 0.04491999999999996
3 0.39298500000000003 0.55566 0.02735000000000004 0.04491999999999996
3 0.394175 0.7587900000000001 0.027349999999999985 0.04491999999999996
3 0.394175 0.8369150000000001 0.027349999999999985 0.044930000000000025
3 0.39477 0.947265 0.021399999999999975 0.044930000000000025
3 0.34126 0.63818 0.02854000000000001 0.05176000000000003
7 0.5017849999999999 0.640625 0.03328999999999993 0.04686999999999997
7 0.5392399999999999 0.5556650000000001 0.034479999999999955 0.042970000000000064
7 0.54043 0.48828499999999997 0.034479999999999955 0.04296999999999995
7 0.54162 0.41747999999999996 0.034480000000000066 0.043940000000000035
7 0.5410250000000001 0.34863500000000003 0.03566999999999998 0.04297000000000001
7 0.54043 0.8383799999999999 0.034479999999999955 0.04393999999999998
7 0.54043 0.7592749999999999 0.034479999999999955 0.043950000000000045
7 0.54043 0.9467749999999999 0.034479999999999955 0.043950000000000045
8 0.36385 0.597655 0.10702 0.59961
8 0.496435 0.5952149999999999 0.05351000000000006 0.59667
8 0.82402 0.594725 0.03092000000000006 0.59375
8 0.940545 0.5952149999999999 0.016649999999999943 0.59667
8 0.9809749999999999 0.592285 0.011890000000000067 0.59667
9 0.6468499999999999 0.27051000000000003 0.19738 0.015620000000000023
9 0.646255 0.183595 0.19618999999999998 0.015630000000000005
9 0.678955 0.311035 0.25920999999999994 0.016610000000000014
9 0.678955 0.38134500000000005 0.25683 0.014649999999999996
9 0.67955 0.450685 0.2580199999999999 0.014649999999999996
9 0.678955 0.519045 0.25683 0.014650000000000052
9 0.635555 0.67578 0.24851 0.015620000000000078
9 0.63615 0.60254 0.24731999999999998 0.015619999999999967
9 0.67836 0.8769549999999999 0.26039999999999996 0.019529999999999936
9 0.677765 0.797855 0.25683 0.019530000000000047
9 0.6783600000000001 0.72266 0.25802 0.011719999999999953
9 0.812125 0.79834 0.009510000000000018 0.02636000000000005
9 0.81272 0.876465 0.010699999999999932 0.026370000000000005
9 0.8115300000000001 0.7231449999999999 0.010700000000000043 0.018549999999999955
9 0.766945 0.67529 0.016650000000000054 0.022460000000000035
9 0.766945 0.60156 0.016650000000000054 0.021479999999999944
9 0.812125 0.51953 0.009510000000000018 0.021480000000000055
9 0.81272 0.449705 0.008320000000000105 0.020509999999999973
9 0.81272 0.30957 0.008320000000000105 0.02148
9 0.813315 0.37988 0.009510000000000018 0.02148
9 0.529135 0.312015 0.040429999999999966 0.020510000000000028
9 0.5309200000000001 0.38086 0.03924000000000005 0.02148
9 0.5309200000000001 0.45215000000000005 0.03924000000000005 0.02148
9 0.52973 0.518555 0.03924000000000005 0.02149000000000001
9 0.49287000000000003 0.60156 0.03924 0.021479999999999944
9 0.49168 0.675295 0.03924 0.020510000000000028
9 0.52973 0.79785 0.03924000000000005 0.021480000000000055
9 0.52854 0.8754850000000001 0.03923999999999994 0.020509999999999917
9 0.52973 0.7231449999999999 0.03924000000000005 0.01464999999999994
9 0.5315099999999999 0.184575 0.030919999999999948 0.025389999999999996
9 0.5332950000000001 0.27002000000000004 0.03210999999999997 0.026359999999999995
9 0.77943 0.268555 0.07016 0.02149000000000001
9 0.797855 0.9091800000000001 0.03805000000000003 0.025399999999999978
9 0.6640900000000001 0.907225 0.22948000000000002 0.019529999999999936
9 0.52973 0.90869 0.036860000000000004 0.024419999999999997
10 0.962545 0.59375 0.02021000000000006 0.5976600000000001
