0 0.41798 0.39648000000000005 0.5 0.5
0 0.48425 0.75 0.40682000000000007 0.20117999999999991
1 0.30184 0.188475 0.010499999999999954 0.015630000000000005
1 0.30315000000000003 0.251465 0.01050000000000001 0.014650000000000024
1 0.303805 0.302735 0.011809999999999987 0.015629999999999977
1 0.30445999999999995 0.353515 0.01050000000000001 0.015629999999999977
1 0.305115 0.400875 0.011810000000000043 0.014649999999999996
1 0.30577 0.450195 0.01050000000000001 0.015629999999999977
1 0.30577 0.49853499999999995 0.01050000000000001 0.014649999999999996
1 0.30643 0.54834 0.011819999999999997 0.014640000000000097
1 0.30577 0.60498 0.01050000000000001 0.014639999999999986
1 0.314305 0.6709 0.011809999999999987 0.015620000000000078
1 0.314305 0.7207049999999999 0.011809999999999987 0.01562999999999992
1 0.31496 0.770995 0.01050000000000001 0.014650000000000052
1 0.315615 0.8217749999999999 0.011809999999999987 0.01464999999999994
1 0.37860499999999997 0.18847999999999998 0.056430000000000036 0.02343999999999999
1 0.379265 0.25293 0.05510999999999999 0.02343999999999999
1 0.379265 0.302735 0.05510999999999999 0.023430000000000006
1 0.379925 0.35253999999999996 0.05642999999999998 0.02343999999999996
1 0.379925 0.40137 0.05642999999999998 0.023440000000000016
1 0.38058000000000003 0.450195 0.05512 0.023430000000000006
1 0.381235 0.49805 0.05642999999999998 0.02343999999999996
1 0.38058000000000003 0.547365 0.05512 0.024410000000000043
1 0.38058000000000003 0.60547 0.05512 0.023440000000000016
1 0.48622 0.18945 0.06167999999999996 0.02343999999999999
1 0.48753 0.25293 0.06168000000000001 0.02343999999999999
1 0.48753 0.302735 0.06168000000000001 0.023430000000000006
1 0.48753 0.353515 0.06168000000000001 0.023430000000000006
1 0.48819 0.40234000000000003 0.060360000000000025 0.02343999999999996
1 0.48885 0.45117 0.06168000000000001 0.023440000000000016
1 0.48819 0.5 0.060360000000000025 0.02343999999999996
1 0.48885 0.546875 0.06168000000000001 0.023430000000000062
1 0.49016000000000004 0.60547 0.06168000000000001 0.023440000000000016
1 0.383205 0.6709 0.06036999999999998 0.021480000000000055
1 0.382545 0.72168 0.05904999999999999 0.021479999999999944
1 0.383205 0.77197 0.06036999999999998 0.022460000000000035
1 0.383205 0.822265 0.06036999999999998 0.02149000000000001
1 0.49212500000000003 0.672365 0.057750000000000024 0.020510000000000028
1 0.49278500000000003 0.722165 0.056430000000000036 0.020509999999999917
1 0.49278500000000003 0.77295 0.056430000000000036 0.020499999999999963
1 0.49278500000000003 0.821775 0.056430000000000036 0.020510000000000028
1 0.5997399999999999 0.254885 0.0656199999999999 0.025389999999999996
1 0.600395 0.304685 0.06430999999999998 0.025389999999999968
1 0.600395 0.353515 0.06430999999999998 0.023430000000000006
1 0.600395 0.40234000000000003 0.06430999999999998 0.02343999999999996
1 0.5990800000000001 0.45117 0.06429999999999991 0.023440000000000016
1 0.5990800000000001 0.49902 0.06168000000000007 0.02343999999999996
1 0.5990800000000001 0.54785 0.06168000000000007 0.023440000000000016
1 0.43372999999999995 0.106933 0.040679999999999994 0.018553999999999987
1 0.5157499999999999 0.1074215 0.041999999999999926 0.017576999999999995
1 0.37467 0.888675 0.030179999999999985 0.03125
1 0.375325 0.953125 0.028870000000000007 0.03125
1 0.45538 0.8925799999999999 0.063 0.03515999999999997
1 0.45538 0.958495 0.063 0.036129999999999995
1 0.54462 0.893065 0.06299999999999994 0.036129999999999995
1 0.54462 0.958495 0.06299999999999994 0.036129999999999995
2 0.61614 0.192385 0.09841999999999995 0.048829999999999985
2 0.616795 0.606445 0.09711000000000003 0.04686999999999997
2 0.6181099999999999 0.67334 0.08662000000000003 0.02636000000000005
2 0.6450100000000001 0.8935550000000001 0.08267999999999998 0.05079
3 0.336615 0.187015 0.024930000000000008 0.04199
3 0.33924 0.250975 0.024940000000000018 0.04296999999999998
3 0.339895 0.30078499999999997 0.026249999999999996 0.04297000000000001
3 0.34055 0.35253500000000004 0.024940000000000018 0.04297000000000001
3 0.34055 0.40136499999999997 0.024940000000000018 0.04297000000000001
3 0.34055 0.44921500000000003 0.024940000000000018 0.04297000000000001
3 0.34055 0.49853500000000006 0.024940000000000018 0.04199000000000003
3 0.341205 0.547855 0.026249999999999996 0.04296999999999995
3 0.34252000000000005 0.605465 0.026239999999999986 0.04296999999999995
3 0.341865 0.67285 0.01969000000000004 0.04687999999999992
3 0.341865 0.72119 0.01969000000000004 0.04590000000000005
3 0.341865 0.77197 0.01969000000000004 0.04589999999999994
3 0.34252 0.8237300000000001 0.02100000000000002 0.04589999999999994
3 0.43307 0.188965 0.036739999999999995 0.06153
3 0.446855 0.251465 0.05642999999999998 0.045889999999999986
3 0.446855 0.302735 0.05642999999999998 0.04687000000000002
3 0.44816500000000004 0.35205 0.056430000000000036 0.045899999999999996
3 0.44882 0.40088 0.057740000000000014 0.045899999999999996
3 0.44882 0.45067999999999997 0.057740000000000014 0.045899999999999996
3 0.450785 0.50049 0.05642999999999998 0.045899999999999996
3 0.450785 0.546385 0.05642999999999998 0.04198999999999997
3 0.43766499999999997 0.604495 0.03543000000000002 0.05858999999999992
3 0.44684999999999997 0.67285 0.032799999999999996 0.04491999999999996
3 0.44750999999999996 0.723145 0.034119999999999984 0.045889999999999986
3 0.44750999999999996 0.77344 0.034119999999999984 0.04492000000000007
3 0.44750999999999996 0.82324 0.034119999999999984 0.04491999999999996
4 0.529525 0.671875 0.022310000000000052 0.04100999999999999
4 0.529525 0.721195 0.022310000000000052 0.04198999999999997
4 0.529525 0.77295 0.022310000000000052 0.04200000000000004
4 0.52887 0.8237300000000001 0.02100000000000002 0.041999999999999926
4 0.52887 0.251955 0.02100000000000002 0.04100999999999999
4 0.528215 0.302245 0.022310000000000052 0.04199000000000003
4 0.52887 0.35253999999999996 0.02100000000000002 0.04102
4 0.528215 0.40088 0.022310000000000052 0.04199999999999998
4 0.52887 0.45166 0.02100000000000002 0.04200000000000004
4 0.529525 0.5 0.022310000000000052 0.04102
4 0.529525 0.5459 0.022310000000000052 0.041019999999999945
5 0.52887 0.188475 0.02623999999999993 0.054690000000000016
5 0.531495 0.6064449999999999 0.026249999999999996 0.054690000000000016
4 0.41666499999999995 0.672365 0.014429999999999998 0.043949999999999934
4 0.41666499999999995 0.72217 0.014429999999999998 0.04393999999999998
4 0.41666499999999995 0.77295 0.014429999999999998 0.04393999999999998
4 0.41732 0.8237300000000001 0.013119999999999965 0.04393999999999998
5 0.25 0.260255 0.032800000000000024 0.08104999999999998
5 0.25328 0.53955 0.03412000000000001 0.08106000000000002
7 0.30183499999999996 0.16405999999999998 0.015749999999999986 0.027340000000000003
7 0.30249000000000004 0.21387 0.01706000000000002 0.027340000000000003
7 0.30381 0.27783 0.01706000000000002 0.028320000000000012
7 0.30381 0.32715 0.01706000000000002 0.02734000000000003
7 0.30381 0.37695 0.01706000000000002 0.02734000000000003
7 0.30512 0.42578 0.017059999999999964 0.02734000000000003
7 0.30512 0.47363 0.017059999999999964 0.02734000000000003
7 0.30512 0.5224599999999999 0.017059999999999964 0.02734000000000003
7 0.30512 0.581055 0.017059999999999964 0.027349999999999985
7 0.30381 0.62793 0.01706000000000002 0.02733999999999992
7 0.312995 0.6958 0.011810000000000043 0.022460000000000035
7 0.31365 0.746095 0.01312000000000002 0.02342999999999995
7 0.314305 0.796875 0.011809999999999987 0.02149000000000001
7 0.314305 0.84033 0.011809999999999987 0.006839999999999957
7 0.31167999999999996 0.654785 0.011819999999999997 0.006830000000000003
7 0.2126 0.401855 0.0315 0.02246999999999999
4 0.45538 0.105955 0.007879999999999998 0.030270000000000005
4 0.538715 0.10839850000000001 0.00918999999999992 0.033202999999999996
7 0.5577449999999999 0.191895 0.015750000000000042 0.014649999999999996
7 0.5590550000000001 0.60547 0.015750000000000042 0.011720000000000064
8 0.32021 0.39648500000000003 0.02100000000000002 0.49609000000000003
8 0.413385 0.396975 0.018369999999999997 0.49707
8 0.535435 0.39697000000000005 0.039369999999999905 0.49512000000000006
8 0.305775 0.74951 0.047250000000000014 0.19823999999999997
8 0.417325 0.748535 0.018369999999999997 0.19824999999999993
8 0.534775 0.749025 0.032810000000000006 0.19726999999999995
8 0.56299 0.74951 0.010499999999999954 0.19823999999999997
9 0.38189 0.68652 0.04461999999999999 0.005859999999999976
9 0.38189 0.65723 0.04461999999999999 0.005859999999999976
9 0.382545 0.70703 0.04592999999999997 0.005860000000000087
9 0.382545 0.73633 0.04592999999999997 0.005859999999999976
9 0.382545 0.75781 0.04592999999999997 0.005859999999999976
9 0.382545 0.78711 0.04592999999999997 0.005859999999999976
9 0.382545 0.8081050000000001 0.04592999999999997 0.006830000000000003
9 0.382545 0.83691 0.04592999999999997 0.005859999999999976
9 0.49213 0.6582 0.04461999999999999 0.005859999999999976
9 0.49213 0.68652 0.04461999999999999 0.005859999999999976
9 0.49213 0.70801 0.04461999999999999 0.005859999999999976
9 0.49278500000000003 0.7373050000000001 0.043310000000000015 0.005850000000000022
9 0.49213 0.75781 0.04461999999999999 0.005859999999999976
9 0.49278500000000003 0.78711 0.043310000000000015 0.005859999999999976
9 0.49278500000000003 0.8081050000000001 0.043310000000000015 0.006830000000000003
9 0.49344 0.83691 0.04462000000000005 0.005859999999999976
9 0.48228000000000004 0.62402 0.05118000000000006 0.005859999999999976
9 0.48097 0.58691 0.05118 0.005859999999999976
9 0.47769000000000006 0.20898 0.05250000000000005 0.005859999999999976
9 0.479005 0.16992000000000002 0.05248999999999998 0.005860000000000004
9 0.36023499999999997 0.152345 0.05380999999999997 0.007810000000000011
9 0.36023499999999997 0.226075 0.05380999999999997 0.00879000000000002
9 0.36286 0.572265 0.05118 0.007809999999999984
9 0.36286 0.6376949999999999 0.05118 0.007809999999999984
9 0.396325 0.152345 0.018369999999999997 0.009770000000000001
9 0.39698 0.226565 0.01968000000000003 0.009770000000000001
9 0.398295 0.57275 0.019689999999999985 0.010739999999999972
9 0.398295 0.637695 0.019689999999999985 0.009770000000000056
9 0.51378 0.623535 0.011819999999999942 0.006830000000000003
9 0.512465 0.5874 0.011809999999999987 0.006839999999999957
9 0.5098450000000001 0.20849499999999999 0.011809999999999987 0.006829999999999975
9 0.511155 0.169925 0.011809999999999987 0.007810000000000011
9 0.406825 0.657225 0.005249999999999977 0.007809999999999984
9 0.406825 0.686525 0.005249999999999977 0.007809999999999984
9 0.408135 0.70703 0.005250000000000032 0.00782000000000005
9 0.408135 0.736815 0.005250000000000032 0.008790000000000076
9 0.408135 0.7578149999999999 0.005250000000000032 0.007809999999999984
9 0.408135 0.787595 0.005250000000000032 0.008789999999999965
9 0.408135 0.808595 0.005250000000000032 0.007809999999999984
9 0.408135 0.8369150000000001 0.005250000000000032 0.007809999999999984
9 0.517065 0.657715 0.005249999999999977 0.008789999999999965
9 0.517065 0.6870149999999999 0.005249999999999977 0.008789999999999965
9 0.518375 0.708005 0.005249999999999977 0.007810000000000095
9 0.517065 0.7373050000000001 0.005249999999999977 0.007809999999999984
9 0.517065 0.7578149999999999 0.005249999999999977 0.007809999999999984
9 0.51772 0.78711 0.00656000000000001 0.007819999999999938
9 0.517065 0.807615 0.005249999999999977 0.007809999999999984
9 0.51772 0.8369150000000001 0.00656000000000001 0.007809999999999984
9 0.32611500000000004 0.15283000000000002 0.014429999999999998 0.01074
9 0.32611500000000004 0.226075 0.014429999999999998 0.010749999999999982
9 0.33005 0.57275 0.014440000000000008 0.010739999999999972
9 0.33071 0.6376949999999999 0.01312000000000002 0.011709999999999998
9 0.45341 0.5874 0.003939999999999999 0.006839999999999957
9 0.454725 0.623535 0.003929999999999989 0.006830000000000003
9 0.45079 0.17041 0.003939999999999999 0.006840000000000013
9 0.45079 0.20849499999999999 0.003939999999999999 0.006829999999999975
9 0.355645 0.657225 0.007869999999999988 0.007809999999999984
9 0.355645 0.686525 0.007869999999999988 0.007809999999999984
9 0.3563 0.70703 0.00656000000000001 0.00782000000000005
9 0.3563 0.736325 0.00656000000000001 0.007810000000000095
9 0.3563 0.7578149999999999 0.00656000000000001 0.007809999999999984
9 0.3563 0.78711 0.00656000000000001 0.007819999999999938
9 0.3563 0.808595 0.00656000000000001 0.007809999999999984
9 0.3563 0.8369150000000001 0.00656000000000001 0.007809999999999984
9 0.46653500000000003 0.6582049999999999 0.00657000000000002 0.007809999999999984
9 0.46653500000000003 0.686525 0.00657000000000002 0.007809999999999984
9 0.46653500000000003 0.708005 0.00657000000000002 0.007810000000000095
9 0.46719 0.7373050000000001 0.007879999999999998 0.007809999999999984
9 0.46719 0.7583 0.007879999999999998 0.006839999999999957
9 0.46719 0.78711 0.007879999999999998 0.007819999999999938
9 0.46719 0.807615 0.007879999999999998 0.007809999999999984
9 0.46785 0.8369150000000001 0.00656000000000001 0.007809999999999984
10 0.24934499999999998 0.39990499999999995 0.015750000000000014 0.16895
10 0.611545 0.47509500000000005 0.01574999999999993 0.014649999999999996
10 0.613515 0.523925 0.014430000000000054 0.012689999999999979
10 0.610895 0.5742149999999999 0.03542999999999996 0.01366999999999996
10 0.579395 0.57422 0.019689999999999985 0.0039000000000000146
10 0.61483 0.722165 0.08006000000000002 0.026369999999999894
10 0.6161449999999999 0.77295 0.08005000000000007 0.02636000000000005
10 0.6161449999999999 0.822755 0.08005000000000007 0.026370000000000005
10 0.62598 0.11718500000000001 0.07874000000000003 0.031250000000000014
10 0.569555 0.106934 0.013129999999999975 0.04199199999999999
10 0.55118 0.0908205 0.020999999999999908 0.007813
10 0.6417349999999999 0.947265 0.07348999999999994 0.052729999999999944
