0 0.670284 0.797483 0.038397 0.144165
0 0.555927 0.797483 0.060100 0.144165
0 0.716194 0.796339 0.033389 0.146453
0 0.891486 0.797483 0.140234 0.153318
0 0.258765 0.790618 0.053422 0.148741
0 0.116027 0.780320 0.035058 0.128146
0 0.154424 0.778032 0.035058 0.128146
0 0.534224 0.553776 0.036728 0.105263
0 0.317195 0.551487 0.036728 0.100686
0 0.494157 0.552632 0.036728 0.107551
0 0.275459 0.549199 0.036728 0.105263
0 0.893155 0.566362 0.140234 0.148741
0 0.185309 0.544622 0.020033 0.114416
0 0.702838 0.551487 0.043406 0.155606
0 0.106845 0.542334 0.036728 0.137300
0 0.065109 0.542334 0.036728 0.137300
0 0.655259 0.549199 0.041736 0.155606
0 0.319699 0.332952 0.035058 0.089245
0 0.275459 0.332952 0.036728 0.089245
0 0.892321 0.350114 0.138564 0.128146
0 0.538397 0.327231 0.035058 0.086957
0 0.494992 0.327231 0.035058 0.086957
0 0.189482 0.323799 0.021703 0.107551
0 0.068447 0.331808 0.036728 0.137300
0 0.113523 0.329519 0.036728 0.137300
0 0.699499 0.314645 0.040067 0.139588
0 0.655259 0.314645 0.041736 0.139588
0 0.889816 0.165904 0.043406 0.034325
0 0.278798 0.161327 0.036728 0.098398
0 0.318865 0.159039 0.036728 0.098398
0 0.534224 0.152174 0.036728 0.098398
0 0.494157 0.152174 0.036728 0.098398
0 0.194491 0.141876 0.021703 0.114416
0 0.075125 0.136156 0.033389 0.125858
0 0.113523 0.133867 0.033389 0.125858
0 0.700334 0.104119 0.041736 0.107551
0 0.653589 0.101831 0.041736 0.107551
1 0.675292 0.694508 0.632721 0.029748
1 0.087646 0.694508 0.165275 0.029748
1 0.791319 0.417620 0.397329 0.029748
1 0.392321 0.417620 0.063439 0.029748
1 0.087646 0.417620 0.168614 0.029748
9 0.460768 0.867277 0.056761 0.151030
9 0.347245 0.863844 0.056761 0.148741
3 0.508347 0.656751 0.168614 0.100686
3 0.264608 0.657895 0.188648 0.112128
3 0.266277 0.432494 0.188648 0.109840
3 0.508347 0.421053 0.168614 0.100686
3 0.897329 0.213959 0.181970 0.061785
