0 0.50062265 0.451175 0.9987547 0.5703100000000001
1 0.35180500000000003 0.20117000000000002 0.08095000000000002 0.03319999999999998
1 0.529265 0.201175 0.08218999999999999 0.03125
1 0.528645 0.28076 0.08094999999999997 0.030279999999999974
1 0.35305 0.281735 0.08344000000000001 0.03222999999999998
1 0.35305 0.360355 0.08344000000000001 0.03125
1 0.35305 0.441405 0.08344000000000001 0.03125
1 0.35305 0.52197 0.08344000000000001 0.03417999999999999
1 0.35367 0.6015600000000001 0.08467999999999998 0.03320000000000001
1 0.35305 0.68164 0.08344000000000001 0.03515999999999997
1 0.52989 0.683105 0.08343999999999996 0.03222999999999998
1 0.52989 0.603025 0.08343999999999996 0.03222999999999998
1 0.53051 0.52295 0.08219999999999994 0.03417999999999999
1 0.53113 0.44336 0.08343999999999996 0.035160000000000025
1 0.529265 0.362305 0.08218999999999999 0.03321000000000002
1 0.7036100000000001 0.20166 0.08467999999999998 0.03222
1 0.7036100000000001 0.281735 0.08467999999999998 0.03222999999999998
1 0.70299 0.361815 0.08343999999999996 0.03222999999999998
1 0.702365 0.44189 0.08468999999999993 0.03417999999999999
1 0.7042349999999999 0.52197 0.08343 0.028320000000000012
1 0.70299 0.6049800000000001 0.08343999999999996 0.028320000000000012
1 0.7036100000000001 0.68213 0.08467999999999998 0.03614000000000006
1 0.87858 0.6821299999999999 0.08343999999999996 0.030279999999999974
1 0.8779600000000001 0.602535 0.08467999999999998 0.03125
1 0.87671 0.523435 0.08468000000000009 0.03125
1 0.87547 0.44287 0.08965999999999996 0.032220000000000026
1 0.8748450000000001 0.36133 0.08840999999999999 0.03320000000000001
1 0.8748450000000001 0.282225 0.08840999999999999 0.03320999999999996
1 0.8748450000000001 0.20117000000000002 0.08840999999999999 0.03319999999999998
3 0.47447 0.202635 0.022419999999999995 0.059569999999999984
3 0.475095 0.28418 0.021170000000000022 0.058599999999999985
3 0.475715 0.445315 0.02241000000000004 0.06054999999999999
3 0.475095 0.5268550000000001 0.021170000000000022 0.05957000000000001
3 0.47447 0.6074250000000001 0.01744000000000001 0.06054999999999999
3 0.473845 0.689945 0.021170000000000022 0.05957000000000001
1 0.344335 0.0634765 0.08592999999999995 0.035157
1 0.524905 0.0634765 0.08593 0.035157
1 0.698005 0.06445300000000001 0.08593000000000006 0.03515600000000001
1 0.8729800000000001 0.06445300000000001 0.08467999999999998 0.03515600000000001
1 0.35180500000000003 0.78955 0.08593 0.03417999999999999
1 0.35243 0.9511700000000001 0.08468000000000003 0.03515999999999997
1 0.35305 0.87012 0.08592 0.03516000000000008
1 0.5298849999999999 0.788085 0.08592999999999995 0.035150000000000015
1 0.5298849999999999 0.86914 0.08592999999999995 0.03515999999999997
1 0.529265 0.950195 0.08468999999999993 0.035150000000000015
1 0.70486 0.950195 0.08467999999999998 0.035150000000000015
1 0.7036100000000001 0.87012 0.08467999999999998 0.03516000000000008
1 0.7042349999999999 0.7890600000000001 0.08592999999999995 0.03515999999999997
1 0.8779600000000001 0.7890600000000001 0.08467999999999998 0.03515999999999997
1 0.87671 0.871095 0.08468000000000009 0.035150000000000015
1 0.177455 0.7817400000000001 0.053549999999999986 0.028320000000000012
1 0.17683500000000002 0.67578 0.052309999999999995 0.029299999999999993
1 0.17683500000000002 0.595215 0.052309999999999995 0.030269999999999908
1 0.176215 0.515135 0.053550000000000014 0.03027000000000002
1 0.176215 0.436035 0.053550000000000014 0.03027000000000002
1 0.176215 0.35791 0.053550000000000014 0.030279999999999974
1 0.17683500000000002 0.86426 0.052309999999999995 0.023440000000000016
1 0.17683500000000002 0.94531 0.052309999999999995 0.021479999999999944
1 0.177455 0.27881 0.053549999999999986 0.030279999999999974
1 0.17496499999999998 0.19873000000000002 0.053550000000000014 0.03028
3 0.46451 0.06396450000000001 0.04233999999999999 0.071289
3 0.47136 0.79541 0.03361999999999998 0.07520000000000004
3 0.46948500000000004 0.953125 0.03487000000000001 0.07421000000000011
4 0.39041499999999996 0.06347649999999999 0.016189999999999982 0.054687
4 0.399125 0.201175 0.016190000000000038 0.05468999999999999
4 0.401615 0.28174 0.016190000000000038 0.05176000000000003
4 0.400995 0.44189500000000004 0.01743 0.05175000000000002
4 0.40286500000000003 0.52295 0.016189999999999982 0.05176000000000003
4 0.40037500000000004 0.60205 0.016189999999999982 0.05176000000000003
4 0.40037500000000004 0.68066 0.016189999999999982 0.050779999999999936
4 0.40037500000000004 0.78955 0.016189999999999982 0.05176000000000003
4 0.39663499999999996 0.9541 0.016189999999999982 0.050779999999999936
5 0.419675 0.371095 0.12951000000000001 0.09375
5 0.41905 0.895015 0.12578 0.1220699999999999
5 0.7858050000000001 0.58008 0.10958999999999997 0.20898
5 0.574095 0.580075 0.054790000000000005 0.20703000000000005
5 0.2142 0.45165999999999995 0.03238000000000002 0.56738
5 0.21419500000000002 0.870115 0.02989 0.25976999999999995
5 0.2142 0.0732428 0.03238000000000002 0.12695440000000002
7 0.435245 0.200685 0.04359000000000002 0.026370000000000005
7 0.435245 0.521975 0.04359000000000002 0.026370000000000005
7 0.435245 0.68213 0.04359000000000002 0.02635999999999994
7 0.049191 0.6992149999999999 0.018680000000000002 0.01366999999999996
7 0.050435999999999995 0.6582049999999999 0.02117 0.019529999999999936
7 0.0498135 0.6181650000000001 0.019925000000000005 0.019529999999999936
7 0.0498135 0.576175 0.019925000000000005 0.019530000000000047
7 0.0473225 0.97656 0.019925000000000005 0.01757999999999993
7 0.0467 0.93457 0.018680000000000002 0.01757999999999993
7 0.048568 0.8925799999999999 0.019926 0.01758000000000004
7 0.048568 0.85059 0.019926 0.01758000000000004
7 0.050436 0.81152 0.018680000000000002 0.01757999999999993
7 0.049191 0.76807 0.018680000000000002 0.01660000000000006
7 0.049191 0.74316 0.018680000000000002 0.011720000000000064
8 0.781445 0.45214999999999994 0.03860999999999992 0.5664
8 0.5977600000000001 0.45264000000000004 0.059780000000000055 0.56152
8 0.263385 0.45215 0.07597000000000004 0.5644600000000001
9 0.68929 0.503905 0.07097999999999993 0.007809999999999984
9 0.6905349999999999 0.588865 0.07099 0.007809999999999984
9 0.68991 0.672365 0.06974000000000002 0.008790000000000076
9 0.16188999999999998 0.326175 0.06974 0.007809999999999984
9 0.16127 0.24462499999999998 0.07097999999999999 0.008789999999999992
9 0.162515 0.40918 0.07099 0.007819999999999994
9 0.16188999999999998 0.491695 0.06974 0.008789999999999965
9 0.16188999999999998 0.5742149999999999 0.06974 0.007809999999999984
9 0.16314 0.65625 0.06974 0.007819999999999938
9 0.162515 0.739745 0.07099 0.004890000000000061
9 0.162515 0.765135 0.07099 0.008790000000000076
9 0.16188999999999998 0.847655 0.06974 0.007809999999999984
9 0.162515 0.9306650000000001 0.07099 0.007809999999999984
9 0.199875 0.40918 0.003730000000000011 0.013680000000000025
9 0.19863 0.4917 0.003740000000000021 0.010740000000000027
9 0.19863 0.57422 0.003740000000000021 0.011720000000000064
9 0.199875 0.65723 0.003730000000000011 0.011719999999999953
9 0.19863 0.93066 0.003740000000000021 0.011720000000000064
9 0.199875 0.84961 0.003730000000000011 0.011719999999999953
9 0.19863 0.765625 0.003740000000000021 0.01171000000000011
9 0.727895 0.50391 0.006230000000000069 0.011719999999999953
9 0.7291399999999999 0.5893550000000001 0.006220000000000003 0.010749999999999926
9 0.727895 0.67285 0.006230000000000069 0.011720000000000064
9 0.12204 0.40967 0.009959999999999997 0.012699999999999989
9 0.12204 0.4917 0.009959999999999997 0.012699999999999989
9 0.1208 0.5737300000000001 0.009959999999999997 0.012700000000000045
9 0.12204 0.65674 0.009959999999999997 0.012699999999999934
9 0.12204 0.765625 0.009959999999999997 0.01171000000000011
9 0.1208 0.84766 0.009959999999999997 0.011719999999999953
9 0.12204 0.9311499999999999 0.009959999999999997 0.012700000000000045
9 0.12204 0.741695 0.009959999999999997 0.008790000000000076
9 0.64944 0.50391 0.011199999999999988 0.011719999999999953
9 0.65006 0.58789 0.009959999999999969 0.011719999999999953
9 0.65006 0.67285 0.009959999999999969 0.011720000000000064
10 0.955165 0.686525 0.029890000000000083 0.07812999999999992
10 0.95143 0.6113299999999999 0.022420000000000107 0.015620000000000078
10 0.9458249999999999 0.5629900000000001 0.011210000000000053 0.03417999999999999
10 0.94583 0.064453 0.01867999999999992 0.070312
10 0.943335 0.134765 0.011210000000000053 0.04687000000000001
10 0.988165 0.603025 0.021170000000000022 0.03222999999999998
10 0.9887900000000001 0.5209999999999999 0.022419999999999995 0.03417999999999999
10 0.988165 0.44189 0.021170000000000022 0.03417999999999999
10 0.988165 0.36084 0.021170000000000022 0.03417999999999999
10 0.988165 0.27979 0.021170000000000022 0.03417999999999999
10 0.987545 0.20068 0.02241000000000004 0.03417999999999999
10 0.9863 0.64697 0.024900000000000033 0.03417999999999999
10 0.987545 0.720705 0.02241000000000004 0.03125
10 0.988165 0.68262 0.021170000000000022 0.03516000000000008
1 0.08468200000000001 0.753905 0.029888000000000012 0.01562999999999992
