1 0.500000 0.500000 1.000000 1.000000
0 0.573568 0.618652 0.141927 0.108398
0 0.385417 0.618652 0.143229 0.108398
0 0.475260 0.632812 0.692708 0.701172
6 0.421875 0.903809 0.023438 0.024414
8 0.888672 0.628906 0.014323 0.066406
2 0.761068 0.890137 0.045573 0.063477
2 0.668620 0.889648 0.045573 0.062500
2 0.576172 0.889648 0.045573 0.062500
2 0.384115 0.889648 0.044271 0.062500
2 0.291667 0.890137 0.044271 0.063477
2 0.195964 0.767090 0.045573 0.069336
2 0.384766 0.765137 0.045573 0.067383
2 0.291016 0.765625 0.045573 0.068359
2 0.576172 0.764648 0.045573 0.068359
2 0.479818 0.764648 0.045573 0.068359
2 0.762370 0.763672 0.045573 0.068359
2 0.668620 0.764160 0.045573 0.069336
2 0.667969 0.638672 0.046875 0.070312
2 0.575521 0.638672 0.046875 0.070312
2 0.479818 0.638672 0.045573 0.070312
2 0.383464 0.639160 0.045573 0.071289
2 0.291016 0.639160 0.045573 0.071289
2 0.197917 0.638672 0.046875 0.070312
2 0.760417 0.638184 0.044271 0.071289
2 0.921875 0.629395 0.052083 0.065430
2 0.196615 0.518555 0.041667 0.058594
2 0.290365 0.517578 0.041667 0.058594
2 0.761719 0.516602 0.041667 0.058594
2 0.668620 0.516602 0.042969 0.058594
2 0.575521 0.517090 0.041667 0.059570
2 0.479167 0.517090 0.041667 0.059570
2 0.382812 0.517090 0.041667 0.059570
2 0.918620 0.504395 0.061198 0.057617
2 0.479818 0.404297 0.045573 0.056641
2 0.381510 0.404297 0.044271 0.056641
2 0.289714 0.404297 0.045573 0.056641
2 0.761719 0.403320 0.046875 0.056641
2 0.668620 0.403809 0.045573 0.057617
2 0.575521 0.403809 0.046875 0.057617
2 0.193359 0.403809 0.045573 0.057617
2 0.921224 0.388184 0.058594 0.059570
3 0.475911 0.818848 0.688802 0.041992
3 0.477865 0.679688 0.687500 0.013672
3 0.475911 0.554199 0.686198 0.020508
3 0.475911 0.438965 0.686198 0.020508
3 0.473307 0.324219 0.688802 0.080078
11 0.479818 0.919922 0.063802 0.125000
9 0.785807 0.337891 0.035156 0.015625
9 0.644531 0.337891 0.033854 0.015625
9 0.453125 0.337891 0.033854 0.015625
9 0.667969 0.329590 0.010417 0.034180
9 0.315755 0.329102 0.045573 0.033203
9 0.222656 0.329590 0.044271 0.034180
9 0.175781 0.329590 0.044271 0.034180
9 0.144531 0.329590 0.010417 0.034180
9 0.809896 0.328125 0.010417 0.033203
9 0.721354 0.328613 0.091146 0.034180
9 0.603516 0.328613 0.045573 0.034180
9 0.555990 0.328613 0.044271 0.034180
9 0.508464 0.328613 0.045573 0.034180
9 0.476562 0.328613 0.010417 0.034180
9 0.409505 0.329102 0.045573 0.035156
9 0.362630 0.328613 0.045573 0.034180
9 0.268229 0.328613 0.044271 0.034180
4 0.574219 0.717285 0.088542 0.043945
4 0.762370 0.715820 0.084635 0.042969
4 0.668620 0.716797 0.087240 0.044922
4 0.477214 0.715332 0.087240 0.041992
4 0.380859 0.716797 0.089844 0.044922
4 0.286458 0.716309 0.091146 0.043945
4 0.193359 0.715332 0.087240 0.043945
4 0.380859 0.597656 0.082031 0.027344
4 0.760417 0.596680 0.078125 0.027344
4 0.574219 0.597168 0.080729 0.028320
4 0.195964 0.595215 0.087240 0.030273
4 0.917318 0.582031 0.095052 0.037109
4 0.668620 0.587891 0.082031 0.048828
4 0.480469 0.586914 0.080729 0.048828
4 0.291016 0.586914 0.082031 0.048828
4 0.573568 0.479492 0.076823 0.029297
4 0.380859 0.479492 0.079427 0.029297
4 0.285807 0.480469 0.079427 0.031250
4 0.761719 0.479492 0.075521 0.031250
4 0.667318 0.479492 0.076823 0.031250
4 0.475911 0.479980 0.076823 0.032227
4 0.194010 0.478516 0.083333 0.031250
4 0.924479 0.467773 0.101562 0.021484
7 0.760417 0.941406 0.072917 0.039062
7 0.289062 0.941406 0.072917 0.039062
7 0.668620 0.940430 0.074219 0.039062
7 0.575521 0.940430 0.072917 0.039062
7 0.380859 0.940430 0.074219 0.039062
7 0.921224 0.674316 0.095052 0.024414
7 0.920573 0.539551 0.091146 0.012695
