1 0.24072500000000002 0.29622499999999996 0.09473000000000001 0.04816999999999999
1 0.24120999999999998 0.35742 0.09569999999999998 0.04818
1 0.23828 0.48112 0.09570000000000001 0.048180000000000056
1 0.41797 0.29818 0.09570000000000001 0.04947999999999997
1 0.41846 0.35742 0.09667999999999999 0.04818
1 0.41552500000000003 0.48046999999999995 0.09473000000000004 0.04687999999999998
3 0.333495 0.32682500000000003 0.06739 0.16667
3 0.15918 0.326825 0.05467999999999998 0.16927
3 0.16504 0.479165 0.04102 0.10416999999999998
3 0.34375 0.48177000000000003 0.048819999999999975 0.11198000000000002
1 0.6049800000000001 0.32942499999999997 0.09863999999999995 0.10937000000000002
1 0.59863 0.484375 0.08007999999999993 0.06511
1 0.785645 0.294925 0.09277000000000002 0.055989999999999984
1 0.785155 0.364585 0.09178999999999993 0.054690000000000016
1 0.785645 0.48307 0.09277000000000002 0.05990000000000001
2 0.89697 0.60677 0.13574000000000008 0.07552000000000003
1 0.7773399999999999 0.604815 0.04491999999999996 0.04296999999999995
1 0.785645 0.73307 0.09277000000000002 0.059900000000000064
1 0.5991200000000001 0.61263 0.08106000000000002 0.06640000000000001
1 0.600095 0.7239599999999999 0.08104999999999996 0.06510000000000005
1 0.34912 0.6321650000000001 0.036140000000000005 0.03254999999999997
1 0.34424 0.6705749999999999 0.04393999999999998 0.028649999999999953
1 0.404785 0.63151 0.061529999999999974 0.02864
1 0.405275 0.6699200000000001 0.06054999999999999 0.02734000000000003
1 0.405275 0.71289 0.05859000000000003 0.02734000000000003
1 0.40381 0.752605 0.06152000000000002 0.028649999999999953
1 0.15674 0.626305 0.018559999999999993 0.033849999999999936
1 0.157715 0.669275 0.01855000000000001 0.03125
1 0.157225 0.714845 0.019529999999999992 0.03385000000000005
1 0.15820499999999998 0.759115 0.01953000000000002 0.033849999999999936
1 0.20995999999999998 0.626305 0.06836 0.033849999999999936
1 0.20947 0.669925 0.06738 0.03255000000000008
1 0.20947 0.7141949999999999 0.06738 0.03254999999999997
1 0.20898499999999998 0.759115 0.06641 0.033849999999999936
0 0.49121328000000003 0.603515 0.98047344 0.79297
1 0.237305 0.858075 0.09375 0.04686999999999997
1 0.41552500000000003 0.858725 0.09473000000000004 0.048169999999999935
1 0.053711049999999996 0.85677 0.0898439 0.04688000000000003
1 0.056639499999999995 0.97461 0.089841 0.04818
1 0.59863 0.852865 0.08007999999999993 0.06770999999999994
3 0.29003999999999996 0.692705 0.10352 0.20572999999999997
3 0.34082 0.87435 0.04687999999999998 0.08463999999999994
3 0.160155 0.87565 0.03514999999999999 0.08463999999999994
3 0.0917975 0.6985699999999999 0.095705 0.20182
5 0.49804499999999996 0.69076 0.14062999999999998 0.28776
5 0.69287 0.66276 0.11426000000000003 0.5104199999999999
1 0.25293 0.0690105 0.08398000000000003 0.046875
1 0.43310499999999996 0.093751 0.04199000000000003 0.046878
1 0.39111 0.0950525 0.028320000000000012 0.046875
1 0.784665 0.85612 0.09276999999999991 0.058599999999999985
4 0.291995 0.330075 0.009770000000000001 0.11848999999999998
4 0.30225 0.48112 0.03417999999999999 0.09505999999999998
4 0.299805 0.867835 0.037109999999999976 0.06901000000000002
4 0.670895 0.33008 0.037109999999999976 0.11587999999999998
4 0.83887 0.328125 0.01757999999999993 0.15105000000000002
4 0.83691 0.479815 0.01758000000000004 0.08202999999999999
4 0.83545 0.735025 0.01856000000000002 0.07683000000000006
4 0.8369150000000001 0.859375 0.01366999999999996 0.08072999999999997
7 0.5317400000000001 0.332685 0.03808 0.05859000000000003
7 0.543945 0.484375 0.023430000000000062 0.03125
7 0.544435 0.86198 0.020510000000000028 0.039059999999999984
7 0.54541 0.617185 0.024419999999999997 0.033849999999999936
7 0.543455 0.7330749999999999 0.020510000000000028 0.041669999999999985
7 0.6157250000000001 0.430335 0.043950000000000045 0.03255000000000002
7 0.6167 0.553385 0.04200000000000004 0.03644999999999998
7 0.617675 0.82031 0.04198999999999997 0.03645999999999994
7 0.618655 0.68945 0.04199000000000008 0.037760000000000016
5 0.49756 0.085936 0.09864 0.11978799999999999
4 0.48291 0.32552000000000003 0.04393999999999998 0.15104
4 0.48291 0.48046500000000003 0.04393999999999998 0.09375000000000006
8 0.68457 0.603515 0.07225999999999999 0.7799499999999999
8 0.49511499999999997 0.603515 0.07227 0.7799499999999999
8 0.1171885 0.6041650000000001 0.05078300000000001 0.78385
9 0.890625 0.55013 0.11132999999999993 0.02214000000000005
9 0.89209 0.66862 0.11229999999999996 0.02214000000000005
9 0.962405 0.55208 0.03222999999999998 0.026040000000000063
9 0.9633799999999999 0.671875 0.032220000000000026 0.026049999999999907
9 0.82959 0.5520849999999999 0.00878000000000001 0.020830000000000015
9 0.831545 0.66797 0.008789999999999965 0.02084000000000008
7 0.78613 0.6048199999999999 0.0859399999999999 0.15234000000000003
10 0.933595 0.484375 0.08984999999999999 0.06511
10 0.93262 0.7363299999999999 0.08983999999999992 0.06379999999999997
10 0.9321299999999999 0.33073 0.09082000000000001 0.125
10 0.862305 0.328775 0.017570000000000086 0.14712999999999998
