0 0.50048985 0.49999764999999996 0.9951203 0.9929447
1 0.23535 0.8589899999999999 0.05078000000000002 0.04935999999999996
1 0.23535 0.673325 0.05078000000000002 0.049350000000000005
1 0.23535 0.47826 0.05078000000000002 0.04936000000000007
1 0.23926 0.285545 0.05077999999999999 0.049350000000000005
1 0.24512 0.1034055 0.050779999999999964 0.049349000000000004
1 0.362305 0.863105 0.08006999999999997 0.04583000000000004
1 0.36035 0.6745 0.08008000000000004 0.04465999999999992
1 0.362305 0.47826 0.08006999999999997 0.04465999999999998
1 0.365235 0.28437 0.08007000000000003 0.04465999999999998
1 0.36914 0.099883 0.08007999999999998 0.044654
1 0.507325 0.283195 0.07518999999999998 0.047009999999999996
1 0.50537 0.47591 0.07519999999999993 0.04700000000000004
1 0.510255 0.0981205 0.07518999999999992 0.048179
1 0.504885 0.6762600000000001 0.07226999999999995 0.04818
1 0.5043949999999999 0.8619300000000001 0.07518999999999998 0.04818
1 0.654785 0.673325 0.09276999999999991 0.05640999999999996
1 0.655275 0.86545 0.09375 0.057580000000000076
1 0.657225 0.28261000000000003 0.09375 0.05758000000000002
1 0.63574 0.47414500000000004 0.09570000000000001 0.07873000000000002
1 0.80908 0.283195 0.06738 0.04934999999999995
2 0.94971 0.47414999999999996 0.09082000000000001 0.09517999999999999
1 0.078613 0.670975 0.034179999999999995 0.05404999999999993
1 0.078613 0.85664 0.034179999999999995 0.05406
1 0.081543 0.481785 0.03418 0.05404999999999999
1 0.086428 0.28907 0.034184000000000006 0.05406
1 0.0922875 0.10752300000000001 0.03418500000000001 0.055234000000000005
3 0.309085 0.096359 0.03222999999999998 0.10576200000000001
3 0.30371 0.283785 0.03320000000000001 0.10458999999999999
3 0.30127000000000004 0.47415 0.036140000000000005 0.10458
3 0.29883000000000004 0.6727399999999999 0.035160000000000025 0.10458
3 0.299805 0.8619300000000001 0.035150000000000015 0.10458
3 0.578125 0.86134 0.04686999999999997 0.10576000000000008
3 0.581055 0.28026 0.04882999999999993 0.11398
3 0.580565 0.673325 0.04980999999999991 0.11280999999999997
4 0.722655 0.277905 0.042970000000000064 0.09753
4 0.72217 0.673325 0.04393999999999998 0.10104999999999997
4 0.72119 0.8660399999999999 0.04394000000000009 0.10106000000000004
5 0.711425 0.47062 0.06347000000000003 0.2832
6 0.24609499999999998 0.11457 0.048829999999999985 0.019979999999999998
6 0.24609499999999998 0.092833 0.048829999999999985 0.021154000000000006
6 0.23779 0.29612 0.055660000000000015 0.023499999999999965
6 0.23779 0.27321 0.055660000000000015 0.024680000000000035
6 0.236325 0.49001 0.04883000000000004 0.023499999999999965
6 0.236325 0.46651 0.04883000000000004 0.02350000000000002
6 0.232425 0.7062299999999999 0.05468999999999999 0.023499999999999965
6 0.232425 0.64042 0.05468999999999999 0.023500000000000076
6 0.231935 0.894245 0.05371000000000001 0.02585000000000004
6 0.231935 0.828435 0.05371000000000001 0.02585000000000004
6 0.36816000000000004 0.10986850000000001 0.08007999999999998 0.022322999999999996
6 0.36914 0.0881315 0.08007999999999998 0.018801
6 0.36377000000000004 0.272035 0.08300000000000002 0.01762999999999998
6 0.364255 0.29436 0.08202999999999999 0.022320000000000007
6 0.36279 0.46651 0.07909999999999995 0.021160000000000012
6 0.362305 0.488835 0.07812999999999998 0.021150000000000002
6 0.36084000000000005 0.66275 0.0791 0.021159999999999957
6 0.36035 0.685075 0.07811999999999997 0.021150000000000002
6 0.359865 0.89718 0.08301000000000003 0.024680000000000035
6 0.36034999999999995 0.8302 0.08398 0.024679999999999924
6 0.50586 0.24794500000000003 0.07225999999999999 0.02115000000000003
6 0.50586 0.31551 0.07225999999999999 0.022320000000000007
6 0.507325 0.128085 0.07128999999999996 0.021150000000000002
6 0.498045 0.44183 0.06054999999999999 0.023499999999999965
6 0.49805 0.509985 0.0625 0.025849999999999984
6 0.504885 0.663925 0.07226999999999995 0.02350999999999992
6 0.504885 0.688015 0.07226999999999995 0.022330000000000072
6 0.5043949999999999 0.852525 0.07324999999999993 0.02232999999999996
6 0.5043949999999999 0.8748549999999999 0.07324999999999993 0.022330000000000072
6 0.657225 0.269095 0.09178999999999993 0.025849999999999984
6 0.657225 0.29612499999999997 0.09178999999999993 0.025849999999999984
6 0.6557599999999999 0.6604 0.09082000000000001 0.025859999999999994
6 0.654295 0.7097549999999999 0.09375 0.02585000000000004
6 0.652835 0.82961 0.09276999999999991 0.023499999999999965
6 0.65527 0.5 0.056640000000000024 0.019980000000000053
6 0.65381 0.454175 0.057620000000000005 0.031730000000000036
7 0.8847700000000001 0.472975 0.06836000000000009 0.19858999999999993
3 0.552735 0.47591 0.05859000000000003 0.19976000000000005
8 0.151365 0.4988228 0.11523 0.9811943999999999
8 0.41698999999999997 0.49882550000000003 0.05077999999999999 0.969449
8 0.73096 0.5017605 0.0673800000000001 0.970619
9 0.6386700000000001 0.42479500000000003 0.08984000000000003 0.010570000000000024
9 0.6386700000000001 0.5258499999999999 0.08984000000000003 0.010579999999999923
9 0.63965 0.54994 0.08594000000000002 0.014100000000000001
9 0.640625 0.40188 0.08593000000000006 0.014100000000000001
9 0.5883799999999999 0.403055 0.01856000000000002 0.018809999999999993
9 0.58594 0.42538 0.01757999999999993 0.018799999999999983
9 0.58594 0.52644 0.01757999999999993 0.018799999999999928
9 0.58838 0.549355 0.016599999999999948 0.019969999999999932
5 0.08496200000000001 0.5005878 0.064456 0.9847243999999999
10 0.9536100000000001 0.284375 0.08496000000000004 0.11751
10 0.955565 0.670385 0.08301000000000003 0.12102999999999997
10 0.949705 0.592835 0.024410000000000043 0.017630000000000035
1 0.81152 0.475325 0.06835999999999998 0.050529999999999964
1 0.81006 0.6745 0.06738 0.04936000000000007
