4 0.821524 0.957520 0.022727 0.010742
4 0.820856 0.939453 0.026738 0.009766
4 0.347594 0.935059 0.034759 0.024414
4 0.506016 0.933594 0.033422 0.023438
4 0.424465 0.918945 0.113636 0.144531
4 0.739305 0.916992 0.112299 0.144531
4 0.580882 0.916504 0.113636 0.145508
4 0.262701 0.916016 0.113636 0.144531
4 0.109626 0.916504 0.112299 0.147461
4 0.885027 0.908203 0.096257 0.132812
4 0.432487 0.829102 0.086898 0.017578
6 0.692513 0.549805 0.024064 0.097656
6 0.628342 0.549805 0.024064 0.097656
6 0.534091 0.549805 0.022727 0.097656
6 0.942513 0.549316 0.024064 0.098633
6 0.851604 0.549316 0.024064 0.098633
6 0.785428 0.549316 0.022727 0.098633
6 0.469920 0.550293 0.022727 0.100586
6 0.311497 0.549805 0.024064 0.099609
6 0.218583 0.549805 0.022727 0.099609
6 0.155080 0.549805 0.024064 0.099609
6 0.376337 0.549805 0.022727 0.101562
6 0.060160 0.549316 0.024064 0.100586
0 0.423128 0.731934 0.068182 0.084961
0 0.737299 0.730957 0.068182 0.084961
0 0.580214 0.730957 0.066845 0.084961
0 0.265374 0.731445 0.068182 0.085938
0 0.107620 0.730957 0.068182 0.084961
0 0.895053 0.730957 0.068182 0.086914
0 0.735294 0.552734 0.069519 0.091797
0 0.893048 0.552246 0.072193 0.092773
0 0.578877 0.552246 0.072193 0.092773
0 0.421791 0.553223 0.070856 0.094727
0 0.264706 0.552734 0.069519 0.093750
0 0.106952 0.552246 0.069519 0.094727
0 0.578877 0.375000 0.069519 0.085938
0 0.421791 0.375000 0.068182 0.085938
0 0.891043 0.375000 0.068182 0.087891
0 0.735294 0.374512 0.066845 0.086914
0 0.264037 0.374512 0.068182 0.086914
0 0.106283 0.374512 0.068182 0.086914
0 0.889706 0.209961 0.068182 0.085938
0 0.733957 0.209961 0.066845 0.085938
0 0.578209 0.208984 0.068182 0.085938
0 0.421123 0.209961 0.066845 0.087891
0 0.262701 0.209473 0.065508 0.086914
0 0.106283 0.208496 0.068182 0.086914
0 0.735294 0.097168 0.024064 0.022461
0 0.576872 0.097168 0.025401 0.022461
0 0.891711 0.096191 0.026738 0.022461
0 0.421791 0.096191 0.025401 0.022461
0 0.265374 0.096191 0.022727 0.022461
0 0.104947 0.095215 0.025401 0.022461
1 0.500668 0.789062 0.990642 0.042969
1 0.500000 0.632324 0.986631 0.073242
1 0.502005 0.259277 0.985294 0.032227
1 0.505348 0.069336 0.983957 0.109375
7 0.939840 0.095215 0.069519 0.026367
7 0.656417 0.094727 0.133690 0.027344
7 0.814840 0.092773 0.132353 0.027344
7 0.499332 0.092773 0.132353 0.027344
7 0.342914 0.093262 0.132353 0.028320
7 0.185829 0.093262 0.136364 0.028320
7 0.058824 0.092773 0.066845 0.027344
7 0.949866 0.053711 0.014706 0.027344
7 0.761364 0.054199 0.014706 0.028320
7 0.696524 0.053711 0.016043 0.027344
7 0.919786 0.052734 0.016043 0.027344
7 0.886364 0.052734 0.016043 0.027344
7 0.858289 0.053223 0.016043 0.028320
7 0.825535 0.053223 0.014706 0.028320
7 0.729278 0.052734 0.014706 0.027344
7 0.601604 0.052734 0.016043 0.027344
7 0.567513 0.053223 0.014706 0.028320
7 0.536096 0.053223 0.016043 0.028320
7 0.505348 0.053223 0.016043 0.028320
7 0.471925 0.052734 0.016043 0.027344
7 0.441845 0.053223 0.014706 0.028320
7 0.410428 0.052734 0.016043 0.027344
7 0.377005 0.052734 0.016043 0.027344
7 0.794118 0.052246 0.016043 0.028320
7 0.665107 0.052246 0.014706 0.028320
7 0.633690 0.051758 0.016043 0.027344
7 0.345588 0.051758 0.014706 0.027344
7 0.311497 0.052246 0.016043 0.028320
7 0.282086 0.051758 0.016043 0.027344
7 0.248663 0.051758 0.016043 0.027344
7 0.183824 0.052246 0.014706 0.028320
7 0.153075 0.052246 0.014706 0.028320
7 0.119652 0.052246 0.014706 0.028320
7 0.088235 0.052246 0.016043 0.028320
7 0.060160 0.052246 0.016043 0.028320
7 0.216578 0.051270 0.016043 0.028320
7 0.025401 0.042969 0.016043 0.027344
2 0.425134 0.477051 0.155080 0.047852
2 0.823529 0.477051 0.318182 0.049805
2 0.584893 0.477051 0.156417 0.049805
2 0.266711 0.477051 0.153743 0.051758
2 0.106283 0.476562 0.151070 0.050781
2 0.739973 0.312500 0.148396 0.083984
2 0.580882 0.313477 0.143048 0.085938
2 0.897727 0.314453 0.151070 0.089844
2 0.425134 0.313477 0.141711 0.087891
2 0.266043 0.312988 0.141711 0.086914
2 0.105615 0.312012 0.139037 0.084961
2 0.582888 0.145020 0.136364 0.038086
2 0.895722 0.144531 0.141711 0.039062
2 0.425134 0.143555 0.133690 0.037109
2 0.738636 0.144531 0.137701 0.041016
2 0.265374 0.143066 0.132353 0.038086
2 0.105615 0.142090 0.131016 0.036133
3 0.422460 0.618164 0.128342 0.035156
3 0.269385 0.617188 0.129679 0.035156
3 0.106283 0.617188 0.129679 0.035156
3 0.904412 0.616211 0.129679 0.035156
3 0.742647 0.616699 0.129679 0.036133
3 0.586898 0.616699 0.128342 0.036133
3 0.897059 0.437012 0.128342 0.036133
3 0.740642 0.436035 0.128342 0.036133
3 0.583556 0.436035 0.129679 0.036133
3 0.422460 0.436035 0.128342 0.036133
3 0.264037 0.436035 0.129679 0.036133
3 0.105615 0.435547 0.128342 0.035156
