1 0.827145 0.50586 0.037109999999999976 0.01691999999999999
1 0.8261700000000001 0.47656 0.039059999999999984 0.023440000000000016
1 0.827145 0.44922 0.037109999999999976 0.015619999999999967
0 0.575195 0.48372000000000004 0.84765 0.63672
3 0.489745 0.274735 0.03027000000000002 0.15625
3 0.35253999999999996 0.48177 0.027339999999999975 0.15103999999999995
3 0.35156 0.27604 0.029299999999999993 0.15103999999999998
3 0.353515 0.0657575 0.04492999999999997 0.100265
4 0.45215 0.276695 0.04491999999999996 0.12108999999999998
4 0.450195 0.482425 0.044930000000000025 0.12108999999999998
4 0.43505499999999997 0.6894549999999999 0.014649999999999996 0.12890999999999997
4 0.57959 0.68685 0.014640000000000097 0.12890000000000001
4 0.580075 0.48633000000000004 0.013670000000000071 0.12890000000000007
4 0.586915 0.27538999999999997 0.029290000000000038 0.13412
4 0.85596 0.479815 0.022460000000000035 0.09505000000000002
4 0.31445500000000004 0.05143105 0.013670000000000015 0.1002579
4 0.453125 0.059245 0.011709999999999998 0.06901
4 0.27197499999999997 0.898435 0.014649999999999996 0.08072999999999997
3 0.18066500000000002 0.8984399999999999 0.017570000000000002 0.10155999999999998
4 0.409665 0.901695 0.014650000000000052 0.08203000000000005
3 0.453615 0.911455 0.01855000000000001 0.11979000000000006
7 0.30908 0.417315 0.016600000000000004 0.42839000000000005
7 0.401855 0.5833349999999999 0.045889999999999986 0.07812999999999992
7 0.40332 0.378255 0.044920000000000015 0.07683000000000001
7 0.456055 0.378255 0.029289999999999983 0.06901000000000002
7 0.453615 0.583985 0.03027000000000002 0.06901000000000002
7 0.54541 0.378255 0.040039999999999965 0.06901000000000002
7 0.54541 0.5833349999999999 0.040039999999999965 0.07030999999999998
7 0.754885 0.27734000000000003 0.037109999999999976 0.11198000000000002
7 0.75488 0.192055 0.03320000000000001 0.04297000000000001
7 0.7553700000000001 0.365885 0.03417999999999999 0.052090000000000025
7 0.753905 0.48112 0.04100999999999999 0.16535999999999995
7 0.75537 0.60026 0.03614000000000006 0.059900000000000064
7 0.75488 0.68685 0.02733999999999992 0.05337999999999998
7 0.794435 0.478515 0.024410000000000043 0.06901000000000002
8 0.18115 0.48242 0.057620000000000005 0.6263
8 0.31884500000000005 0.485675 0.047850000000000004 0.63021
1 0.27832 0.061849 0.06640000000000001 0.042968000000000006
1 0.260745 0.246095 0.07030999999999998 0.04167000000000001
1 0.26123 0.303385 0.06933999999999998 0.041669999999999985
1 0.25928 0.45116999999999996 0.06933999999999998 0.04036000000000001
1 0.25928 0.509115 0.06933999999999998 0.04167000000000004
1 0.25878999999999996 0.65625 0.07032 0.04166000000000003
1 0.2583 0.716795 0.06934000000000001 0.04037000000000002
1 0.396485 0.714845 0.06641000000000002 0.041669999999999985
1 0.395015 0.658855 0.06542999999999999 0.041669999999999985
1 0.399905 0.303385 0.06542999999999999 0.041669999999999985
1 0.39941499999999996 0.24739500000000003 0.06641000000000002 0.04167000000000001
1 0.39941499999999996 0.45182500000000003 0.06641000000000002 0.04167000000000004
1 0.398435 0.50651 0.06641000000000002 0.04166000000000003
1 0.23779499999999998 0.89909 0.06542999999999996 0.058600000000000096
1 0.37011499999999997 0.90039 0.07227 0.058599999999999985
1 0.5405249999999999 0.717445 0.07128999999999996 0.04427000000000003
1 0.513185 0.9016949999999999 0.07129000000000002 0.05859000000000003
1 0.5405249999999999 0.6582049999999999 0.07128999999999996 0.04557
1 0.5390649999999999 0.507165 0.07030999999999998 0.045570000000000055
1 0.541505 0.45182500000000003 0.07129000000000008 0.044269999999999976
1 0.541015 0.24479499999999998 0.07030999999999998 0.044270000000000004
1 0.541015 0.302085 0.07030999999999998 0.04427000000000003
1 0.41553 0.061198 0.06738 0.04166600000000001
1 0.830565 0.304685 0.07129000000000008 0.041669999999999985
1 0.828615 0.24739500000000003 0.07129000000000008 0.04167000000000001
1 0.825685 0.71875 0.07129000000000008 0.04166000000000003
1 0.825685 0.6614549999999999 0.07129000000000008 0.041669999999999985
1 0.688965 0.277345 0.07324999999999993 0.09114999999999998
1 0.68701 0.48177000000000003 0.07323999999999997 0.09114000000000005
1 0.6875 0.68294 0.07421999999999995 0.08983999999999992
3 0.481445 0.48307500000000003 0.04687000000000002 0.15885
2 0.92334 0.476565 0.10643999999999998 0.07030999999999993
2 0.94824 0.273435 0.09765999999999997 0.09374999999999997
2 0.94824 0.692705 0.09765999999999997 0.09375
