0 0.709424 0.624309 0.071553 0.049724
0 0.844677 0.622928 0.097731 0.052486
0 0.404887 0.622928 0.024433 0.052486
0 0.602094 0.621547 0.031414 0.055249
0 0.560209 0.621547 0.031414 0.055249
0 0.518325 0.621547 0.031414 0.055249
0 0.301047 0.621547 0.092496 0.055249
0 0.179756 0.620166 0.094241 0.058011
0 0.173647 0.454420 0.092496 0.046961
0 0.603839 0.457182 0.031414 0.063536
0 0.560209 0.457182 0.031414 0.063536
0 0.417103 0.466851 0.048866 0.082873
0 0.846422 0.453039 0.101222 0.060773
0 0.713787 0.465470 0.076789 0.085635
0 0.516579 0.455801 0.031414 0.066298
0 0.298429 0.280387 0.090750 0.046961
0 0.176265 0.280387 0.094241 0.046961
0 0.417103 0.295580 0.052356 0.082873
0 0.560209 0.283149 0.031414 0.063536
0 0.516579 0.283149 0.031414 0.063536
0 0.708551 0.291436 0.073298 0.085635
0 0.603839 0.281768 0.031414 0.066298
0 0.847295 0.269337 0.092496 0.046961
0 0.171902 0.107735 0.085515 0.038674
0 0.849040 0.100829 0.095986 0.030387
0 0.295812 0.106354 0.099476 0.041436
0 0.418848 0.124309 0.048866 0.082873
0 0.707679 0.122928 0.078534 0.085635
0 0.516579 0.113260 0.031414 0.066298
0 0.602094 0.111878 0.031414 0.069061
0 0.560209 0.111878 0.031414 0.069061
1 0.500873 0.729282 0.848168 0.049724
1 0.505236 0.041436 0.839442 0.071823
9 0.755672 0.821823 0.090750 0.135359
9 0.539267 0.821823 0.090750 0.135359
9 0.425829 0.821823 0.090750 0.135359
9 0.319372 0.821823 0.090750 0.135359
9 0.214660 0.821823 0.090750 0.135359
9 0.116056 0.821823 0.075044 0.135359
9 0.645724 0.819061 0.090750 0.135359
5 0.561082 0.501381 0.137871 0.024862
5 0.558464 0.327348 0.139616 0.024862
5 0.560209 0.158840 0.139616 0.024862
3 0.502618 0.691989 0.848168 0.085635
3 0.843805 0.531768 0.130890 0.096685
3 0.224258 0.533149 0.270506 0.110497
3 0.222513 0.359116 0.270506 0.110497
3 0.845550 0.350829 0.134380 0.116022
3 0.222513 0.182320 0.270506 0.110497
3 0.843805 0.174033 0.134380 0.116022
8 0.417976 0.622928 0.047120 0.052486
8 0.758290 0.620166 0.026178 0.058011
8 0.658813 0.618785 0.026178 0.060773
8 0.455497 0.466851 0.027923 0.088398
8 0.759162 0.462707 0.027923 0.085635
8 0.660558 0.464088 0.029668 0.088398
8 0.379581 0.462707 0.026178 0.091160
8 0.417103 0.295580 0.048866 0.077348
8 0.720768 0.292818 0.045375 0.082873
8 0.657941 0.290055 0.027923 0.088398
8 0.708551 0.122928 0.076789 0.080110
8 0.456370 0.121547 0.026178 0.088398
8 0.381326 0.122928 0.026178 0.091160
