1 0.500000 0.500000 1.000000 1.000000
0 0.690755 0.498535 0.084635 0.069336
0 0.458333 0.489258 0.341146 0.087891
0 0.224609 0.489258 0.087240 0.087891
0 0.690755 0.388672 0.084635 0.064453
0 0.593099 0.388672 0.071615 0.064453
0 0.460938 0.388672 0.156250 0.064453
0 0.334635 0.388672 0.093750 0.064453
0 0.224609 0.388672 0.087240 0.064453
0 0.455729 0.645020 0.601562 0.698242
6 0.588542 0.598633 0.020833 0.013672
6 0.501302 0.598145 0.020833 0.012695
6 0.418620 0.598145 0.022135 0.014648
6 0.329427 0.597168 0.020833 0.014648
8 0.257161 0.759766 0.016927 0.046875
8 0.718750 0.759766 0.018229 0.048828
8 0.656250 0.759766 0.013021 0.048828
8 0.599609 0.759277 0.016927 0.047852
8 0.542969 0.759766 0.015625 0.048828
8 0.486979 0.759766 0.013021 0.048828
8 0.429036 0.759766 0.016927 0.048828
8 0.371745 0.760254 0.016927 0.049805
8 0.315104 0.760742 0.015625 0.050781
8 0.194661 0.759277 0.014323 0.047852
8 0.588542 0.633789 0.018229 0.056641
8 0.416667 0.633789 0.018229 0.056641
8 0.500000 0.633301 0.015625 0.057617
8 0.327474 0.633301 0.016927 0.057617
8 0.545573 0.509766 0.018229 0.062500
8 0.372396 0.508301 0.018229 0.063477
8 0.741536 0.447754 0.029948 0.186523
8 0.638672 0.446777 0.029948 0.188477
8 0.547526 0.386230 0.019531 0.069336
8 0.373698 0.384277 0.018229 0.069336
8 0.279297 0.442383 0.029948 0.191406
8 0.172526 0.441895 0.029948 0.190430
2 0.225911 0.973145 0.040365 0.043945
2 0.287760 0.972656 0.039062 0.044922
2 0.577474 0.970703 0.037760 0.044922
2 0.515625 0.970703 0.036458 0.044922
2 0.287109 0.872559 0.040365 0.061523
2 0.224609 0.873047 0.040365 0.062500
2 0.685547 0.870117 0.045573 0.060547
2 0.513672 0.870605 0.037760 0.061523
2 0.574219 0.870117 0.039062 0.062500
2 0.685547 0.750977 0.045573 0.066406
2 0.570964 0.750488 0.040365 0.065430
2 0.513672 0.750977 0.040365 0.066406
2 0.400391 0.750977 0.040365 0.066406
2 0.342448 0.751465 0.039062 0.067383
2 0.224609 0.750488 0.045573 0.065430
2 0.830078 0.722656 0.048177 0.068359
2 0.689453 0.630859 0.045573 0.066406
2 0.542318 0.629883 0.069010 0.064453
2 0.371745 0.629883 0.071615 0.064453
2 0.225260 0.628906 0.046875 0.068359
2 0.072917 0.612793 0.049479 0.067383
2 0.827474 0.591309 0.048177 0.065430
2 0.687500 0.511230 0.044271 0.059570
2 0.572266 0.510254 0.040365 0.059570
2 0.514974 0.510254 0.037760 0.059570
2 0.401042 0.509766 0.041667 0.060547
2 0.343099 0.508789 0.040365 0.060547
2 0.223958 0.507324 0.046875 0.061523
2 0.070964 0.488770 0.048177 0.057617
2 0.825521 0.470215 0.046875 0.065430
2 0.690755 0.395020 0.042969 0.059570
2 0.574219 0.394043 0.039062 0.061523
2 0.516927 0.392578 0.039062 0.060547
2 0.402344 0.391602 0.041667 0.060547
2 0.343750 0.391113 0.039062 0.061523
2 0.224609 0.389160 0.048177 0.061523
3 0.456380 0.808594 0.592448 0.056641
3 0.673828 0.666992 0.152344 0.013672
3 0.458984 0.666992 0.066406 0.013672
3 0.239583 0.666992 0.158854 0.013672
3 0.458333 0.547852 0.596354 0.029297
3 0.690755 0.432129 0.084635 0.022461
3 0.458333 0.433105 0.341146 0.024414
3 0.224609 0.433105 0.087240 0.024414
3 0.457031 0.326660 0.593750 0.059570
11 0.689453 0.958496 0.066406 0.073242
11 0.401042 0.930176 0.059896 0.118164
9 0.403646 0.854492 0.104167 0.021484
9 0.458333 0.607910 0.033854 0.059570
9 0.121745 0.587402 0.042969 0.026367
9 0.690755 0.453613 0.084635 0.020508
9 0.224609 0.448730 0.084635 0.020508
4 0.692057 0.699219 0.102865 0.021484
4 0.548828 0.700195 0.152344 0.023438
4 0.375000 0.699707 0.151042 0.022461
4 0.226562 0.697266 0.096354 0.019531
4 0.691406 0.583984 0.085938 0.019531
4 0.226562 0.579590 0.080729 0.016602
4 0.550781 0.582031 0.125000 0.027344
4 0.376302 0.581055 0.125000 0.029297
4 0.832031 0.535645 0.106771 0.043945
4 0.547526 0.469238 0.131510 0.022461
4 0.375000 0.467285 0.130208 0.022461
4 0.832031 0.427246 0.096354 0.022461
4 0.072266 0.436523 0.105469 0.041016
7 0.688802 0.796875 0.078125 0.025391
7 0.374349 0.797852 0.131510 0.027344
7 0.544271 0.796875 0.130208 0.027344
7 0.227865 0.797852 0.080729 0.029297
7 0.544922 0.675293 0.113281 0.026367
7 0.371745 0.674805 0.113281 0.025391
7 0.835286 0.638184 0.110677 0.028320
7 0.071615 0.533203 0.085938 0.031250
