0 0.49904740000000003 0.5043928 0.9942852 0.9892544
1 0.5304800000000001 0.0903325 0.10476000000000002 0.030274999999999996
1 0.5304800000000001 0.12988 0.10476000000000002 0.029299999999999993
1 0.52667 0.5341800000000001 0.11238000000000004 0.029299999999999993
1 0.5257149999999999 0.5654300000000001 0.11046999999999996 0.029299999999999993
1 0.5257149999999999 0.5966800000000001 0.11046999999999996 0.029299999999999993
1 0.52476 0.802245 0.10475999999999996 0.04198999999999997
1 0.52476 0.940915 0.10475999999999996 0.04199000000000008
1 0.846665 0.0908225 0.1009500000000001 0.031255000000000005
1 0.84762 0.13086 0.10286000000000006 0.03320000000000001
1 0.84762 0.515625 0.10286000000000006 0.037109999999999976
1 0.844765 0.631835 0.10094999999999998 0.037109999999999976
1 0.844765 0.79834 0.10094999999999998 0.03613999999999995
1 0.844765 0.926755 0.10094999999999998 0.037109999999999976
1 0.44381000000000004 0.0898445 0.057140000000000024 0.031251
1 0.44476499999999997 0.128905 0.05904999999999999 0.031249999999999986
1 0.438095 0.535155 0.05714999999999998 0.027349999999999985
1 0.438095 0.566405 0.05714999999999998 0.027349999999999985
1 0.43618999999999997 0.597655 0.057140000000000024 0.027349999999999985
1 0.433335 0.800785 0.05904999999999999 0.04296999999999995
1 0.433335 0.9404300000000001 0.05904999999999999 0.04296
1 0.761905 0.516115 0.05714999999999992 0.036129999999999995
1 0.759045 0.632325 0.05905000000000005 0.036129999999999995
1 0.758095 0.799315 0.057150000000000034 0.036129999999999995
1 0.75619 0.9292 0.05713999999999997 0.03613999999999995
1 0.7628550000000001 0.0913075 0.059049999999999936 0.032225000000000004
1 0.7628550000000001 0.130855 0.059049999999999936 0.03125
1 0.421905 0.260255 0.05143000000000003 0.020509999999999973
1 0.421905 0.282715 0.05143000000000003 0.020510000000000028
1 0.42 0.305175 0.05142000000000002 0.020509999999999973
1 0.500955 0.260255 0.09904999999999997 0.020509999999999973
1 0.500955 0.282715 0.09904999999999997 0.020510000000000028
1 0.500955 0.306155 0.09904999999999997 0.020510000000000028
1 0.213335 0.802245 0.09143000000000001 0.014650000000000052
1 0.219045 0.567385 0.09142999999999998 0.015630000000000033
1 0.1266675 0.32959 0.089525 0.010739999999999972
1 0.125715 0.30810499999999996 0.09143 0.010749999999999982
1 0.22286 0.1064465 0.08762000000000003 0.015627000000000002
2 0.868575 0.327635 0.24381000000000008 0.11035
1 0.18762 0.0654295 0.08952000000000002 0.019531
3 0.390475 0.1010725 0.03809000000000001 0.10839499999999999
3 0.37619 0.56299 0.028579999999999994 0.12402000000000002
3 0.374285 0.79834 0.024770000000000014 0.07910000000000006
3 0.373335 0.939945 0.026670000000000027 0.07714999999999994
4 0.59714 0.1054685 0.024760000000000004 0.09570300000000001
4 0.5933299999999999 0.563475 0.024760000000000004 0.11133000000000004
4 0.58952 0.798335 0.024760000000000004 0.06542999999999999
4 0.58857 0.93799 0.026660000000000017 0.06738
7 0.59619 0.28125 0.05713999999999997 0.11717999999999998
7 0.599045 0.365725 0.06667000000000001 0.026370000000000005
7 0.60381 0.40088 0.053340000000000054 0.04004000000000002
7 0.40285499999999996 0.42627000000000004 0.15428999999999998 0.018559999999999965
7 0.40952 0.44384999999999997 0.14476 0.016600000000000004
7 0.405715 0.198245 0.14856999999999998 0.019529999999999992
8 0.9076150000000001 0.5063475000000001 0.043810000000000016 0.975585
8 0.301905 0.5068355 0.08571000000000001 0.9746090000000001
7 0.710475 0.20703 0.09904999999999997 0.056639999999999996
7 0.71143 0.36914 0.09714 0.04687999999999998
