0 0.525045 0.879939 0.080501 0.106383
0 0.750447 0.875380 0.080501 0.115502
0 0.299642 0.873860 0.080501 0.112462
0 0.526834 0.650456 0.076923 0.079027
0 0.298748 0.667933 0.078712 0.117021
0 0.754919 0.666413 0.078712 0.117021
0 0.299642 0.467325 0.084079 0.113982
0 0.527728 0.465805 0.085868 0.113982
0 0.756708 0.464286 0.085868 0.113982
0 0.417710 0.290274 0.069767 0.082067
0 0.644902 0.287234 0.069767 0.082067
1 0.535778 0.349544 0.796064 0.063830
5 0.754025 0.943769 0.123435 0.021277
5 0.525045 0.943769 0.123435 0.021277
5 0.299642 0.940729 0.123435 0.021277
5 0.296064 0.737082 0.123435 0.021277
5 0.755814 0.735562 0.123435 0.021277
5 0.299642 0.534954 0.123435 0.021277
5 0.528623 0.533435 0.123435 0.021277
5 0.759392 0.531915 0.123435 0.021277
3 0.509839 0.758359 0.243292 0.136778
3 0.599284 0.202128 0.261181 0.036474
8 0.300537 0.877660 0.071556 0.117021
8 0.754919 0.654255 0.071556 0.089666
8 0.418605 0.289514 0.064401 0.077508
