1 0.468595 0.72011 0.10144999999999998 0.032399999999999984
1 0.47826499999999994 0.8162 0.11110999999999999 0.05252000000000001
1 0.65821 0.819555 0.10385999999999995 0.052509999999999946
1 0.6521699999999999 0.718995 0.10628000000000004 0.03687000000000007
1 0.48068 0.62402 0.09661999999999998 0.025700000000000056
1 0.486715 0.581005 0.09420999999999996 0.02681
1 0.6715 0.58268 0.09661999999999993 0.025700000000000056
1 0.667875 0.622345 0.0942099999999999 0.02681
1 0.52415 0.927935 0.10627999999999999 0.04581000000000002
1 0.68841 0.931845 0.10628000000000004 0.04022999999999999
1 0.444445 0.40335 0.09661000000000003 0.04246
1 0.44203000000000003 0.34804500000000005 0.09178000000000003 0.05251
1 0.63647 0.34357499999999996 0.09420000000000006 0.05251
1 0.8345400000000001 0.34302 0.09419999999999995 0.0514
1 0.8442000000000001 0.40112000000000003 0.08453999999999995 0.04246
1 0.6376850000000001 0.401675 0.10144999999999993 0.04357
1 0.45652000000000004 0.49553 0.08695999999999998 0.023460000000000036
1 0.646135 0.49609000000000003 0.07970999999999995 0.02011999999999997
1 0.8345400000000001 0.49162 0.07487999999999995 0.020120000000000027
1 0.310385 0.81732 0.09903 0.05027999999999999
1 0.36111000000000004 0.9262600000000001 0.10386000000000001 0.04246000000000005
1 0.282605 0.44469499999999995 0.09179000000000001 0.05363000000000001
1 0.294685 0.59441 0.07729000000000003 0.07373999999999992
1 0.272945 0.240785 0.07247 0.036870000000000014
1 0.268115 0.2838 0.048309999999999964 0.033519999999999994
1 0.853865 0.598325 0.10868999999999995 0.08156999999999992
1 0.85266 0.83464 0.08696000000000004 0.0514
1 0.85507 0.747485 0.09661999999999993 0.03575000000000006
1 0.875605 0.9268149999999999 0.10387000000000002 0.04581000000000002
5 0.7608699999999999 0.819555 0.12560000000000004 0.35643
6 0.626815 0.34246 0.07004999999999995 0.04803999999999997
6 0.63889 0.401675 0.09419999999999995 0.03910999999999998
6 0.6400950000000001 0.622905 0.03864999999999996 0.02122999999999997
6 0.29710000000000003 0.61229 0.06280000000000002 0.024580000000000046
6 0.63285 0.8178749999999999 0.03381999999999996 0.04469000000000001
6 0.6884049999999999 0.9346350000000001 0.08212999999999993 0.04357
6 0.8671500000000001 0.9257 0.07730000000000004 0.039100000000000024
7 0.52174 0.41173499999999996 0.03381999999999996 0.030169999999999975
7 0.518115 0.38324 0.036229999999999984 0.02233999999999997
7 0.51691 0.338545 0.03381999999999996 0.02234999999999998
7 0.51449 0.31005499999999997 0.03381999999999996 0.023470000000000046
7 0.7451650000000001 0.35697999999999996 0.07005000000000006 0.059219999999999995
1 0.460145 0.22905 0.10869000000000001 0.04470000000000002
1 0.65338 0.22905 0.10870000000000002 0.04470000000000002
1 0.85266 0.23742999999999997 0.10628000000000004 0.05251999999999998
0 0.519325 0.6324 0.93237 0.7329600000000001
