1 0.500000 0.500000 1.000000 1.000000
0 0.535200 0.485714 0.868800 0.971429
6 0.389600 0.831169 0.036800 0.031169
8 0.561600 0.848052 0.028800 0.189610
8 0.489600 0.848052 0.028800 0.189610
2 0.878400 0.837662 0.092800 0.158442
2 0.738400 0.836364 0.091200 0.161039
2 0.316800 0.831169 0.089600 0.155844
2 0.184000 0.828571 0.089600 0.150649
2 0.593600 0.605195 0.051200 0.067532
2 0.877600 0.616883 0.046400 0.096104
2 0.449600 0.602597 0.051200 0.072727
2 0.181600 0.612987 0.049600 0.093506
2 0.743200 0.606494 0.033600 0.106494
2 0.703200 0.605195 0.033600 0.103896
2 0.296800 0.603896 0.033600 0.101299
2 0.258400 0.601299 0.033600 0.101299
2 0.184000 0.428571 0.051200 0.088312
2 0.593600 0.411688 0.051200 0.059740
2 0.877600 0.427273 0.046400 0.096104
2 0.451200 0.410390 0.051200 0.062338
2 0.259200 0.411688 0.035200 0.101299
2 0.298400 0.409091 0.033600 0.101299
2 0.743200 0.407792 0.033600 0.103896
2 0.701600 0.405195 0.033600 0.103896
2 0.183200 0.250649 0.043200 0.080519
2 0.317600 0.237662 0.043200 0.064935
2 0.876000 0.246753 0.046400 0.088312
2 0.452800 0.244156 0.044800 0.083117
2 0.593600 0.242857 0.044800 0.085714
2 0.736800 0.228571 0.049600 0.067532
2 0.193600 0.090909 0.041600 0.088312
2 0.326400 0.084416 0.041600 0.085714
2 0.595200 0.074026 0.041600 0.085714
2 0.456000 0.072727 0.038400 0.088312
3 0.534400 0.344156 0.854400 0.075325
3 0.538400 0.174026 0.859200 0.093506
9 0.660800 0.602597 0.028800 0.114286
9 0.780000 0.598701 0.027200 0.116883
9 0.332000 0.598701 0.027200 0.116883
9 0.221600 0.597403 0.027200 0.114286
9 0.720000 0.489610 0.102400 0.028571
9 0.281600 0.487013 0.102400 0.028571
9 0.113600 0.548052 0.016000 0.332468
9 0.951200 0.545455 0.020800 0.353247
9 0.333600 0.405195 0.027200 0.103896
9 0.222400 0.405195 0.028800 0.103896
9 0.779200 0.401299 0.028800 0.106494
9 0.661600 0.397403 0.027200 0.103896
4 0.876800 0.553247 0.067200 0.031169
4 0.182400 0.550649 0.067200 0.041558
4 0.181600 0.379221 0.052800 0.020779
4 0.879200 0.375325 0.062400 0.018182
4 0.312800 0.190909 0.142400 0.033766
4 0.731200 0.185714 0.140800 0.033766
7 0.877600 0.679221 0.072000 0.028571
7 0.184800 0.674026 0.072000 0.028571
7 0.877600 0.489610 0.072000 0.028571
7 0.183200 0.487013 0.072000 0.028571
7 0.877600 0.305195 0.072000 0.028571
7 0.182400 0.309091 0.073600 0.036364
7 0.592000 0.302597 0.073600 0.033766
7 0.452800 0.302597 0.073600 0.033766
5 0.496800 0.676623 0.308800 0.075325
5 0.496800 0.480519 0.308800 0.077922
10 0.630400 0.603896 0.022400 0.070130
10 0.913600 0.619481 0.025600 0.106494
10 0.556000 0.602597 0.020800 0.072727
10 0.841600 0.618182 0.025600 0.109091
10 0.486400 0.601299 0.022400 0.075325
10 0.412800 0.601299 0.022400 0.075325
10 0.144000 0.614286 0.025600 0.106494
10 0.145600 0.433766 0.022400 0.098701
10 0.912800 0.431169 0.024000 0.103896
10 0.840800 0.431169 0.024000 0.103896
10 0.555200 0.410390 0.022400 0.062338
10 0.488000 0.410390 0.022400 0.062338
10 0.630400 0.409091 0.022400 0.064935
10 0.414400 0.409091 0.022400 0.064935
10 0.148800 0.255844 0.025600 0.096104
10 0.216000 0.253247 0.022400 0.096104
10 0.911200 0.249351 0.024000 0.098701
10 0.840000 0.249351 0.025600 0.098701
10 0.488000 0.249351 0.025600 0.098701
10 0.736800 0.228571 0.046400 0.062338
10 0.629600 0.248052 0.027200 0.101299
10 0.556000 0.246753 0.027200 0.098701
10 0.416800 0.248052 0.024000 0.101299
10 0.350400 0.236364 0.022400 0.077922
10 0.280800 0.229870 0.024000 0.070130
10 0.536000 0.071429 0.019200 0.085714
10 0.515200 0.070130 0.019200 0.083117
10 0.627200 0.070130 0.025600 0.088312
10 0.562400 0.070130 0.024000 0.088312
10 0.425600 0.072727 0.022400 0.093506
10 0.487200 0.070130 0.024000 0.093506
