0 0.55371 0.50244 0.89258 0.6689400000000001
1 0.276215 0.75586 0.08184999999999998 0.04688000000000003
1 0.277495 0.625 0.07928999999999997 0.04688000000000003
1 0.27941000000000005 0.49805 0.07800000000000001 0.044920000000000015
1 0.28132999999999997 0.37158 0.07927999999999999 0.045899999999999996
1 0.28261 0.24658000000000002 0.07927999999999999 0.04394000000000001
1 0.608055 0.37158 0.09590999999999994 0.045899999999999996
1 0.609335 0.24658000000000002 0.09591000000000005 0.04394000000000001
1 0.610615 0.49805 0.09847000000000006 0.044920000000000015
1 0.595905 0.62549 0.07417000000000007 0.04590000000000005
1 0.5971850000000001 0.754885 0.07416999999999996 0.04686999999999997
1 0.775575 0.626465 0.13171 0.051750000000000074
1 0.775575 0.75635 0.13683 0.057620000000000005
1 0.77174 0.49951 0.12915999999999994 0.05176000000000003
1 0.77302 0.37255499999999997 0.12916000000000005 0.05370999999999998
1 0.767905 0.24707 0.13171 0.05467999999999998
1 0.462915 0.37256 0.10997000000000001 0.045899999999999996
1 0.436705 0.24560500000000002 0.07289000000000001 0.045890000000000014
1 0.461635 0.49805 0.11253000000000002 0.044920000000000015
1 0.462915 0.62598 0.11509000000000003 0.04492000000000007
1 0.43350500000000003 0.75488 0.07161000000000001 0.04492000000000007
1 0.310745 0.9209 0.09719 0.08594000000000002
1 0.46099500000000004 0.91797 0.09591 0.08594000000000002
1 0.608695 0.9209 0.09975 0.08008000000000004
1 0.17263499999999998 0.920895 0.09463000000000002 0.08203000000000005
1 0.760865 0.92041 0.09462999999999999 0.08692
2 0.937975 0.49756 0.11380999999999997 0.0791
2 0.950125 0.24463000000000001 0.09462999999999999 0.08692000000000003
2 0.94821 0.37061 0.09845999999999999 0.09082000000000001
2 0.943095 0.62842 0.10868999999999995 0.09667999999999999
2 0.9418150000000001 0.75586 0.10869000000000006 0.125
2 0.943095 0.92676 0.10868999999999995 0.125
5 0.309465 0.245115 0.030689999999999995 0.06641000000000002
5 0.308185 0.371095 0.030689999999999995 0.06640999999999997
5 0.305625 0.49804499999999996 0.030689999999999995 0.06641000000000002
5 0.305625 0.625975 0.030689999999999995 0.06640999999999997
5 0.30306500000000003 0.7568349999999999 0.03069000000000005 0.06640999999999997
5 0.48656999999999995 0.75293 0.04219999999999996 0.07031999999999994
5 0.48912999999999995 0.24511500000000003 0.04219999999999996 0.07031000000000001
5 0.508315 0.36914 0.07032999999999995 0.08204
5 0.5108699999999999 0.49609499999999995 0.07033999999999996 0.08202999999999999
5 0.50959 0.625975 0.07034000000000001 0.08202999999999994
5 0.6547350000000001 0.24560500000000002 0.053710000000000035 0.06933000000000003
5 0.653455 0.37256 0.053709999999999924 0.06933999999999996
5 0.657285 0.49756 0.053709999999999924 0.06933999999999996
5 0.65601 0.626465 0.05369999999999997 0.06933
5 0.65601 0.75635 0.05369999999999997 0.06933999999999996
5 0.816495 0.24512 0.04986999999999997 0.08594000000000002
5 0.818415 0.36914 0.04858999999999991 0.08593999999999996
5 0.82225 0.49902 0.04859999999999998 0.08593999999999996
5 0.824165 0.62549 0.04986999999999997 0.08495999999999992
5 0.070973 0.91846 0.07033400000000001 0.15332
5 0.213555 0.921875 0.06905 0.15234999999999999
5 0.345905 0.92334 0.07033 0.15332
5 0.505115 0.91943 0.06905 0.15332
5 0.6585650000000001 0.91943 0.06904999999999994 0.15332
5 0.81074 0.92041 0.06906000000000001 0.15332
5 0.450125 0.115236 0.05115000000000003 0.072268
5 0.453965 0.03027335 0.046030000000000015 0.0546873
5 0.629155 0.0576175 0.05627000000000004 0.050781
5 0.629795 0.015624780000000001 0.054990000000000094 0.02929644
5 0.63491 0.1206035 0.06522000000000006 0.057612999999999984
5 0.817775 0.111329 0.05242999999999998 0.056642
5 0.8088200000000001 0.046875 0.03964000000000001 0.04882800000000001
5 0.806905 0.009277549999999999 0.038370000000000015 0.0146489
1 0.39386 0.12451000000000001 0.10742000000000002 0.03808000000000002
1 0.39898 0.0341795 0.1023 0.033202999999999996
1 0.5633 0.12451500000000001 0.08567999999999998 0.03613000000000001
1 0.56394 0.05957 0.08183999999999991 0.03515599999999999
1 0.56394 0.01318378 0.07928000000000002 0.02441444
1 0.755755 0.124025 0.08694999999999997 0.03711000000000002
1 0.75256 0.059081999999999996 0.0882400000000001 0.036132
1 0.74744 0.01318378 0.08055999999999996 0.02441444
1 0.12084 0.13818 0.021739999999999995 0.028319999999999998
1 0.066496 0.22119 0.030689999999999995 0.02245999999999998
1 0.0607415 0.1958 0.024297 0.020500000000000018
1 0.084399 0.61719 0.017902 0.041020000000000056
1 0.0652175 0.43505499999999997 0.040921000000000006 0.020509999999999973
1 0.062020000000000006 0.76221 0.08312 0.09667999999999999
1 0.0524295 0.921875 0.05370899999999999 0.08203000000000005
1 0.914325 0.0263673 0.0946300000000001 0.0332034
1 0.932225 0.1171865 0.11253000000000002 0.037107
6 0.283885 0.23926 0.07416999999999999 0.02148
6 0.283885 0.25927500000000003 0.07416999999999999 0.01855000000000001
6 0.28197 0.36328 0.07543999999999998 0.023440000000000016
6 0.28197 0.384765 0.07543999999999998 0.019529999999999992
6 0.4367 0.2583 0.06778 0.016600000000000004
6 0.4367 0.23095500000000002 0.06778 0.012690000000000007
6 0.46291499999999997 0.38867 0.10740999999999995 0.009759999999999991
6 0.46355500000000005 0.35692999999999997 0.10869000000000001 0.010740000000000027
6 0.46355500000000005 0.489745 0.10869000000000001 0.020509999999999973
6 0.46291499999999997 0.510255 0.10740999999999995 0.018550000000000066
6 0.462915 0.6167 0.10997000000000001 0.020499999999999963
6 0.463555 0.637695 0.11124999999999996 0.02149000000000001
6 0.434145 0.73779 0.06777 0.010740000000000083
6 0.434785 0.766605 0.06905 0.019530000000000047
6 0.28005 0.48877000000000004 0.07672000000000004 0.020500000000000018
6 0.28069 0.509765 0.07544000000000003 0.019530000000000047
6 0.430945 0.8935550000000001 0.10996999999999996 0.06835000000000002
6 0.39066500000000004 0.96387 0.019189999999999985 0.06835999999999998
6 0.7889999999999999 0.23779 0.08696000000000004 0.02245999999999998
6 0.7889999999999999 0.26123 0.08696000000000004 0.024420000000000025
6 0.7896449999999999 0.36133 0.09334999999999993 0.023440000000000016
6 0.789005 0.38573999999999997 0.09206999999999999 0.02343999999999996
6 0.7909200000000001 0.48828 0.08823999999999999 0.023440000000000016
6 0.7909200000000001 0.51172 0.08823999999999999 0.023440000000000016
6 0.794115 0.615235 0.08950999999999998 0.023430000000000062
6 0.794115 0.6386700000000001 0.08950999999999998 0.023440000000000016
6 0.796035 0.7431650000000001 0.09079000000000004 0.02342999999999995
6 0.796675 0.7675799999999999 0.09206999999999999 0.023440000000000016
7 0.6873400000000001 0.12451 0.034519999999999995 0.04003999999999999
7 0.683505 0.059081999999999996 0.037089999999999956 0.038086
7 0.682225 0.013671780000000001 0.03452999999999995 0.02539044
7 0.537085 0.032715 0.07161000000000006 0.014647999999999998
7 0.24680000000000002 0.113771 0.040919999999999984 0.08105799999999999
5 0.2289 0.04541005 0.05115999999999998 0.0869139
8 0.214835 0.50342 0.09206999999999999 0.66308
8 0.338235 0.501465 0.05242999999999998 0.66113
8 0.76726 0.504885 0.043480000000000074 0.66211
9 0.390665 0.15429500000000002 0.12148999999999999 0.013669999999999988
9 0.39449999999999996 0.0874025 0.11891999999999997 0.012694999999999998
9 0.397055 0.058594 0.11636999999999997 0.0078119999999999995
9 0.401535 0.00683585 0.11508999999999997 0.0078122999999999995
9 0.6732750000000001 0.15381 0.23912999999999995 0.016600000000000004
9 0.670715 0.0859375 0.23657000000000006 0.015625
9 0.45972 0.1543 0.016620000000000024 0.017580000000000012
9 0.462275 0.08691399999999999 0.016630000000000034 0.017577999999999996
9 0.463555 0.05859350000000001 0.016630000000000034 0.015625000000000007
9 0.46675 0.00634778 0.01534000000000002 0.01074244
9 0.817775 0.15283 0.04730999999999996 0.024419999999999997
9 0.8126599999999999 0.08496100000000001 0.04731999999999992 0.019532000000000008
9 0.5364450000000001 0.15429500000000002 0.03453000000000006 0.02148999999999998
9 0.5358050000000001 0.0854495 0.030689999999999995 0.02246100000000001
9 0.31905 0.1543 0.02173999999999998 0.017580000000000012
9 0.32545 0.08691399999999999 0.01918000000000003 0.017577999999999996
9 0.33376 0.00732428 0.020460000000000034 0.01269544
9 0.32864000000000004 0.058594 0.020459999999999978 0.013672000000000004
10 0.8599749999999999 0.30566499999999996 0.02684999999999993 0.09571000000000002
10 0.9399 0.42871 0.025580000000000047 0.009759999999999991
10 0.877235 0.76172 0.05115000000000003 0.058599999999999985
10 0.8644499999999999 0.9292 0.05369999999999997 0.13964
1 0.0920735 0.028808499999999997 0.053713 0.032227
5 0.82289 0.7563500000000001 0.049879999999999924 0.08496000000000004
