1 0.25098 0.30664 0.056639999999999996 0.04818
1 0.40380499999999997 0.29297 0.11035 0.0625
1 0.40429499999999996 0.396485 0.11132999999999998 0.06380999999999998
1 0.203615 0.30599 0.024410000000000015 0.04687999999999998
1 0.2041 0.48828499999999997 0.023440000000000016 0.044269999999999976
1 0.24951 0.48697999999999997 0.057620000000000005 0.04687999999999998
1 0.40478499999999995 0.49870000000000003 0.11035 0.06250000000000006
1 0.29541 0.647785 0.05566000000000004 0.029950000000000032
1 0.296385 0.72461 0.05567 0.03256000000000003
1 0.296385 0.686195 0.05567 0.033849999999999936
1 0.44140500000000005 0.6543000000000001 0.04297000000000001 0.04818
1 0.44140500000000005 0.71484 0.04297000000000001 0.04947999999999997
1 0.407225 0.641275 0.02149000000000001 0.022129999999999983
1 0.407225 0.66732 0.02149000000000001 0.02214000000000005
1 0.407225 0.7011700000000001 0.02149000000000001 0.022139999999999938
1 0.407225 0.727865 0.02149000000000001 0.020830000000000015
1 0.5849599999999999 0.642575 0.023440000000000016 0.03255000000000008
1 0.5849599999999999 0.68294 0.023440000000000016 0.037760000000000016
1 0.58447 0.722005 0.022460000000000035 0.02994999999999992
1 0.62695 0.64388 0.056640000000000024 0.03516000000000008
1 0.62793 0.68424 0.058599999999999985 0.037760000000000016
1 0.62793 0.722655 0.058599999999999985 0.03125
1 0.748045 0.688805 0.035150000000000015 0.033849999999999936
1 0.748045 0.730465 0.035150000000000015 0.03125
1 0.8007850000000001 0.68815 0.04883000000000004 0.029939999999999967
1 0.8007850000000001 0.730465 0.04883000000000004 0.03125
2 0.9189449999999999 0.544925 0.11329 0.08203000000000005
1 0.75146 0.311195 0.028320000000000012 0.03125
1 0.751465 0.35677000000000003 0.030269999999999908 0.03906000000000004
1 0.751465 0.402345 0.030269999999999908 0.03125
1 0.80029 0.31184500000000004 0.04589999999999994 0.03255000000000002
1 0.79834 0.358725 0.05175999999999992 0.035150000000000015
1 0.8012699999999999 0.402345 0.04589999999999994 0.03125
1 0.611815 0.310545 0.08691000000000004 0.055989999999999984
1 0.611815 0.407555 0.08887 0.05728999999999995
1 0.6049800000000001 0.50651 0.07520000000000004 0.05468000000000006
0 0.49999795 0.40885604999999997 0.9863241 0.8151079
1 0.115233 0.152345 0.08593400000000001 0.046869999999999995
1 0.115233 0.085285 0.08593400000000001 0.04557
1 0.1210925 0.72005 0.08593500000000001 0.04688000000000003
1 0.1210925 0.653645 0.08593500000000001 0.04686999999999997
1 0.1191425 0.922525 0.082035 0.04557
1 0.1191425 0.982425 0.082035 0.02994999999999992
1 0.097169 0.5084599999999999 0.04004200000000001 0.06379999999999997
1 0.096191 0.30339 0.04003799999999999 0.0625
1 0.28711 0.16016 0.05663999999999997 0.03645999999999999
1 0.288575 0.12109 0.057609999999999995 0.036460000000000006
1 0.2876 0.08007800000000001 0.057620000000000005 0.03515600000000001
1 0.24120999999999998 0.158855 0.029299999999999965 0.03384999999999999
1 0.24120999999999998 0.12043999999999999 0.029299999999999965 0.03776
1 0.240235 0.078776 0.029289999999999983 0.03776000000000001
1 0.24707 0.646485 0.02930000000000002 0.035150000000000015
1 0.24805 0.685545 0.029299999999999993 0.035150000000000015
1 0.24805 0.72526 0.029299999999999993 0.03386
1 0.765625 0.54167 0.08399000000000001 0.08854000000000001
1 0.424805 0.15039 0.07227 0.05337999999999998
1 0.42578 0.085938 0.07225999999999999 0.052084
1 0.60986 0.139975 0.06152000000000002 0.03515
1 0.5605500000000001 0.13867000000000002 0.029299999999999993 0.03516
1 0.774905 0.151695 0.09863 0.05338999999999999
1 0.27393 0.94792 0.08496000000000004 0.08854000000000006
2 0.940915 0.397135 0.10059000000000007 0.052090000000000025
2 0.93945 0.704425 0.09766000000000008 0.04427000000000003
3 0.72217 0.35547 0.016599999999999948 0.16405999999999998
3 0.71875 0.70638 0.013679999999999914 0.12369999999999992
4 0.827635 0.708985 0.01269000000000009 0.11589000000000005
4 0.827635 0.35612 0.01269000000000009 0.16536
5 0.333985 0.68685 0.10937000000000002 0.20182
5 0.515625 0.6920599999999999 0.10936999999999997 0.20182
5 0.3291 0.1139305 0.10938000000000003 0.201819
5 0.48534999999999995 0.117839 0.04687999999999998 0.16276200000000002
5 0.663085 0.1256505 0.04686999999999997 0.162759
5 0.66162 0.541665 0.04200000000000004 0.16926999999999998
5 0.47558500000000004 0.290365 0.039069999999999994 0.10157000000000002
5 0.47607 0.39583 0.040039999999999965 0.10155999999999998
5 0.47705 0.5 0.04004000000000002 0.10156000000000004
5 0.671875 0.68685 0.035150000000000015 0.11587999999999998
5 0.66943 0.40885499999999997 0.028320000000000012 0.05729000000000001
5 0.668945 0.309245 0.029290000000000038 0.06118999999999997
5 0.13232 0.30534 0.028319999999999998 0.06120000000000003
5 0.131835 0.371095 0.02735 0.041669999999999985
5 0.13232 0.423825 0.028319999999999998 0.04297000000000001
5 0.130855 0.48763 0.03125 0.05337999999999998
7 0.737305 0.46875 0.09375 0.044279999999999986
7 0.742675 0.6119749999999999 0.08301000000000003 0.05728999999999995
7 0.702635 0.539065 0.036129999999999995 0.08332999999999996
7 0.8300799999999999 0.54427 0.01758000000000004 0.0625
7 0.534665 0.126303 0.030269999999999908 0.07031399999999999
3 0.32323999999999997 0.29427 0.08398 0.09113999999999997
3 0.32323999999999997 0.395185 0.08398 0.09245000000000003
3 0.32421999999999995 0.498045 0.08398 0.09245000000000003
5 0.34326500000000004 0.93099 0.13379000000000002 0.13019999999999998
8 0.18457 0.4069023 0.06054000000000001 0.7955754
8 0.6772450000000001 0.4088535 0.05957000000000001 0.7968729999999999
8 0.53125 0.4101573 0.03709999999999991 0.8020854000000001
9 0.8779300000000001 0.61719 0.10155999999999998 0.015619999999999967
9 0.8779300000000001 0.47135499999999997 0.10155999999999998 0.015629999999999977
9 0.947755 0.4707 0.03808999999999996 0.024739999999999984
9 0.948245 0.61719 0.037109999999999976 0.026040000000000063
9 0.81787 0.4694 0.016599999999999948 0.024739999999999984
9 0.8188500000000001 0.61654 0.01660000000000006 0.024739999999999984
9 0.054199 0.34765999999999997 0.016602 0.02343999999999996
9 0.0517575 0.45572999999999997 0.019531 0.02343999999999996
9 0.034668 0.40039 0.020507999999999995 0.022139999999999993
9 0.08984349999999999 0.34635499999999997 0.05273299999999999 0.010409999999999975
9 0.0883765 0.45638 0.053707 0.011720000000000008
9 0.080566 0.39909 0.07128799999999999 0.011719999999999953
10 0.93164 0.772135 0.08204 0.08333000000000002
10 0.9311499999999999 0.6556 0.08106000000000002 0.04818
10 0.86621 0.722005 0.04688000000000003 0.18619000000000008
10 0.931155 0.442055 0.08300999999999992 0.029949999999999977
10 0.93164 0.257815 0.08204 0.22135
10 0.85107 0.453125 0.03417999999999999 0.01822999999999997
10 0.8662099999999999 0.29492 0.04491999999999996 0.31379999999999997
