0 0.5035014 0.55682 0.9929972 0.86932
1 0.364145 0.64773 0.10924999999999996 0.07669999999999999
1 0.360645 0.87216 0.10785 0.07669999999999999
1 0.559525 0.64773 0.11904999999999999 0.07669999999999999
1 0.558125 0.87358 0.11905000000000004 0.07669999999999999
1 0.763305 0.6470199999999999 0.12325000000000008 0.07243999999999995
1 0.761205 0.87713 0.12185000000000001 0.07243999999999995
1 0.762605 0.325285 0.12745000000000006 0.07386999999999999
1 0.159665 0.65057 0.08963 0.0625
1 0.15686 0.86932 0.08964 0.0625
1 0.186275 0.33452 0.10644999999999999 0.07528000000000001
1 0.37185 0.331675 0.13585999999999998 0.07245000000000001
1 0.57073 0.326705 0.15546000000000004 0.07954999999999995
4 0.42717000000000005 0.64631 0.019600000000000006 0.125
4 0.42717000000000005 0.87074 0.019600000000000006 0.125
4 0.6246499999999999 0.64347 0.01959999999999995 0.125
4 0.6232500000000001 0.87074 0.01959999999999995 0.125
4 0.8333349999999999 0.64489 0.019610000000000016 0.125
4 0.8319350000000001 0.86932 0.019610000000000016 0.125
4 0.8333349999999999 0.32173 0.019610000000000016 0.12358000000000002
5 0.234595 0.305395 0.11624999999999999 0.28125
5 0.42927000000000004 0.300425 0.10783999999999999 0.28551000000000004
5 0.65056 0.296165 0.14426000000000005 0.29403
6 0.155465 0.8700300000000001 0.08403 0.05823999999999996
6 0.127455 0.65057 0.02241 0.059660000000000046
6 0.140755 0.33523000000000003 0.01261000000000001 0.07102000000000003
6 0.37115 0.33238999999999996 0.13445999999999997 0.06817999999999996
6 0.509105 0.326705 0.026610000000000023 0.07386999999999999
6 0.7079850000000001 0.32599500000000003 0.015410000000000035 0.06961
6 0.317225 0.6477299999999999 0.01261000000000001 0.07101999999999997
6 0.315125 0.87216 0.014010000000000022 0.07101999999999997
6 0.507705 0.6477299999999999 0.01261000000000001 0.07101999999999997
6 0.507705 0.87358 0.01261000000000001 0.07101999999999997
6 0.709385 0.6477299999999999 0.01261000000000001 0.07101999999999997
6 0.738095 0.87713 0.07283000000000006 0.06676000000000004
5 0.0742285 0.703125 0.061623 0.42329
8 0.90266 0.55682 0.04621999999999993 0.86364
10 0.97129 0.303265 0.05462 0.20313000000000003
10 0.932075 0.456675 0.021009999999999973 0.50995
10 0.96919 0.6150599999999999 0.05041999999999991 0.18465999999999994
10 0.985995 0.42684500000000003 0.019610000000000016 0.041190000000000004
10 0.958685 0.432525 0.03221000000000007 0.029830000000000023
10 0.9677899999999999 0.8707400000000001 0.05602000000000007 0.10795999999999994
