0 0.55597 0.6804250000000001 0.88308 0.59669
0 0.5348235 0.209905 0.920393 0.32547000000000004
1 0.19402999999999998 0.431605 0.08956 0.04244999999999999
1 0.19402999999999998 0.48585 0.08956 0.04246
1 0.19402999999999998 0.6497649999999999 0.08956 0.04952999999999996
1 0.19402999999999998 0.838445 0.08956 0.049530000000000074
1 0.38184 0.494105 0.11692000000000002 0.044810000000000016
1 0.38184 0.435145 0.11692000000000002 0.044810000000000016
1 0.5808450000000001 0.435145 0.11690999999999996 0.044810000000000016
1 0.5808450000000001 0.491745 0.11690999999999996 0.044810000000000016
1 0.791045 0.432785 0.11941000000000002 0.04480999999999996
1 0.787315 0.48938499999999996 0.11691000000000007 0.04480999999999996
1 0.177865 0.1096705 0.10199 0.03537900000000001
1 0.18532500000000002 0.153305 0.08707000000000001 0.018869999999999998
1 0.18283500000000003 0.075472 0.10199 0.018867999999999996
1 0.37561999999999995 0.11202999999999999 0.1194 0.03538000000000001
1 0.37561999999999995 0.147405 0.1194 0.02595
1 0.37811 0.070755 0.11939999999999995 0.018867999999999996
1 0.578355 0.11085049999999999 0.12188999999999994 0.03773900000000001
1 0.58209 0.071934 0.12935999999999992 0.021225999999999995
1 0.58458 0.14976499999999998 0.12437999999999994 0.02595
1 0.39552 0.8408 0.08457999999999999 0.15802000000000005
1 0.585825 0.8408 0.10199000000000003 0.15802000000000005
1 0.791045 0.8384400000000001 0.10447000000000006 0.15801999999999994
1 0.7922899999999999 0.65448 0.10696000000000006 0.0683999999999999
1 0.587065 0.65684 0.10944999999999994 0.06840000000000002
1 0.381845 0.65212 0.12189 0.06840000000000002
1 0.885575 0.24764 0.13433000000000006 0.17924
1 0.38556999999999997 0.300705 0.12437999999999999 0.07311000000000001
1 0.58458 0.30306500000000003 0.11939999999999995 0.06839
1 0.20024999999999998 0.304245 0.07712 0.07074999999999998
3 0.31840999999999997 0.8396250000000001 0.06468000000000002 0.20755
3 0.12562500000000001 0.304245 0.04229000000000001 0.11792999999999998
3 0.1306 0.461085 0.027359999999999995 0.14387000000000005
3 0.125625 0.6521250000000001 0.01741000000000001 0.10612999999999995
3 0.12935000000000002 0.84198 0.0199 0.1037800000000001
4 0.6815899999999999 0.30189 0.08457999999999999 0.09433999999999998
4 0.44776 0.29835 0.01990000000000003 0.09198
4 0.446515 0.46108499999999997 0.02239000000000002 0.12028999999999995
4 0.44527 0.6533 0.01990000000000003 0.09434000000000009
4 0.6741299999999999 0.65448 0.0796 0.09670000000000001
4 0.6778599999999999 0.459905 0.07711999999999997 0.13206999999999997
4 0.85199 0.46226 0.01741999999999999 0.12264000000000003
4 0.8470150000000001 0.64976 0.017410000000000037 0.09197999999999995
4 0.839555 0.8396250000000001 0.017410000000000037 0.17452999999999996
4 0.66791 0.8372649999999999 0.07214000000000009 0.16509000000000007
4 0.472635 0.838445 0.07463000000000003 0.16273000000000004
6 0.380595 0.43396 0.11442999999999998 0.037739999999999996
6 0.38184 0.6533 0.11692000000000002 0.06603999999999999
6 0.5708949999999999 0.43513999999999997 0.09700999999999993 0.04009999999999997
6 0.5721400000000001 0.491745 0.09950000000000003 0.04008999999999996
6 0.579605 0.65448 0.08955000000000002 0.06368000000000007
6 0.77363 0.6533 0.06467999999999996 0.06132000000000004
6 0.7611950000000001 0.8372649999999999 0.03483000000000003 0.14622999999999997
6 0.74254 0.49056500000000003 0.02736000000000005 0.03773000000000004
6 0.745025 0.43396 0.027370000000000005 0.037739999999999996
5 0.0534825 0.540095 0.062188999999999994 0.34905
8 0.267415 0.682785 0.05721000000000001 0.58255
8 0.26990000000000003 0.21816149999999998 0.05224000000000001 0.290097
10 0.7201500000000001 0.9575450000000001 0.07711999999999997 0.04244999999999999
6 0.19403 0.8372649999999999 0.08457999999999999 0.047170000000000045
