4 0.936523 0.784983 0.115234 0.037543
0 0.813965 0.874573 0.030273 0.110922
0 0.772461 0.874573 0.029297 0.110922
0 0.555664 0.873720 0.031250 0.109215
0 0.514648 0.874573 0.027344 0.110922
0 0.371094 0.860068 0.031250 0.122867
0 0.288086 0.860068 0.035156 0.122867
0 0.086914 0.860068 0.031250 0.122867
0 0.415039 0.858362 0.031250 0.122867
0 0.126953 0.858362 0.031250 0.122867
0 0.685059 0.660410 0.028320 0.105802
0 0.555176 0.661263 0.028320 0.107509
0 0.515137 0.661263 0.028320 0.107509
0 0.645020 0.659556 0.028320 0.107509
0 0.774902 0.657850 0.028320 0.107509
0 0.813965 0.656997 0.028320 0.109215
0 0.934082 0.643345 0.053711 0.116041
0 0.209473 0.639078 0.034180 0.117747
0 0.126465 0.639078 0.030273 0.117747
0 0.287598 0.637372 0.034180 0.117747
0 0.085449 0.638225 0.030273 0.119454
0 0.372070 0.635666 0.031250 0.117747
0 0.413086 0.634812 0.031250 0.119454
0 0.554199 0.451365 0.028320 0.104096
0 0.515137 0.450512 0.028320 0.105802
0 0.645996 0.448805 0.028320 0.105802
0 0.774902 0.446246 0.028320 0.104096
0 0.685059 0.447952 0.028320 0.107509
0 0.812988 0.445392 0.028320 0.105802
0 0.085938 0.420648 0.031250 0.110922
0 0.127930 0.419795 0.031250 0.112628
0 0.413086 0.418089 0.031250 0.112628
0 0.210449 0.418942 0.034180 0.114334
0 0.287598 0.417235 0.034180 0.114334
0 0.372070 0.416382 0.031250 0.116041
0 0.934082 0.415529 0.051758 0.117747
0 0.516113 0.237201 0.028320 0.105802
0 0.683105 0.235495 0.028320 0.105802
0 0.555176 0.236348 0.028320 0.107509
0 0.813965 0.233788 0.028320 0.105802
0 0.773926 0.233788 0.028320 0.105802
0 0.645020 0.234642 0.028320 0.107509
0 0.415039 0.203925 0.033203 0.110922
0 0.373047 0.203925 0.033203 0.110922
0 0.289062 0.203072 0.033203 0.109215
0 0.211914 0.202218 0.033203 0.107509
0 0.128418 0.202218 0.030273 0.107509
0 0.085938 0.202218 0.031250 0.107509
0 0.934570 0.194539 0.054688 0.122867
1 0.670410 0.785836 0.395508 0.042662
1 0.452637 0.084471 0.838867 0.073379
9 0.664551 0.930034 0.043945 0.129693
9 0.211426 0.896758 0.049805 0.203072
7 0.661621 0.819113 0.079102 0.092150
7 0.895508 0.189420 0.017578 0.129693
7 0.978516 0.187713 0.015625 0.129693
7 0.937012 0.088737 0.055664 0.023891
2 0.941895 0.542662 0.100586 0.068259
2 0.537598 0.363481 0.098633 0.054608
2 0.667480 0.360922 0.098633 0.056314
2 0.797852 0.358362 0.105469 0.054608
2 0.941895 0.333618 0.110352 0.059727
5 0.536133 0.741468 0.080078 0.052901
5 0.666016 0.741468 0.083984 0.056314
5 0.796387 0.740614 0.083008 0.058020
5 0.936523 0.728669 0.078125 0.054608
5 0.211914 0.708191 0.060547 0.020478
5 0.107910 0.708191 0.098633 0.020478
5 0.290039 0.706485 0.060547 0.020478
5 0.395996 0.705631 0.098633 0.022184
5 0.537109 0.552048 0.085938 0.097270
5 0.666992 0.550341 0.085938 0.097270
5 0.796875 0.547782 0.085938 0.098976
5 0.213379 0.486348 0.061523 0.020478
5 0.108887 0.486348 0.098633 0.020478
5 0.937500 0.490614 0.083984 0.032423
5 0.395508 0.485495 0.099609 0.022184
5 0.290527 0.484642 0.061523 0.020478
5 0.535645 0.304608 0.086914 0.029010
5 0.665527 0.302901 0.086914 0.029010
5 0.794922 0.301195 0.087891 0.029010
5 0.395996 0.269625 0.100586 0.020478
5 0.291992 0.268771 0.060547 0.022184
5 0.214355 0.267065 0.061523 0.022184
5 0.108887 0.267065 0.098633 0.022184
