0 0.511231 0.4833105 0.932618 0.923079
1 0.121582 0.325835 0.06347600000000002 0.08273000000000003
1 0.121582 0.587085 0.06347600000000002 0.08272999999999997
1 0.29541 0.19811 0.08299999999999996 0.09724
1 0.290525 0.457185 0.08301 0.09869000000000006
1 0.294435 0.785195 0.08301000000000003 0.09868999999999994
1 0.479005 0.78955 0.09277000000000002 0.09870000000000001
1 0.47705 0.45282999999999995 0.09278000000000003 0.09869999999999995
1 0.47802500000000003 0.20173999999999997 0.09277000000000002 0.09869999999999998
1 0.674805 0.204645 0.09179000000000004 0.09869
1 0.674315 0.45282999999999995 0.09277000000000002 0.09869999999999995
1 0.674805 0.79173 0.09179000000000004 0.09724
2 0.89795 0.74891 0.14549999999999996 0.16256000000000004
2 0.89795 0.33309500000000003 0.14746000000000004 0.10595000000000004
3 0.374025 0.1959385 0.029290000000000038 0.209003
3 0.374025 0.45428 0.029290000000000038 0.20900000000000007
3 0.374025 0.7866500000000001 0.029290000000000038 0.20899999999999996
3 0.575195 0.201741 0.029290000000000038 0.20899800000000002
3 0.575195 0.45572999999999997 0.029290000000000038 0.20900000000000002
3 0.575195 0.7909999999999999 0.029290000000000038 0.20899999999999996
4 0.34570500000000004 0.195935 0.019529999999999992 0.15675
4 0.342775 0.457185 0.019530000000000047 0.15675000000000006
4 0.344725 0.786645 0.019530000000000047 0.15675000000000006
4 0.5317350000000001 0.198835 0.020509999999999917 0.15675
4 0.5292950000000001 0.45791 0.019529999999999936 0.1582
4 0.5307649999999999 0.795355 0.020509999999999917 0.15675000000000006
4 0.728515 0.206095 0.019530000000000047 0.15675
4 0.728515 0.457185 0.019530000000000047 0.15675000000000006
4 0.729005 0.7982549999999999 0.020510000000000028 0.15675000000000006
6 0.11670049999999998 0.258345 0.063479 0.04063000000000003
6 0.1137705 0.38897 0.063479 0.04064000000000001
6 0.11084100000000001 0.5225 0.063478 0.04064000000000001
6 0.115722 0.650945 0.063476 0.04208999999999996
6 0.29247999999999996 0.11828849999999999 0.08495999999999998 0.05370299999999999
6 0.28759999999999997 0.26923 0.08495999999999998 0.0537
6 0.29052999999999995 0.42888000000000004 0.08495999999999998 0.053700000000000025
6 0.29052999999999995 0.48331 0.08495999999999998 0.05515999999999993
6 0.29346 0.758345 0.08496000000000004 0.053710000000000035
6 0.29442999999999997 0.812775 0.08495999999999998 0.05515000000000003
6 0.476075 0.8701000000000001 0.09277000000000002 0.05369999999999997
6 0.47509500000000005 0.7126250000000001 0.09277000000000007 0.05514999999999992
6 0.47216499999999995 0.52903 0.09276999999999996 0.05370000000000008
6 0.47119 0.37517999999999996 0.09278000000000003 0.053700000000000025
6 0.46826500000000004 0.268505 0.09277000000000007 0.055150000000000005
6 0.47412 0.11828849999999999 0.09278000000000003 0.05370299999999999
6 0.6709 0.119739 0.09179999999999999 0.053702
6 0.67334 0.27939 0.09277999999999997 0.053700000000000025
6 0.6709 0.37663 0.09179999999999999 0.053700000000000025
6 0.674315 0.52903 0.09277000000000002 0.05370000000000008
6 0.67334 0.7133499999999999 0.09277999999999997 0.05369999999999997
6 0.67334 0.87155 0.09277999999999997 0.05369999999999997
8 0.20995999999999998 0.4796785 0.04491999999999999 0.8809830000000001
8 0.76416 0.4891135 0.08300000000000007 0.899853
10 0.77637 0.39549999999999996 0.02733999999999992 0.27721999999999997
10 0.885255 0.486935 0.12010999999999994 0.16401
10 0.893065 0.6045 0.10448999999999997 0.05080000000000007
10 0.8925799999999999 0.6531199999999999 0.10351999999999995 0.026120000000000032
10 0.8916 0.864295 0.10351999999999995 0.027569999999999983
10 0.88965 0.917995 0.10351999999999995 0.04788999999999999
10 0.8828149999999999 0.1836 0.12109000000000003 0.1669
10 0.88965 0.065312 0.10351999999999995 0.040638
