0 0.573685 0.5008016 0.79789 0.9919568
1 0.36316000000000004 0.530545 0.10315999999999997 0.09002999999999994
1 0.36841999999999997 0.9356949999999999 0.10525999999999996 0.09002999999999994
1 0.366315 0.23793999999999998 0.10526999999999997 0.06752
1 0.36 0.151125 0.10526000000000002 0.06752999999999999
1 0.366315 0.815115 0.10104999999999997 0.06430999999999998
1 0.54842 0.23633500000000002 0.08210000000000006 0.061090000000000005
1 0.545265 0.14630500000000002 0.0842099999999999 0.061090000000000005
1 0.546315 0.82074 0.0821099999999999 0.05947999999999998
1 0.5463150000000001 0.53135 0.08631 0.09163999999999994
1 0.5473699999999999 0.94614 0.07999999999999996 0.09163999999999994
1 0.522105 0.36415 0.13052999999999992 0.04662000000000005
1 0.525265 0.41881 0.13262999999999997 0.03376000000000001
1 0.52842 0.31511500000000003 0.13474000000000003 0.022509999999999974
1 0.34526 0.36575500000000005 0.14316 0.046630000000000005
1 0.705265 0.36093 0.13053000000000003 0.04662000000000005
1 0.354735 0.42042 0.13262999999999997 0.03376000000000001
1 0.354735 0.31672 0.13262999999999997 0.022499999999999964
1 0.716845 0.31350500000000003 0.13262999999999991 0.022509999999999974
1 0.718945 0.415595 0.13262999999999991 0.03376999999999997
1 0.34736999999999996 0.691315 0.14316 0.048229999999999995
1 0.52842 0.6921200000000001 0.14315999999999995 0.046619999999999995
1 0.71158 0.6953400000000001 0.14315999999999995 0.046619999999999995
1 0.354735 0.743565 0.13262999999999997 0.027329999999999965
1 0.53684 0.7427649999999999 0.13474000000000003 0.02893000000000001
1 0.716845 0.741965 0.13262999999999991 0.027330000000000076
1 0.716845 0.642285 0.13262999999999991 0.027330000000000076
1 0.53895 0.643895 0.13473999999999997 0.027330000000000076
1 0.358945 0.636655 0.15788999999999997 0.03215000000000001
1 0.72 0.23472500000000002 0.08421999999999996 0.061090000000000005
1 0.7157849999999999 0.14389000000000002 0.08421000000000001 0.0627
1 0.7168399999999999 0.820735 0.08209999999999995 0.05627000000000004
1 0.7136849999999999 0.9469449999999999 0.08421000000000001 0.09324999999999994
6 0.326315 0.36575500000000005 0.10105000000000003 0.040190000000000003
6 0.34316 0.41961000000000004 0.10525999999999996 0.02894000000000002
6 0.7168399999999999 0.14389000000000002 0.07789999999999997 0.059480000000000005
6 0.721055 0.23473 0.07789000000000001 0.057880000000000015
6 0.7168399999999999 0.360935 0.14526000000000006 0.043410000000000004
6 0.72105 0.31350500000000003 0.14526000000000006 0.022509999999999974
6 0.725265 0.4164 0.14105 0.032159999999999966
6 0.36 0.6374599999999999 0.15158 0.02734000000000003
6 0.34316 0.690515 0.12632 0.04018999999999995
6 0.35895 0.74196 0.15367999999999998 0.02412000000000003
6 0.7157899999999999 0.69453 0.14736000000000005 0.04180000000000006
6 0.71684 0.82074 0.07367999999999997 0.049839999999999995
6 0.71684 0.94775 0.07367999999999997 0.08200000000000007
8 0.47684000000000004 0.5008045 0.03158 0.9726710000000001
