0 0.58276 0.2783215 0.48046 0.49023700000000003
1 0.47931 0.077637 0.11264000000000007 0.02441399999999999
1 0.48161 0.12549 0.11264000000000002 0.024419999999999983
1 0.47816 0.175295 0.11034 0.024409999999999987
1 0.47931 0.226075 0.11264000000000007 0.024409999999999987
1 0.47816 0.27588 0.11034 0.024419999999999997
1 0.47931 0.327145 0.11264000000000007 0.025389999999999968
1 0.47816 0.37744 0.11034 0.024419999999999997
1 0.47931 0.42676000000000003 0.11264000000000007 0.02343999999999996
1 0.47816 0.479005 0.11034 0.024409999999999987
1 0.6413800000000001 0.125 0.08736 0.025399999999999992
1 0.6390800000000001 0.0751955 0.08736 0.025390999999999997
1 0.6402300000000001 0.174805 0.08965999999999996 0.025389999999999996
1 0.6402300000000001 0.223635 0.08965999999999996 0.025390000000000024
1 0.64253 0.27441499999999996 0.08965999999999996 0.025389999999999968
1 0.64253 0.426755 0.08965999999999996 0.025390000000000024
1 0.6402300000000001 0.476565 0.08965999999999996 0.025389999999999968
1 0.1195405 0.603515 0.08275900000000001 0.025390000000000024
1 0.118391 0.6591800000000001 0.08505800000000001 0.023440000000000016
1 0.1195405 0.7158199999999999 0.08275900000000001 0.023440000000000016
1 0.118391 0.7724599999999999 0.08505800000000001 0.023440000000000016
1 0.118391 0.828125 0.08505800000000001 0.023430000000000062
1 0.28276 0.6015600000000001 0.08275999999999997 0.023440000000000016
1 0.28161 0.6582 0.08966000000000002 0.023439999999999905
1 0.28046 0.771975 0.09196000000000001 0.024410000000000043
1 0.28161 0.825195 0.08966000000000002 0.019530000000000047
1 0.45057 0.6557599999999999 0.11954000000000004 0.024419999999999997
1 0.45516999999999996 0.600095 0.11953999999999998 0.024409999999999932
1 0.44828 0.770995 0.11953999999999998 0.024410000000000043
1 0.44828 0.825195 0.11953999999999998 0.023430000000000062
1 0.6252850000000001 0.5981449999999999 0.09655000000000002 0.024409999999999932
1 0.32643500000000003 0.715335 0.17931000000000002 0.030269999999999908
1 0.31379 0.9209 0.08506000000000002 0.023440000000000016
1 0.31149499999999997 0.9658199999999999 0.08505000000000001 0.023440000000000016
1 0.17011500000000002 0.9213899999999999 0.07816999999999999 0.022460000000000035
1 0.171265 0.96826 0.07586999999999999 0.022459999999999924
1 0.18046 0.5014649999999999 0.08965999999999999 0.020509999999999973
1 0.23448 0.44628999999999996 0.08276 0.015620000000000023
1 0.28161 0.398435 0.08046 0.015629999999999977
1 0.32184 0.359375 0.06436000000000003 0.007809999999999984
1 0.316095 0.501465 0.06667000000000001 0.018549999999999955
1 0.77471 0.174805 0.07356000000000007 0.01953000000000002
1 0.7678149999999999 0.124025 0.07357000000000002 0.019529999999999992
6 0.613795 0.174805 0.03218999999999994 0.02342999999999998
6 0.43793000000000004 0.42725 0.025280000000000025 0.02245999999999998
6 0.42988499999999996 0.47997999999999996 0.013790000000000024 0.020500000000000018
6 0.433335 0.32715 0.016089999999999993 0.023440000000000016
6 0.43793000000000004 0.0776365 0.025280000000000025 0.022460999999999995
6 0.43218500000000004 0.17578 0.013790000000000024 0.02343999999999999
8 0.368965 0.28124950000000004 0.04366999999999999 0.48242100000000004
8 0.035632 0.717285 0.043678 0.31347
8 0.53793 0.28027100000000005 0.036780000000000035 0.48241800000000007
0 0.40689445 0.716305 0.8091911 0.32128999999999996
