0 0.4753705 0.70855 0.916259 0.5521400000000001
0 0.4667511 0.221367 0.9137978 0.408546
1 0.221675 0.116235 0.08375000000000002 0.02735
1 0.22291 0.14871499999999999 0.08128000000000002 0.027350000000000013
1 0.23645500000000003 0.32906 0.08375000000000002 0.02906000000000003
1 0.23645500000000003 0.36154 0.08375000000000002 0.02906000000000003
1 0.24261 0.49658 0.0665 0.022219999999999962
1 0.24261 0.528205 0.0665 0.023930000000000007
1 0.227835 0.6905950000000001 0.07635000000000003 0.030770000000000075
1 0.230295 0.726495 0.07634999999999997 0.030769999999999964
1 0.415025 0.529915 0.10098999999999997 0.030769999999999964
1 0.415025 0.492305 0.10098999999999997 0.030769999999999964
1 0.598525 0.492305 0.10345000000000004 0.030769999999999964
1 0.599755 0.5290600000000001 0.10591000000000006 0.029059999999999975
1 0.294335 0.90513 0.06651000000000001 0.03590000000000004
1 0.41133 0.708545 0.10837999999999998 0.05298999999999998
1 0.591135 0.7102550000000001 0.10836999999999997 0.05298999999999998
1 0.78325 0.7076899999999999 0.11821999999999999 0.05812000000000006
1 0.415025 0.36154 0.10591 0.03248000000000001
1 0.41256499999999996 0.324785 0.10591 0.030769999999999964
1 0.59483 0.36068500000000003 0.11084000000000005 0.03077000000000002
1 0.59483 0.32393 0.11084000000000005 0.03247999999999995
1 0.40517000000000003 0.12991 0.11084 0.05470000000000001
1 0.584975 0.128205 0.11577000000000004 0.05471000000000001
1 0.7734 0.1282025 0.11821999999999999 0.058115000000000014
1 0.413795 0.89829 0.09359 0.07008000000000003
1 0.593595 0.90171 0.09359000000000006 0.07007999999999992
1 0.77586 0.900855 0.09851999999999994 0.07179000000000002
1 0.13054 0.707695 0.04926 0.01708999999999994
1 0.1194595 0.13504 0.04680099999999998 0.010259999999999991
1 0.174875 0.41452999999999995 0.019710000000000005 0.018799999999999983
1 0.174875 0.395725 0.009849999999999998 0.011970000000000036
1 0.181035 0.573505 0.022170000000000023 0.015390000000000015
1 0.18227 0.5606800000000001 0.014779999999999988 0.006840000000000068
2 0.82266 0.3094 0.18719999999999992 0.044440000000000035
2 0.827585 0.465815 0.18718999999999997 0.04614999999999997
3 0.33251 0.12307699999999999 0.049260000000000026 0.099146
3 0.34236500000000003 0.33931500000000003 0.04926999999999998 0.10769000000000001
3 0.34482999999999997 0.510255 0.049260000000000026 0.10769000000000006
3 0.33867 0.70513 0.04680000000000001 0.09401999999999999
3 0.502465 0.70684 0.054190000000000016 0.09401999999999999
3 0.50246 0.123077 0.06403999999999993 0.095726
3 0.512315 0.341025 0.06402999999999998 0.11110999999999999
3 0.51601 0.510255 0.06649999999999995 0.11111000000000004
4 0.47537 0.1282045 0.03939999999999999 0.08205099999999999
4 0.48522 0.34188 0.04433999999999999 0.10255999999999998
4 0.48768500000000004 0.5094 0.044330000000000036 0.09913999999999995
4 0.48275999999999997 0.707695 0.04433999999999999 0.08547000000000005
5 0.140395 0.35299 0.05419 0.14187999999999995
5 0.141625 0.465815 0.041870000000000004 0.06324999999999997
6 0.56404 0.326495 0.044340000000000046 0.023930000000000007
6 0.56404 0.364105 0.044340000000000046 0.023930000000000007
6 0.5615749999999999 0.90171 0.029550000000000076 0.06665999999999994
8 0.32143 0.2239305 0.11084 0.39657899999999996
8 0.660095 0.2230755 0.07389000000000001 0.39486899999999997
8 0.32143 0.63932 0.11084 0.39658
8 0.67118 0.633335 0.0665 0.39487
9 0.44581 0.605125 0.21182 0.023930000000000007
9 0.44704499999999997 0.644445 0.21428999999999998 0.023930000000000007
9 0.44581 0.77094 0.21182 0.02393999999999996
9 0.44704499999999997 0.810255 0.21428999999999998 0.023929999999999896
9 0.43718999999999997 0.0290595 0.21427999999999997 0.020512999999999997
9 0.43842 0.06666649999999999 0.21182 0.023930999999999994
9 0.44211999999999996 0.191455 0.21427999999999997 0.02392999999999998
9 0.44089 0.23077 0.21181999999999995 0.023940000000000017
9 0.5948249999999999 0.065812 0.10099000000000002 0.029059999999999996
9 0.5985199999999999 0.1906 0.09852000000000005 0.029060000000000002
9 0.59483 0.0290595 0.09606000000000003 0.020512999999999997
9 0.59606 0.230765 0.09852000000000005 0.03077000000000002
9 0.60345 0.603415 0.09852000000000005 0.030769999999999964
9 0.60345 0.6444449999999999 0.09852000000000005 0.030770000000000075
9 0.600985 0.772645 0.09853 0.030769999999999964
9 0.60345 0.81111 0.09852000000000005 0.029060000000000086
9 0.31404 0.06581200000000001 0.03201999999999999 0.022222000000000006
9 0.31527 0.0299145 0.034479999999999955 0.022223
9 0.31650500000000004 0.19230999999999998 0.03694999999999998 0.02221999999999999
9 0.31527499999999997 0.23077 0.03941 0.023940000000000017
9 0.320195 0.6042700000000001 0.03941 0.022220000000000018
9 0.320195 0.644445 0.03941 0.023930000000000007
9 0.32143 0.771795 0.03693999999999997 0.022229999999999972
9 0.32266 0.81111 0.03939999999999999 0.022219999999999906
10 0.804185 0.36495500000000003 0.15517000000000003 0.06666999999999995
10 0.801725 0.53761 0.15025 0.09402000000000005
4 0.874385 0.126494 0.08374999999999999 0.06837199999999999
4 0.8867 0.7094 0.08374000000000004 0.06838
3 0.163795 0.3453 0.05173 0.09572000000000003
3 0.238915 0.90256 0.03941000000000003 0.06154000000000004
3 0.182265 0.5085500000000001 0.04433000000000001 0.09402000000000005
1 0.035714499999999996 0.129915 0.017241 0.030770000000000006
3 0.070197 0.129913 0.05665 0.06837399999999999
3 0.157635 0.127351 0.02955000000000002 0.152138
3 0.081282 0.705125 0.059115999999999995 0.06667000000000001
3 0.16871999999999998 0.7034199999999999 0.03694 0.15898
9 0.216745 0.069231 0.08866999999999997 0.011966000000000004
9 0.219215 0.194015 0.08867 0.011970000000000008
9 0.22537 0.771795 0.0862 0.011970000000000036
9 0.22290500000000002 0.6453 0.08621000000000004 0.01195999999999997
9 0.17857 0.771795 0.012319999999999998 0.018809999999999993
9 0.174875 0.6453 0.009849999999999998 0.018799999999999928
9 0.16995 0.195725 0.009860000000000008 0.018809999999999993
9 0.167485 0.0692305 0.009849999999999998 0.018802999999999993
