0 0.349383 0.932642 0.037037 0.046632
0 0.198765 0.919689 0.037037 0.046632
0 0.132716 0.917098 0.055556 0.046632
0 0.850000 0.779793 0.062963 0.093264
0 0.772222 0.778497 0.043210 0.095855
0 0.606790 0.768135 0.040741 0.095855
0 0.526543 0.764249 0.055556 0.088083
0 0.420988 0.759067 0.059259 0.088083
0 0.350000 0.753886 0.040741 0.093264
0 0.197531 0.747409 0.034568 0.090674
0 0.131481 0.740933 0.055556 0.088083
0 0.687037 0.674870 0.082716 0.121762
0 0.273457 0.658031 0.075309 0.113990
0 0.851235 0.575130 0.062963 0.093264
0 0.774074 0.571244 0.039506 0.095855
0 0.603704 0.568653 0.039506 0.095855
0 0.530864 0.562176 0.056790 0.088083
0 0.422840 0.559585 0.055556 0.088083
0 0.351235 0.556995 0.043210 0.088083
0 0.198765 0.553109 0.034568 0.090674
0 0.132099 0.549223 0.056790 0.088083
0 0.689506 0.470207 0.082716 0.121762
0 0.278395 0.463731 0.075309 0.113990
0 0.853086 0.365285 0.064198 0.088083
0 0.531481 0.365285 0.055556 0.088083
0 0.352469 0.362694 0.043210 0.088083
0 0.774074 0.363990 0.039506 0.095855
0 0.197531 0.360104 0.034568 0.088083
0 0.132099 0.360104 0.056790 0.088083
0 0.603704 0.361399 0.039506 0.095855
0 0.427160 0.357513 0.056790 0.088083
0 0.275309 0.269430 0.076543 0.113990
0 0.689506 0.266839 0.082716 0.124352
0 0.531481 0.168394 0.055556 0.088083
0 0.351852 0.168394 0.039506 0.088083
0 0.133951 0.168394 0.060494 0.088083
0 0.605556 0.163212 0.043210 0.088083
0 0.422840 0.163212 0.055556 0.088083
0 0.200000 0.167098 0.039506 0.095855
0 0.853086 0.155440 0.064198 0.088083
0 0.777778 0.159326 0.039506 0.095855
9 0.269753 0.901554 0.077778 0.170984
9 0.685802 0.883420 0.085185 0.186528
8 0.773457 0.777202 0.038272 0.088083
8 0.421605 0.751295 0.055556 0.067358
8 0.351235 0.735751 0.035802 0.041451
8 0.198765 0.734456 0.029630 0.054404
8 0.134568 0.742228 0.046914 0.080311
8 0.851852 0.573834 0.059259 0.085492
8 0.531481 0.562176 0.053086 0.082902
8 0.422840 0.554404 0.053086 0.072539
8 0.134568 0.551813 0.046914 0.082902
8 0.531481 0.168394 0.053086 0.082902
8 0.424074 0.163212 0.050617 0.082902
