4 0.039031 0.737305 0.045760 0.042969
4 0.042396 0.490723 0.041723 0.237305
6 0.774563 0.463867 0.044415 0.291016
6 0.280619 0.464355 0.044415 0.291992
6 0.952221 0.462891 0.033647 0.291016
6 0.074697 0.463379 0.044415 0.291992
0 0.640646 0.893066 0.059219 0.081055
0 0.524899 0.893066 0.059219 0.081055
0 0.864065 0.897949 0.115747 0.094727
0 0.179004 0.898926 0.110363 0.096680
0 0.580081 0.743652 0.053836 0.065430
0 0.468371 0.744141 0.053836 0.066406
0 0.691117 0.738770 0.055182 0.075195
0 0.358681 0.739258 0.055182 0.076172
0 0.176985 0.738281 0.084791 0.076172
0 0.864065 0.737305 0.086137 0.076172
0 0.355316 0.575684 0.053836 0.086914
0 0.689098 0.574707 0.053836 0.086914
0 0.147376 0.574219 0.039031 0.085938
0 0.830417 0.572754 0.040377 0.084961
0 0.579408 0.566406 0.063257 0.072266
0 0.470390 0.566406 0.063257 0.072266
0 0.205922 0.573730 0.040377 0.086914
0 0.894347 0.572266 0.047106 0.085938
0 0.356662 0.422852 0.053836 0.074219
0 0.690444 0.421387 0.053836 0.073242
0 0.580081 0.421875 0.053836 0.074219
0 0.469717 0.421875 0.053836 0.074219
0 0.893001 0.420898 0.039031 0.076172
0 0.833109 0.420898 0.040377 0.076172
0 0.204576 0.419922 0.040377 0.076172
0 0.146703 0.419922 0.040377 0.076172
0 0.691790 0.262695 0.053836 0.072266
0 0.580081 0.262695 0.053836 0.072266
0 0.469717 0.262695 0.053836 0.072266
0 0.356662 0.263672 0.053836 0.074219
0 0.175639 0.259766 0.068641 0.078125
0 0.866083 0.258789 0.068641 0.080078
0 0.174966 0.107910 0.053836 0.055664
0 0.869448 0.109375 0.053836 0.060547
0 0.472409 0.107910 0.051144 0.059570
0 0.359354 0.107910 0.051144 0.059570
0 0.695828 0.107422 0.051144 0.060547
0 0.582773 0.107422 0.051144 0.060547
1 0.508075 0.970215 0.911171 0.026367
1 0.508075 0.812500 0.911171 0.025391
1 0.860700 0.609375 0.020188 0.011719
1 0.826380 0.643066 0.279946 0.079102
1 0.393001 0.611328 0.021534 0.015625
1 0.176312 0.610352 0.018843 0.013672
1 0.229475 0.643066 0.348587 0.079102
1 0.509421 0.326172 0.919246 0.027344
1 0.511440 0.166992 0.912517 0.056641
9 0.412517 0.912109 0.084791 0.134766
7 0.411844 0.832031 0.024226 0.025391
7 0.179677 0.834961 0.028264 0.031250
7 0.864738 0.834473 0.033647 0.032227
7 0.643338 0.832031 0.026918 0.027344
7 0.526918 0.832031 0.022880 0.027344
7 0.471063 0.687500 0.034993 0.025391
7 0.358681 0.688477 0.033647 0.027344
7 0.583445 0.687988 0.036339 0.028320
7 0.694482 0.687988 0.034993 0.030273
7 0.178331 0.685547 0.044415 0.029297
7 0.866756 0.685059 0.029610 0.030273
7 0.415882 0.172852 0.034993 0.037109
7 0.527591 0.173828 0.037685 0.041016
7 0.637954 0.172852 0.040377 0.041016
7 0.956931 0.170410 0.024226 0.038086
7 0.279273 0.170898 0.041723 0.041016
7 0.775236 0.169434 0.061911 0.040039
7 0.072678 0.167969 0.032301 0.039062
2 0.584118 0.520020 0.099596 0.067383
2 0.691790 0.519531 0.099596 0.068359
2 0.472409 0.519531 0.099596 0.068359
2 0.360700 0.519531 0.099596 0.068359
2 0.866083 0.514648 0.138627 0.064453
2 0.176985 0.514648 0.144011 0.070312
2 0.582100 0.368652 0.095559 0.053711
2 0.471063 0.368164 0.094213 0.054688
2 0.360700 0.368652 0.094213 0.055664
2 0.695155 0.367676 0.103634 0.055664
2 0.176985 0.364258 0.133244 0.058594
2 0.868102 0.363281 0.134590 0.058594
2 0.472409 0.221680 0.083445 0.042969
2 0.695828 0.220703 0.083445 0.042969
2 0.582773 0.220703 0.083445 0.042969
2 0.358681 0.220215 0.084791 0.043945
2 0.868102 0.212891 0.099596 0.058594
2 0.174966 0.211914 0.099596 0.058594
5 0.472409 0.780762 0.096904 0.006836
5 0.360027 0.781250 0.103634 0.007812
5 0.694482 0.781738 0.099596 0.010742
5 0.583445 0.780273 0.098250 0.007812
5 0.179677 0.780273 0.127860 0.007812
5 0.863392 0.780762 0.127860 0.010742
5 0.357335 0.637207 0.092867 0.036133
5 0.712651 0.637207 0.052490 0.038086
5 0.178331 0.635254 0.138627 0.036133
5 0.866083 0.634277 0.141319 0.038086
5 0.358008 0.471680 0.104980 0.023438
5 0.866083 0.470703 0.146703 0.023438
5 0.581427 0.470703 0.104980 0.023438
5 0.471736 0.471191 0.100942 0.024414
5 0.693136 0.470215 0.099596 0.024414
5 0.177658 0.469727 0.139973 0.023438
5 0.356662 0.307129 0.096904 0.012695
5 0.867429 0.305176 0.111709 0.012695
5 0.693136 0.305664 0.099596 0.013672
5 0.581427 0.305664 0.096904 0.013672
5 0.471063 0.306152 0.096904 0.014648
5 0.176312 0.305664 0.110363 0.013672
5 0.176985 0.141113 0.084791 0.010742
3 0.545087 0.656738 0.282638 0.108398
