1 0.17822500000000002 0.21940500000000002 0.07128999999999999 0.06901000000000002
1 0.179195 0.380205 0.07128999999999999 0.06770999999999999
1 0.31933500000000004 0.21940500000000002 0.07227 0.06901000000000002
1 0.320315 0.378255 0.07030999999999998 0.06901000000000002
1 0.18066500000000002 0.539715 0.07031000000000001 0.0690099999999999
1 0.320315 0.539715 0.07030999999999998 0.0690099999999999
1 0.181155 0.69987 0.07128999999999999 0.06902000000000008
1 0.3208 0.698565 0.06934000000000001 0.06901000000000002
1 0.458985 0.6979150000000001 0.07031000000000004 0.07030999999999998
1 0.458985 0.5371049999999999 0.07031000000000004 0.0690099999999999
1 0.615235 0.694665 0.10546999999999995 0.06901000000000002
1 0.614745 0.5364549999999999 0.10644999999999993 0.07030999999999998
1 0.735355 0.69401 0.07030999999999998 0.06769999999999998
1 0.734865 0.535805 0.07129000000000008 0.06901000000000002
1 0.733885 0.376955 0.07129000000000008 0.06901000000000002
1 0.615235 0.37760499999999997 0.10546999999999995 0.07031000000000004
1 0.734375 0.21809499999999998 0.0703100000000001 0.06900999999999999
1 0.597165 0.21809499999999998 0.07128999999999996 0.06900999999999999
1 0.458495 0.217445 0.07129000000000002 0.07030999999999998
1 0.458985 0.379555 0.07227 0.06900999999999996
0 0.49365328 0.5019531 0.98535344 0.9960938
1 0.177735 0.0572915 0.07030999999999998 0.070313
1 0.317875 0.0572915 0.07129000000000002 0.070313
1 0.03466805 0.0566405 0.0654299 0.069011
1 0.0366211 0.220055 0.0654298 0.07030999999999998
1 0.036132849999999994 0.38151 0.0664063 0.07032
1 0.0390627 0.540365 0.0664066 0.07030999999999998
1 0.0385742 0.7018249999999999 0.0654296 0.07030999999999998
1 0.0390627 0.8606750000000001 0.0664066 0.07030999999999998
1 0.18115 0.860025 0.06934000000000001 0.06901000000000002
1 0.32178 0.85677 0.07323999999999997 0.07032000000000005
1 0.46045 0.85612 0.07324000000000003 0.07162000000000002
1 0.59717 0.8541650000000001 0.07323999999999997 0.07030999999999998
1 0.7338899999999999 0.853515 0.07324000000000008 0.07160999999999995
1 0.87793 0.39974 0.06054000000000004 0.05730000000000002
1 0.8793949999999999 0.261065 0.061529999999999974 0.05859
1 0.87793 0.6744749999999999 0.06054000000000004 0.05728999999999995
1 0.87793 0.809895 0.06054000000000004 0.05728999999999995
2 0.9082 0.5364599999999999 0.13085999999999998 0.11458000000000002
5 0.225095 0.53971 0.11621000000000001 0.47526
5 0.651365 0.698565 0.08203000000000005 0.13410999999999995
5 0.6503950000000001 0.535805 0.08202999999999994 0.13410999999999995
5 0.6508799999999999 0.37435 0.08106000000000002 0.13412000000000002
8 0.0810545 0.5065115 0.02929699999999999 0.9843770000000001
8 0.80322 0.49804750000000003 0.07520000000000004 0.951825
9 0.907715 0.458335 0.14747 0.020830000000000015
9 0.911135 0.30078 0.14649 0.02083999999999997
9 0.90918 0.61198 0.14647999999999994 0.02083999999999997
9 0.910645 0.7675799999999999 0.14747 0.022139999999999938
