0 0.624355 0.55664 0.74613 0.7011799999999999
1 0.45619 0.30957 0.09536000000000006 0.05274000000000001
1 0.45554500000000003 0.414065 0.09665000000000001 0.05273
1 0.45619 0.51758 0.09536000000000006 0.052740000000000065
1 0.458115 0.674805 0.09665000000000001 0.052729999999999944
1 0.458115 0.801755 0.09665000000000001 0.052729999999999944
1 0.6720349999999999 0.30957 0.11469000000000007 0.06446000000000002
1 0.6713899999999999 0.413085 0.11340000000000006 0.06445000000000001
1 0.6707449999999999 0.513675 0.11469000000000007 0.06445000000000006
1 0.6707449999999999 0.67578 0.11469000000000007 0.06446000000000007
1 0.6707449999999999 0.8056650000000001 0.11469000000000007 0.06445000000000001
1 0.43428 0.121582 0.11597999999999997 0.06347600000000002
1 0.670105 0.121582 0.12113000000000007 0.06347600000000002
3 0.59085 0.113279 0.04509999999999992 0.128902
3 0.394975 0.306155 0.024490000000000012 0.08887
3 0.396265 0.41211 0.024490000000000012 0.08983999999999998
3 0.39691 0.512695 0.0232 0.08984999999999999
3 0.399485 0.674315 0.02318999999999999 0.08887
3 0.399485 0.799805 0.02318999999999999 0.08984999999999999
3 0.5972900000000001 0.30713 0.02964 0.09667999999999999
3 0.597935 0.41113 0.030929999999999902 0.09570000000000001
3 0.59665 0.51318 0.03092000000000006 0.09668000000000004
3 0.597935 0.67529 0.030929999999999902 0.09667999999999999
3 0.5992249999999999 0.8037099999999999 0.030930000000000013 0.09570000000000001
3 0.36597999999999997 0.30713 0.036079999999999945 0.08886
3 0.36790999999999996 0.41308500000000004 0.03221999999999997 0.08593
3 0.36790999999999996 0.5166 0.03221999999999997 0.08594000000000002
3 0.37178 0.67529 0.032220000000000026 0.08496000000000004
3 0.37178 0.799805 0.032220000000000026 0.08593000000000006
3 0.561215 0.30761499999999997 0.03994999999999993 0.09961000000000003
3 0.559925 0.410645 0.03994999999999993 0.09863
3 0.558635 0.513675 0.03994999999999993 0.09960999999999998
3 0.561215 0.675785 0.03994999999999993 0.09960999999999998
3 0.563785 0.805665 0.03994999999999993 0.09960999999999998
4 0.49871 0.1181625 0.01804 0.085935
4 0.7725500000000001 0.1147445 0.09921999999999997 0.09277099999999999
4 0.75838 0.308105 0.06572 0.09472999999999998
4 0.75838 0.41162 0.06572 0.09472000000000003
4 0.756445 0.512695 0.06701000000000001 0.09375
4 0.525775 0.30810499999999996 0.051549999999999985 0.08105000000000001
4 0.524485 0.41064500000000004 0.051549999999999985 0.08105000000000001
4 0.524485 0.515135 0.051549999999999985 0.08105000000000007
4 0.752575 0.675295 0.06959000000000004 0.09472999999999998
4 0.751285 0.80664 0.06959000000000004 0.09179999999999999
4 0.525775 0.80176 0.05413000000000001 0.07811999999999997
4 0.52513 0.67578 0.05025999999999997 0.07812000000000008
7 0.83763 0.660645 0.10309999999999997 0.08887
7 0.34343 0.87988 0.05025999999999997 0.03320000000000001
7 0.340205 0.22949 0.048970000000000014 0.035160000000000025
8 0.29317000000000004 0.555175 0.07346000000000003 0.6865300000000001
8 0.791885 0.558595 0.021909999999999985 0.69141
9 0.5760350000000001 0.22754 0.35567000000000004 0.03320000000000001
9 0.578605 0.884765 0.35567 0.035150000000000015
9 0.7699750000000001 0.22754 0.03220999999999996 0.04102
9 0.7686850000000001 0.88574 0.024490000000000012 0.041019999999999945
9 0.38144500000000003 0.228025 0.033509999999999984 0.03809000000000001
9 0.38531 0.8837900000000001 0.033499999999999974 0.039059999999999984
10 0.92848 0.1416005 0.12758000000000003 0.11913899999999998
10 0.903995 0.42822499999999997 0.18171000000000004 0.32715
10 0.901415 0.78809 0.18943 0.13085999999999998
10 0.930415 0.6674800000000001 0.030930000000000013 0.08886000000000005
