0 0.49902295 0.50460405 0.9843741 0.9907919
1 0.122555 0.263355 0.036129999999999995 0.05893000000000004
1 0.125 0.342545 0.03516000000000001 0.05892999999999998
1 0.125975 0.46501 0.03710999999999999 0.0534
1 0.125975 0.543275 0.03710999999999999 0.05524999999999991
1 0.12939499999999998 0.663905 0.038089999999999985 0.05340999999999996
1 0.13036999999999999 0.73849 0.03807999999999999 0.055239999999999956
1 0.19629000000000002 0.26427500000000004 0.03516 0.05709000000000003
1 0.19922 0.3407 0.03516 0.055239999999999956
1 0.19824 0.463165 0.035160000000000025 0.057089999999999974
1 0.200195 0.543275 0.03514999999999999 0.05524999999999991
1 0.20166 0.664825 0.03417999999999999 0.05525000000000002
1 0.20215 0.742175 0.03516 0.05525000000000002
1 0.27539 0.7394149999999999 0.035160000000000025 0.057089999999999974
1 0.274415 0.6675850000000001 0.035150000000000015 0.057089999999999974
1 0.27539 0.5423549999999999 0.035160000000000025 0.057089999999999974
1 0.27344 0.46408499999999997 0.035160000000000025 0.055249999999999966
1 0.27344 0.343465 0.035160000000000025 0.05709000000000003
1 0.274415 0.262435 0.035150000000000015 0.05709000000000003
1 0.34668 0.265195 0.03515999999999997 0.05525000000000002
1 0.34668 0.344385 0.03515999999999997 0.05525000000000002
1 0.34863 0.46592999999999996 0.03515999999999997 0.05524000000000001
1 0.34863 0.54512 0.03515999999999997 0.05524000000000007
1 0.34668 0.664825 0.03515999999999997 0.05525000000000002
1 0.347655 0.737565 0.035150000000000015 0.057089999999999974
1 0.350585 0.904235 0.035150000000000015 0.05892999999999993
1 0.2793 0.906075 0.03515999999999997 0.05525000000000002
1 0.274415 0.0911615 0.035150000000000015 0.060777000000000005
1 0.34668 0.0930015 0.03515999999999997 0.06445700000000001
1 0.42383000000000004 0.097606 0.035160000000000025 0.055248000000000005
1 0.49804499999999996 0.0957635 0.03514999999999996 0.06261299999999999
1 0.572265 0.1003665 0.035150000000000015 0.057087
1 0.64551 0.10221249999999998 0.03515999999999997 0.05709499999999999
1 0.421875 0.267955 0.035150000000000015 0.057089999999999974
1 0.421875 0.344385 0.035150000000000015 0.05525000000000002
1 0.49609499999999995 0.348065 0.03514999999999996 0.05525000000000002
1 0.49609499999999995 0.267955 0.03514999999999996 0.057089999999999974
1 0.5703100000000001 0.266115 0.03515999999999997 0.057089999999999974
1 0.5712900000000001 0.348065 0.03515999999999997 0.05525000000000002
1 0.42285 0.465005 0.03515999999999997 0.057089999999999974
1 0.421875 0.546045 0.035150000000000015 0.057090000000000085
1 0.42383000000000004 0.663905 0.035160000000000025 0.057089999999999974
1 0.42285 0.7430950000000001 0.03515999999999997 0.057089999999999974
1 0.423825 0.9051549999999999 0.037109999999999976 0.06445000000000001
1 0.49707 0.904235 0.037099999999999966 0.06261000000000005
1 0.49609499999999995 0.741255 0.03514999999999996 0.057090000000000085
1 0.49609499999999995 0.6666650000000001 0.03514999999999996 0.05524999999999991
1 0.49609499999999995 0.543275 0.03514999999999996 0.05524999999999991
1 0.49707 0.469615 0.035160000000000025 0.05525000000000002
1 0.569335 0.906075 0.035150000000000015 0.05525000000000002
1 0.5703100000000001 0.7458549999999999 0.03515999999999997 0.05524999999999991
1 0.5703100000000001 0.663905 0.03515999999999997 0.057089999999999974
1 0.569335 0.54512 0.035150000000000015 0.05524000000000007
1 0.5712900000000001 0.468695 0.03515999999999997 0.05709000000000003
1 0.71289 0.901475 0.03515999999999997 0.057089999999999974
1 0.6416 0.906995 0.03515999999999997 0.057090000000000085
1 0.717775 0.107735 0.035149999999999904 0.057090000000000016
1 0.796875 0.11325750000000001 0.04100999999999999 0.05708500000000001
1 0.802735 0.11325750000000001 0.052729999999999944 0.05708500000000001
1 0.78955 0.900555 0.040039999999999965 0.05525000000000002
1 0.718265 0.31491499999999994 0.036129999999999995 0.10313
1 0.6459999999999999 0.310315 0.040039999999999965 0.09760999999999997
1 0.646485 0.5092099999999999 0.04100999999999999 0.09760000000000002
1 0.643555 0.70442 0.04100999999999999 0.09760000000000002
1 0.71631 0.7035 0.040040000000000076 0.09943999999999997
1 0.716795 0.51197 0.04100999999999999 0.09944000000000003
1 0.797365 0.31584 0.04784999999999995 0.09392
1 0.79834 0.51105 0.05175999999999992 0.09392
1 0.7973600000000001 0.70258 0.05175999999999992 0.09392
1 0.052246 0.48987 0.026368000000000003 0.04787999999999998
1 0.051269499999999996 0.37385 0.026366999999999995 0.04787999999999998
1 0.0483395 0.30387 0.026367 0.04787999999999998
1 0.053222500000000006 0.55617 0.02636700000000001 0.047880000000000034
1 0.055664 0.67035 0.027343999999999993 0.04787999999999992
1 0.056152499999999994 0.74217 0.026366999999999995 0.04787999999999992
2 0.9609350000000001 0.11602000000000001 0.05859000000000003 0.07366000000000002
2 0.947265 0.89503 0.052729999999999944 0.06997999999999993
2 0.9238299999999999 0.324125 0.10741999999999996 0.12155000000000005
2 0.921385 0.513815 0.10644999999999993 0.12155000000000005
2 0.92041 0.6998150000000001 0.10643999999999998 0.12154999999999994
3 0.612795 0.703495 0.012689999999999979 0.14732999999999996
3 0.616215 0.519335 0.01366999999999996 0.14732999999999996
3 0.615235 0.302025 0.01366999999999996 0.14733000000000002
3 0.68701 0.309395 0.012699999999999934 0.14733000000000002
3 0.68701 0.5119750000000001 0.012699999999999934 0.14733000000000007
3 0.686035 0.700735 0.012689999999999979 0.1454899999999999
3 0.09717 0.30018500000000004 0.012700000000000003 0.16575
3 0.0986315 0.5018400000000001 0.011717000000000005 0.16390000000000005
3 0.1001 0.7016549999999999 0.012700000000000003 0.16574999999999995
3 0.037109500000000004 0.7062649999999999 0.011719 0.14549
3 0.0361325 0.525785 0.011719 0.14549
3 0.03125 0.335175 0.011718000000000003 0.15100999999999998
4 0.293945 0.0911595 0.013670000000000015 0.09392099999999999
4 0.36914 0.0930005 0.011720000000000008 0.093919
4 0.444825 0.0911595 0.010749999999999982 0.09392099999999999
4 0.51904 0.0985275 0.010740000000000083 0.09392500000000001
4 0.59326 0.1022095 0.010739999999999972 0.093921
4 0.666505 0.1003685 0.010750000000000037 0.09392299999999998
4 0.742675 0.10957750000000001 0.010750000000000037 0.09392500000000001
4 0.517575 0.265195 0.007810000000000095 0.07367000000000001
3 0.7675799999999999 0.10865699999999999 0.011720000000000064 0.117866
4 0.14453 0.26243 0.007819999999999994 0.07182
4 0.14599499999999999 0.33794 0.008789999999999992 0.07182
4 0.146485 0.46685 0.007809999999999984 0.07182
4 0.14697500000000002 0.5442 0.008789999999999992 0.07182
4 0.14941500000000002 0.66206 0.007810000000000011 0.07182
4 0.149905 0.7430950000000001 0.008789999999999992 0.07182999999999995
4 0.22168 0.74125 0.007820000000000021 0.07182
4 0.222655 0.66206 0.007810000000000011 0.07182
4 0.22070499999999998 0.5442 0.007810000000000011 0.07182
4 0.220215 0.461325 0.008789999999999992 0.07183
4 0.219725 0.34162 0.007809999999999984 0.07182
4 0.21875 0.26059 0.007819999999999994 0.07182
4 0.293455 0.26243 0.00879000000000002 0.07182
4 0.294435 0.34346 0.008789999999999965 0.07182
4 0.29541 0.461325 0.00878000000000001 0.07183
4 0.295895 0.54604 0.007809999999999984 0.07182
4 0.29541 0.663905 0.00878000000000001 0.07182999999999995
4 0.295895 0.73941 0.007809999999999984 0.07182
4 0.299315 0.906075 0.008789999999999965 0.08103000000000005
4 0.37207 0.907915 0.007819999999999994 0.08103000000000005
4 0.367185 0.265195 0.007809999999999984 0.07367000000000001
4 0.36914 0.35175 0.007819999999999994 0.07366
4 0.369625 0.469615 0.00879000000000002 0.07366999999999996
4 0.36816499999999996 0.549725 0.007810000000000039 0.07550999999999997
4 0.36816499999999996 0.665745 0.007810000000000039 0.07550999999999997
4 0.371095 0.752305 0.007809999999999984 0.07550999999999997
4 0.44384500000000005 0.9116 0.00879000000000002 0.07365999999999995
4 0.44238500000000003 0.7477 0.007810000000000039 0.07365999999999995
4 0.44384500000000005 0.66022 0.00879000000000002 0.07550000000000001
4 0.44336 0.548805 0.007819999999999994 0.07367000000000001
4 0.44238500000000003 0.468695 0.007810000000000039 0.07550999999999997
4 0.441405 0.34253999999999996 0.007809999999999984 0.07366
4 0.441405 0.26335 0.007809999999999984 0.07366
4 0.515625 0.34714500000000004 0.007810000000000095 0.07551000000000002
4 0.514645 0.656535 0.007809999999999984 0.07550999999999997
4 0.516605 0.744935 0.007809999999999984 0.07550999999999997
4 0.589845 0.752305 0.007809999999999984 0.07550999999999997
4 0.588865 0.665745 0.007809999999999984 0.07550999999999997
4 0.590335 0.551565 0.008789999999999965 0.07550999999999997
4 0.591305 0.479745 0.008789999999999965 0.07550999999999997
4 0.590335 0.34714500000000004 0.008789999999999965 0.07551000000000002
4 0.5917950000000001 0.269795 0.007809999999999984 0.07551
4 0.5185550000000001 0.906995 0.007809999999999984 0.07550999999999997
4 0.590335 0.906995 0.008789999999999965 0.07550999999999997
4 0.66211 0.9088400000000001 0.007819999999999938 0.07550000000000001
4 0.730955 0.9042349999999999 0.008789999999999965 0.07367000000000001
3 0.7612300000000001 0.904235 0.012700000000000045 0.11786999999999992
5 0.8237300000000001 0.11142 0.01856000000000002 0.08656
5 0.817385 0.49908 0.019530000000000047 0.64088
5 0.81738 0.90055 0.023439999999999905 0.09575999999999996
5 0.662595 0.70442 0.026370000000000005 0.1381199999999999
5 0.7387699999999999 0.7081 0.02636000000000005 0.1381199999999999
5 0.740725 0.505525 0.026370000000000005 0.13813000000000003
5 0.66455 0.505525 0.02636000000000005 0.13813000000000003
5 0.739745 0.31031 0.026370000000000005 0.13812
5 0.666505 0.30479 0.026370000000000005 0.13812000000000002
6 0.274415 0.0920835 0.03125 0.055253
6 0.11182 0.26243 0.01074 0.049719999999999986
6 0.1167 0.34253999999999996 0.016600000000000004 0.051559999999999995
6 0.117675 0.46501000000000003 0.01855000000000001 0.04972000000000004
6 0.11718500000000001 0.541435 0.019530000000000006 0.051569999999999894
6 0.11621000000000001 0.663905 0.007820000000000008 0.04972999999999994
6 0.117675 0.7375700000000001 0.008789999999999992 0.0497200000000001
6 0.26123 0.26059 0.00878000000000001 0.049719999999999986
6 0.26221 0.34253999999999996 0.010739999999999972 0.051559999999999995
6 0.26465 0.46409 0.015619999999999967 0.05156000000000005
6 0.26807000000000003 0.541435 0.016600000000000004 0.051569999999999894
6 0.268555 0.906995 0.011709999999999998 0.05340999999999996
6 0.33496000000000004 0.0930035 0.007819999999999994 0.057093000000000005
6 0.336425 0.345305 0.012690000000000035 0.049729999999999996
6 0.339355 0.46501 0.016610000000000014 0.0534
6 0.339845 0.54512 0.015630000000000033 0.05155999999999994
6 0.339355 0.665745 0.016610000000000014 0.04972999999999994
6 0.33984000000000003 0.7403299999999999 0.017579999999999985 0.05155999999999994
6 0.34130499999999997 0.906075 0.014649999999999996 0.05893000000000004
6 0.416015 0.9051549999999999 0.01757000000000003 0.057089999999999974
6 0.41162 0.7430950000000001 0.012699999999999989 0.05341000000000007
6 0.41308500000000004 0.663905 0.013670000000000015 0.04972999999999994
6 0.41211 0.5442 0.01367999999999997 0.049719999999999986
6 0.41064500000000004 0.46592999999999996 0.00879000000000002 0.051559999999999995
6 0.41113500000000003 0.345305 0.013670000000000015 0.049729999999999996
6 0.41211 0.267955 0.01367999999999997 0.049730000000000024
6 0.41113500000000003 0.09668650000000001 0.009770000000000001 0.04972700000000001
6 0.486815 0.095764 0.012689999999999979 0.05893200000000001
6 0.48633000000000004 0.267955 0.011720000000000008 0.049730000000000024
6 0.49072000000000005 0.469615 0.02245999999999998 0.051570000000000005
6 0.486325 0.5442 0.01366999999999996 0.049719999999999986
6 0.486815 0.66759 0.014649999999999996 0.049719999999999986
6 0.48486 0.742175 0.010739999999999972 0.051570000000000005
6 0.48535 0.904235 0.009759999999999991 0.05892999999999993
6 0.563965 0.1003675 0.016609999999999903 0.053404999999999994
6 0.5605450000000001 0.267955 0.01366999999999996 0.049730000000000024
6 0.5644549999999999 0.348065 0.019529999999999936 0.051570000000000005
6 0.55664 0.9051549999999999 0.007819999999999938 0.04972999999999994
6 0.558595 0.744015 0.009769999999999945 0.04788999999999999
6 0.5581050000000001 0.66667 0.008789999999999965 0.04420000000000002
6 0.189945 0.6620600000000001 0.00879000000000002 0.04603999999999997
6 0.19043 0.742175 0.009760000000000019 0.051570000000000005
6 0.18701 0.5442 0.006839999999999985 0.049719999999999986
6 0.186035 0.46501000000000003 0.006830000000000003 0.04972000000000004
6 0.183105 0.26335 0.006830000000000003 0.051559999999999995
6 0.1875 0.33977999999999997 0.007819999999999994 0.046040000000000025
6 0.55957 0.47053500000000004 0.009759999999999991 0.049729999999999996
6 0.63525 0.10128799999999999 0.010739999999999972 0.051563999999999985
6 0.633785 0.31031 0.01366999999999996 0.09024000000000004
6 0.6337900000000001 0.51013 0.011720000000000064 0.08839999999999998
6 0.62793 0.70442 0.005859999999999976 0.09023999999999999
6 0.785155 0.113259 0.01366999999999996 0.04972199999999999
6 0.777345 0.899635 0.01562999999999992 0.05341000000000007
7 0.89111 0.11418299999999999 0.06738 0.147334
7 0.84033 0.50092 0.022460000000000035 0.53038
7 0.88086 0.895945 0.06445999999999996 0.12707000000000002
7 0.7832 0.198895 0.05078000000000005 0.05156999999999998
7 0.7832 0.401475 0.05078000000000005 0.05156999999999995
7 0.78223 0.598525 0.05078000000000005 0.051570000000000005
7 0.7793 0.801105 0.05078000000000005 0.051570000000000005
7 0.6630849999999999 0.08747949999999999 0.054690000000000016 0.08656099999999999
7 0.6567350000000001 0.907 0.053710000000000035 0.08655999999999997
8 0.84033 0.5082895000000001 0.028320000000000012 0.972381
9 0.9165049999999999 0.405155 0.11231000000000002 0.03315000000000001
9 0.9174800000000001 0.19981500000000002 0.11229999999999996 0.03498999999999999
9 0.9150400000000001 0.599445 0.11327999999999994 0.03499000000000008
9 0.91162 0.794655 0.11230000000000007 0.03499000000000008
9 0.97803 0.403315 0.010740000000000083 0.04788999999999999
9 0.97998 0.20074 0.010739999999999972 0.04787999999999998
9 0.976075 0.60129 0.010750000000000037 0.049719999999999986
9 0.9731449999999999 0.79558 0.010749999999999926 0.047880000000000034
9 0.856935 0.19982 0.008790000000000076 0.04604
9 0.85547 0.40147 0.00782000000000005 0.047880000000000034
9 0.854005 0.6003700000000001 0.008790000000000076 0.047880000000000034
9 0.851075 0.7928200000000001 0.008789999999999965 0.04603999999999997
