0 0.50097485 0.46862215 0.9960903 0.9331957000000001
1 0.531735 0.51721 0.13965 0.13157999999999997
1 0.24463 0.51923 0.15136 0.14372000000000001
1 0.85205 0.517205 0.25488 0.22469000000000006
5 0.34082 0.522265 0.04102 0.24290999999999996
5 0.6333 0.5273249999999999 0.05176000000000003 0.6538499999999999
7 0.56152 0.322875 0.10155999999999998 0.07895000000000002
7 0.561525 0.719635 0.0976499999999999 0.06681000000000004
7 0.27246000000000004 0.705465 0.10156000000000004 0.07489000000000001
7 0.26904 0.31679999999999997 0.10253999999999999 0.06680000000000003
8 0.096194 0.4736855 0.151372 0.8987890000000001
8 0.329105 0.46659700000000004 0.019529999999999992 0.900806
8 0.407715 0.46659860000000003 0.09472999999999998 0.9170028
8 0.5292950000000001 0.4746945 0.01562999999999992 0.9129510000000001
8 0.671385 0.4655886 0.03027000000000002 0.9149828
9 0.523925 0.22671999999999998 0.15722999999999998 0.03237999999999999
9 0.52588 0.415995 0.15721999999999997 0.034409999999999996
9 0.524905 0.631575 0.15722999999999993 0.03238999999999992
9 0.524905 0.816805 0.15722999999999993 0.03441000000000005
9 0.52881 0.0202431 0.15721999999999997 0.024291800000000002
9 0.63086 0.227735 0.056640000000000024 0.058709999999999984
9 0.6318349999999999 0.423075 0.054690000000000016 0.060730000000000006
9 0.63086 0.637655 0.05468000000000006 0.06072999999999995
9 0.6303749999999999 0.826925 0.053710000000000035 0.05871000000000004
9 0.634765 0.02530365 0.054690000000000016 0.0465587
9 0.43359499999999995 0.22672 0.023430000000000006 0.06478
9 0.43555 0.42105000000000004 0.023440000000000016 0.06478
9 0.43408 0.81883 0.02245999999999998 0.06680000000000008
9 0.43555 0.63259 0.023440000000000016 0.06679999999999997
9 0.43799 0.02024315 0.024419999999999997 0.0364377
7 0.1958 0.32186000000000003 0.04004000000000002 0.1498
7 0.19774999999999998 0.719635 0.04003999999999999 0.14776999999999996
7 0.146485 0.522265 0.013670000000000015 0.15789000000000003
7 0.490235 0.719635 0.04296999999999995 0.12753000000000003
7 0.489255 0.31781499999999996 0.04296999999999995 0.12955
9 0.265625 0.22773 0.10937 0.026319999999999982
9 0.26416 0.41700499999999996 0.10839999999999997 0.02428999999999998
9 0.26709 0.62753 0.10840000000000002 0.02429999999999999
9 0.26758 0.81073 0.10938 0.02632000000000001
9 0.17529 0.41903 0.06934000000000001 0.040480000000000016
9 0.17626999999999998 0.227735 0.06933999999999998 0.04250999999999999
9 0.177735 0.625505 0.07030999999999998 0.040490000000000026
9 0.17871 0.81174 0.07032 0.04048000000000007
