3 0.555175 0.36914 0.026370000000000005 0.10286000000000001
3 0.54834 0.49934500000000004 0.02636000000000005 0.09244999999999998
1 0.59473 0.37370000000000003 0.04492000000000007 0.05207999999999996
1 0.589355 0.502605 0.045889999999999986 0.04167000000000004
1 0.697265 0.37695 0.08203000000000005 0.06120000000000003
1 0.692875 0.50456 0.08301000000000003 0.06380000000000002
3 0.636715 0.36849 0.03125 0.12240000000000001
1 0.5898399999999999 0.616535 0.04491999999999996 0.042970000000000064
1 0.59082 0.73112 0.04492000000000007 0.04035999999999995
1 0.693845 0.61849 0.08300999999999992 0.06509999999999994
1 0.693845 0.73047 0.08300999999999992 0.0625
3 0.54834 0.6139300000000001 0.024419999999999997 0.08984000000000003
3 0.5512699999999999 0.73112 0.028320000000000012 0.08723999999999998
1 0.8095699999999999 0.61328 0.04296 0.04165999999999992
1 0.8095699999999999 0.7265649999999999 0.04296 0.041669999999999985
1 0.8833 0.7265649999999999 0.04393999999999998 0.041669999999999985
1 0.958495 0.72526 0.036129999999999995 0.04166000000000003
2 0.943845 0.608725 0.09277000000000002 0.06640999999999997
1 0.8125 0.37239500000000003 0.04296000000000011 0.04167000000000004
1 0.810055 0.5 0.04198999999999997 0.04166000000000003
1 0.8833 0.501305 0.04393999999999998 0.04167000000000004
1 0.884765 0.37239500000000003 0.04296999999999995 0.04167000000000004
1 0.958985 0.370445 0.035150000000000015 0.04297000000000001
1 0.958495 0.498695 0.036129999999999995 0.04167000000000004
0 0.608885 0.63737 0.77051 0.7174400000000001
1 0.33887 0.50391 0.08398 0.07551999999999998
1 0.340335 0.61849 0.08301000000000003 0.07552000000000003
1 0.340335 0.734375 0.08301000000000003 0.0755300000000001
1 0.354495 0.3737 0.025390000000000024 0.0625
1 0.49951 0.374345 0.02245999999999998 0.055989999999999984
1 0.49121000000000004 0.503255 0.02148 0.055989999999999984
1 0.49268 0.617835 0.02245999999999998 0.055989999999999984
1 0.50244 0.872395 0.02245999999999998 0.05728999999999995
1 0.49121000000000004 0.7330749999999999 0.02148 0.05728999999999995
1 0.59912 0.87044 0.04590000000000005 0.05078000000000005
1 0.699705 0.86914 0.08301000000000003 0.06379999999999997
1 0.8125 0.865885 0.04296000000000011 0.041669999999999985
2 0.892575 0.19922 0.17382999999999993 0.10416000000000003
1 0.71045 0.16210999999999998 0.06738 0.0638
1 0.6362300000000001 0.16471 0.03417999999999999 0.04818
1 0.540035 0.160155 0.037109999999999976 0.05989
1 0.371585 0.1028665 0.024410000000000043 0.03906699999999999
3 0.558105 0.86914 0.03222999999999998 0.09765999999999997
3 0.634275 0.867835 0.026370000000000005 0.11848999999999998
4 0.626955 0.49935 0.025390000000000024 0.08984000000000003
4 0.62744 0.6145849999999999 0.024419999999999997 0.09114999999999995
4 0.628905 0.727865 0.025389999999999913 0.08333000000000002
3 0.65918 0.172525 0.04688000000000003 0.11849
5 0.7553700000000001 0.20052 0.030279999999999974 0.15104
5 0.74512 0.498695 0.02733999999999992 0.08072999999999997
5 0.74707 0.6145849999999999 0.02733999999999992 0.08073000000000008
5 0.746095 0.727215 0.027349999999999985 0.07943
5 0.248535 0.367185 0.036129999999999995 0.13280999999999998
5 0.242185 0.51823 0.03711000000000003 0.13282000000000005
5 0.45605 0.203125 0.0625 0.08073000000000002
5 0.40332 0.106122 0.0625 0.082036
7 0.87402 0.607425 0.039059999999999984 0.14453000000000005
8 0.773925 0.64323 0.036129999999999995 0.6927000000000001
8 0.532715 0.638675 0.036129999999999995 0.6914100000000001
8 0.42627000000000004 0.63672 0.10644000000000003 0.6875
8 0.27881 0.640625 0.05566000000000004 0.7005300000000001
9 0.342775 0.442055 0.06640999999999997 0.02213000000000004
9 0.342775 0.557945 0.06640999999999997 0.022129999999999983
9 0.35303 0.29362 0.06738 0.022139999999999993
9 0.344725 0.67578 0.06640999999999997 0.023440000000000016
9 0.63916 0.44466 0.15527999999999997 0.024739999999999984
9 0.643555 0.29818 0.15039000000000002 0.026039999999999952
9 0.63965 0.5585899999999999 0.1543 0.026039999999999952
9 0.63916 0.67318 0.15527999999999997 0.026040000000000063
9 0.6411100000000001 0.7864599999999999 0.15332 0.026039999999999952
9 0.49414 0.67383 0.04295999999999994 0.024739999999999984
9 0.49560499999999996 0.78841 0.04198999999999997 0.024740000000000095
9 0.493165 0.559245 0.042970000000000064 0.02472999999999992
9 0.5 0.29622 0.042960000000000054 0.024739999999999984
9 0.493165 0.44336 0.042970000000000064 0.02474000000000004
9 0.31006 0.295575 0.01856000000000002 0.03125
9 0.299315 0.44010499999999997 0.018549999999999955 0.03645000000000004
9 0.30029 0.5585899999999999 0.016599999999999948 0.03646000000000005
9 0.30176000000000003 0.67513 0.017579999999999985 0.03255999999999992
9 0.474125 0.29817499999999997 0.00879000000000002 0.03384999999999999
9 0.467775 0.445315 0.007809999999999984 0.03384999999999999
9 0.467775 0.558595 0.007809999999999984 0.03385000000000005
9 0.46875 0.6738299999999999 0.00782000000000005 0.03515999999999997
9 0.470215 0.789065 0.008789999999999965 0.033849999999999936
9 0.479495 0.945315 0.007809999999999984 0.033849999999999936
9 0.505375 0.946615 0.04199000000000003 0.023430000000000062
9 0.553225 0.297525 0.03027000000000002 0.035150000000000015
9 0.546385 0.44466 0.03027000000000002 0.03515999999999997
9 0.546385 0.55794 0.03027000000000002 0.03516000000000008
9 0.546385 0.672525 0.03027000000000002 0.035150000000000015
9 0.549315 0.78646 0.03027000000000002 0.03386
9 0.55664 0.947265 0.029299999999999993 0.035150000000000015
9 0.37793 0.44140500000000005 0.0039000000000000146 0.02865000000000001
9 0.37793 0.5579449999999999 0.0039000000000000146 0.029950000000000032
9 0.38721 0.29427 0.0048799999999999955 0.02864
9 0.38086 0.790365 0.003899999999999959 0.028650000000000064
9 0.37988500000000003 0.673825 0.003910000000000025 0.02994999999999992
9 0.7412099999999999 0.30078 0.04491999999999996 0.04166000000000003
9 0.73926 0.44336 0.041019999999999945 0.04036000000000001
9 0.73828 0.55794 0.041019999999999945 0.04035999999999995
9 0.73926 0.784505 0.041019999999999945 0.04037000000000002
9 0.737795 0.672525 0.04198999999999997 0.04037000000000002
9 0.981445 0.6582 0.019530000000000047 0.011719999999999953
9 0.981935 0.55664 0.018550000000000066 0.011719999999999953
9 0.939945 0.559245 0.06542999999999999 0.006510000000000016
9 0.938965 0.6569 0.06542999999999999 0.009120000000000017
9 0.9018550000000001 0.5572900000000001 0.010749999999999926 0.010419999999999985
9 0.9008750000000001 0.6575500000000001 0.008789999999999965 0.010419999999999985
