1 0.500000 0.500000 1.000000 1.000000
0 0.393880 0.711426 0.735677 0.557617
6 0.594401 0.941895 0.329427 0.092773
6 0.223307 0.940918 0.207031 0.094727
2 0.582682 0.835449 0.040365 0.055664
2 0.490885 0.835449 0.039062 0.055664
2 0.379557 0.835449 0.058594 0.055664
2 0.268229 0.835449 0.041667 0.055664
2 0.177083 0.835938 0.039062 0.056641
2 0.692708 0.834473 0.059896 0.055664
2 0.268880 0.736328 0.040365 0.052734
2 0.177734 0.736328 0.040365 0.052734
2 0.491536 0.735840 0.040365 0.053711
2 0.582682 0.735352 0.040365 0.054688
2 0.700521 0.721191 0.078125 0.077148
2 0.438151 0.716797 0.027344 0.076172
2 0.393880 0.716797 0.045573 0.076172
2 0.347656 0.716797 0.028646 0.076172
2 0.070964 0.649414 0.055990 0.015625
2 0.692708 0.645996 0.059896 0.020508
2 0.403646 0.629883 0.033854 0.035156
2 0.359375 0.629883 0.033854 0.035156
2 0.270833 0.638672 0.041667 0.052734
2 0.179036 0.638672 0.040365 0.052734
2 0.582682 0.638184 0.040365 0.053711
2 0.491536 0.638184 0.040365 0.053711
2 0.842448 0.609863 0.039062 0.053711
3 0.395182 0.871094 0.725260 0.021484
3 0.393880 0.774414 0.727865 0.033203
11 0.376302 0.944824 0.078125 0.086914
9 0.340495 0.828125 0.014323 0.058594
9 0.421875 0.827148 0.015625 0.058594
9 0.221354 0.822754 0.216146 0.069336
9 0.539062 0.821289 0.213542 0.068359
9 0.378255 0.794434 0.048177 0.018555
9 0.268880 0.709961 0.066406 0.037109
9 0.178385 0.710449 0.065104 0.038086
9 0.491536 0.709473 0.066406 0.038086
9 0.582682 0.708008 0.066406 0.037109
9 0.113281 0.658691 0.031250 0.026367
9 0.654948 0.657227 0.023438 0.027344
9 0.743490 0.654785 0.023438 0.028320
9 0.328125 0.642578 0.018229 0.025391
9 0.453776 0.640625 0.019531 0.025391
9 0.073568 0.619141 0.082031 0.044922
9 0.694661 0.615234 0.089844 0.041016
9 0.843099 0.572754 0.050781 0.018555
9 0.127604 0.546387 0.010417 0.073242
9 0.643880 0.545410 0.009115 0.073242
9 0.493490 0.546387 0.075521 0.075195
9 0.274740 0.546387 0.085938 0.075195
9 0.182292 0.546387 0.085938 0.075195
9 0.630208 0.544434 0.010417 0.073242
9 0.585938 0.544922 0.070312 0.078125
9 0.542318 0.542480 0.009115 0.073242
9 0.386068 0.544922 0.134115 0.078125
9 0.860026 0.501953 0.063802 0.027344
9 0.629557 0.468262 0.055990 0.063477
9 0.129557 0.468262 0.035156 0.067383
7 0.839844 0.656250 0.062500 0.039062
5 0.072917 0.669922 0.091146 0.025391
5 0.695312 0.669434 0.106771 0.026367
5 0.389323 0.663086 0.156250 0.031250
