1 0.424805 0.21419 0.05079 0.03516
1 0.42529 0.30989500000000003 0.05176000000000003 0.03645000000000004
1 0.526365 0.21484 0.052730000000000055 0.03645999999999999
1 0.52637 0.31055 0.05078000000000005 0.037760000000000016
3 0.477535 0.214845 0.03125 0.06511
3 0.478515 0.31120000000000003 0.03514999999999996 0.06509999999999999
3 0.58301 0.215495 0.03515999999999997 0.06381
3 0.583495 0.31184999999999996 0.03808999999999996 0.06380000000000002
3 0.6962900000000001 0.217445 0.039059999999999984 0.05729000000000001
3 0.694825 0.31315000000000004 0.04198999999999997 0.06119999999999998
1 0.634765 0.215495 0.05859000000000003 0.03514999999999999
1 0.6352549999999999 0.31120000000000003 0.05957000000000001 0.03645999999999999
1 0.742675 0.21745 0.05957000000000001 0.03645999999999999
1 0.742675 0.31315 0.05957000000000001 0.037760000000000016
3 0.8300799999999999 0.24479499999999998 0.021480000000000055 0.10677
1 0.856445 0.24414000000000002 0.023430000000000062 0.08204000000000003
2 0.93652 0.243485 0.09179999999999999 0.08073
1 0.863765 0.40103999999999995 0.0595699999999999 0.03645999999999999
1 0.863765 0.44987 0.0595699999999999 0.03515999999999997
1 0.863765 0.54948 0.0595699999999999 0.03646000000000005
1 0.863765 0.64583 0.0595699999999999 0.03645999999999994
1 0.742675 0.55078 0.05957000000000001 0.039059999999999984
1 0.7431650000000001 0.64974 0.05859000000000003 0.03645999999999994
1 0.63379 0.64909 0.058599999999999985 0.037759999999999905
1 0.635255 0.55013 0.05760999999999994 0.037760000000000016
3 0.698245 0.55208 0.04296999999999995 0.0625
3 0.697265 0.65234 0.04296999999999995 0.0625
3 0.478515 0.5520849999999999 0.03514999999999996 0.07030999999999998
3 0.478515 0.652345 0.03514999999999996 0.07030999999999998
3 0.583985 0.551435 0.037109999999999976 0.06901000000000002
3 0.584475 0.651695 0.036129999999999995 0.06901000000000002
1 0.5268550000000001 0.54948 0.051750000000000074 0.03646000000000005
1 0.5268550000000001 0.64909 0.051750000000000074 0.03515999999999997
1 0.42529 0.54948 0.05176000000000003 0.03646000000000005
1 0.42529 0.64974 0.05176000000000003 0.03645999999999994
1 0.424805 0.39974 0.05079 0.03645999999999999
1 0.424805 0.44987 0.05079 0.03515999999999997
3 0.478515 0.427085 0.03514999999999996 0.10936999999999997
1 0.51709 0.39974 0.032220000000000026 0.03645999999999999
1 0.513675 0.44921999999999995 0.025390000000000024 0.03645999999999999
1 0.61621 0.45247 0.0625 0.037760000000000016
1 0.731935 0.45247 0.06346999999999992 0.037760000000000016
1 0.62793 0.388675 0.05468000000000006 0.01693
1 0.74072 0.388675 0.05175999999999992 0.01693
0 0.663575 0.433595 0.65723 0.52343
3 0.6616200000000001 0.453125 0.024419999999999997 0.05989
1 0.49414 0.11914 0.05274000000000001 0.03516000000000001
1 0.49414 0.035807 0.05274000000000001 0.03515600000000001
1 0.3916 0.11849000000000001 0.05078000000000005 0.033860000000000015
1 0.598635 0.11979000000000001 0.05859000000000003 0.036460000000000006
1 0.70508 0.12109 0.058599999999999985 0.036460000000000006
1 0.424805 0.7552099999999999 0.05273 0.03646000000000005
1 0.424805 0.82552 0.05273 0.03646000000000005
1 0.53906 0.75456 0.056640000000000024 0.037760000000000016
1 0.53906 0.8222700000000001 0.056640000000000024 0.037759999999999905
1 0.53906 0.8222700000000001 0.056640000000000024 0.037759999999999905
1 0.65527 0.75195 0.056640000000000024 0.037760000000000016
1 0.65527 0.81966 0.056640000000000024 0.037759999999999905
1 0.77002 0.75065 0.057620000000000005 0.037760000000000016
1 0.77002 0.8177099999999999 0.057620000000000005 0.03646000000000005
1 0.88184 0.747395 0.056640000000000024 0.03644999999999998
3 0.55908 0.12044250000000001 0.016599999999999948 0.071615
3 0.65918 0.12044250000000001 0.013679999999999914 0.071615
3 0.49853499999999995 0.755205 0.022469999999999934 0.06770999999999994
3 0.49707 0.8255250000000001 0.02148 0.06771000000000005
3 0.61328 0.751305 0.021480000000000055 0.06770999999999994
3 0.612305 0.8229150000000001 0.02149000000000001 0.06771000000000005
3 0.38428 0.55013 0.028320000000000012 0.07162000000000002
3 0.38623 0.64909 0.028320000000000012 0.0716199999999999
3 0.38721 0.31054499999999996 0.028320000000000012 0.07161000000000001
3 0.38721 0.214195 0.028320000000000012 0.07161000000000001
3 0.38672 0.42643 0.03515999999999997 0.12369999999999998
4 0.55664 0.215495 0.009759999999999991 0.04816999999999999
4 0.556155 0.31120000000000003 0.008789999999999965 0.049480000000000024
4 0.5571250000000001 0.65039 0.008789999999999965 0.04818
4 0.55664 0.55013 0.009759999999999991 0.04818
4 0.6689449999999999 0.21745 0.011709999999999998 0.06509999999999999
4 0.668455 0.3125 0.012689999999999979 0.06510000000000005
4 0.6674800000000001 0.55013 0.012700000000000045 0.06640000000000001
4 0.668455 0.647785 0.012689999999999979 0.06640999999999997
4 0.78369 0.21875 0.024419999999999997 0.05730000000000002
4 0.78467 0.3125 0.024419999999999997 0.05730000000000002
4 0.78418 0.65039 0.021479999999999944 0.058599999999999985
4 0.78418 0.5520849999999999 0.021479999999999944 0.05728999999999995
4 0.7744150000000001 0.45377999999999996 0.02342999999999995 0.06380000000000002
4 0.777345 0.38737 0.027349999999999985 0.037760000000000016
4 0.419925 0.0351565 0.01366999999999996 0.044271000000000005
4 0.420895 0.11979300000000001 0.013670000000000015 0.044273999999999994
4 0.63965 0.12044099999999999 0.02734000000000003 0.06379800000000001
4 0.74072 0.121092 0.01660000000000006 0.06249600000000001
4 0.576175 0.753905 0.019530000000000047 0.06771000000000005
4 0.575685 0.823565 0.018550000000000066 0.06901000000000002
4 0.6962900000000001 0.75195 0.02734000000000003 0.06119999999999992
4 0.697265 0.81901 0.027349999999999985 0.059900000000000064
4 0.81055 0.75 0.02733999999999992 0.059900000000000064
4 0.9238299999999999 0.74805 0.02734000000000003 0.05078000000000005
1 0.96875 0.440755 0.04296000000000011 0.06118999999999997
1 0.969725 0.5996049999999999 0.042970000000000064 0.055990000000000095
7 0.358395 0.726565 0.04297000000000001 0.015630000000000033
7 0.356445 0.76172 0.04297000000000001 0.015620000000000078
7 0.356445 0.795575 0.04297000000000001 0.015630000000000033
7 0.356445 0.83138 0.04297000000000001 0.016920000000000046
7 0.35546500000000003 0.8697900000000001 0.04297000000000001 0.015620000000000078
7 0.38965 0.759115 0.01758000000000004 0.020830000000000015
7 0.39014000000000004 0.828775 0.016600000000000004 0.019529999999999936
8 0.354 0.43164 0.03417999999999999 0.51692
8 0.458005 0.433595 0.019529999999999992 0.5182300000000001
8 0.790035 0.43489999999999995 0.037109999999999976 0.51302
