0 0.50060275 0.50048655 0.9963744999999999 0.9970669
1 0.21196 0.089357 0.16546 0.073246
1 0.20894000000000001 0.248535 0.1715 0.07325000000000004
1 0.19746 0.41455 0.17512 0.07324000000000003
1 0.19324000000000002 0.585935 0.18116000000000002 0.07617000000000007
1 0.191425 0.7568349999999999 0.17753 0.07616999999999996
1 0.192635 0.919435 0.15820999999999996 0.07519000000000009
1 0.50483 0.0878905 0.17873999999999995 0.068359
1 0.50121 0.245605 0.18116000000000004 0.07324999999999998
1 0.49819 0.41015999999999997 0.18720000000000003 0.08007999999999998
1 0.495165 0.5835 0.18599 0.07909999999999995
1 0.489135 0.75488 0.18599000000000004 0.08007999999999993
1 0.4843 0.9209 0.18357999999999997 0.0722600000000001
2 0.86051 0.06494 0.2282599999999999 0.07324
5 0.33453999999999995 0.0815405 0.08454 0.118159
5 0.31159000000000003 0.92041 0.08454 0.11815999999999993
7 0.1171505 0.24804500000000002 0.04347900000000002 0.025390000000000024
7 0.11232 0.415035 0.04348000000000002 0.025390000000000024
7 0.13163999999999998 0.0913075 0.04347999999999999 0.026365
7 0.41063 0.0864255 0.04347999999999996 0.07128899999999999
7 0.40942 0.24707 0.04347999999999996 0.06445999999999999
7 0.39976 0.411625 0.04347999999999996 0.07129000000000002
7 0.39734 0.58154 0.04348000000000002 0.07910000000000006
7 0.102055 0.582035 0.044689999999999994 0.025390000000000024
7 0.1062805 0.758785 0.04347899999999999 0.025390000000000024
7 0.391305 0.7543949999999999 0.04347000000000001 0.06933
7 0.11232 0.916015 0.04348000000000002 0.025390000000000024
7 0.391305 0.91846 0.04347000000000001 0.06348000000000009
7 0.063406 0.0961925 0.044686000000000003 0.036135
7 0.050121 0.916015 0.03744 0.03320999999999996
8 0.05495205 0.503906 0.09299589999999999 0.986328
8 0.310385 0.502441 0.07005 0.983398
8 0.5996349999999999 0.5034178 0.06401000000000001 0.9873044
9 0.3164245 0.157715 0.461351 0.03026999999999999
9 0.32488150000000005 0.0209962 0.4613570000000001 0.030273599999999998
9 0.29951550000000005 0.84326 0.46134900000000006 0.030280000000000085
9 0.3049525 0.98584 0.455315 0.020500000000000074
9 0.55616 0.845215 0.04709999999999992 0.03809000000000007
9 0.5537449999999999 0.987305 0.04226999999999992 0.025390000000000024
9 0.57186 0.157225 0.04952000000000001 0.037110000000000004
9 0.57609 0.01904285 0.041059999999999985 0.0322263
9 0.062197999999999996 0.0224609 0.06401 0.0351562
9 0.0525365 0.159665 0.06642500000000001 0.03809000000000001
9 0.044686000000000003 0.984375 0.065218 0.027349999999999985
9 0.0398549 0.844725 0.0603862 0.03711000000000009
10 0.7053149999999999 0.402345 0.06762999999999997 0.33592999999999995
10 0.6998800000000001 0.8212900000000001 0.0688399999999999 0.20898000000000005
10 0.8436 0.839845 0.21136 0.025389999999999913
10 0.8725849999999999 0.583005 0.24033000000000004 0.09375
10 0.866545 0.754885 0.23066999999999993 0.08789000000000002
10 0.855075 0.91797 0.22946999999999995 0.08398000000000005
10 0.85326 0.430175 0.20409999999999995 0.11230999999999997
10 0.864735 0.24756 0.22946999999999995 0.07909999999999998
