4 0.591797 0.911621 0.050781 0.043945
4 0.718750 0.914551 0.057292 0.059570
4 0.233724 0.914062 0.079427 0.117188
4 0.815755 0.913574 0.131510 0.120117
4 0.402344 0.913574 0.067708 0.120117
4 0.652344 0.912109 0.067708 0.121094
0 0.231771 0.739746 0.080729 0.077148
0 0.529948 0.740723 0.057292 0.081055
0 0.399740 0.739258 0.057292 0.078125
0 0.653646 0.740234 0.054688 0.082031
0 0.782552 0.738281 0.054688 0.080078
0 0.225911 0.583984 0.079427 0.080078
0 0.527344 0.576660 0.054688 0.069336
0 0.404297 0.576660 0.055990 0.069336
0 0.776042 0.576172 0.054688 0.070312
0 0.651042 0.576172 0.054688 0.070312
0 0.225911 0.423340 0.079427 0.081055
0 0.776042 0.419922 0.054688 0.076172
0 0.651042 0.420410 0.054688 0.077148
0 0.527344 0.420410 0.054688 0.077148
0 0.402344 0.418945 0.054688 0.076172
0 0.122396 0.413086 0.023438 0.091797
0 0.222656 0.261719 0.080729 0.082031
0 0.776042 0.257812 0.054688 0.076172
0 0.651042 0.256836 0.054688 0.074219
0 0.955729 0.260742 0.080729 0.083984
0 0.526693 0.257324 0.053385 0.077148
0 0.400391 0.256836 0.055990 0.076172
0 0.120443 0.241699 0.027344 0.079102
0 0.068359 0.233887 0.024740 0.086914
0 0.223307 0.087402 0.079427 0.051758
0 0.956380 0.086426 0.079427 0.051758
0 0.777344 0.083984 0.054688 0.058594
0 0.651042 0.083984 0.057292 0.058594
0 0.525391 0.083984 0.053385 0.058594
0 0.399740 0.083496 0.054688 0.059570
0 0.117839 0.070801 0.027344 0.084961
0 0.063151 0.059082 0.024740 0.083008
1 0.595052 0.684570 0.567708 0.056641
9 0.529948 0.914062 0.070312 0.123047
7 0.722656 0.782715 0.059896 0.206055
7 0.589193 0.713379 0.045573 0.067383
7 0.500000 0.780273 0.135417 0.207031
7 0.774740 0.334961 0.026042 0.017578
7 0.657552 0.334961 0.026042 0.017578
7 0.526042 0.334961 0.026042 0.017578
7 0.225260 0.335449 0.020833 0.018555
7 0.401693 0.333984 0.024740 0.017578
7 0.122396 0.334961 0.020833 0.062500
7 0.340495 0.228027 0.027344 0.051758
7 0.840495 0.226074 0.027344 0.051758
7 0.587891 0.226074 0.027344 0.051758
7 0.461589 0.226074 0.027344 0.051758
7 0.713542 0.225098 0.028646 0.051758
7 0.066406 0.152832 0.028646 0.065430
7 0.713542 0.066406 0.023438 0.085938
7 0.459635 0.066406 0.023438 0.085938
7 0.843750 0.063477 0.023438 0.085938
7 0.334635 0.063477 0.023438 0.085938
7 0.589844 0.062012 0.023438 0.086914
2 0.397135 0.826660 0.070312 0.010742
2 0.786458 0.825684 0.067708 0.010742
2 0.230469 0.826660 0.101562 0.014648
2 0.652344 0.823242 0.080729 0.058594
2 0.589193 0.535156 0.498698 0.029297
2 0.650391 0.368164 0.074219 0.029297
2 0.526042 0.367188 0.075521 0.027344
2 0.402344 0.367188 0.075521 0.027344
2 0.223958 0.367676 0.106771 0.028320
2 0.776042 0.367188 0.072917 0.029297
5 0.652344 0.787598 0.080729 0.012695
5 0.532552 0.788086 0.080729 0.013672
5 0.787760 0.799316 0.070312 0.041992
5 0.395182 0.799316 0.074219 0.041992
5 0.231120 0.799316 0.097656 0.041992
5 0.225260 0.631836 0.091146 0.015625
5 0.227865 0.471680 0.091146 0.015625
5 0.651693 0.473633 0.079427 0.029297
5 0.530599 0.473633 0.079427 0.029297
5 0.775391 0.472656 0.079427 0.029297
5 0.402344 0.471680 0.078125 0.029297
5 0.223307 0.310059 0.089844 0.014648
5 0.774740 0.308105 0.078125 0.024414
5 0.523438 0.308105 0.078125 0.024414
5 0.399740 0.307129 0.078125 0.024414
5 0.649740 0.306152 0.078125 0.024414
5 0.123047 0.292480 0.035156 0.022461
5 0.062500 0.108398 0.041667 0.015625
3 0.588542 0.642090 0.492188 0.061523
3 0.588542 0.153809 0.580729 0.081055
3 0.190104 0.155273 0.184896 0.083984
3 0.944010 0.154297 0.104167 0.083984
