0 0.4994708 0.50048655 0.9968184 0.9970669
1 0.19798 0.13281 0.13694000000000003 0.06250000000000001
1 0.19904499999999997 0.279785 0.13695 0.06347000000000003
1 0.19586 0.42383 0.13694 0.0625
1 0.19586 0.57324 0.13694 0.0625
1 0.400215 0.136235 0.14437 0.05957
1 0.400215 0.28369500000000003 0.14437 0.059569999999999956
1 0.39915 0.426265 0.14438 0.05957000000000001
1 0.397025 0.576665 0.14437 0.05957000000000001
1 0.18949 0.904785 0.1327 0.06542999999999999
1 0.19002000000000002 0.7578149999999999 0.13164 0.06054999999999999
1 0.39809 0.76465 0.14437999999999995 0.058600000000000096
1 0.39119 0.90869 0.14332 0.06347999999999998
1 0.624735 0.13574 0.15393 0.0625
1 0.625265 0.28125 0.15499000000000007 0.0625
1 0.624205 0.42969 0.15498999999999996 0.0625
1 0.625265 0.57813 0.15499000000000007 0.0625
1 0.622085 0.76953 0.15498999999999996 0.0625
2 0.915605 0.54297 0.16029000000000004 0.05663999999999991
3 0.118365 0.133302 0.02228999999999999 0.08691600000000001
3 0.119425 0.28174 0.02228999999999999 0.08692
3 0.118365 0.42334 0.02228999999999999 0.08692
3 0.119425 0.571775 0.02228999999999999 0.08691000000000004
3 0.11518 0.759275 0.0223 0.08691000000000004
3 0.11359 0.90625 0.023359999999999992 0.08790000000000009
3 0.31157 0.907715 0.022299999999999986 0.08690999999999993
3 0.31740999999999997 0.427735 0.023359999999999992 0.08788999999999997
3 0.320065 0.28174 0.022290000000000032 0.08692
3 0.31740999999999997 0.134765 0.023359999999999992 0.08789000000000001
3 0.53981 0.137695 0.022299999999999986 0.08789
3 0.53928 0.28369 0.023360000000000047 0.08692
3 0.5366249999999999 0.43115499999999995 0.022290000000000032 0.08690999999999999
4 0.2707 0.13574 0.014859999999999984 0.08398
4 0.27282 0.285155 0.014859999999999984 0.08399000000000001
4 0.26964 0.42627000000000004 0.014859999999999984 0.08495999999999998
4 0.476645 0.42676000000000003 0.014869999999999994 0.08398
4 0.47983 0.28418 0.01486000000000004 0.08398000000000003
4 0.48141999999999996 0.13867 0.01591999999999999 0.08397999999999999
4 0.26221 0.90918 0.014859999999999984 0.08397999999999994
4 0.468685 0.916015 0.01593 0.08399000000000001
5 0.225055 0.6855450000000001 0.11253000000000002 0.32031
5 0.44692 0.688475 0.11251999999999995 0.32031
5 0.66667 0.6967749999999999 0.09342000000000006 0.32128999999999996
8 0.732485 0.502441 0.06368999999999991 0.977538
8 0.04670915 0.504881 0.0849257 0.982418
10 0.87845 0.1928714 0.23036 0.37597719999999996
10 0.87845 0.569825 0.2324799999999999 0.33691000000000004
10 0.8768549999999999 0.8696250000000001 0.23355000000000004 0.25293
