4 0.222418 0.949707 0.045775 0.043945
4 0.799296 0.916992 0.070423 0.025391
4 0.170775 0.915039 0.097418 0.023438
6 0.599178 0.533203 0.019953 0.056641
6 0.491784 0.532715 0.018779 0.057617
6 0.386150 0.531738 0.021127 0.055664
6 0.278756 0.532715 0.019953 0.057617
6 0.170188 0.532715 0.021127 0.057617
6 0.083920 0.369629 0.017606 0.077148
6 0.690728 0.368164 0.019953 0.076172
6 0.329225 0.369629 0.017606 0.079102
6 0.231808 0.369629 0.017606 0.079102
6 0.151995 0.369141 0.017606 0.078125
6 0.621479 0.367676 0.017606 0.077148
6 0.544014 0.368164 0.017606 0.078125
6 0.447183 0.367676 0.018779 0.079102
6 0.886737 0.364258 0.019953 0.078125
6 0.817488 0.363281 0.019953 0.080078
6 0.280516 0.228027 0.023474 0.077148
6 0.495305 0.227539 0.021127 0.078125
0 0.115610 0.949219 0.045775 0.044922
0 0.650822 0.826172 0.050469 0.076172
0 0.540493 0.826172 0.048122 0.076172
0 0.329812 0.826660 0.049296 0.077148
0 0.220657 0.826172 0.049296 0.076172
0 0.116197 0.825684 0.049296 0.075195
0 0.842723 0.824707 0.051643 0.077148
0 0.650822 0.672363 0.052817 0.083008
0 0.438380 0.673340 0.050469 0.084961
0 0.115023 0.672363 0.049296 0.083008
0 0.544014 0.671875 0.052817 0.083984
0 0.331573 0.672363 0.050469 0.084961
0 0.222418 0.672363 0.050469 0.084961
0 0.887911 0.666504 0.045775 0.077148
0 0.828638 0.666504 0.046948 0.077148
0 0.544014 0.521973 0.050469 0.083008
0 0.116784 0.521484 0.050469 0.082031
0 0.651995 0.521484 0.050469 0.083984
0 0.438380 0.520508 0.050469 0.082031
0 0.331573 0.520508 0.050469 0.082031
0 0.224178 0.520508 0.051643 0.082031
0 0.856808 0.514160 0.051643 0.083008
0 0.116197 0.372559 0.049296 0.071289
0 0.277582 0.372559 0.078638 0.073242
0 0.653756 0.370605 0.051643 0.071289
0 0.491784 0.371094 0.077465 0.072266
0 0.848592 0.366699 0.051643 0.073242
0 0.463028 0.229492 0.045775 0.076172
0 0.248239 0.229492 0.043427 0.076172
0 0.117371 0.229492 0.051643 0.076172
0 0.655516 0.228516 0.050469 0.076172
0 0.525235 0.228027 0.045775 0.075195
0 0.312793 0.229004 0.045775 0.077148
0 0.849765 0.223145 0.053991 0.077148
1 0.956573 0.723145 0.014085 0.026367
1 0.400235 0.723145 0.723005 0.026367
1 0.499413 0.584473 0.921362 0.063477
1 0.532864 0.405273 0.004695 0.003906
1 0.502934 0.437500 0.921362 0.068359
1 0.930164 0.321289 0.066901 0.023438
1 0.753521 0.321289 0.107981 0.023438
1 0.592723 0.321289 0.039906 0.023438
1 0.386737 0.321289 0.064554 0.023438
1 0.193662 0.321289 0.032864 0.023438
1 0.050469 0.321289 0.011737 0.023438
1 0.504108 0.268066 0.923709 0.018555
1 0.506455 0.144531 0.911972 0.107422
9 0.328638 0.937988 0.056338 0.075195
9 0.437793 0.906250 0.068075 0.128906
7 0.441315 0.802734 0.133803 0.078125
7 0.846244 0.769531 0.018779 0.031250
7 0.222418 0.769531 0.019953 0.033203
7 0.117958 0.769531 0.019953 0.033203
7 0.331573 0.769043 0.019953 0.034180
7 0.653756 0.769043 0.023474 0.036133
7 0.543427 0.768555 0.021127 0.037109
7 0.862089 0.626953 0.045775 0.015625
7 0.702465 0.489258 0.036385 0.029297
7 0.170775 0.489258 0.045775 0.029297
7 0.386737 0.488770 0.043427 0.030273
7 0.065141 0.488770 0.043427 0.030273
7 0.599765 0.488770 0.046948 0.032227
7 0.492958 0.487793 0.042254 0.032227
7 0.280516 0.487793 0.049296 0.032227
7 0.948944 0.485352 0.036385 0.033203
7 0.897300 0.482422 0.026995 0.027344
7 0.816901 0.482910 0.028169 0.028320
7 0.751761 0.484375 0.052817 0.033203
7 0.495305 0.176758 0.032864 0.019531
7 0.279930 0.175781 0.034038 0.017578
7 0.116197 0.176270 0.028169 0.018555
7 0.655516 0.175293 0.034038 0.018555
7 0.849178 0.169434 0.036385 0.020508
7 0.848592 0.090820 0.096244 0.011719
7 0.847418 0.048340 0.091549 0.034180
2 0.282277 0.317871 0.144366 0.036133
2 0.495892 0.315430 0.153756 0.037109
2 0.853873 0.312012 0.132629 0.036133
2 0.116784 0.308105 0.120892 0.049805
2 0.659038 0.305664 0.132629 0.050781
5 0.855634 0.743652 0.187793 0.077148
5 0.281690 0.426270 0.131455 0.034180
5 0.118545 0.425781 0.100939 0.035156
5 0.495305 0.427246 0.133803 0.040039
5 0.660211 0.426270 0.104460 0.040039
5 0.858568 0.414551 0.106808 0.022461
