0 0.5213490000000001 0.47442300000000004 0.943822 0.833334
1 0.19774999999999998 0.13119 0.11235999999999999 0.041260000000000005
1 0.19326 0.25 0.11235999999999999 0.04125999999999999
1 0.185395 0.674095 0.11460999999999999 0.04125000000000001
1 0.18764 0.799505 0.11459999999999998 0.04125000000000001
1 0.42134499999999997 0.12789 0.14606999999999998 0.05116
1 0.417975 0.249175 0.14831 0.04951
1 0.685395 0.125415 0.15281 0.05281000000000001
1 0.68764 0.2467 0.15280000000000005 0.05775999999999998
1 0.41236 0.6740900000000001 0.14158000000000004 0.054460000000000064
1 0.41236 0.8011550000000001 0.14158000000000004 0.05445
1 0.683145 0.6716150000000001 0.15731000000000006 0.059410000000000074
1 0.6809 0.796205 0.1573 0.05775000000000008
1 0.173035 0.36634 0.08539 0.02969999999999995
1 0.17078500000000002 0.440595 0.08539 0.029710000000000014
1 0.16854000000000002 0.47855000000000003 0.0854 0.029700000000000004
1 0.16854000000000002 0.5544549999999999 0.0854 0.029710000000000014
1 0.43932499999999997 0.36221000000000003 0.08315 0.02806000000000003
1 0.43708 0.5536300000000001 0.08314000000000005 0.028060000000000085
1 0.7191000000000001 0.36056 0.08540000000000003 0.028059999999999974
1 0.7179800000000001 0.55198 0.08764000000000005 0.028059999999999974
1 0.338205 0.36304000000000003 0.029210000000000014 0.023099999999999954
1 0.33482999999999996 0.552805 0.03145999999999999 0.023109999999999964
1 0.40786500000000003 0.45792 0.18202999999999997 0.07425999999999999
2 0.793255 0.45627 0.19774999999999998 0.07425999999999999
1 0.8988750000000001 0.124585 0.10787000000000002 0.047850000000000004
1 0.901125 0.24669999999999997 0.10787000000000002 0.047859999999999986
3 0.38202 0.36221000000000003 0.03596000000000005 0.05116000000000004
3 0.38202 0.5519799999999999 0.03596000000000005 0.05115999999999998
4 0.223595 0.36385999999999996 0.020229999999999998 0.04455999999999999
4 0.219105 0.5536300000000001 0.015729999999999994 0.044560000000000044
4 0.220225 0.458745 0.013490000000000002 0.08250999999999997
4 0.7707900000000001 0.245875 0.017979999999999996 0.07260999999999998
4 0.769665 0.12458949999999999 0.02023000000000008 0.070961
4 0.764045 0.799505 0.01797000000000004 0.07095000000000007
4 0.7662899999999999 0.6740900000000001 0.017979999999999996 0.07096000000000002
3 0.251685 0.45627 0.03595000000000001 0.16005999999999998
6 0.8999999999999999 0.12541 0.09214 0.042899999999999994
6 0.8999999999999999 0.24835000000000002 0.09214 0.04125999999999999
7 0.610115 0.45626999999999995 0.08314999999999995 0.10396
7 0.66629 0.45462 0.03820000000000001 0.02145999999999998
7 0.30449499999999996 0.45709500000000003 0.03821000000000002 0.01981000000000005
7 0.214605 0.40346499999999996 0.04718999999999998 0.021450000000000025
7 0.21348 0.514025 0.049439999999999984 0.02145000000000008
8 0.088762 0.4768985 0.056176 0.815183
8 0.2618 0.472773 0.05617999999999998 0.823434
8 0.55393 0.472773 0.05618000000000001 0.823434
8 0.816855 0.475248 0.042689999999999895 0.8250839999999999
9 0.39775499999999997 0.40181500000000003 0.16629 0.014849999999999974
9 0.39663000000000004 0.5132 0.16404000000000002 0.01649999999999996
9 0.5044949999999999 0.5132 0.047189999999999954 0.01980000000000004
9 0.5044949999999999 0.40098999999999996 0.047189999999999954 0.019799999999999984
9 0.301125 0.400165 0.026969999999999994 0.02805000000000002
9 0.3 0.5132 0.029220000000000024 0.02639999999999998
10 0.79663 0.51815 0.029219999999999913 0.0230999999999999
