1 0.1123045 0.302735 0.087891 0.06900999999999996
1 0.11083950000000001 0.490885 0.08496100000000001 0.07552999999999993
1 0.281735 0.302735 0.09277000000000002 0.06900999999999996
1 0.281735 0.490235 0.09277000000000002 0.07160999999999995
1 0.46093999999999996 0.490235 0.09765999999999997 0.06900999999999996
1 0.47948999999999997 0.303385 0.13671999999999995 0.07030999999999998
3 0.38817999999999997 0.30208 0.045899999999999996 0.11198
3 0.387205 0.48958500000000005 0.04394999999999999 0.11459000000000003
1 0.07617 0.67643 0.08984 0.08723999999999998
1 0.254395 0.67578 0.09862999999999997 0.08594000000000002
1 0.44189500000000004 0.67643 0.10059000000000001 0.08723999999999998
1 0.08496000000000001 0.603515 0.10156 0.03254999999999997
1 0.08252150000000001 0.7447900000000001 0.098637 0.023440000000000016
1 0.26073999999999997 0.602865 0.10352 0.033849999999999936
1 0.259765 0.74544 0.10351000000000002 0.024739999999999984
1 0.444825 0.74349 0.10644999999999999 0.026040000000000063
1 0.44628999999999996 0.60091 0.10742000000000002 0.03515999999999997
1 0.63037 0.602215 0.10450000000000004 0.035149999999999904
1 0.629885 0.74414 0.10546999999999995 0.02734000000000003
1 0.62793 0.67578 0.10352000000000006 0.08853999999999995
1 0.819335 0.6679649999999999 0.09960999999999998 0.06771000000000005
1 0.819335 0.489585 0.09960999999999998 0.07030999999999998
1 0.63965 0.488935 0.09765999999999997 0.06901000000000002
1 0.63965 0.302735 0.09765999999999997 0.06900999999999996
2 0.876465 0.303385 0.2197300000000001 0.10937
0 0.4965831 0.606775 0.9853538000000001 0.78125
1 0.95654 0.48958500000000005 0.06151999999999991 0.06770999999999999
1 0.956545 0.66862 0.05957000000000001 0.07162000000000002
1 0.171385 0.104817 0.07519 0.079426
1 0.33252000000000004 0.134765 0.07519999999999999 0.04037
1 0.499025 0.135415 0.07616999999999996 0.04167
1 0.64795 0.13346 0.03613999999999995 0.05077999999999999
1 0.697755 0.13280999999999998 0.05174999999999996 0.05207999999999999
1 0.10791 0.85091 0.09082000000000001 0.07682
1 0.279785 0.85091 0.09277000000000002 0.0716199999999999
1 0.45947499999999997 0.848305 0.10058999999999996 0.07160999999999995
1 0.638185 0.847655 0.10058999999999996 0.07030999999999998
1 0.8183549999999999 0.847005 0.09961000000000009 0.07160999999999995
1 0.95459 0.8489549999999999 0.05958000000000008 0.07030999999999998
3 0.38623 0.85156 0.047860000000000014 0.125
3 0.36621000000000004 0.67187 0.06053999999999998 0.1875
3 0.0249023 0.30078 0.0302734 0.14844
3 0.02392555 0.490235 0.0302729 0.15234999999999999
3 0.02343725 0.851565 0.0312495 0.15884999999999994
4 0.16113 0.300785 0.017579999999999985 0.09375
4 0.16016 0.488935 0.017579999999999985 0.09244999999999998
4 0.15918 0.84961 0.017580000000000012 0.09243999999999997
4 0.331545 0.850265 0.01855000000000001 0.09375
4 0.33301000000000003 0.488935 0.017579999999999985 0.09244999999999998
4 0.333985 0.302085 0.01757000000000003 0.09375
4 0.513185 0.488935 0.01269000000000009 0.09244999999999998
4 0.51416 0.8431 0.012700000000000045 0.09243999999999997
4 0.692875 0.490235 0.014650000000000052 0.09764999999999996
4 0.692875 0.302735 0.014650000000000052 0.09764999999999996
4 0.692875 0.8489599999999999 0.014650000000000052 0.09896000000000005
4 0.8730450000000001 0.66927 0.01366999999999996 0.09114
4 0.8730450000000001 0.84896 0.01366999999999996 0.09114
4 0.87207 0.48828000000000005 0.013679999999999914 0.09114000000000005
4 0.541015 0.13932 0.01366999999999996 0.07551999999999999
3 0.44628500000000004 0.13932 0.019529999999999992 0.07292
3 0.6084 0.139325 0.039059999999999984 0.09115000000000001
3 0.25537 0.1263 0.028319999999999984 0.11458
4 0.214845 0.1061215 0.019529999999999992 0.108077
5 0.535645 0.30273500000000003 0.07911000000000007 0.11849000000000001
5 0.76953 0.143227 0.09179999999999999 0.10676600000000001
7 0.12109349999999999 0.255205 0.121093 0.020830000000000015
7 0.123535 0.34961 0.12207000000000001 0.019540000000000002
7 0.1220715 0.442055 0.12109700000000001 0.019529999999999992
7 0.12402350000000001 0.535805 0.121093 0.019530000000000047
7 0.1215835 0.896485 0.12207300000000001 0.019530000000000047
7 0.1215835 0.801435 0.12207300000000001 0.019530000000000047
8 0.553225 0.610675 0.03027000000000002 0.76563
7 0.782715 0.309245 0.13964999999999994 0.18359
