1 0.500000 0.500000 1.000000 1.000000
0 0.598307 0.537109 0.787760 0.888672
6 0.264323 0.931641 0.041667 0.050781
6 0.399740 0.930176 0.041667 0.051758
8 0.486979 0.735840 0.039062 0.225586
8 0.663411 0.735840 0.061198 0.227539
8 0.850911 0.736328 0.061198 0.230469
8 0.411458 0.208984 0.018229 0.105469
8 0.460286 0.200195 0.024740 0.123047
2 0.759115 0.920898 0.054688 0.082031
2 0.570312 0.919922 0.078125 0.080078
2 0.597656 0.794434 0.044271 0.069336
2 0.537760 0.794434 0.044271 0.069336
2 0.755208 0.792480 0.072917 0.073242
2 0.362630 0.790527 0.045573 0.073242
2 0.302083 0.790527 0.044271 0.073242
2 0.538411 0.641602 0.045573 0.072266
2 0.753255 0.641113 0.074219 0.073242
2 0.597656 0.641113 0.044271 0.073242
2 0.361979 0.636719 0.044271 0.066406
2 0.303385 0.636230 0.044271 0.067383
2 0.190755 0.535645 0.022135 0.069336
2 0.754557 0.492676 0.076823 0.069336
2 0.597656 0.493164 0.044271 0.070312
2 0.538411 0.492676 0.045573 0.069336
2 0.912760 0.490723 0.044271 0.067383
2 0.361979 0.488770 0.044271 0.069336
2 0.304036 0.488770 0.045573 0.069336
2 0.906901 0.347168 0.042969 0.063477
2 0.594401 0.346680 0.045573 0.062500
2 0.534505 0.346680 0.045573 0.062500
2 0.750651 0.345215 0.079427 0.065430
2 0.363932 0.341309 0.045573 0.065430
2 0.307292 0.340820 0.044271 0.066406
2 0.539714 0.205078 0.045573 0.070312
2 0.964844 0.204102 0.044271 0.070312
2 0.909505 0.204102 0.045573 0.070312
2 0.598958 0.204102 0.044271 0.070312
2 0.751302 0.203125 0.072917 0.070312
2 0.346354 0.200684 0.052083 0.071289
3 0.600260 0.853516 0.781250 0.021484
3 0.602214 0.529297 0.772135 0.023438
3 0.959635 0.480469 0.049479 0.023438
3 0.841797 0.480469 0.097656 0.023438
3 0.667969 0.480469 0.096354 0.023438
3 0.568359 0.480469 0.014323 0.023438
3 0.449870 0.480469 0.131510 0.023438
3 0.333333 0.480469 0.013021 0.023438
3 0.246094 0.480469 0.070312 0.023438
3 0.837891 0.335938 0.095052 0.023438
3 0.677734 0.335938 0.066406 0.023438
3 0.441406 0.335938 0.109375 0.023438
3 0.247396 0.335938 0.075521 0.023438
3 0.597656 0.259277 0.778646 0.047852
3 0.600260 0.127930 0.781250 0.066406
11 0.331380 0.925781 0.079427 0.101562
9 0.570312 0.722656 0.148438 0.074219
9 0.754557 0.717773 0.141927 0.068359
9 0.567057 0.591309 0.102865 0.020508
9 0.188802 0.587891 0.028646 0.023438
9 0.332031 0.565918 0.101562 0.030273
9 0.164714 0.510254 0.014323 0.032227
9 0.165365 0.436523 0.020833 0.044922
9 0.727865 0.254395 0.518229 0.018555
9 0.839844 0.188477 0.091146 0.076172
4 0.570964 0.440918 0.173177 0.047852
4 0.921224 0.439453 0.136719 0.046875
4 0.335286 0.437988 0.170573 0.047852
4 0.755859 0.430664 0.149740 0.066406
4 0.754557 0.318848 0.121094 0.055664
4 0.570312 0.320801 0.148438 0.059570
4 0.925781 0.317383 0.127604 0.058594
4 0.335286 0.316895 0.141927 0.059570
7 0.333333 0.679688 0.132812 0.019531
7 0.933594 0.385742 0.111979 0.013672
7 0.753906 0.386230 0.101562 0.016602
7 0.569661 0.385742 0.123698 0.015625
7 0.335286 0.381836 0.123698 0.015625
5 0.252604 0.247070 0.057292 0.033203
