0 0.5009781 0.5041661 0.9941438 0.9888878
1 0.23535 0.59653 0.13086 0.14305999999999996
1 0.53613 0.590975 0.17578 0.17361000000000004
2 0.85156 0.59028 0.27147999999999994 0.30556000000000005
1 0.811525 0.21597 0.0898500000000001 0.08472000000000002
3 0.41211 0.59167 0.07032 0.29722000000000004
3 0.117189 0.59375 0.068362 0.29306000000000004
4 0.31787 0.588885 0.05565999999999999 0.28611000000000003
4 0.64844 0.5861149999999999 0.06835999999999998 0.28889
7 0.40771499999999994 0.5875 0.19824999999999998 0.37222
7 0.7158199999999999 0.1875 0.10155999999999998 0.07222
7 0.7099599999999999 0.90833 0.10155999999999998 0.07221999999999995
9 0.512695 0.48055499999999995 0.13867000000000007 0.013890000000000013
9 0.512205 0.7006950000000001 0.13965000000000005 0.015270000000000006
9 0.601075 0.479165 0.036129999999999995 0.03332999999999997
9 0.6015600000000001 0.7020850000000001 0.039059999999999984 0.031950000000000034
9 0.43408 0.480555 0.018559999999999965 0.03332999999999997
9 0.43408 0.7006950000000001 0.018559999999999965 0.02917000000000003
