0 0.608165 0.709965 0.72185 0.58007
0 0.5264875 0.181372 0.885205 0.35947599999999996
1 0.41501 0.22222 0.11038000000000003 0.04902000000000001
1 0.60927 0.226305 0.11038000000000003 0.05065000000000003
1 0.60927 0.06372549999999999 0.11038000000000003 0.04901899999999999
1 0.42384 0.036765 0.11038000000000003 0.050654000000000005
1 0.35319999999999996 0.47304 0.08388000000000001 0.04737999999999998
1 0.35541 0.5367649999999999 0.08387999999999995 0.04738999999999993
1 0.35872000000000004 0.5955900000000001 0.08610000000000001 0.04738000000000009
1 0.359825 0.659315 0.08389000000000002 0.04739000000000004
1 0.36202999999999996 0.71487 0.08388000000000001 0.04737999999999998
1 0.363135 0.77369 0.08609 0.04411999999999994
1 0.366445 0.8308800000000001 0.08388999999999996 0.04412000000000005
1 0.368655 0.8848050000000001 0.08389000000000002 0.04410999999999998
1 0.369755 0.94199 0.08609 0.04411999999999994
1 0.513245 0.473855 0.09050999999999998 0.05229
1 0.51214 0.53268 0.08829999999999993 0.05227999999999999
1 0.513245 0.594775 0.09050999999999998 0.05229000000000006
1 0.515455 0.65768 0.09051000000000003 0.04412000000000005
1 0.51435 0.71732 0.08829999999999999 0.04576000000000002
1 0.51435 0.77451 0.08829999999999999 0.04576000000000002
1 0.51876 0.830065 0.08830000000000005 0.04575000000000007
1 0.51876 0.887255 0.08830000000000005 0.04574999999999996
1 0.51876 0.941175 0.08830000000000005 0.04574999999999996
1 0.6688700000000001 0.718955 0.08829999999999993 0.04574999999999996
1 0.66667 0.66013 0.08830000000000005 0.04576000000000002
1 0.67108 0.776145 0.08830000000000005 0.04574999999999996
1 0.67108 0.834965 0.08830000000000005 0.04575000000000007
1 0.67108 0.889705 0.08830000000000005 0.04739000000000004
1 0.6688700000000001 0.944445 0.08829999999999993 0.04574999999999996
1 0.66667 0.59804 0.08830000000000005 0.04576000000000002
1 0.66667 0.535945 0.08830000000000005 0.04574999999999996
1 0.672185 0.47467499999999996 0.10375000000000001 0.04738999999999999
1 0.20861 0.24673 0.03752 0.06536
4 0.475715 0.222225 0.015449999999999964 0.06863
4 0.66777 0.223855 0.01546000000000003 0.06863000000000002
5 0.1456965 0.10457599999999999 0.10154700000000001 0.199348
6 0.4117 0.260625 0.11699999999999999 0.024510000000000004
6 0.41391 0.18464 0.11699999999999999 0.026139999999999997
6 0.41942999999999997 0.0531045 0.10596 0.024509000000000003
6 0.60817 0.26144 0.11699999999999999 0.02613999999999997
6 0.610375 0.18464 0.11698999999999993 0.026139999999999997
6 0.60817 0.0972205 0.11699999999999999 0.021239000000000008
6 0.240615 0.08987149999999999 0.07946999999999999 0.029417000000000013
7 0.58609 0.402775 0.08167999999999997 0.05718999999999996
8 0.28476999999999997 0.70915 0.07063999999999998 0.57516
8 0.7649 0.7116 0.03752 0.57026
10 0.875275 0.40768000000000004 0.11258999999999997 0.10293999999999998
10 0.895145 0.294115 0.13907000000000003 0.08496999999999999
10 0.8697550000000001 0.1634 0.10154999999999992 0.08824000000000001
10 0.871965 0.08333299999999999 0.10155000000000003 0.022875999999999994
10 0.78808 0.27777999999999997 0.057399999999999896 0.44117999999999996
10 0.890725 0.66503 0.14349 0.20588000000000006
10 0.8796900000000001 0.83497 0.13907999999999998 0.13071999999999995
2 0.878585 0.933005 0.12802999999999998 0.04574999999999996
