0 0.53872 0.529172 0.8606199999999999 0.9124760000000001
1 0.690265 0.36548 0.12389000000000006 0.05024000000000001
1 0.69137 0.464345 0.12168000000000001 0.05025000000000002
1 0.690265 0.59157 0.12389000000000006 0.05186000000000002
1 0.69137 0.69449 0.12168000000000001 0.05023999999999995
1 0.69358 0.8192900000000001 0.12168000000000001 0.05023999999999995
1 0.691375 0.91491 0.11282999999999999 0.05024000000000006
1 0.691375 0.24068 0.11282999999999999 0.05023999999999998
1 0.686945 0.14668 0.11282999999999999 0.05024000000000001
1 0.39823 0.701785 0.07080000000000003 0.061590000000000034
1 0.42256499999999997 0.50081 0.07078999999999996 0.06157999999999997
1 0.43362999999999996 0.379255 0.07080000000000003 0.061590000000000034
1 0.43362999999999996 0.273905 0.07080000000000003 0.061590000000000034
1 0.28981999999999997 0.273905 0.07080000000000003 0.061590000000000034
1 0.28208 0.529175 0.059740000000000015 0.05673000000000006
1 0.39823 0.86791 0.07522000000000001 0.08914
1 0.27654999999999996 0.6450549999999999 0.08849999999999997 0.06158999999999992
1 0.277655 0.7633749999999999 0.09071000000000001 0.06806999999999996
1 0.28429 0.888165 0.08628 0.061590000000000034
1 0.182525 0.38978500000000005 0.03319 0.02431
1 0.182525 0.763375 0.03319 0.02593000000000001
1 0.27323 0.38249500000000003 0.05973999999999999 0.04863000000000001
1 0.536505 0.857375 0.07742999999999994 0.06807000000000007
1 0.53761 0.68963 0.07963999999999999 0.08914
1 0.545355 0.45624 0.05530999999999997 0.06646000000000002
1 0.543145 0.35980500000000004 0.05530999999999997 0.06807000000000002
1 0.545355 0.26742499999999997 0.05530999999999997 0.058349999999999985
3 0.23341 0.38412 0.02434 0.09076000000000001
5 0.542035 0.527552 0.07079000000000002 0.905996
6 0.28872 0.227715 0.06416 0.02755000000000002
6 0.28539499999999995 0.316855 0.06636999999999998 0.027549999999999963
6 0.28429 0.47892999999999997 0.06416 0.027559999999999973
6 0.27654999999999996 0.6288499999999999 0.07963999999999999 0.025939999999999963
6 0.27654999999999996 0.6588350000000001 0.07963999999999999 0.027550000000000074
6 0.277655 0.7479750000000001 0.08628999999999998 0.027550000000000074
6 0.277655 0.7787649999999999 0.08628999999999998 0.027550000000000074
6 0.28429 0.872775 0.08628 0.027549999999999963
6 0.28429 0.903565 0.08628 0.027550000000000074
6 0.40044 0.93193 0.07080000000000003 0.029179999999999984
6 0.39602000000000004 0.80713 0.07080000000000003 0.029179999999999984
6 0.399335 0.753645 0.07743 0.029169999999999918
6 0.39491 0.6564049999999999 0.07744000000000001 0.02917000000000003
6 0.42035 0.544575 0.07521999999999995 0.022689999999999988
6 0.42257 0.45543 0.07521999999999995 0.029179999999999984
6 0.428095 0.425445 0.07743 0.030789999999999984
6 0.431415 0.332255 0.07079000000000002 0.02593000000000001
6 0.432525 0.320095 0.07301000000000002 0.02755000000000002
6 0.43142 0.23095500000000002 0.07522000000000001 0.02754999999999999
6 0.538715 0.906805 0.07300999999999991 0.027549999999999963
6 0.53761 0.808755 0.07963999999999999 0.029169999999999918
6 0.5376099999999999 0.720425 0.07521999999999995 0.024310000000000054
6 0.538715 0.6904349999999999 0.07300999999999991 0.02917000000000003
6 0.538715 0.660455 0.07300999999999991 0.027549999999999963
6 0.545355 0.400325 0.05530999999999997 0.022689999999999988
6 0.545355 0.41248 0.05530999999999997 0.02432000000000001
6 0.545355 0.5032449999999999 0.05530999999999997 0.024309999999999943
6 0.68695 0.1069715 0.11726000000000003 0.025937
6 0.68695 0.178285 0.11726000000000003 0.02593000000000001
6 0.6902649999999999 0.203405 0.11504999999999999 0.021069999999999978
6 0.68916 0.277955 0.11725999999999992 0.021070000000000033
6 0.6902649999999999 0.324955 0.11504999999999999 0.021070000000000033
6 0.69137 0.399515 0.11726000000000003 0.021070000000000033
6 0.69137 0.42544499999999996 0.11726000000000003 0.021069999999999978
6 0.68916 0.501625 0.11725999999999992 0.021069999999999922
6 0.69248 0.551865 0.11504000000000003 0.021070000000000033
6 0.6902649999999999 0.6288450000000001 0.11504999999999999 0.022689999999999988
6 0.68916 0.653975 0.11725999999999992 0.021070000000000033
6 0.69137 0.731765 0.11726000000000003 0.021069999999999922
6 0.69137 0.7820050000000001 0.11726000000000003 0.021070000000000033
6 0.68916 0.8541350000000001 0.11725999999999992 0.022689999999999988
6 0.69137 0.8800650000000001 0.11726000000000003 0.022689999999999988
6 0.68916 0.9513750000000001 0.11725999999999992 0.022689999999999988
8 0.588495 0.529983 0.04425000000000001 0.904374
8 0.7798700000000001 0.5299845 0.028760000000000008 0.891411
10 0.86173 0.1304725 0.13938000000000006 0.06645500000000001
10 0.8639399999999999 0.256075 0.13937999999999995 0.06483000000000003
10 0.869465 0.349275 0.13717000000000001 0.06645000000000001
10 0.86836 0.482175 0.13938000000000006 0.06644999999999995
10 0.871685 0.5761750000000001 0.13717000000000001 0.06645000000000001
10 0.869465 0.7090749999999999 0.13717000000000001 0.06645000000000001
10 0.879425 0.19286999999999999 0.17035 0.048620000000000024
10 0.86947 0.41572 0.14602000000000004 0.05348000000000003
10 0.883845 0.642625 0.1659299999999999 0.05349000000000004
10 0.86615 0.80308 0.14380000000000004 0.06969999999999998
10 0.86615 0.86548 0.14380000000000004 0.05186000000000002
10 0.86615 0.929495 0.13938000000000006 0.06645000000000001
