0 0.5025773 0.5486 0.9948454 0.73002
1 0.435565 0.35421 0.13916999999999996 0.04751999999999995
1 0.435565 0.415765 0.13916999999999996 0.04966999999999999
1 0.7061850000000001 0.417925 0.16495000000000004 0.04966999999999999
1 0.7074750000000001 0.35637 0.16753000000000007 0.04752000000000001
1 0.68299 0.707345 0.15464 0.07559000000000005
1 0.47938000000000003 0.76566 0.1598 0.06695999999999991
1 0.20876499999999998 0.36177000000000004 0.10308999999999999 0.03672000000000003
1 0.20747500000000002 0.40929 0.10051000000000002 0.036719999999999975
3 0.570875 0.38553 0.06442999999999999 0.1663
3 0.329895 0.38553 0.06701000000000001 0.1663
4 0.5180450000000001 0.38229 0.04639000000000004 0.16414
5 0.762885 0.525915 0.12370999999999999 0.6673899999999999
5 0.536085 0.725705 0.10308999999999996 0.36285
6 0.436855 0.296975 0.14175 0.05398999999999998
6 0.435565 0.46975999999999996 0.13916999999999996 0.05399999999999999
6 0.70103 0.295895 0.17526000000000008 0.05182999999999999
6 0.7049000000000001 0.47192 0.17268000000000006 0.05399999999999999
6 0.680415 0.64471 0.15979 0.041039999999999965
6 0.6817 0.76782 0.15722000000000003 0.041040000000000076
6 0.478095 0.8174950000000001 0.16237000000000001 0.03239000000000003
6 0.476805 0.705185 0.15979 0.03670999999999991
6 0.20876 0.36177 0.09794000000000003 0.032399999999999984
6 0.20876 0.40820999999999996 0.09794000000000003 0.03455999999999998
7 0.054126 0.37149 0.092788 0.18574000000000002
7 0.195875 0.5216 0.08762999999999999 0.032399999999999984
7 0.19201000000000001 0.21814 0.08506 0.03455999999999998
8 0.5154650000000001 0.36177000000000004 0.05155000000000004 0.34774
8 0.36211499999999996 0.550755 0.06958999999999999 0.7170700000000001
10 0.907215 0.082074 0.17010999999999998 0.112312
