0 0.50048828 0.4949342 0.99902344 0.9831116
1 0.096681 0.22127999999999998 0.046878 0.12499999999999997
1 0.097166 0.76182 0.047848 0.125
1 0.095703 0.493245 0.046874 0.15540999999999994
1 0.17236 0.22466000000000003 0.04003999999999999 0.12500000000000003
1 0.17139 0.7652 0.04003999999999999 0.125
1 0.17236 0.49493000000000004 0.04003999999999999 0.15878000000000003
1 0.26953 0.219595 0.046880000000000005 0.14189000000000002
1 0.26953 0.7635149999999999 0.046880000000000005 0.14188999999999996
1 0.26953 0.49493000000000004 0.046880000000000005 0.15878000000000003
1 0.356935 0.21622 0.05957000000000001 0.12838
1 0.35547 0.76858 0.058599999999999985 0.13176
1 0.356445 0.49324 0.05664999999999998 0.16216000000000003
1 0.448735 0.49493000000000004 0.06542999999999999 0.15878000000000003
1 0.4458 0.77534 0.05761999999999995 0.125
1 0.447755 0.22127999999999998 0.057609999999999995 0.12499999999999997
1 0.5405249999999999 0.782095 0.04785000000000006 0.13175000000000003
1 0.543945 0.21453 0.04686999999999997 0.13176
1 0.6303749999999999 0.77703 0.053710000000000035 0.12162000000000006
1 0.6328149999999999 0.22466000000000003 0.054690000000000016 0.12500000000000003
1 0.63428 0.50169 0.06152000000000002 0.16553999999999996
1 0.7280249999999999 0.5 0.053710000000000035 0.16216000000000003
1 0.726075 0.77703 0.053710000000000035 0.12837999999999994
1 0.72998 0.221285 0.05371999999999999 0.11825
1 0.83301 0.5625 0.05274000000000001 0.36148
1 0.8320350000000001 0.820945 0.054690000000000016 0.05405000000000004
3 0.40527 0.47804 0.039059999999999984 0.32769999999999994
3 0.59082 0.47635000000000005 0.0625 0.37838
4 0.12353499999999999 0.216215 0.008789999999999992 0.15541000000000002
4 0.12353499999999999 0.760135 0.008789999999999992 0.15541000000000005
4 0.12304499999999999 0.491555 0.009769999999999987 0.17905000000000004
4 0.29541 0.48817999999999995 0.00878000000000001 0.20607999999999999
4 0.296875 0.214525 0.009769999999999945 0.18580999999999998
4 0.29541 0.760135 0.00878000000000001 0.1824300000000001
4 0.388185 0.7635149999999999 0.008789999999999965 0.18242999999999998
4 0.390135 0.212835 0.008789999999999965 0.18242999999999998
4 0.56592 0.77196 0.006839999999999957 0.16554000000000002
4 0.6606449999999999 0.76858 0.008789999999999965 0.16554000000000002
4 0.6640649999999999 0.21115 0.007809999999999984 0.17906
4 0.57031 0.20946 0.005859999999999976 0.16892000000000001
1 0.54199 0.5 0.04491999999999996 0.22971999999999998
7 0.780275 0.87162 0.027350000000000096 0.05406
7 0.780765 0.9375 0.026370000000000005 0.05068000000000006
7 0.78662 0.0912145 0.02635999999999994 0.054051
7 0.78662 0.0304052 0.02635999999999994 0.05405359999999999
7 0.776365 0.77872 0.015630000000000033 0.125
7 0.7807649999999999 0.197635 0.01464999999999994 0.14527
7 0.22656500000000002 0.6520250000000001 0.037110000000000004 0.06757000000000002
7 0.22705 0.574325 0.036140000000000005 0.06757000000000002
7 0.22656500000000002 0.837835 0.037110000000000004 0.06756999999999991
7 0.22656500000000002 0.91554 0.037110000000000004 0.06756000000000006
7 0.225095 0.36149 0.036129999999999995 0.040539999999999965
7 0.225095 0.283785 0.036129999999999995 0.06757000000000002
7 0.22656500000000002 0.10303899999999999 0.037110000000000004 0.07094199999999999
7 0.22705 0.0304054 0.036140000000000005 0.0472972
8 0.050293000000000004 0.489867 0.051758 0.9527059999999999
8 0.228515 0.5016895 0.07812999999999998 0.956081
8 0.5034150000000001 0.4949325 0.04199000000000003 0.969595
8 0.6879850000000001 0.496622 0.020509999999999917 0.966216
8 0.7832049999999999 0.4966225 0.04883000000000004 0.972975
10 0.930175 0.506755 0.13575000000000004 0.64189
