0 0.50341795 0.5239320000000001 0.9931641 0.939196
1 0.174315 0.15977000000000002 0.05957000000000001 0.053040000000000004
1 0.168945 0.5608 0.08007 0.060799999999999965
1 0.16943 0.480595 0.0791 0.05045000000000005
1 0.1748 0.87775 0.056639999999999996 0.05046000000000006
1 0.33154 0.335055 0.07323999999999997 0.06727
1 0.33252 0.715395 0.07128000000000001 0.06726999999999994
1 0.46582 0.33570500000000003 0.07422000000000001 0.06597000000000003
1 0.46582 0.71475 0.07422000000000001 0.06855999999999995
1 0.597655 0.33635499999999996 0.07812999999999992 0.06727
1 0.598635 0.71475 0.07813000000000003 0.06597999999999993
1 0.43164 0.49417500000000003 0.08593999999999996 0.06727
1 0.57422 0.49417500000000003 0.08398000000000005 0.06727
1 0.45409999999999995 0.58603 0.08398 0.03622000000000003
1 0.589355 0.5879650000000001 0.09472999999999998 0.03493000000000002
1 0.33740499999999995 0.17141 0.08105000000000001 0.10478
1 0.46631 0.166885 0.0791 0.10348999999999998
1 0.600095 0.17011500000000002 0.08104999999999996 0.10737
1 0.7402299999999999 0.17788 0.07422000000000006 0.09702
1 0.87256 0.174645 0.07909999999999995 0.09054999999999999
1 0.87207 0.337 0.07811999999999997 0.09702
1 0.33838 0.8822749999999999 0.0791 0.10090999999999994
1 0.46826 0.880985 0.08105999999999997 0.10091000000000006
1 0.603515 0.88357 0.08006999999999997 0.10089999999999999
1 0.7402299999999999 0.883575 0.07422000000000006 0.09573000000000009
1 0.7417 0.529755 0.07323999999999997 0.09184999999999999
1 0.87207 0.716685 0.07811999999999997 0.09572999999999998
1 0.871095 0.8816299999999999 0.07616999999999996 0.09443999999999997
1 0.7402299999999999 0.33959 0.07422000000000006 0.07374000000000003
1 0.7397450000000001 0.71669 0.07518999999999998 0.07243999999999995
1 0.978025 0.854465 0.03808999999999996 0.042690000000000006
1 0.978515 0.906855 0.03906999999999994 0.03881000000000001
1 0.978025 0.74256 0.03808999999999996 0.04397999999999991
1 0.980955 0.195345 0.03808999999999996 0.04399
1 0.980955 0.143595 0.03808999999999996 0.03881000000000001
1 0.84375 0.51617 0.031260000000000066 0.054340000000000055
2 0.936035 0.51876 0.11817 0.09055999999999997
1 0.97803 0.687585 0.040039999999999965 0.042689999999999895
1 0.9799800000000001 0.30789 0.03613999999999995 0.04398000000000002
3 0.422365 0.33247 0.07128999999999996 0.10865999999999998
3 0.422365 0.714745 0.07518999999999998 0.10479000000000005
3 0.55371 0.33635499999999996 0.07225999999999999 0.10349000000000003
3 0.5542 0.7141 0.07323999999999997 0.10865999999999998
4 0.376465 0.33182500000000004 0.026370000000000005 0.10479
4 0.5136700000000001 0.33506 0.02734000000000003 0.10608000000000001
4 0.378905 0.71475 0.025390000000000024 0.10220000000000007
4 0.512695 0.71216 0.025390000000000024 0.10220000000000007
4 0.65137 0.7141 0.03320000000000001 0.10608000000000006
4 0.6508799999999999 0.33247000000000004 0.032220000000000026 0.10608000000000001
4 0.7900400000000001 0.333765 0.03515999999999997 0.10349000000000003
4 0.791995 0.7134499999999999 0.03125 0.10219999999999996
4 0.7924800000000001 0.8784000000000001 0.03613999999999995 0.13454
4 0.794435 0.170765 0.03808999999999996 0.13712999999999997
4 0.93457 0.335055 0.05078000000000005 0.10348999999999997
4 0.936035 0.16882 0.053710000000000035 0.10996
4 0.93701 0.714745 0.057620000000000005 0.10736999999999997
4 0.941405 0.882925 0.06640999999999997 0.11255000000000004
5 0.36328499999999997 0.5181100000000001 0.08788999999999997 0.22898000000000007
5 0.38037 0.880335 0.057620000000000005 0.16429000000000005
5 0.512695 0.8829199999999999 0.058589999999999975 0.15912000000000004
5 0.512205 0.1649425 0.059569999999999956 0.156535
5 0.65234 0.1617095 0.056640000000000024 0.14748099999999997
5 0.6542950000000001 0.880335 0.054690000000000016 0.15653000000000006
5 0.7856449999999999 0.519405 0.04785000000000006 0.13582999999999995
7 0.77783 0.603495 0.06152000000000002 0.05563000000000007
7 0.697265 0.567915 0.07616999999999996 0.11642999999999992
7 0.77783 0.437905 0.05566000000000004 0.050449999999999995
7 0.694335 0.45343 0.08399000000000001 0.09444000000000002
7 0.84912 0.5206999999999999 0.07519999999999993 0.10995999999999995
7 0.0786155 0.52264 0.10644900000000002 0.16042
8 0.679685 0.517463 0.037109999999999976 0.9107339999999999
8 0.8120099999999999 0.522638 0.024419999999999997 0.921084
9 0.452635 0.256795 0.36816999999999994 0.050449999999999995
9 0.45409999999999995 0.407505 0.36523999999999995 0.043989999999999974
9 0.450195 0.075679 0.36328999999999995 0.037515999999999994
9 0.45360999999999996 0.639715 0.36426 0.050449999999999995
9 0.45508000000000004 0.788485 0.36524000000000006 0.04011000000000009
9 0.450195 0.968305 0.36328999999999995 0.03751000000000004
9 0.64893 0.075679 0.03417999999999999 0.040103999999999994
9 0.652345 0.25744 0.029289999999999927 0.05174000000000001
9 0.651855 0.409445 0.03027000000000002 0.04786999999999997
9 0.65137 0.639715 0.029299999999999993 0.050449999999999995
9 0.652835 0.790425 0.030269999999999908 0.04657
9 0.6498999999999999 0.9696 0.03417999999999999 0.04527999999999999
9 0.991215 0.58797 0.01366999999999996 0.03752
9 0.990235 0.615135 0.01366999999999996 0.014229999999999965
9 0.990235 0.45278 0.011709999999999998 0.03364
9 0.99072 0.430785 0.010740000000000083 0.010350000000000026
9 0.9209 0.5899099999999999 0.125 0.02846000000000004
9 0.92188 0.61061 0.125 0.012939999999999952
9 0.92139 0.454075 0.12597999999999998 0.025870000000000004
9 0.92188 0.435965 0.125 0.01034999999999997
9 0.85547 0.45342499999999997 0.005860000000000087 0.027169999999999972
9 0.85596 0.43467 0.006840000000000068 0.012939999999999952
9 0.85303 0.58603 0.010740000000000083 0.03622000000000003
9 0.854005 0.6131949999999999 0.010750000000000037 0.01810999999999996
9 0.26073999999999997 0.404265 0.02148 0.07114999999999999
9 0.257815 0.2555 0.019529999999999992 0.06079999999999999
9 0.260255 0.0795585 0.014649999999999996 0.047862999999999996
9 0.262695 0.639715 0.019529999999999992 0.06338999999999995
9 0.262695 0.790425 0.019529999999999992 0.06208999999999998
9 0.25781 0.966365 0.02148 0.05174999999999996
1 0.32666 0.52652 0.057620000000000005 0.11641999999999997
