0 0.49870369999999997 0.4951178 0.9922126 0.9707043999999999
1 0.32272500000000004 0.120606 0.27143 0.094728
1 0.32272500000000004 0.311035 0.26623 0.09082999999999997
1 0.324025 0.50098 0.26622999999999997 0.09180000000000005
1 0.324025 0.68506 0.26622999999999997 0.0908199999999999
1 0.32272500000000004 0.87842 0.26623 0.09082000000000001
1 0.748705 0.313965 0.25064999999999993 0.09472999999999998
1 0.7532449999999999 0.12646600000000002 0.25195 0.094728
1 0.74935 0.6821299999999999 0.25193999999999994 0.10058
1 0.7467550000000001 0.8754900000000001 0.25195 0.10058
2 0.82857 0.500975 0.3013 0.09764999999999996
1 0.6363650000000001 0.49853500000000006 0.05714999999999992 0.10059000000000001
4 0.463635 0.120119 0.07012999999999997 0.136722
4 0.463635 0.3125 0.07012999999999997 0.13671999999999998
4 0.46038999999999997 0.50342 0.07141999999999998 0.13573999999999997
4 0.46038999999999997 0.68848 0.07141999999999998 0.13671999999999995
4 0.46038999999999997 0.876465 0.07141999999999998 0.13574999999999993
7 0.682465 0.40967 0.04544999999999999 0.024419999999999997
7 0.682465 0.59619 0.04544999999999999 0.024419999999999997
8 0.54026 0.49853749999999997 0.02857999999999994 0.959965
8 0.47013000000000005 0.5000005 0.028579999999999994 0.960939
8 0.06883175000000001 0.497069 0.12467650000000001 0.958982
10 0.587015 0.35645 0.028569999999999984 0.125
10 0.58831 0.6459950000000001 0.025979999999999892 0.11817
10 0.507145 0.50049 0.029870000000000008 0.20605999999999997
