4 0.985352 0.864826 0.025391 0.098837
4 0.501465 0.864826 0.149414 0.162791
4 0.805664 0.854651 0.320312 0.186047
0 0.134277 0.842297 0.049805 0.088663
0 0.370605 0.837936 0.049805 0.091570
0 0.254395 0.654797 0.059570 0.085756
0 0.370605 0.647529 0.041992 0.091570
0 0.898926 0.648256 0.043945 0.095930
0 0.617676 0.649709 0.057617 0.101744
0 0.135742 0.650436 0.041016 0.103198
0 0.496582 0.647529 0.040039 0.100291
0 0.739746 0.643169 0.043945 0.097384
0 0.256348 0.470930 0.059570 0.081395
0 0.900391 0.466570 0.039062 0.087209
0 0.364258 0.460756 0.019531 0.084302
0 0.742676 0.459302 0.041992 0.090116
0 0.640625 0.457849 0.029297 0.090116
0 0.603027 0.457849 0.028320 0.090116
0 0.499512 0.457849 0.041992 0.090116
0 0.899902 0.290698 0.040039 0.087209
0 0.269531 0.288517 0.023438 0.088663
0 0.638672 0.281977 0.029297 0.090116
0 0.605957 0.281977 0.028320 0.090116
0 0.744141 0.281250 0.041016 0.091570
0 0.500488 0.281250 0.041992 0.091570
0 0.381348 0.118459 0.041992 0.091570
0 0.901367 0.115552 0.042969 0.091570
0 0.259766 0.116279 0.046875 0.093023
0 0.500000 0.114099 0.041016 0.091570
0 0.744629 0.111919 0.041992 0.090116
0 0.638184 0.112645 0.026367 0.091570
0 0.604980 0.111919 0.028320 0.093023
1 0.234863 0.181686 0.364258 0.052326
1 0.623535 0.034884 0.389648 0.052326
9 0.250000 0.922238 0.085938 0.146802
9 0.616699 0.873547 0.053711 0.171512
5 0.133789 0.899709 0.068359 0.026163
5 0.370117 0.896802 0.068359 0.026163
5 0.492188 0.708576 0.082031 0.021802
5 0.893555 0.706395 0.078125 0.020349
5 0.371094 0.705669 0.068359 0.024709
5 0.736816 0.704942 0.088867 0.026163
5 0.894531 0.521802 0.078125 0.023256
5 0.735840 0.517442 0.079102 0.026163
5 0.618652 0.515988 0.084961 0.026163
5 0.496582 0.515988 0.079102 0.026163
5 0.374023 0.515262 0.068359 0.024709
5 0.374512 0.348110 0.067383 0.024709
5 0.896973 0.346657 0.067383 0.024709
5 0.250000 0.345203 0.091797 0.024709
5 0.137207 0.345203 0.067383 0.024709
5 0.742188 0.337209 0.066406 0.020349
5 0.619141 0.339390 0.093750 0.024709
5 0.499023 0.337209 0.068359 0.020349
5 0.900879 0.173692 0.067383 0.024709
5 0.499023 0.170785 0.066406 0.021802
5 0.622070 0.170785 0.093750 0.024709
5 0.744141 0.169331 0.068359 0.024709
8 0.138184 0.849564 0.038086 0.088663
8 0.374023 0.842297 0.039062 0.091570
8 0.908203 0.651163 0.021484 0.098837
8 0.887695 0.651163 0.017578 0.098837
8 0.633789 0.648256 0.035156 0.101744
8 0.529785 0.650436 0.026367 0.106105
8 0.334961 0.650436 0.025391 0.106105
8 0.168945 0.648256 0.021484 0.101744
8 0.750977 0.647529 0.023438 0.103198
8 0.570801 0.648983 0.026367 0.106105
8 0.405273 0.649709 0.023438 0.107558
8 0.096680 0.648983 0.029297 0.106105
8 0.697266 0.646076 0.039062 0.106105
8 0.459473 0.646076 0.026367 0.106105
8 0.261719 0.452035 0.046875 0.031977
8 0.866699 0.466570 0.024414 0.095930
8 0.385254 0.465843 0.022461 0.094477
8 0.928223 0.467297 0.016602 0.100291
8 0.743652 0.463663 0.038086 0.093023
8 0.573730 0.464390 0.026367 0.097384
8 0.340820 0.465843 0.023438 0.100291
8 0.640137 0.463663 0.024414 0.098837
8 0.529785 0.462936 0.022461 0.097384
8 0.465332 0.462936 0.022461 0.097384
8 0.125000 0.464390 0.021484 0.106105
8 0.148926 0.463663 0.024414 0.107558
8 0.899902 0.295058 0.038086 0.093023
8 0.976074 0.295058 0.032227 0.101744
8 0.376465 0.291424 0.045898 0.097384
8 0.240234 0.292151 0.029297 0.098837
8 0.140625 0.291424 0.042969 0.097384
8 0.295898 0.290698 0.029297 0.098837
8 0.639160 0.287064 0.024414 0.094477
8 0.606445 0.286337 0.025391 0.093023
8 0.532227 0.285610 0.021484 0.097384
8 0.710938 0.284884 0.021484 0.098837
8 0.467773 0.284157 0.021484 0.097384
8 0.775391 0.283430 0.021484 0.098837
8 0.901855 0.119186 0.040039 0.093023
8 0.983398 0.118459 0.027344 0.100291
8 0.776367 0.116279 0.021484 0.098837
8 0.711914 0.116279 0.021484 0.098837
8 0.467773 0.116279 0.021484 0.098837
8 0.666016 0.114826 0.025391 0.098837
8 0.576172 0.115552 0.025391 0.100291
8 0.530762 0.115552 0.020508 0.100291
