4 0.754281 0.941547 0.183219 0.102518
4 0.476027 0.940647 0.205479 0.107914
4 0.214041 0.932554 0.178082 0.102518
4 0.907534 0.928957 0.047945 0.124101
4 0.477740 0.827338 0.178082 0.035971
4 0.755993 0.636691 0.172945 0.035971
4 0.219178 0.633993 0.171233 0.034173
4 0.476884 0.618705 0.268836 0.068345
0 0.760274 0.729317 0.078767 0.127698
0 0.481164 0.727518 0.078767 0.127698
0 0.223459 0.727518 0.077055 0.127698
0 0.758562 0.505396 0.082192 0.125899
0 0.479452 0.499101 0.082192 0.124101
0 0.221747 0.499101 0.080479 0.124101
0 0.761130 0.285072 0.077055 0.116906
0 0.227740 0.282374 0.075342 0.118705
0 0.483733 0.279676 0.083904 0.120504
0 0.489726 0.065647 0.068493 0.106115
0 0.762842 0.038669 0.094178 0.070144
0 0.220034 0.037770 0.094178 0.068345
1 0.502568 0.797662 0.871575 0.026978
1 0.495719 0.107914 0.854452 0.093525
5 0.754281 0.581835 0.125000 0.026978
5 0.477740 0.572842 0.126712 0.023381
5 0.215753 0.573741 0.126712 0.025180
5 0.755993 0.357014 0.125000 0.026978
5 0.220034 0.354317 0.125000 0.025180
5 0.479452 0.352518 0.126712 0.025180
