1 0.500000 0.500000 1.000000 1.000000
0 0.476596 0.520482 0.948936 0.949398
6 0.122340 0.961446 0.104255 0.053012
6 0.294681 0.953012 0.231915 0.069880
6 0.482979 0.406024 0.272340 0.055422
2 0.855319 0.863855 0.059574 0.113253
2 0.739362 0.861446 0.057447 0.113253
2 0.626596 0.862651 0.057447 0.115663
2 0.484043 0.860241 0.057447 0.115663
2 0.342553 0.860241 0.059574 0.115663
2 0.226596 0.859036 0.057447 0.113253
2 0.104255 0.854217 0.059574 0.113253
2 0.485106 0.675904 0.059574 0.098795
2 0.338298 0.675904 0.059574 0.098795
2 0.226596 0.674699 0.057447 0.101205
2 0.736170 0.672289 0.059574 0.101205
2 0.625532 0.671084 0.059574 0.098795
2 0.104255 0.673494 0.059574 0.103614
2 0.851064 0.669880 0.059574 0.101205
2 0.104255 0.500000 0.055319 0.093976
2 0.485106 0.493976 0.055319 0.091566
2 0.329787 0.496386 0.055319 0.096386
2 0.226596 0.496386 0.057447 0.101205
2 0.740426 0.489157 0.055319 0.096386
2 0.627660 0.489157 0.055319 0.096386
2 0.853191 0.487952 0.055319 0.098795
2 0.102128 0.320482 0.055319 0.096386
2 0.221277 0.316867 0.055319 0.098795
2 0.480851 0.312048 0.055319 0.093976
2 0.337234 0.313253 0.057447 0.096386
2 0.738298 0.307229 0.055319 0.093976
2 0.627660 0.308434 0.055319 0.096386
2 0.852128 0.303614 0.057447 0.101205
2 0.591489 0.134940 0.046809 0.091566
2 0.646809 0.132530 0.046809 0.096386
3 0.658511 0.915663 0.572340 0.028916
3 0.161702 0.915663 0.302128 0.028916
3 0.476596 0.225301 0.931915 0.084337
4 0.626596 0.784337 0.091489 0.021687
4 0.477660 0.784337 0.091489 0.021687
4 0.332979 0.785542 0.091489 0.024096
4 0.847872 0.781928 0.091489 0.021687
4 0.737234 0.781928 0.091489 0.021687
4 0.220213 0.781928 0.091489 0.021687
4 0.101064 0.781928 0.091489 0.021687
4 0.477660 0.606024 0.091489 0.021687
4 0.222340 0.606024 0.091489 0.021687
4 0.103191 0.606024 0.091489 0.021687
4 0.730851 0.603614 0.091489 0.021687
4 0.622340 0.603614 0.091489 0.021687
4 0.337234 0.601205 0.091489 0.021687
4 0.850000 0.598795 0.091489 0.021687
7 0.479787 0.736145 0.082979 0.021687
7 0.345745 0.736145 0.082979 0.021687
7 0.226596 0.736145 0.082979 0.021687
7 0.105319 0.736145 0.082979 0.021687
7 0.741489 0.733735 0.082979 0.021687
7 0.848936 0.732530 0.085106 0.024096
7 0.626596 0.731325 0.082979 0.021687
7 0.222340 0.557831 0.082979 0.021687
7 0.103191 0.559036 0.082979 0.024096
7 0.330851 0.555422 0.082979 0.021687
7 0.476596 0.550602 0.085106 0.021687
7 0.847872 0.548193 0.082979 0.021687
7 0.734043 0.548193 0.085106 0.021687
7 0.626596 0.548193 0.082979 0.021687
7 0.101064 0.379518 0.082979 0.021687
7 0.215957 0.377108 0.082979 0.021687
7 0.339362 0.372289 0.082979 0.021687
7 0.479787 0.368675 0.082979 0.019277
7 0.626596 0.367470 0.082979 0.021687
7 0.852128 0.365060 0.082979 0.021687
7 0.741489 0.365060 0.082979 0.021687
