0 0.50048985 0.50065615 0.9951203 0.9986877
1 0.25146 0.5 0.15332 0.09186000000000005
1 0.256835 0.824805 0.15429 0.09055000000000002
1 0.25 0.173885 0.1543 0.09054999999999999
1 0.541995 0.17782 0.15625 0.09317999999999999
1 0.545895 0.82349 0.15625 0.09317999999999993
1 0.56787 0.503935 0.20409999999999995 0.09711000000000003
1 0.8505849999999999 0.1817565 0.24219000000000002 0.248027
1 0.85205 0.503935 0.23926000000000003 0.24408999999999997
1 0.851075 0.819555 0.23924999999999996 0.23753000000000002
4 0.333495 0.17716500000000002 0.01855000000000001 0.14173
4 0.33447499999999997 0.502625 0.01855000000000001 0.14173000000000008
4 0.34033 0.826775 0.018559999999999965 0.14173000000000002
5 0.646485 0.18045 0.05079 0.1168
5 0.648925 0.826775 0.04981000000000002 0.10499000000000003
5 0.65576 0.530185 0.12402000000000002 0.42256999999999995
8 0.0957055 0.49934320000000004 0.08398899999999998 0.9803136
8 0.407715 0.5032815 0.08301000000000003 0.980317
8 0.6835899999999999 0.5026231999999999 0.039059999999999984 0.9868735999999999
9 0.87793 0.31693 0.17968000000000006 0.01968000000000003
9 0.87451 0.0498685 0.18066000000000004 0.018373
9 0.88135 0.37664 0.18066000000000004 0.018380000000000007
9 0.8818349999999999 0.6345149999999999 0.17969000000000002 0.019690000000000096
9 0.8828149999999999 0.694225 0.17969000000000002 0.01574999999999993
9 0.882325 0.94554 0.18067 0.01968000000000003
9 0.782715 0.9442250000000001 0.020509999999999917 0.03805000000000003
9 0.78125 0.6325449999999999 0.01953999999999989 0.039370000000000016
9 0.778805 0.31168 0.020510000000000028 0.03805999999999998
9 0.78125 0.696195 0.01757999999999993 0.03018999999999994
9 0.78125 0.37664 0.01757999999999993 0.03150000000000003
9 0.773925 0.051181 0.020510000000000028 0.028871999999999995
5 0.0336912 0.50197085 0.0556636 0.9908183
10 0.42383 0.5 0.03320000000000001 0.41994
