4 0.701823 0.918457 0.036458 0.018555
6 0.470052 0.942383 0.020833 0.060547
6 0.402995 0.941895 0.022135 0.059570
6 0.442708 0.694336 0.013021 0.050781
6 0.372396 0.694824 0.013021 0.053711
6 0.077474 0.664062 0.009115 0.048828
6 0.036458 0.664062 0.007812 0.048828
6 0.618490 0.605957 0.005208 0.043945
6 0.396484 0.606934 0.009115 0.045898
6 0.179688 0.605469 0.010417 0.046875
6 0.648438 0.520508 0.010417 0.035156
6 0.586589 0.520508 0.009115 0.035156
6 0.208984 0.519531 0.011719 0.035156
6 0.147135 0.519531 0.007812 0.035156
6 0.828776 0.519043 0.014323 0.061523
6 0.796224 0.518066 0.014323 0.059570
6 0.736328 0.518066 0.014323 0.059570
6 0.703776 0.518555 0.014323 0.060547
0 0.362630 0.961426 0.032552 0.036133
0 0.294922 0.960449 0.032552 0.036133
0 0.177734 0.956543 0.048177 0.036133
0 0.748047 0.902832 0.027344 0.045898
0 0.430339 0.875977 0.037760 0.033203
0 0.501953 0.883789 0.037760 0.050781
0 0.363932 0.883789 0.037760 0.050781
0 0.293620 0.883789 0.037760 0.050781
0 0.620443 0.883301 0.048177 0.053711
0 0.179036 0.882812 0.048177 0.052734
0 0.748698 0.806152 0.028646 0.043945
0 0.292318 0.793945 0.037760 0.050781
0 0.498698 0.792480 0.039062 0.049805
0 0.429036 0.792480 0.037760 0.049805
0 0.361328 0.792969 0.037760 0.050781
0 0.616536 0.787598 0.053385 0.047852
0 0.177083 0.788086 0.054688 0.048828
0 0.055990 0.760742 0.031250 0.050781
0 0.632161 0.707031 0.027344 0.027344
0 0.604818 0.707031 0.022135 0.027344
0 0.192057 0.707520 0.024740 0.028320
0 0.163411 0.707520 0.024740 0.028320
0 0.765625 0.711914 0.059896 0.044922
0 0.419271 0.704590 0.026042 0.030273
0 0.390625 0.704590 0.026042 0.030273
0 0.632161 0.684082 0.027344 0.014648
0 0.604818 0.684082 0.022135 0.014648
0 0.192057 0.684082 0.024740 0.014648
0 0.163411 0.683594 0.024740 0.015625
0 0.419271 0.680176 0.026042 0.016602
0 0.390625 0.679688 0.026042 0.015625
0 0.501302 0.698242 0.036458 0.054688
0 0.294271 0.697754 0.036458 0.053711
0 0.056641 0.664062 0.032552 0.048828
0 0.781250 0.617188 0.026042 0.041016
0 0.743490 0.616699 0.028646 0.041992
0 0.634115 0.605957 0.026042 0.043945
0 0.604167 0.605957 0.023438 0.043945
0 0.412760 0.606934 0.023438 0.045898
0 0.380208 0.606934 0.023438 0.045898
0 0.500651 0.605957 0.037760 0.045898
0 0.294922 0.605469 0.037760 0.044922
0 0.194010 0.605957 0.023438 0.045898
0 0.162760 0.605469 0.023438 0.046875
0 0.055990 0.574219 0.028646 0.050781
0 0.016927 0.573730 0.028646 0.051758
0 0.765625 0.525879 0.036458 0.043945
0 0.408203 0.518555 0.024740 0.042969
0 0.381510 0.518555 0.023438 0.042969
0 0.630208 0.517578 0.023438 0.042969
0 0.602865 0.517578 0.023438 0.042969
0 0.190755 0.516602 0.024740 0.041016
0 0.163411 0.516113 0.024740 0.041992
0 0.501953 0.516113 0.037760 0.049805
0 0.293620 0.516113 0.037760 0.049805
1 0.578776 0.929688 0.204427 0.013672
1 0.458333 0.929688 0.007812 0.013672
1 0.255859 0.929688 0.279948 0.013672
1 0.402344 0.842773 0.351562 0.007812
1 0.127604 0.842773 0.020833 0.007812
1 0.399089 0.747559 0.563802 0.020508
1 0.397786 0.549316 0.563802 0.030273
1 0.399089 0.451660 0.563802 0.053711
9 0.432292 0.952148 0.044271 0.076172
7 0.436198 0.902344 0.104167 0.019531
7 0.501302 0.850586 0.013021 0.017578
7 0.430990 0.850586 0.013021 0.017578
7 0.363281 0.850586 0.013021 0.017578
7 0.294271 0.850098 0.013021 0.018555
7 0.765625 0.761719 0.059896 0.017578
7 0.501953 0.733887 0.102865 0.014648
7 0.300781 0.732422 0.117188 0.015625
7 0.394531 0.494141 0.023438 0.017578
7 0.615885 0.491211 0.023438 0.013672
7 0.177083 0.492188 0.023438 0.017578
7 0.091146 0.494141 0.028646 0.027344
7 0.619141 0.467773 0.128906 0.015625
7 0.179036 0.466309 0.131510 0.016602
2 0.768229 0.679688 0.114583 0.037109
2 0.296875 0.664062 0.075521 0.019531
2 0.506510 0.663086 0.075521 0.019531
2 0.627604 0.656738 0.098958 0.032227
2 0.180990 0.656250 0.098958 0.031250
2 0.407552 0.645020 0.114583 0.049805
2 0.048177 0.621094 0.093750 0.037109
2 0.400391 0.578613 0.092448 0.020508
2 0.504557 0.579590 0.074219 0.024414
2 0.296875 0.579590 0.070312 0.024414
2 0.626953 0.577148 0.095052 0.021484
2 0.180339 0.575195 0.087240 0.019531
2 0.043620 0.537598 0.087240 0.024414
5 0.751953 0.833496 0.053385 0.010742
5 0.179036 0.731445 0.087240 0.019531
5 0.621745 0.730469 0.087240 0.019531
5 0.410807 0.729492 0.087240 0.019531
5 0.043620 0.698730 0.084635 0.020508
5 0.768880 0.642090 0.079427 0.008789
5 0.397135 0.635254 0.078125 0.010742
5 0.501953 0.635742 0.066406 0.013672
5 0.180339 0.633789 0.079427 0.009766
5 0.622396 0.633301 0.078125 0.010742
5 0.294271 0.635254 0.065104 0.014648
5 0.041016 0.604980 0.082031 0.010742
3 0.182292 0.833008 0.088542 0.041016
3 0.628255 0.832520 0.100260 0.041992
3 0.767578 0.557129 0.123698 0.018555
