0 0.50156495 0.50048828 0.9968701 0.99902344
1 0.15258 0.140135 0.03911999999999999 0.024410000000000015
1 0.15415 0.24756 0.039120000000000016 0.024419999999999997
1 0.15415 0.354005 0.039120000000000016 0.024409999999999987
1 0.15571000000000002 0.46045 0.039120000000000016 0.024419999999999997
1 0.15336499999999997 0.5678700000000001 0.03755 0.024419999999999997
1 0.319245 0.92041 0.015650000000000053 0.022460000000000035
1 0.40376 0.668945 0.012519999999999976 0.017570000000000086
1 0.40376 0.5898399999999999 0.012519999999999976 0.01758000000000004
1 0.40376 0.51074 0.012519999999999976 0.01758000000000004
1 0.40454 0.43164 0.014079999999999981 0.017579999999999985
1 0.40454 0.35156 0.014079999999999981 0.017579999999999985
1 0.40454 0.27344 0.014079999999999981 0.017579999999999985
1 0.40219 0.11426 0.012519999999999976 0.017580000000000012
1 0.40297499999999997 0.19286999999999999 0.014089999999999991 0.018559999999999993
1 0.46713499999999997 0.11377000000000001 0.02972999999999998 0.018560000000000007
1 0.46713499999999997 0.192385 0.02972999999999998 0.019529999999999992
1 0.4687 0.271485 0.02973999999999999 0.019529999999999992
1 0.46713499999999997 0.34912 0.02972999999999998 0.01856000000000002
1 0.4687 0.426755 0.02973999999999999 0.019529999999999992
1 0.4687 0.5058549999999999 0.02973999999999999 0.019529999999999992
1 0.46713499999999997 0.58545 0.02972999999999998 0.01856000000000002
1 0.4687 0.6630849999999999 0.02973999999999999 0.019529999999999936
1 0.62598 0.11474800000000002 0.10641999999999996 0.034184000000000006
1 0.62598 0.19286999999999999 0.10641999999999996 0.034180000000000016
1 0.62598 0.271 0.10641999999999996 0.03417999999999999
1 0.62598 0.34814 0.10641999999999996 0.03417999999999999
1 0.62598 0.42627 0.10641999999999996 0.03417999999999999
1 0.62598 0.50439 0.10641999999999996 0.034180000000000044
1 0.62598 0.58154 0.10641999999999996 0.03417999999999999
1 0.62598 0.65967 0.10641999999999996 0.03417999999999999
1 0.773865 0.115725 0.032869999999999955 0.018549999999999997
1 0.773865 0.19530999999999998 0.032869999999999955 0.017580000000000012
1 0.773865 0.27490000000000003 0.032869999999999955 0.018559999999999965
1 0.7723 0.35302500000000003 0.03286 0.01855000000000001
1 0.77308 0.43213 0.031299999999999994 0.01856000000000002
1 0.86072 0.115725 0.04693999999999998 0.018549999999999997
1 0.859935 0.19530999999999998 0.04851000000000005 0.017580000000000012
1 0.859155 0.354005 0.04695000000000005 0.01855000000000001
1 0.859935 0.43262 0.04851000000000005 0.01758000000000004
1 0.859935 0.59033 0.04851000000000005 0.01856000000000002
1 0.859935 0.66797 0.04851000000000005 0.01758000000000004
2 0.89202 0.27637 0.10328000000000004 0.039059999999999984
3 0.514085 0.11425750000000001 0.05790999999999996 0.066405
3 0.5156499999999999 0.19531500000000002 0.05789999999999995 0.06641
3 0.5156499999999999 0.27197 0.05789999999999995 0.06738
3 0.5156499999999999 0.351565 0.05789999999999995 0.06445000000000001
3 0.514085 0.430665 0.05790999999999996 0.06445000000000001
3 0.51643 0.510745 0.056339999999999946 0.06444999999999995
3 0.5156499999999999 0.5869150000000001 0.05789999999999995 0.06445000000000001
3 0.517215 0.6665049999999999 0.05791000000000002 0.061529999999999974
5 0.32081499999999996 0.3984375 0.05946999999999997 0.640625
5 0.22066000000000002 0.90576 0.07511999999999999 0.1689400000000001
7 0.150235 0.033202999999999996 0.07825 0.023437999999999997
7 0.150235 0.086428 0.07511000000000001 0.040043999999999996
7 0.1518 0.13965 0.07512 0.039059999999999984
7 0.1518 0.19336 0.07512 0.039059999999999984
7 0.153365 0.24707 0.07511000000000001 0.03906000000000001
7 0.153365 0.30078 0.07511000000000001 0.039059999999999984
7 0.153365 0.353515 0.07511000000000001 0.039069999999999994
7 0.153365 0.40723 0.07511000000000001 0.039059999999999984
7 0.153365 0.46240000000000003 0.07511000000000001 0.04004000000000002
7 0.1518 0.515625 0.07512 0.039069999999999994
7 0.153365 0.56836 0.07511000000000001 0.039059999999999984
7 0.15493 0.6210899999999999 0.07511999999999999 0.039059999999999984
7 0.15571000000000002 0.67578 0.07668 0.023440000000000016
7 0.15415 0.815915 0.07042 0.2236300000000001
7 0.18075000000000002 0.957035 0.04225999999999999 0.037109999999999976
7 0.151015 0.9668 0.07355000000000002 0.023439999999999905
7 0.49609000000000003 0.029785 0.25352 0.018554
7 0.40532 0.913575 0.06259999999999999 0.07325000000000004
8 0.0532074 0.4995097 0.0970252 0.9873006000000001
8 0.371675 0.3901385 0.045389999999999986 0.659183
8 0.43035999999999996 0.3901365 0.03755999999999998 0.657227
8 0.69953 0.39257949999999997 0.05946000000000007 0.648441
8 0.903755 0.39550949999999996 0.029730000000000034 0.654301
9 0.505475 0.050293 0.23161000000000004 0.018554
9 0.564945 0.07421900000000001 0.19719000000000003 0.013672000000000004
9 0.565725 0.154785 0.19875000000000004 0.012690000000000007
9 0.5665100000000001 0.233885 0.19718000000000002 0.012690000000000007
9 0.5672900000000001 0.313475 0.19562000000000002 0.01366999999999996
9 0.564945 0.39209000000000005 0.19719000000000003 0.012699999999999989
9 0.5657300000000001 0.47119 0.19562000000000002 0.012700000000000045
9 0.564945 0.549315 0.19719000000000003 0.01269000000000009
9 0.5665100000000001 0.7075199999999999 0.19718000000000002 0.012700000000000045
9 0.5665100000000001 0.6293949999999999 0.19718000000000002 0.012689999999999979
9 0.5571200000000001 0.7304649999999999 0.19718000000000002 0.01366999999999996
9 0.51878 0.82959 0.25196 0.01660000000000006
9 0.52191 0.86963 0.25195999999999996 0.016599999999999948
9 0.14475500000000002 0.11377000000000001 0.08607000000000001 0.008779999999999996
9 0.146325 0.167485 0.08607 0.008789999999999992
9 0.1400635 0.0541995 0.08607300000000001 0.008788999999999998
9 0.1400635 0.01220725 0.08607300000000001 0.008789499999999999
9 0.14319500000000002 0.061035500000000006 0.08607000000000001 0.004883000000000005
9 0.147885 0.222165 0.08607000000000001 0.00879000000000002
9 0.146325 0.275875 0.08607 0.00879000000000002
9 0.147105 0.32959 0.08763 0.00878000000000001
9 0.14867 0.38427500000000003 0.08764 0.00879000000000002
9 0.149455 0.43701500000000004 0.08607 0.00879000000000002
9 0.147105 0.491695 0.08763 0.008789999999999965
9 0.147885 0.54541 0.08607000000000001 0.00878000000000001
9 0.146325 0.5991249999999999 0.08607 0.008789999999999965
9 0.14554 0.658695 0.08764 0.008789999999999965
9 0.14475500000000002 0.699705 0.08607000000000001 0.008789999999999965
9 0.147885 0.65039 0.08607000000000001 0.0039000000000000146
9 0.146325 0.949705 0.08607 0.008789999999999965
9 0.14867 0.94043 0.08764 0.0039000000000000146
9 0.6478900000000001 0.051269499999999996 0.05008000000000001 0.022461000000000002
9 0.68545 0.07519500000000001 0.04381999999999997 0.017577999999999996
9 0.68701 0.15576 0.04381999999999997 0.018559999999999993
9 0.6134599999999999 0.0854495 0.11268 0.008788999999999991
9 0.6142399999999999 0.143065 0.11424000000000001 0.00879000000000002
9 0.6134599999999999 0.164555 0.11268 0.008789999999999992
9 0.6142399999999999 0.222165 0.11424000000000001 0.00879000000000002
9 0.6142399999999999 0.24462499999999998 0.11424000000000001 0.008789999999999992
9 0.6142399999999999 0.300295 0.11424000000000001 0.00879000000000002
9 0.6142399999999999 0.32323999999999997 0.11424000000000001 0.005860000000000032
9 0.6142399999999999 0.37939500000000004 0.11424000000000001 0.00879000000000002
9 0.6142399999999999 0.40185499999999996 0.11424000000000001 0.0048900000000000055
9 0.6150249999999999 0.456545 0.11266999999999994 0.00879000000000002
9 0.6150249999999999 0.48047 0.11266999999999994 0.005859999999999976
9 0.6150249999999999 0.5356449999999999 0.11266999999999994 0.008789999999999965
9 0.6134599999999999 0.614745 0.11268 0.008790000000000076
9 0.6150249999999999 0.6918949999999999 0.11266999999999994 0.008789999999999965
9 0.6142399999999999 0.55957 0.11424000000000001 0.005859999999999976
9 0.6134599999999999 0.63867 0.11268 0.005859999999999976
9 0.68701 0.234375 0.04381999999999997 0.017569999999999975
9 0.68701 0.31348 0.04381999999999997 0.017579999999999985
9 0.68545 0.39258000000000004 0.04381999999999997 0.017579999999999985
9 0.68545 0.549805 0.04381999999999997 0.017570000000000086
9 0.68701 0.4707 0.04381999999999997 0.01758000000000004
9 0.68701 0.631345 0.04381999999999997 0.018549999999999955
9 0.68858 0.08691399999999999 0.03756000000000004 0.011717999999999992
9 0.69014 0.14257999999999998 0.03756000000000004 0.01171999999999998
9 0.69014 0.16699 0.03756000000000004 0.011720000000000008
9 0.69014 0.22168 0.03756000000000004 0.01171999999999998
9 0.69014 0.24512 0.03756000000000004 0.01171999999999998
9 0.69014 0.30029 0.03756000000000004 0.010739999999999972
9 0.69014 0.32422 0.03756000000000004 0.009759999999999991
9 0.68858 0.37890500000000005 0.03756000000000004 0.009770000000000001
9 0.69014 0.404295 0.03756000000000004 0.007809999999999984
9 0.68936 0.456545 0.03600000000000003 0.00879000000000002
9 0.19014 0.01220695 0.014079999999999981 0.010742100000000001
9 0.19014 0.053223 0.014079999999999981 0.010742000000000002
9 0.19170500000000001 0.062012 0.010949999999999988 0.006836000000000002
9 0.19562000000000002 0.11377000000000001 0.012520000000000003 0.012700000000000003
9 0.19562000000000002 0.16797 0.012520000000000003 0.011720000000000008
9 0.19718000000000002 0.22217 0.012520000000000003 0.012699999999999989
9 0.19718000000000002 0.27588 0.012520000000000003 0.012699999999999989
9 0.19718000000000002 0.3291 0.012520000000000003 0.011719999999999953
9 0.197965 0.38378999999999996 0.014089999999999991 0.011720000000000008
9 0.19874999999999998 0.4375 0.012520000000000003 0.011719999999999953
9 0.19718000000000002 0.49121000000000004 0.012520000000000003 0.011720000000000008
9 0.19718000000000002 0.54541 0.012520000000000003 0.012700000000000045
9 0.19640000000000002 0.59863 0.01408000000000001 0.011719999999999953
9 0.19405 0.66016 0.012519999999999976 0.011719999999999953
9 0.19718000000000002 0.6499 0.012520000000000003 0.0048799999999999955
9 0.19562000000000002 0.699705 0.012520000000000003 0.012689999999999979
9 0.197965 0.93994 0.010950000000000015 0.006839999999999957
9 0.371675 0.05078150000000001 0.03913 0.025391000000000004
9 0.4507 0.074707 0.031299999999999994 0.020508
9 0.4507 0.154785 0.031299999999999994 0.02051
9 0.45227 0.233885 0.031299999999999994 0.02051
9 0.45383 0.312985 0.031299999999999994 0.020510000000000028
9 0.4507 0.39209 0.031299999999999994 0.020499999999999963
9 0.45227 0.47119500000000003 0.031299999999999994 0.020509999999999973
9 0.4507 0.550295 0.031299999999999994 0.020510000000000028
9 0.4507 0.63037 0.031299999999999994 0.020499999999999963
9 0.451485 0.708495 0.03287000000000001 0.020510000000000028
9 0.44288 0.731935 0.031299999999999994 0.020510000000000028
9 0.37559 0.832035 0.031299999999999994 0.019530000000000047
9 0.37559 0.86963 0.03755999999999998 0.022459999999999924
9 0.5508599999999999 0.086426 0.012519999999999976 0.010742000000000002
9 0.5508599999999999 0.14209 0.012519999999999976 0.01074
9 0.5508599999999999 0.16602 0.012519999999999976 0.011720000000000008
9 0.5508599999999999 0.22119 0.012519999999999976 0.01074
9 0.5508599999999999 0.245605 0.012519999999999976 0.010749999999999982
9 0.5508599999999999 0.30029 0.012519999999999976 0.010739999999999972
9 0.5508599999999999 0.32421500000000003 0.012519999999999976 0.007810000000000039
9 0.5508599999999999 0.37890999999999997 0.012519999999999976 0.011720000000000008
9 0.55243 0.40283 0.012519999999999976 0.006840000000000013
9 0.55243 0.45654 0.012519999999999976 0.010739999999999972
9 0.55243 0.53467 0.012519999999999976 0.010739999999999972
9 0.55243 0.481935 0.012519999999999976 0.006830000000000003
9 0.5508599999999999 0.55908 0.012519999999999976 0.006839999999999957
9 0.55008 0.63916 0.01096000000000008 0.006840000000000068
9 0.55008 0.61475 0.01096000000000008 0.010739999999999972
9 0.5516449999999999 0.69141 0.010949999999999904 0.011719999999999953
9 0.0946785 0.11327999999999999 0.014082999999999998 0.011719999999999994
9 0.0954635 0.16748000000000002 0.015653 0.01074
9 0.097026 0.22216999999999998 0.015647999999999995 0.01074
9 0.097026 0.27539 0.015647999999999995 0.011720000000000008
9 0.097026 0.33008000000000004 0.015647999999999995 0.011720000000000008
9 0.09780849999999999 0.38378999999999996 0.014082999999999998 0.011720000000000008
9 0.0985935 0.4375 0.015653 0.011719999999999953
9 0.096246 0.49219 0.014088000000000003 0.011720000000000008
9 0.09780849999999999 0.5459 0.014082999999999998 0.011720000000000064
9 0.096246 0.59961 0.014088000000000003 0.011719999999999953
9 0.0946785 0.65967 0.014082999999999998 0.010739999999999972
9 0.0946785 0.7001949999999999 0.014082999999999998 0.011709999999999998
9 0.0970285 0.65039 0.012523000000000006 0.007819999999999938
