1 0.500000 0.500000 1.000000 1.000000
0 0.498252 0.539730 0.865967 0.902549
6 0.744755 0.873313 0.254079 0.154423
2 0.574592 0.842579 0.048951 0.101949
2 0.476107 0.839580 0.050117 0.101949
2 0.407925 0.838081 0.048951 0.101949
2 0.276224 0.835082 0.048951 0.101949
2 0.206876 0.833583 0.050117 0.101949
2 0.833916 0.682909 0.050117 0.136432
2 0.763986 0.678411 0.050117 0.136432
2 0.690559 0.675412 0.050117 0.136432
2 0.622960 0.675412 0.050117 0.136432
2 0.553030 0.675412 0.050117 0.136432
2 0.481935 0.675412 0.050117 0.136432
2 0.413753 0.669415 0.048951 0.136432
2 0.346737 0.669415 0.050117 0.136432
2 0.279138 0.669415 0.050117 0.136432
2 0.210956 0.664918 0.048951 0.136432
2 0.146270 0.664918 0.050117 0.136432
2 0.833916 0.505247 0.052448 0.101949
2 0.694056 0.504498 0.052448 0.100450
2 0.415501 0.500000 0.050117 0.091454
2 0.344988 0.500000 0.046620 0.091454
2 0.765152 0.502999 0.052448 0.100450
2 0.553030 0.502999 0.052448 0.100450
2 0.276807 0.499250 0.047786 0.092954
2 0.209790 0.499250 0.046620 0.092954
2 0.624126 0.501499 0.052448 0.100450
2 0.485431 0.501499 0.052448 0.100450
2 0.142191 0.497751 0.046620 0.092954
2 0.838578 0.308096 0.052448 0.064468
2 0.763986 0.308096 0.052448 0.064468
2 0.481935 0.308096 0.052448 0.064468
2 0.209207 0.308096 0.047786 0.064468
2 0.694056 0.306597 0.052448 0.064468
2 0.622960 0.306597 0.052448 0.064468
2 0.549534 0.306597 0.052448 0.064468
2 0.413753 0.306597 0.051282 0.064468
2 0.141608 0.306597 0.047786 0.064468
2 0.343823 0.305097 0.051282 0.064468
2 0.275058 0.305097 0.051282 0.064468
2 0.262821 0.170915 0.050117 0.071964
2 0.326340 0.168666 0.051282 0.070465
2 0.602564 0.162669 0.051282 0.070465
2 0.666667 0.160420 0.051282 0.071964
3 0.499417 0.775862 0.858974 0.067466
3 0.490676 0.607196 0.778555 0.044978
3 0.497669 0.449025 0.790210 0.028486
3 0.502331 0.240630 0.848485 0.091454
11 0.027972 0.872564 0.053613 0.140930
