0 0.49114199999999997 0.5356460000000001 0.860236 0.913088
1 0.15846500000000002 0.09765399999999999 0.10433 0.029292
1 0.15551 0.134765 0.10236 0.029289999999999983
1 0.15551 0.171875 0.10236 0.029289999999999983
1 0.152555 0.208985 0.10433000000000002 0.029289999999999983
1 0.152555 0.246095 0.10433000000000002 0.029290000000000038
1 0.1505925 0.28223 0.104335 0.029299999999999993
1 0.1496075 0.32129 0.102365 0.029299999999999993
1 0.146654 0.356445 0.104332 0.029289999999999983
1 0.146654 0.393555 0.104332 0.029289999999999983
1 0.1476385 0.43066499999999996 0.102363 0.029289999999999983
1 0.1437 0.46777 0.10235999999999999 0.029299999999999993
1 0.1437 0.50488 0.10235999999999999 0.029300000000000048
1 0.145669 0.5390600000000001 0.102362 0.029299999999999993
1 0.1437 0.575195 0.10235999999999999 0.029290000000000038
1 0.1417305 0.61035 0.10235899999999999 0.029299999999999993
1 0.1437 0.6474599999999999 0.10235999999999999 0.029299999999999993
1 0.1417305 0.6796899999999999 0.10235899999999999 0.029299999999999993
1 0.13976149999999998 0.71777 0.102357 0.029299999999999993
1 0.13877699999999998 0.749025 0.104326 0.029289999999999927
1 0.13877699999999998 0.785155 0.104326 0.029289999999999927
1 0.13877699999999998 0.816405 0.104326 0.029289999999999927
1 0.1407465 0.8515600000000001 0.104327 0.029299999999999993
1 0.1417305 0.8886700000000001 0.10235899999999999 0.029299999999999993
1 0.31693 0.0966805 0.10236 0.02929899999999999
1 0.31496 0.13281 0.10236 0.029300000000000007
1 0.31299 0.16992000000000002 0.10236 0.02930000000000002
1 0.312005 0.20801 0.10432999999999998 0.029299999999999993
1 0.31102 0.246095 0.10236 0.029290000000000038
1 0.30905499999999997 0.28223 0.10237000000000002 0.029299999999999993
1 0.30905499999999997 0.32129 0.10237000000000002 0.029299999999999993
1 0.308075 0.356445 0.10432999999999998 0.029289999999999983
1 0.30610499999999996 0.39551000000000003 0.10432999999999998 0.029300000000000048
1 0.30512 0.43262 0.10236 0.029299999999999993
1 0.30315000000000003 0.46582 0.10235999999999995 0.029299999999999993
1 0.30118 0.50293 0.10236 0.029300000000000048
1 0.30413500000000004 0.5400400000000001 0.10432999999999998 0.029299999999999993
1 0.30118 0.57715 0.10236 0.029299999999999993
1 0.300195 0.6113299999999999 0.10433 0.029299999999999993
1 0.30118 0.6474599999999999 0.10236 0.029299999999999993
1 0.29921 0.6845699999999999 0.10235999999999998 0.029299999999999993
1 0.29822499999999996 0.7168000000000001 0.10432999999999998 0.029299999999999993
1 0.297245 0.75 0.10237000000000002 0.029300000000000104
1 0.297245 0.78613 0.10237000000000002 0.029299999999999993
1 0.47933499999999996 0.0966805 0.10432999999999998 0.02929899999999999
1 0.47933499999999996 0.13281 0.10432999999999998 0.029300000000000007
1 0.47933499999999996 0.16992000000000002 0.10432999999999998 0.02930000000000002
1 0.47638 0.20801 0.10236 0.029299999999999993
1 0.47638 0.24512 0.10236 0.029299999999999993
1 0.47243999999999997 0.2832 0.10235999999999995 0.029299999999999993
1 0.47046999999999994 0.32031 0.10235999999999995 0.029299999999999993
1 0.469485 0.35742 0.10432999999999992 0.029299999999999993
1 0.46752 0.39453 0.10433999999999999 0.029299999999999993
1 0.466535 0.43164 0.10236999999999996 0.029299999999999993
1 0.46555499999999994 0.46875 0.10432999999999998 0.029299999999999993
1 0.46457000000000004 0.50586 0.10236000000000006 0.029300000000000048
1 0.463585 0.541015 0.10433000000000003 0.029290000000000038
1 0.463585 0.5761700000000001 0.10433000000000003 0.029299999999999993
1 0.46063 0.6113299999999999 0.10236 0.029299999999999993
1 0.46063 0.6474599999999999 0.10236 0.029299999999999993
1 0.45767499999999994 0.68262 0.10432999999999998 0.029299999999999993
1 0.45374 0.71875 0.10433999999999999 0.029300000000000104
1 0.454725 0.7519499999999999 0.10236999999999996 0.029299999999999993
1 0.45374 0.7841800000000001 0.10433999999999999 0.029299999999999993
1 0.642715 0.0957025 0.10433000000000003 0.029295
1 0.64173 0.13281 0.10236 0.029300000000000007
1 0.640745 0.16992000000000002 0.10433000000000003 0.02930000000000002
1 0.637795 0.20703 0.10237000000000007 0.029299999999999993
1 0.63583 0.24414000000000002 0.10236 0.02930000000000002
1 0.63583 0.2832 0.10236 0.029299999999999993
1 0.63386 0.32031 0.10236 0.029299999999999993
1 0.63189 0.35742 0.10236 0.029299999999999993
1 0.630905 0.39453 0.10432999999999992 0.029299999999999993
1 0.62795 0.42969 0.10236 0.029299999999999993
1 0.62795 0.46777 0.10236 0.029299999999999993
1 0.625 0.50488 0.1043400000000001 0.029300000000000048
1 0.625 0.5400400000000001 0.1043400000000001 0.029299999999999993
1 0.621065 0.575195 0.10433000000000003 0.029290000000000038
1 0.62008 0.61328 0.10236 0.029299999999999993
1 0.6181099999999999 0.6474599999999999 0.09842000000000006 0.029299999999999993
1 0.61319 0.68262 0.09645999999999999 0.029299999999999993
1 0.612205 0.7158199999999999 0.09843000000000002 0.029299999999999993
1 0.610235 0.750975 0.09843000000000002 0.029289999999999927
1 0.8051200000000001 0.09765399999999999 0.1023599999999999 0.029292
1 0.80315 0.13379 0.10236 0.029299999999999993
1 0.80315 0.1709 0.10236 0.029299999999999993
1 0.80118 0.20703 0.10236 0.029299999999999993
1 0.79921 0.246095 0.10236 0.029290000000000038
1 0.79921 0.28418 0.10236 0.029299999999999993
1 0.795275 0.31836 0.10236999999999996 0.029299999999999993
1 0.795275 0.3584 0.10236999999999996 0.029299999999999993
1 0.79331 0.39453 0.10236 0.029299999999999993
1 0.79134 0.43164 0.10236 0.029299999999999993
1 0.7874 0.46777 0.10236 0.029299999999999993
1 0.7874 0.5039049999999999 0.10236 0.029289999999999983
1 0.7834650000000001 0.541015 0.10236999999999996 0.029290000000000038
1 0.7834650000000001 0.57422 0.10236999999999996 0.02734000000000003
1 0.7834650000000001 0.612795 0.10236999999999996 0.026370000000000005
1 0.781495 0.646485 0.10236999999999996 0.027349999999999985
1 0.772635 0.68164 0.10432999999999992 0.02734000000000003
1 0.769685 0.717775 0.10236999999999996 0.027350000000000096
1 0.22342499999999998 0.5761700000000001 0.045270000000000005 0.02734000000000003
1 0.221455 0.612305 0.045270000000000005 0.027349999999999985
1 0.22244 0.645995 0.047240000000000004 0.026370000000000005
1 0.380905 0.5761700000000001 0.04527000000000003 0.02734000000000003
1 0.380905 0.6113299999999999 0.04527000000000003 0.02734000000000003
1 0.378935 0.64795 0.04526999999999998 0.02636000000000005
1 0.5403549999999999 0.57666 0.04527000000000003 0.02636000000000005
1 0.5403549999999999 0.6113299999999999 0.04527000000000003 0.02734000000000003
1 0.538385 0.646485 0.04526999999999992 0.027349999999999985
1 0.699805 0.575685 0.04526999999999992 0.026370000000000005
1 0.69882 0.6113299999999999 0.04723999999999995 0.02734000000000003
1 0.697835 0.646485 0.04527000000000003 0.027349999999999985
