0 0.5380045 0.536105 0.9070910000000001 0.92779
1 0.413005 0.38731000000000004 0.09628999999999999 0.12691999999999998
1 0.414695 0.669585 0.09628999999999999 0.12691000000000008
1 0.622465 0.38949500000000004 0.09628999999999999 0.12691000000000002
1 0.624155 0.67396 0.09628999999999999 0.12691999999999992
1 0.21537499999999998 0.661925 0.13007 0.12911000000000006
1 0.211995 0.393875 0.13007 0.12691000000000002
1 0.86233 0.33916999999999997 0.15710000000000002 0.21006
2 0.874155 0.5328200000000001 0.18413000000000002 0.10721999999999998
4 0.46706000000000003 0.38949500000000004 0.021960000000000035 0.15755000000000002
4 0.469595 0.671775 0.02027000000000001 0.15755000000000008
4 0.677365 0.671775 0.02027000000000001 0.15755000000000008
4 0.67483 0.393875 0.02195999999999998 0.15755000000000002
5 0.267735 0.544855 0.13344999999999999 0.51641
6 0.410475 0.28664999999999996 0.10472999999999999 0.07002000000000003
6 0.41132 0.48578 0.10303999999999996 0.07001999999999997
6 0.410475 0.5754900000000001 0.10472999999999999 0.07002000000000008
6 0.41132 0.76915 0.10303999999999996 0.06346000000000007
6 0.621625 0.77024 0.10135000000000005 0.06564000000000003
6 0.6233150000000001 0.571115 0.10134999999999994 0.06564999999999999
6 0.621625 0.490155 0.10135000000000005 0.06564999999999999
6 0.6224700000000001 0.293215 0.09965999999999997 0.06564999999999999
6 0.21284 0.36433 0.12838 0.05908000000000002
6 0.21284 0.42669500000000005 0.12838 0.06126999999999999
6 0.21199 0.56236 0.14020000000000002 0.07001999999999997
8 0.30997 0.5415745 0.0625 0.912471
8 0.77196 0.528445 0.027020000000000044 0.7724300000000001
8 0.1300665 0.51422 0.064187 0.72648
10 0.86233 0.725385 0.16048000000000007 0.21224999999999994
