1 0.500000 0.500000 1.000000 1.000000
0 0.499324 0.500000 0.995946 0.995918
2 0.360811 0.892857 0.064865 0.087755
2 0.462162 0.897959 0.064865 0.102041
2 0.908108 0.915306 0.089189 0.140816
2 0.800000 0.914286 0.097297 0.138776
2 0.254054 0.889796 0.064865 0.089796
2 0.152027 0.888776 0.063514 0.087755
2 0.351351 0.693878 0.097297 0.085714
2 0.525000 0.675510 0.101351 0.053061
2 0.727703 0.690816 0.101351 0.087755
2 0.170270 0.691837 0.097297 0.089796
2 0.899324 0.685714 0.101351 0.081633
2 0.350000 0.489796 0.097297 0.081633
2 0.897973 0.488776 0.101351 0.083673
2 0.727703 0.488776 0.101351 0.083673
2 0.525000 0.473469 0.101351 0.053061
2 0.172973 0.488776 0.097297 0.083673
2 0.892568 0.291837 0.101351 0.081633
2 0.172973 0.293878 0.097297 0.085714
2 0.347297 0.290816 0.100000 0.083673
2 0.720946 0.289796 0.101351 0.085714
2 0.520270 0.268367 0.108108 0.046939
2 0.150000 0.123469 0.089189 0.091837
2 0.902703 0.115306 0.089189 0.079592
2 0.346622 0.065306 0.090541 0.020408
2 0.723649 0.062245 0.090541 0.018367
2 0.520946 0.098980 0.093243 0.091837
3 0.806757 0.806122 0.370270 0.044898
3 0.238514 0.806122 0.444595 0.044898
11 0.691892 0.919388 0.091892 0.148980
7 0.363514 0.950000 0.086486 0.026531
7 0.258108 0.947959 0.086486 0.026531
7 0.151351 0.945918 0.086486 0.026531
7 0.348649 0.751020 0.116216 0.028571
7 0.171622 0.751020 0.116216 0.028571
7 0.727027 0.750000 0.116216 0.030612
7 0.894595 0.740816 0.116216 0.028571
7 0.902027 0.544898 0.117568 0.028571
7 0.725676 0.544898 0.116216 0.028571
7 0.350000 0.545918 0.116216 0.030612
7 0.171622 0.545918 0.116216 0.030612
7 0.170270 0.351020 0.116216 0.028571
7 0.894595 0.346939 0.116216 0.028571
7 0.725000 0.346939 0.117568 0.028571
7 0.350000 0.347959 0.116216 0.030612
5 0.541216 0.766327 0.160811 0.128571
5 0.049324 0.578571 0.090541 0.136735
5 0.538514 0.564286 0.160811 0.128571
5 0.049324 0.362245 0.090541 0.136735
5 0.535811 0.356122 0.160811 0.128571
5 0.357432 0.154082 0.133784 0.157143
5 0.752703 0.151020 0.148649 0.159184
10 0.351351 0.697959 0.091892 0.085714
10 0.506081 0.676531 0.058108 0.051020
10 0.170946 0.668367 0.093243 0.034694
10 0.558784 0.475510 0.031081 0.048980
10 0.350000 0.492857 0.094595 0.083673
10 0.172297 0.492857 0.090541 0.083673
10 0.504054 0.474490 0.054054 0.051020
10 0.173649 0.286735 0.090541 0.063265
10 0.150000 0.124490 0.086486 0.085714
10 0.366892 0.066327 0.047297 0.018367
10 0.750000 0.063265 0.035135 0.016327
10 0.703378 0.063265 0.044595 0.016327
10 0.521622 0.089796 0.089189 0.069388
