1 0.27872 0.5810500000000001 0.08446000000000001 0.034560000000000035
1 0.467905 0.579855 0.09121000000000001 0.03695000000000004
1 0.27703 0.461855 0.08108000000000001 0.03694999999999998
1 0.46621999999999997 0.45947499999999997 0.08107999999999999 0.03694999999999998
1 0.66216 0.5768800000000001 0.09460000000000002 0.03813999999999995
1 0.655405 0.693085 0.08783000000000007 0.039329999999999976
1 0.66554 0.45709500000000003 0.08784000000000003 0.03933000000000003
1 0.65709 0.8087 0.08446000000000009 0.03934000000000004
1 0.653715 0.924915 0.09121000000000001 0.05720999999999998
1 0.46622 0.926105 0.08784000000000003 0.05720999999999998
1 0.27871500000000005 0.927295 0.07095000000000001 0.054829999999999934
1 0.45946 0.81168 0.08107999999999999 0.035760000000000014
1 0.268585 0.8110850000000001 0.06419 0.03694999999999993
1 0.266895 0.697855 0.06081 0.03695000000000004
1 0.45946 0.69845 0.07432 0.03814000000000006
1 0.27365 0.34446 0.07431999999999997 0.035760000000000014
1 0.46284000000000003 0.33969 0.07432 0.035760000000000014
1 0.66554 0.340285 0.09460000000000002 0.039329999999999976
1 0.46453 0.221695 0.09122000000000002 0.03337000000000001
1 0.6621600000000001 0.21931 0.08784000000000003 0.03337999999999999
1 0.265205 0.22466999999999998 0.07095000000000001 0.03456000000000001
1 0.28547 0.1048865 0.08445999999999998 0.042907000000000015
1 0.46791000000000005 0.1007175 0.08446000000000004 0.044105000000000005
1 0.66892 0.097738 0.09460000000000002 0.050064
5 0.34121500000000005 0.68057 0.10810999999999998 0.12871999999999995
5 0.33952499999999997 0.80274 0.11149000000000003 0.11084000000000005
5 0.533785 0.799165 0.09459000000000006 0.11322999999999994
5 0.533785 0.6758 0.09459000000000006 0.12634
6 0.266895 0.210965 0.06081 0.01669000000000001
6 0.266895 0.230035 0.06081 0.01669000000000001
6 0.26182500000000003 0.3093 0.05743000000000001 0.02026
6 0.27196 0.37187000000000003 0.07769999999999996 0.02145999999999998
6 0.27534000000000003 0.42789 0.08446000000000001 0.023839999999999972
6 0.27703 0.492255 0.08784 0.02144999999999997
6 0.27534000000000003 0.547675 0.08446000000000001 0.02265000000000006
6 0.27534000000000003 0.6096550000000001 0.08446000000000001 0.022649999999999948
6 0.46453 0.607865 0.09122000000000002 0.02144999999999997
6 0.46622 0.5446949999999999 0.08784000000000003 0.02145000000000008
6 0.467905 0.489275 0.09121000000000001 0.02265000000000006
6 0.46115 0.42491 0.09121999999999997 0.022639999999999993
6 0.45777 0.306915 0.08445999999999998 0.025029999999999997
6 0.45777 0.363525 0.07769999999999999 0.019069999999999976
6 0.46115 0.24911 0.07769999999999999 0.023839999999999972
6 0.46284000000000003 0.18355 0.08108000000000004 0.02384
6 0.263515 0.66448 0.06081 0.022639999999999993
6 0.26858 0.7252700000000001 0.07093999999999998 0.020260000000000056
6 0.45439 0.662095 0.07769999999999999 0.02265000000000006
6 0.45946000000000004 0.7240800000000001 0.08784000000000003 0.020260000000000056
6 0.27365 0.840285 0.07431999999999997 0.01907000000000003
6 0.26182500000000003 0.778305 0.05743000000000001 0.02144999999999997
6 0.4527 0.778305 0.07432 0.02144999999999997
6 0.45777 0.837905 0.08445999999999998 0.01906999999999992
6 0.26689 0.9225300000000001 0.04730000000000001 0.061980000000000035
0 0.510135 0.504174 0.71621 0.9225319999999999
8 0.17905 0.5083455 0.04053999999999999 0.9141889999999999
6 0.635135 0.5792649999999999 0.03378999999999999 0.030989999999999962
6 0.635135 0.69547 0.040550000000000086 0.032179999999999986
6 0.62669 0.926695 0.030399999999999983 0.05125000000000002
