0 0.4653675 0.127441 0.916305 0.17675800000000003
0 0.639975 0.52539 0.57287 0.6171800000000001
1 0.05555550000000001 0.13721 0.033189 0.028319999999999998
1 0.196245 0.12842 0.051949999999999996 0.03418
1 0.47907500000000003 0.46924 0.06349000000000005 0.024419999999999997
1 0.47763500000000003 0.31738500000000003 0.06349000000000005 0.025389999999999968
1 0.47907500000000003 0.644535 0.06349000000000005 0.025390000000000024
1 0.45599 0.950685 0.057719999999999994 0.020510000000000028
1 0.493505 0.12695 0.06927000000000005 0.029300000000000007
1 0.670275 0.27881 0.07070999999999994 0.012700000000000045
1 0.66883 0.26171500000000003 0.07069999999999999 0.013670000000000015
1 0.667385 0.245115 0.07071000000000005 0.013670000000000015
1 0.675325 0.353515 0.06060999999999994 0.03321000000000002
1 0.674605 0.424805 0.06204999999999994 0.03321000000000002
1 0.674605 0.49805 0.06204999999999994 0.03320000000000006
1 0.6767650000000001 0.5727500000000001 0.06060999999999994 0.03417999999999999
1 0.680375 0.90869 0.06205000000000005 0.03808
1 0.677485 0.976075 0.06204999999999994 0.03808999999999996
1 0.830445 0.425295 0.07071000000000005 0.036129999999999995
1 0.8326100000000001 0.572265 0.06925999999999999 0.035150000000000015
1 0.8354999999999999 0.909665 0.06925999999999999 0.036130000000000106
1 0.834775 0.9799800000000001 0.07070999999999994 0.03613999999999995
1 0.84271 0.12793 0.04039999999999999 0.021479999999999985
1 0.67821 0.13720500000000002 0.08945999999999998 0.008789999999999992
1 0.6796500000000001 0.125485 0.08657999999999999 0.008789999999999992
1 0.66378 0.69531 0.09811999999999999 0.021479999999999944
1 0.6645000000000001 0.74219 0.09667999999999999 0.021479999999999944
1 0.676045 0.783695 0.07359000000000004 0.020510000000000028
1 0.675325 0.652835 0.07503000000000004 0.020509999999999917
2 0.8506499999999999 0.27832 0.13419999999999999 0.07421999999999998
3 0.632035 0.35059 0.023090000000000055 0.056640000000000024
3 0.6313150000000001 0.4248 0.021650000000000058 0.056640000000000024
3 0.632755 0.49805 0.021650000000000058 0.056640000000000024
3 0.632755 0.57031 0.021650000000000058 0.056640000000000024
3 0.637085 0.90674 0.021649999999999947 0.057620000000000005
3 0.637085 0.97412 0.018750000000000044 0.05176000000000003
4 0.71284 0.35254 0.017320000000000002 0.05274000000000001
4 0.71284 0.42383 0.017320000000000002 0.05274000000000001
4 0.7121200000000001 0.49853500000000006 0.015880000000000005 0.05175000000000002
4 0.7142850000000001 0.57129 0.017310000000000048 0.05274000000000001
4 0.717895 0.973635 0.01586999999999994 0.052730000000000055
4 0.71717 0.90869 0.017320000000000002 0.05176000000000003
7 0.44733 0.1259785 0.09236 0.062503
3 0.6038950000000001 0.1269545 0.11977000000000004 0.05469099999999999
7 0.589465 0.646485 0.05339000000000005 0.052729999999999944
7 0.559885 0.688475 0.03463000000000005 0.029289999999999927
7 0.559885 0.7446299999999999 0.03463000000000005 0.030279999999999974
7 0.5865800000000001 0.78418 0.05628 0.05078000000000005
7 0.46681 0.47363 0.15152 0.0625
7 0.46681 0.64795 0.15152 0.06347999999999998
7 0.46537 0.322755 0.15152 0.06347000000000003
7 0.585135 0.26122999999999996 0.05338999999999994 0.08495999999999998
7 0.790045 0.649415 0.036070000000000046 0.015630000000000033
7 0.790045 0.773435 0.044729999999999936 0.015630000000000033
7 0.7582949999999999 0.12744 0.036069999999999935 0.026359999999999995
7 0.7958149999999999 0.128905 0.036069999999999935 0.031249999999999986
7 0.7907649999999999 0.18310500000000002 0.06927000000000005 0.024410000000000015
7 0.679655 0.30078000000000005 0.06926999999999994 0.011720000000000008
7 0.6767650000000001 0.220215 0.06348999999999994 0.006830000000000003
7 0.75397 0.31445 0.05628 0.01758000000000004
7 0.6926399999999999 0.31494 0.028859999999999997 0.012700000000000045
7 0.8023100000000001 0.85791 0.06638 0.014640000000000097
5 0.090188 0.129394 0.08802400000000002 0.166992
7 0.705625 0.044922000000000004 0.11832999999999994 0.009766000000000004
8 0.420635 0.12695099999999998 0.062049999999999994 0.16991799999999999
8 0.74459 0.1235345 0.020199999999999996 0.161131
9 0.588025 0.166015 0.24387000000000003 0.02149000000000001
9 0.58658 0.19824 0.24385999999999997 0.02148
9 0.59091 0.0839845 0.24386000000000002 0.021485000000000004
9 0.59091 0.0551755 0.24386000000000002 0.02246100000000001
9 0.26912 0.19922 0.20634000000000002 0.02148
9 0.269845 0.16748000000000002 0.20779000000000003 0.022460000000000008
9 0.275615 0.08691399999999999 0.20491 0.019532000000000008
9 0.27778 0.057129 0.20346 0.020508
9 0.38384 0.16699 0.020199999999999996 0.023440000000000016
9 0.38239500000000004 0.19873 0.020210000000000006 0.024419999999999997
9 0.38817 0.056640499999999996 0.017320000000000002 0.023437000000000006
9 0.386725 0.0859375 0.017309999999999992 0.023437000000000013
9 0.7243900000000001 0.165525 0.028859999999999997 0.024409999999999987
9 0.7229399999999999 0.19824 0.028859999999999997 0.023440000000000016
9 0.72583 0.08496100000000001 0.025980000000000003 0.023438
9 0.72583 0.055176 0.025980000000000003 0.024413999999999998
9 0.45887500000000003 0.0844725 0.020210000000000006 0.022460999999999995
9 0.45887500000000003 0.055664000000000005 0.020210000000000006 0.02148400000000001
9 0.45599 0.16649999999999998 0.020199999999999996 0.022460000000000008
9 0.454545 0.19824 0.020210000000000006 0.02148
9 0.15800999999999998 0.16748000000000002 0.01298000000000002 0.022460000000000008
9 0.158735 0.19873000000000002 0.014429999999999998 0.022460000000000008
9 0.1645 0.0864255 0.017320000000000002 0.02246100000000001
9 0.165945 0.0571285 0.017309999999999992 0.022461000000000002
1 0.35353500000000004 0.12695 0.043289999999999995 0.01758
3 0.637805 0.651855 0.04328999999999994 0.036129999999999995
3 0.602455 0.6938500000000001 0.050509999999999944 0.04393999999999998
3 0.603175 0.74072 0.04906999999999995 0.04589999999999994
3 0.635645 0.78369 0.044729999999999936 0.04394000000000009
