0 0.544945 0.2446275 0.84911 0.458005
0 0.5706249999999999 0.6416000000000001 0.82665 0.32812
1 0.276885 0.1010755 0.08828999999999998 0.026369000000000004
1 0.276885 0.16797 0.09148999999999996 0.027340000000000003
1 0.276885 0.21533 0.08828999999999998 0.028320000000000012
1 0.276885 0.279785 0.09148999999999996 0.026370000000000005
1 0.276885 0.32665999999999995 0.08828999999999998 0.026359999999999995
1 0.276885 0.055175999999999996 0.09148999999999996 0.028319999999999998
1 0.27768499999999996 0.393555 0.08988999999999997 0.027349999999999985
1 0.27768499999999996 0.43945 0.08988999999999997 0.02734000000000003
1 0.46148 0.43994 0.08827999999999997 0.028320000000000012
1 0.46067499999999995 0.393555 0.08988999999999997 0.029289999999999983
1 0.46067499999999995 0.32764 0.08666999999999997 0.028320000000000012
1 0.46067499999999995 0.28125 0.08988999999999997 0.029299999999999993
1 0.46067499999999995 0.21533 0.08988999999999997 0.028320000000000012
1 0.46228 0.16846 0.08988000000000002 0.028320000000000012
1 0.46067499999999995 0.10205049999999999 0.08988999999999997 0.028318999999999997
1 0.46148 0.055175999999999996 0.08827999999999997 0.028319999999999998
1 0.6508849999999999 0.0546875 0.09791000000000005 0.027343000000000006
1 0.6508849999999999 0.10058700000000001 0.09791000000000005 0.027345999999999995
1 0.65008 0.16846 0.09630000000000005 0.028320000000000012
1 0.65008 0.214845 0.09952000000000005 0.027350000000000013
1 0.649275 0.28125 0.09791000000000005 0.02734000000000003
1 0.6508849999999999 0.328125 0.09791000000000005 0.027349999999999985
1 0.64928 0.394045 0.0947 0.026370000000000005
1 0.6516850000000001 0.43994 0.09631 0.028320000000000012
1 0.316215 0.51074 0.08988999999999997 0.02734000000000003
1 0.316215 0.55518 0.08988999999999997 0.028320000000000012
1 0.31621 0.61768 0.08667999999999998 0.028320000000000012
1 0.314605 0.663085 0.08988999999999997 0.029290000000000038
1 0.31540999999999997 0.725585 0.08827999999999997 0.027349999999999985
1 0.31540999999999997 0.770995 0.08827999999999997 0.026370000000000005
1 0.5008 0.770995 0.09310000000000002 0.026370000000000005
1 0.5 0.72705 0.0947 0.02636000000000005
1 0.5008 0.6640600000000001 0.09310000000000002 0.02734000000000003
1 0.5008 0.61914 0.09310000000000002 0.02734000000000003
1 0.501605 0.555665 0.09471000000000002 0.027349999999999985
1 0.501605 0.51074 0.09471000000000002 0.02734000000000003
1 0.691815 0.51025 0.08989000000000003 0.028320000000000067
1 0.692615 0.55664 0.09149000000000007 0.02734000000000003
1 0.69181 0.6196299999999999 0.09310000000000007 0.028320000000000012
1 0.691815 0.66455 0.08989000000000003 0.028320000000000012
1 0.691815 0.7275400000000001 0.08989000000000003 0.02734000000000003
1 0.690205 0.7724599999999999 0.08989000000000003 0.02734000000000003
1 0.73756 0.9165 0.0947 0.05176000000000003
1 0.52327 0.9130849999999999 0.12519999999999998 0.054690000000000016
1 0.31540999999999997 0.90869 0.10112000000000004 0.05176000000000003
1 0.117176 0.89795 0.077048 0.049799999999999955
2 0.922955 0.9248000000000001 0.15408999999999995 0.06836000000000009
2 0.87801 0.333985 0.17014000000000007 0.039069999999999994
2 0.90369 0.67432 0.1508799999999999 0.040039999999999965
1 0.89647 0.74805 0.13964 0.05078000000000005
1 0.898075 0.611325 0.13642999999999994 0.04296999999999995
1 0.9020900000000001 0.532715 0.14445999999999992 0.053710000000000035
3 0.22071000000000002 0.0532225 0.04976 0.049805
3 0.22150999999999998 0.103514 0.05135999999999999 0.04687200000000001
3 0.22150999999999998 0.166015 0.04816000000000001 0.048829999999999985
3 0.21990500000000002 0.21679500000000002 0.04815 0.04883000000000001
3 0.22150999999999998 0.27880499999999997 0.04494000000000001 0.047850000000000004
3 0.22071000000000002 0.32959000000000005 0.04334000000000002 0.04980000000000001
3 0.22231499999999998 0.39307000000000003 0.04655000000000001 0.045899999999999996
3 0.22472 0.44189500000000004 0.04815999999999998 0.049809999999999965
3 0.261635 0.509765 0.048150000000000026 0.048829999999999985
3 0.260835 0.558595 0.04332999999999998 0.04883000000000004
3 0.260035 0.617185 0.04814999999999997 0.04686999999999997
3 0.260835 0.66797 0.04332999999999998 0.050779999999999936
3 0.25922999999999996 0.7251000000000001 0.04333999999999999 0.04589999999999994
3 0.26164 0.7748999999999999 0.04493999999999998 0.049799999999999955
3 0.57223 0.0800805 0.08828000000000003 0.109379
3 0.57223 0.19335999999999998 0.08828000000000003 0.11132
3 0.572235 0.30664 0.08507000000000009 0.11327999999999999
3 0.572235 0.418455 0.08507000000000009 0.10644999999999999
3 0.426165 0.53369 0.08506999999999998 0.10644000000000003
3 0.42536 0.643555 0.08345999999999998 0.10742999999999991
3 0.42536 0.751955 0.08667999999999998 0.10350999999999999
3 0.774475 0.648925 0.04013 0.15137
3 0.38683500000000004 0.076172 0.08988999999999997 0.109376
3 0.38764 0.19189499999999998 0.09149999999999997 0.10839000000000001
3 0.386035 0.305175 0.09149000000000002 0.11035
3 0.38764 0.41846 0.08827999999999997 0.10840000000000005
3 0.6163700000000001 0.53662 0.08667999999999998 0.11230000000000001
3 0.6179749999999999 0.6469750000000001 0.08988999999999991 0.10645000000000004
3 0.6179749999999999 0.75195 0.08988999999999991 0.1015600000000001
4 0.5184599999999999 0.0791 0.028900000000000037 0.10156
4 0.5168550000000001 0.191405 0.02888999999999997 0.10157
4 0.51766 0.30615499999999995 0.03049999999999997 0.10059000000000001
4 0.51525 0.418455 0.028899999999999926 0.10449000000000003
4 0.7182949999999999 0.052734500000000004 0.04654999999999998 0.046875
4 0.7191 0.102049 0.04493999999999998 0.04394200000000001
4 0.71027 0.16748 0.030500000000000083 0.045899999999999996
4 0.719905 0.21631 0.04654999999999998 0.045899999999999996
4 0.7191 0.280275 0.04493999999999998 0.04686999999999997
4 0.71027 0.33008000000000004 0.030500000000000083 0.044920000000000015
4 0.7182999999999999 0.393555 0.043340000000000045 0.04687000000000002
4 0.7199 0.44238500000000003 0.043339999999999934 0.04687000000000002
4 0.5585899999999999 0.512695 0.025680000000000036 0.04492999999999997
4 0.5585899999999999 0.55957 0.025680000000000036 0.04688000000000003
4 0.5585899999999999 0.6206050000000001 0.025680000000000036 0.043950000000000045
4 0.557785 0.668455 0.024070000000000036 0.04981000000000002
4 0.557785 0.7275400000000001 0.024070000000000036 0.04491999999999996
4 0.558585 0.774905 0.02246999999999999 0.04785000000000006
8 0.17737 0.24462899999999999 0.10111999999999999 0.454102
8 0.33066 0.245119 0.025680000000000036 0.45508200000000004
8 0.743175 0.2451175 0.03530999999999995 0.453125
8 0.21348499999999998 0.64209 0.10272999999999999 0.32324
8 0.36838000000000004 0.642575 0.027280000000000026 0.32617
8 0.551365 0.643555 0.014450000000000074 0.32031000000000004
8 0.7688600000000001 0.6416000000000001 0.07062000000000002 0.32422
10 0.776885 0.16748000000000002 0.02568999999999999 0.11816000000000002
10 0.876405 0.16455 0.16693000000000002 0.04004000000000002
10 0.850725 0.24951 0.12198999999999993 0.04003999999999999
10 0.852325 0.078124 0.12199000000000004 0.046872
10 0.873995 0.418945 0.18459000000000003 0.05273
10 0.88443 0.375975 0.057780000000000054 0.02149000000000001
10 0.893255 0.45947499999999997 0.04013 0.01855000000000001
10 0.796145 0.46289 0.028890000000000082 0.017579999999999985
