4 0.883294 0.957031 0.034360 0.046875
4 0.739929 0.872559 0.039100 0.022461
0 0.521919 0.894043 0.072275 0.073242
0 0.383294 0.894043 0.072275 0.073242
0 0.205569 0.893066 0.072275 0.071289
0 0.809834 0.890625 0.072275 0.072266
0 0.942536 0.889160 0.039100 0.073242
0 0.808649 0.708984 0.079384 0.095703
0 0.662322 0.709473 0.078199 0.096680
0 0.521327 0.710449 0.078199 0.098633
0 0.380924 0.709961 0.079384 0.097656
0 0.940758 0.708008 0.045024 0.095703
0 0.202014 0.708496 0.079384 0.096680
0 0.520735 0.513672 0.079384 0.095703
0 0.664100 0.513672 0.079384 0.097656
0 0.940758 0.514160 0.047393 0.100586
0 0.805687 0.512207 0.078199 0.096680
0 0.382701 0.511719 0.078199 0.097656
0 0.206754 0.511719 0.079384 0.097656
0 0.383886 0.315430 0.075829 0.095703
0 0.210308 0.315430 0.074645 0.095703
0 0.801540 0.313477 0.079384 0.093750
0 0.521327 0.314941 0.075829 0.096680
0 0.662322 0.312988 0.078199 0.094727
0 0.938389 0.312988 0.047393 0.098633
0 0.579976 0.139160 0.043839 0.020508
0 0.852488 0.143555 0.043839 0.031250
0 0.361967 0.142090 0.043839 0.034180
1 0.545616 0.215820 0.809242 0.072266
9 0.665284 0.916016 0.086493 0.125000
7 0.662322 0.836914 0.146919 0.023438
2 0.520142 0.835449 0.125592 0.018555
2 0.382109 0.835449 0.124408 0.018555
2 0.202014 0.835449 0.124408 0.018555
2 0.810427 0.832520 0.125592 0.018555
2 0.930687 0.831543 0.065166 0.020508
2 0.662322 0.639160 0.125592 0.018555
2 0.521327 0.638184 0.125592 0.018555
2 0.382701 0.638184 0.125592 0.018555
2 0.201422 0.637207 0.125592 0.018555
2 0.807464 0.636230 0.124408 0.018555
2 0.927725 0.635742 0.071090 0.021484
2 0.521327 0.441895 0.125592 0.018555
2 0.203791 0.441406 0.125592 0.017578
2 0.377962 0.440918 0.125592 0.018555
2 0.927133 0.441406 0.072275 0.021484
2 0.803910 0.439941 0.124408 0.018555
2 0.661730 0.439941 0.124408 0.018555
2 0.208531 0.245605 0.123223 0.018555
2 0.519550 0.244629 0.129147 0.018555
2 0.380332 0.244141 0.125592 0.017578
2 0.801540 0.243652 0.124408 0.018555
2 0.661137 0.243652 0.125592 0.018555
2 0.925355 0.243652 0.071090 0.020508
5 0.523697 0.937500 0.118483 0.013672
5 0.380332 0.937500 0.118483 0.013672
5 0.208531 0.936035 0.118483 0.014648
5 0.810427 0.933594 0.118483 0.013672
5 0.934242 0.933594 0.055687 0.015625
5 0.522512 0.767090 0.118483 0.014648
5 0.381517 0.765625 0.118483 0.013672
5 0.665877 0.765137 0.118483 0.014648
5 0.810427 0.764160 0.118483 0.014648
5 0.202607 0.764160 0.118483 0.014648
5 0.930687 0.763672 0.065166 0.015625
5 0.667062 0.569336 0.118483 0.013672
5 0.521919 0.568848 0.117299 0.014648
5 0.930095 0.568359 0.063981 0.015625
5 0.805687 0.567871 0.118483 0.014648
5 0.380332 0.567383 0.118483 0.013672
5 0.204976 0.568359 0.120853 0.015625
5 0.520142 0.371582 0.118483 0.016602
5 0.380332 0.370605 0.118483 0.014648
5 0.206161 0.371582 0.118483 0.016602
5 0.928910 0.369629 0.068720 0.014648
5 0.802133 0.369629 0.125592 0.018555
5 0.661137 0.370117 0.125592 0.019531
