0 0.49951328 0.5016077 0.99707344 0.9967846
1 0.0747075 0.0760985 0.061524999999999996 0.038585
1 0.072756 0.18221 0.061528 0.03858
1 0.0707995 0.288315 0.061521 0.03859000000000001
1 0.0703145 0.398715 0.060551 0.03859000000000001
1 0.0707995 0.5048250000000001 0.061521 0.03859000000000001
1 0.0707995 0.61415 0.061521 0.03857999999999995
1 0.072756 0.719185 0.061528 0.03859000000000001
1 0.075686 0.8285100000000001 0.061528000000000006 0.03857999999999995
1 0.0805675 0.9330149999999999 0.061524999999999996 0.03751000000000004
1 0.23291 0.0755625 0.10058 0.04180099999999999
1 0.230955 0.17899500000000002 0.10059000000000001 0.04286999999999999
1 0.22998000000000002 0.28617499999999996 0.10058000000000003 0.04287000000000002
1 0.22998000000000002 0.394425 0.10058000000000003 0.04287000000000002
1 0.228025 0.50107 0.10059000000000001 0.04180000000000006
1 0.230955 0.612005 0.10059000000000001 0.042869999999999964
1 0.22900500000000001 0.719185 0.10449 0.042869999999999964
1 0.230465 0.8258300000000001 0.10547000000000001 0.04179999999999995
1 0.233885 0.9356949999999999 0.09863 0.042870000000000075
1 0.40625 0.93462 0.09374000000000005 0.03858000000000006
1 0.405765 0.82744 0.09277000000000002 0.03857999999999995
1 0.404295 0.72133 0.09375 0.03857999999999995
1 0.40381 0.610935 0.09277999999999997 0.0385899999999999
1 0.40381 0.5037499999999999 0.09277999999999997 0.03857999999999995
1 0.405275 0.393355 0.09375 0.03859000000000001
1 0.40381 0.287245 0.09277999999999997 0.03858999999999996
1 0.407225 0.181135 0.09375 0.038589999999999985
1 0.407715 0.0760985 0.09277000000000002 0.038585
1 0.591305 0.0771705 0.10448999999999997 0.040728999999999994
1 0.591305 0.181135 0.10448999999999997 0.040730000000000016
1 0.59131 0.28671 0.10254000000000008 0.043940000000000035
1 0.59131 0.391745 0.10254000000000008 0.04394999999999999
1 0.59082 0.5037550000000001 0.10352000000000006 0.04287000000000002
1 0.59082 0.608255 0.10352000000000006 0.043949999999999934
1 0.59033 0.71758 0.10253999999999996 0.04394000000000009
1 0.592775 0.823685 0.1035100000000001 0.043949999999999934
1 0.589845 0.930335 0.10350999999999999 0.042869999999999964
1 0.765135 0.931405 0.09277000000000002 0.040730000000000044
1 0.766115 0.8258300000000001 0.09277000000000002 0.04179999999999995
1 0.766605 0.71758 0.09375 0.04180000000000006
1 0.766115 0.610935 0.09277000000000002 0.04072999999999993
1 0.765625 0.39388999999999996 0.09375 0.041800000000000004
1 0.765625 0.28778000000000004 0.09375 0.041800000000000004
1 0.76416 0.18382 0.09277999999999997 0.041800000000000004
1 0.761715 0.078778 0.09375 0.041800000000000004
1 0.92041 0.18917499999999998 0.07128000000000001 0.037510000000000016
1 0.918455 0.087353 0.07128999999999996 0.03751399999999999
1 0.922365 0.29207 0.07129000000000008 0.03752
1 0.922365 0.39764 0.07129000000000008 0.03644000000000003
1 0.92041 0.93033 0.07128000000000001 0.03644000000000003
1 0.9248050000000001 0.719185 0.07030999999999998 0.03644999999999998
1 0.926265 0.6120049999999999 0.07129000000000008 0.03644999999999998
2 0.9292 0.49946 0.10840000000000005 0.06002000000000002
1 0.7856449999999999 0.5192950000000001 0.05567 0.009650000000000047
1 0.78516 0.48446 0.056640000000000024 0.012859999999999983
1 0.768555 0.5 0.08984999999999999 0.01608000000000004
5 0.299805 0.074491 0.03321000000000002 0.041800000000000004
5 0.296875 0.17953 0.03320999999999996 0.041800000000000004
5 0.296875 0.28564 0.03320999999999996 0.041800000000000004
5 0.296875 0.39281999999999995 0.03320999999999996 0.041800000000000004
5 0.293945 0.50214 0.03321000000000002 0.04179999999999995
5 0.296875 0.61468 0.03320999999999996 0.04180000000000006
5 0.2959 0.71865 0.03320000000000001 0.04180000000000006
5 0.29492 0.8269 0.03320000000000001 0.04179999999999995
5 0.29785 0.93408 0.03320000000000001 0.04180000000000006
8 0.0224607 0.5053584999999999 0.0332026 0.978563
8 0.12695 0.503215 0.050780000000000006 0.98285
8 0.30127000000000004 0.50375315 0.05565999999999999 0.9882137
8 0.46289 0.50107045 0.027339999999999975 0.9892791
8 0.6709 0.50053545 0.058600000000000096 0.9882091
8 0.8212900000000001 0.505895 0.02734000000000003 0.98821
7 0.714355 0.496785 0.20801000000000003 0.16184999999999994
9 0.848145 0.47213499999999997 0.016610000000000014 0.0032099999999999906
9 0.848145 0.48285 0.016610000000000014 0.0032200000000000006
9 0.848635 0.49357 0.015630000000000033 0.0032200000000000006
9 0.848635 0.5048250000000001 0.015630000000000033 0.004290000000000016
9 0.848145 0.5150049999999999 0.016610000000000014 0.003210000000000046
9 0.847655 0.52626 0.01562999999999992 0.0042799999999999505
9 0.8584 0.47213000000000005 0.0038999999999999035 0.007500000000000007
9 0.85889 0.482315 0.0048799999999999955 0.008569999999999967
9 0.85889 0.49356999999999995 0.0048799999999999955 0.007500000000000007
9 0.85889 0.504825 0.0048799999999999955 0.008569999999999967
9 0.8584 0.5150049999999999 0.0038999999999999035 0.007510000000000017
9 0.8584 0.52572 0.0038999999999999035 0.007499999999999951
9 0.83789 0.471595 0.0039000000000000146 0.008570000000000022
9 0.83789 0.482315 0.0039000000000000146 0.008569999999999967
9 0.838865 0.493035 0.003909999999999969 0.008569999999999967
9 0.83789 0.504825 0.0039000000000000146 0.008569999999999967
9 0.83789 0.51554 0.0039000000000000146 0.008580000000000032
9 0.83789 0.52626 0.0039000000000000146 0.008579999999999921
9 0.83838 0.461415 0.0048799999999999955 0.005350000000000021
9 0.84912 0.46088 0.016599999999999948 0.0021400000000000308
9 0.8374 0.5343 0.0048799999999999955 0.005360000000000031
