0 0.5023070000000001 0.260316 0.953806 0.476188
0 0.59931 0.8158749999999999 0.7552 0.32699
1 0.103926 0.18333 0.055428000000000005 0.017460000000000003
1 0.103926 0.20714 0.055428000000000005 0.017460000000000003
1 0.103926 0.23095 0.055428000000000005 0.017460000000000003
1 0.103926 0.3119 0.055428000000000005 0.01746000000000003
1 0.103926 0.33571 0.055428000000000005 0.01746000000000003
1 0.103926 0.35952 0.055428000000000005 0.01746000000000003
1 0.24249500000000002 0.074603 0.07853000000000002 0.019047999999999995
1 0.2448 0.100793 0.07851999999999998 0.020634
1 0.24365 0.12619 0.07622000000000001 0.02063999999999999
1 0.2448 0.18412499999999998 0.07851999999999998 0.019049999999999984
1 0.2448 0.210315 0.07851999999999998 0.02062999999999998
1 0.24595499999999998 0.23492 0.07620999999999997 0.01904
1 0.2448 0.29127000000000003 0.07851999999999998 0.020640000000000047
1 0.2448 0.316665 0.07851999999999998 0.02062999999999998
1 0.2448 0.344445 0.07851999999999998 0.01905000000000001
1 0.24365 0.400795 0.07622000000000001 0.02062999999999998
1 0.2448 0.426985 0.07851999999999998 0.01905000000000001
1 0.2448 0.451585 0.07851999999999998 0.02062999999999998
1 0.38337 0.0761905 0.08313999999999999 0.019046999999999994
1 0.38337 0.099998 0.08313999999999999 0.019044000000000005
1 0.38337 0.122225 0.08313999999999999 0.01905000000000001
1 0.38568 0.18412499999999998 0.08313999999999999 0.019049999999999984
1 0.38337 0.20952500000000002 0.08313999999999999 0.019049999999999984
1 0.38337 0.23333500000000001 0.08313999999999999 0.019049999999999984
1 0.38568 0.292065 0.08313999999999999 0.01905000000000001
1 0.38568 0.31745999999999996 0.08313999999999999 0.01904
1 0.38568 0.34126999999999996 0.08313999999999999 0.01904
1 0.38568 0.40158499999999997 0.08313999999999999 0.019049999999999956
1 0.38568 0.42539499999999997 0.08313999999999999 0.019049999999999956
1 0.38568 0.449205 0.08313999999999999 0.01905000000000001
1 0.525405 0.44762 0.09006999999999993 0.01904
1 0.525405 0.42539499999999997 0.09006999999999993 0.019049999999999956
1 0.525405 0.40158499999999997 0.09006999999999993 0.019049999999999956
1 0.525405 0.339685 0.09006999999999993 0.01905000000000001
1 0.525405 0.315875 0.09006999999999993 0.01905000000000001
1 0.525405 0.292065 0.09006999999999993 0.01905000000000001
1 0.523095 0.231745 0.09007000000000004 0.01905000000000001
1 0.523095 0.20793499999999998 0.09007000000000004 0.019049999999999984
1 0.523095 0.18412499999999998 0.09007000000000004 0.019049999999999984
1 0.523095 0.122225 0.09007000000000004 0.01905000000000001
1 0.523095 0.09841449999999999 0.09007000000000004 0.019051
1 0.525405 0.074603 0.09006999999999993 0.019047999999999995
1 0.680135 0.073016 0.09931000000000001 0.019047999999999995
1 0.678985 0.096826 0.10161000000000009 0.019047999999999995
1 0.68129 0.12063499999999999 0.10161999999999993 0.019049999999999997
1 0.680135 0.181745 0.09931000000000001 0.02063000000000001
1 0.678985 0.204765 0.10161000000000009 0.01905000000000001
1 0.68129 0.228575 0.10161999999999993 0.01905000000000001
1 0.680135 0.28968499999999997 0.09931000000000001 0.02062999999999998
1 0.68129 0.312695 0.10161999999999993 0.01905000000000001
1 0.680135 0.338095 0.09931000000000001 0.01905000000000001
1 0.680135 0.39920500000000003 0.09931000000000001 0.02062999999999998
1 0.680135 0.42301500000000003 0.09931000000000001 0.02062999999999998
1 0.68129 0.446825 0.10161999999999993 0.02062999999999998
1 0.41339499999999996 0.7142850000000001 0.06004999999999999 0.028570000000000095
1 0.415705 0.779365 0.06004999999999999 0.028569999999999984
1 0.42032499999999995 0.8603149999999999 0.06004999999999999 0.028570000000000095
1 0.42032499999999995 0.92778 0.06004999999999999 0.030160000000000076
1 0.540415 0.925395 0.06467 0.028569999999999984
1 0.542725 0.8603149999999999 0.06467 0.028570000000000095
1 0.540415 0.777775 0.06467 0.028569999999999984
1 0.538105 0.712695 0.0646699999999999 0.028569999999999984
1 0.661665 0.71032 0.07158999999999993 0.026980000000000004
1 0.661665 0.777775 0.07158999999999993 0.028569999999999984
1 0.663975 0.857935 0.07159000000000004 0.02699000000000007
1 0.663975 0.924605 0.07159000000000004 0.02699000000000007
1 0.78291 0.72143 0.06928000000000001 0.04920000000000002
1 0.78291 0.783335 0.06928000000000001 0.049209999999999976
1 0.78522 0.8500000000000001 0.06928000000000001 0.04920000000000002
1 0.78522 0.9127 0.06928000000000001 0.047619999999999996
4 0.446885 0.710315 0.011550000000000005 0.049209999999999976
4 0.449195 0.774605 0.011550000000000005 0.05079
4 0.449195 0.8603149999999999 0.011550000000000005 0.05079
4 0.4515 0.923015 0.011539999999999995 0.049209999999999976
4 0.5762149999999999 0.924605 0.01155000000000006 0.049209999999999976
4 0.5762149999999999 0.857145 0.01155000000000006 0.05079
4 0.5762149999999999 0.77381 0.01155000000000006 0.04919999999999991
4 0.573905 0.710315 0.01154999999999995 0.049209999999999976
4 0.700925 0.707145 0.01154999999999995 0.049209999999999976
4 0.700925 0.774605 0.01154999999999995 0.05079
4 0.703235 0.857145 0.01155000000000006 0.05079
4 0.703235 0.924605 0.01155000000000006 0.049209999999999976
7 0.6732100000000001 0.36587000000000003 0.12239999999999995 0.03016000000000002
7 0.6732100000000001 0.25635 0.12239999999999995 0.030159999999999992
7 0.6720550000000001 0.14841 0.12008999999999992 0.030159999999999992
7 0.6709 0.030159 0.11778 0.012697999999999997
7 0.676675 0.49206 0.11546999999999996 0.012700000000000045
7 0.308315 0.413495 0.03003 0.16666999999999998
7 0.306005 0.110317 0.03003 0.16666599999999998
3 0.061201 0.19999999999999998 0.03464199999999999 0.10793999999999998
3 0.057736499999999996 0.33016 0.032332999999999994 0.10794000000000004
8 0.17783 0.26111049999999997 0.06927999999999998 0.46507899999999996
8 0.308315 0.26269950000000003 0.062350000000000017 0.465081
8 0.7390300000000001 0.259522 0.02310000000000001 0.465076
8 0.36951500000000004 0.81746 0.02309 0.32064000000000004
8 0.8221700000000001 0.81508 0.02310000000000001 0.32221999999999995
10 0.4515 0.25079 0.03001999999999999 0.24761999999999998
10 0.33141 0.817465 0.05312 0.32380999999999993
10 0.847575 0.81587 0.03232999999999997 0.3174600000000001
10 0.91917 0.81111 0.07852000000000003 0.16189999999999993
