0 0.50048985 0.50084035 0.9951203 0.9983193
1 0.141115 0.136133 0.06153 0.09411399999999999
1 0.13721 0.31428500000000004 0.061520000000000005 0.09410999999999997
1 0.13672 0.49748000000000003 0.06250000000000001 0.09748000000000001
1 0.13623 0.68235 0.061520000000000005 0.09411999999999998
1 0.13721 0.85882 0.061520000000000005 0.09411999999999998
1 0.336425 0.31429 0.057609999999999995 0.09748000000000001
1 0.33935499999999996 0.1310915 0.057609999999999995 0.097477
1 0.33447 0.50084 0.057620000000000005 0.09747999999999996
1 0.33545 0.68908 0.05761999999999995 0.09748000000000001
1 0.33838 0.86891 0.057620000000000005 0.09748000000000001
1 0.22704999999999997 0.1361325 0.03222 0.097475
1 0.22411999999999999 0.31513 0.03222 0.0958
1 0.222655 0.49916000000000005 0.03125 0.09748000000000007
1 0.22411999999999999 0.67815 0.03222 0.0958
1 0.22460999999999998 0.8596600000000001 0.03516 0.0958
1 0.4458 0.129411 0.06738000000000005 0.09747800000000001
1 0.552245 0.129411 0.06739000000000006 0.09747800000000001
1 0.444825 0.87059 0.06739 0.09748000000000001
1 0.55029 0.86891 0.0673800000000001 0.09748000000000001
1 0.44971 0.668065 0.06347999999999998 0.12268999999999997
1 0.447265 0.50336 0.06054999999999999 0.1563
1 0.44971 0.334455 0.06347999999999998 0.12100999999999995
1 0.555175 0.331935 0.06738999999999995 0.12605
1 0.5542 0.667225 0.06738 0.12436999999999998
1 0.5512699999999999 0.50084 0.06934000000000007 0.15797999999999995
1 0.6557649999999999 0.12773099999999998 0.06542999999999999 0.09747799999999998
1 0.65283 0.8714299999999999 0.06347999999999998 0.09916000000000003
1 0.655275 0.6689050000000001 0.06445000000000001 0.12100999999999995
1 0.65625 0.33025499999999997 0.06054000000000004 0.12940999999999997
1 0.65283 0.50168 0.06347999999999998 0.16302
1 0.792485 0.67647 0.0595699999999999 0.14286
1 0.791995 0.50252 0.06054999999999999 0.16133999999999998
1 0.794435 0.32941 0.0595699999999999 0.14118000000000003
1 0.779295 0.131931 0.08399000000000001 0.102518
1 0.777345 0.87311 0.08399000000000001 0.10252000000000006
1 0.7480450000000001 0.32941 0.01562999999999992 0.14454
1 0.74707 0.67395 0.015619999999999967 0.14454
1 0.74707 0.50336 0.015619999999999967 0.16302
4 0.18555 0.50084 0.03320000000000001 0.11092000000000002
4 0.18701 0.31428500000000004 0.034180000000000016 0.11093000000000003
4 0.18945 0.1327755 0.03320000000000001 0.11092899999999999
4 0.183595 0.683195 0.03320999999999999 0.10925000000000007
4 0.18555 0.860505 0.03320000000000001 0.11092999999999997
4 0.49707 0.87059 0.035160000000000025 0.10084000000000004
4 0.60205 0.8714299999999999 0.03613999999999995 0.09916000000000003
4 0.49755499999999997 0.1277305 0.03612999999999994 0.100839
4 0.604005 0.129411 0.036129999999999995 0.10083799999999998
4 0.49853499999999995 0.669745 0.03612999999999994 0.12941000000000003
4 0.603515 0.668065 0.035150000000000015 0.12941000000000003
4 0.605955 0.33025499999999997 0.036129999999999995 0.12940999999999997
4 0.500485 0.328575 0.03612999999999994 0.12941000000000003
4 0.49707 0.49916 0.03905999999999993 0.16469999999999996
4 0.60449 0.50252 0.039059999999999984 0.1647
5 0.265625 0.128572 0.05859 0.139496
5 0.265135 0.314285 0.05957000000000001 0.13781
5 0.265135 0.50504 0.05957000000000001 0.1395
5 0.270015 0.6958 0.05957000000000001 0.13782000000000005
5 0.26953 0.87227 0.058599999999999985 0.13782000000000005
7 0.845705 0.50336 0.037109999999999976 0.4958
3 0.725585 0.87647 0.025390000000000024 0.16637999999999997
3 0.725095 0.129414 0.024409999999999932 0.168072
3 0.84961 0.13193349999999998 0.039059999999999984 0.22689299999999998
3 0.8457 0.871425 0.039060000000000095 0.22689000000000004
7 0.059082 0.34874 0.018554 0.08235999999999999
7 0.0605465 0.257985 0.019531 0.08234999999999998
7 0.0600585 0.16218500000000002 0.018554999999999995 0.08235
7 0.0634765 0.0655445 0.025391000000000004 0.084031
7 0.0600585 0.561345 0.018554999999999995 0.08403000000000005
7 0.057129 0.659665 0.018554000000000008 0.08235000000000003
7 0.058105500000000004 0.7479 0.018554999999999995 0.08404
7 0.057129 0.8462149999999999 0.018554000000000008 0.08235000000000003
7 0.059082 0.935295 0.018554 0.08234999999999992
7 0.059082 0.441175 0.018554 0.08234999999999998
7 0.05859350000000001 0.49916000000000005 0.015625000000000007 0.03026000000000001
8 0.38866999999999996 0.499162 0.05077999999999999 0.978156
8 0.7085 0.49579635 0.05176000000000003 0.9781473
8 0.046874950000000006 0.5075645 0.0800781 0.968071
7 0.33252000000000004 0.0378152 0.06934000000000001 0.0588236
7 0.328615 0.22185 0.06933 0.06386
7 0.32715 0.408405 0.06835999999999998 0.06386999999999998
7 0.325685 0.5991599999999999 0.06933 0.06554000000000004
7 0.327635 0.7899149999999999 0.06933 0.06386999999999998
7 0.328615 0.9647049999999999 0.06933 0.06386999999999998
9 0.52881 0.0386555 0.18262 0.05042100000000001
9 0.52539 0.21597 0.18164000000000002 0.05210000000000001
9 0.520995 0.7873950000000001 0.18067000000000005 0.05210999999999999
9 0.5249 0.95798 0.18066000000000004 0.05042000000000002
9 0.91699 0.789075 0.08398000000000005 0.021850000000000036
9 0.9126000000000001 0.946215 0.08496000000000004 0.02017000000000002
9 0.91797 0.21848499999999998 0.08398000000000005 0.020169999999999993
9 0.9165000000000001 0.055462 0.08496000000000004 0.02016799999999999
9 0.648925 0.784875 0.07518999999999998 0.06723000000000001
9 0.648925 0.9605049999999999 0.06738999999999995 0.06890999999999992
9 0.652835 0.21848499999999998 0.07128999999999996 0.07059000000000001
9 0.65332 0.04117635 0.06640000000000001 0.0689073
9 0.16504000000000002 0.0386555 0.12110000000000001 0.040337
9 0.16455 0.223525 0.12012 0.023529999999999995
9 0.166015 0.41008500000000003 0.12109000000000002 0.023529999999999995
9 0.16211 0.599155 0.1211 0.025209999999999955
9 0.16455 0.7798350000000001 0.11816 0.02352999999999994
9 0.16455 0.96723 0.12012 0.04202000000000006
9 0.23193000000000003 0.03781535 0.01074 0.0621853
9 0.23047 0.22185 0.011720000000000008 0.04705999999999999
9 0.23095500000000002 0.411765 0.008789999999999992 0.04369000000000001
9 0.228515 0.59748 0.009770000000000001 0.045379999999999976
9 0.229495 0.78403 0.009770000000000001 0.045379999999999976
9 0.22998000000000002 0.97143 0.01074 0.05377999999999994
9 0.965335 0.94958 0.020509999999999917 0.04034000000000004
9 0.970215 0.789915 0.020509999999999917 0.04032999999999998
9 0.86621 0.054622000000000004 0.015619999999999967 0.035294
9 0.868165 0.21848499999999998 0.015630000000000033 0.03361
9 0.86572 0.7899149999999999 0.01660000000000006 0.03361000000000003
9 0.862305 0.94958 0.015630000000000033 0.03361999999999998
9 0.420895 0.959665 0.025389999999999968 0.06723000000000001
9 0.41747999999999996 0.7857149999999999 0.026359999999999995 0.06890999999999992
9 0.421385 0.215125 0.026370000000000005 0.06722999999999998
9 0.424315 0.0436975 0.026370000000000005 0.06722700000000001
9 0.0917975 0.044538 0.027344999999999994 0.058824
9 0.08984600000000001 0.22521 0.027347999999999997 0.04705999999999999
9 0.090819 0.41008 0.027342000000000005 0.04705999999999999
9 0.0878895 0.59832 0.027341000000000004 0.04705999999999999
9 0.0917975 0.7815099999999999 0.027344999999999994 0.04705999999999999
9 0.0893545 0.96387 0.030271000000000006 0.052100000000000035
10 0.7099599999999999 0.50336 0.01758000000000004 0.09915999999999997
10 0.9174800000000001 0.5 0.10643999999999998 0.47225999999999996
10 0.919925 0.863025 0.11132999999999993 0.08906999999999998
10 0.91943 0.139498 0.10253999999999996 0.100844
