1 0.500000 0.500000 1.000000 1.000000
0 0.471680 0.505427 0.621094 0.818182
6 0.429199 0.822931 0.026367 0.090909
6 0.717773 0.808005 0.052734 0.134328
6 0.553711 0.808005 0.052734 0.134328
6 0.472168 0.808005 0.053711 0.134328
6 0.305664 0.808684 0.052734 0.135685
6 0.224609 0.808005 0.052734 0.134328
6 0.082031 0.788331 0.091797 0.219810
8 0.144043 0.478969 0.034180 0.358209
2 0.553711 0.609905 0.041016 0.104478
2 0.471191 0.609227 0.041992 0.105834
2 0.387207 0.608548 0.041992 0.104478
2 0.721191 0.607870 0.041992 0.105834
2 0.638184 0.607870 0.041992 0.105834
2 0.223145 0.607191 0.041992 0.104478
2 0.305176 0.606513 0.041992 0.105834
2 0.085449 0.562415 0.049805 0.093623
2 0.554199 0.407056 0.041992 0.100407
2 0.223633 0.407056 0.041016 0.100407
2 0.722168 0.405020 0.041992 0.099050
2 0.471191 0.406377 0.041992 0.101764
2 0.388184 0.405699 0.041992 0.100407
2 0.305664 0.406377 0.041016 0.101764
2 0.639648 0.405020 0.041016 0.101764
2 0.082520 0.376526 0.041992 0.080054
2 0.554688 0.227951 0.041016 0.089552
2 0.471191 0.227273 0.041992 0.088195
2 0.387207 0.225916 0.041992 0.088195
2 0.305176 0.227273 0.041992 0.090909
2 0.222656 0.225916 0.041016 0.088195
2 0.640137 0.225916 0.041992 0.090909
2 0.721680 0.223881 0.041016 0.089552
3 0.471680 0.680461 0.609375 0.023066
3 0.474609 0.494573 0.582031 0.031208
3 0.474121 0.139077 0.612305 0.074627
11 0.636719 0.818182 0.046875 0.143826
11 0.388184 0.817503 0.045898 0.145183
9 0.144043 0.282904 0.024414 0.042062
4 0.471191 0.540706 0.081055 0.025780
4 0.389160 0.540027 0.081055 0.027137
4 0.305664 0.540027 0.080078 0.027137
4 0.723633 0.538670 0.080078 0.027137
4 0.638184 0.538670 0.081055 0.027137
4 0.556152 0.538670 0.081055 0.027137
4 0.222656 0.538670 0.080078 0.027137
4 0.085449 0.502035 0.071289 0.024423
4 0.084961 0.471506 0.072266 0.033921
4 0.472656 0.340570 0.068359 0.029851
4 0.389648 0.340570 0.068359 0.029851
4 0.555664 0.339891 0.068359 0.031208
4 0.222656 0.339891 0.068359 0.031208
4 0.307617 0.338535 0.068359 0.031208
4 0.723633 0.337178 0.068359 0.031208
4 0.641602 0.337178 0.068359 0.031208
4 0.080566 0.312754 0.067383 0.047490
7 0.084961 0.633650 0.066406 0.048847
7 0.554199 0.472863 0.067383 0.031208
7 0.473145 0.472863 0.067383 0.031208
7 0.305176 0.472863 0.067383 0.031208
7 0.224609 0.472863 0.066406 0.031208
7 0.641113 0.471506 0.067383 0.031208
7 0.389160 0.472185 0.067383 0.032564
7 0.722168 0.470149 0.067383 0.031208
7 0.081543 0.438263 0.059570 0.043419
7 0.556152 0.287653 0.067383 0.029851
7 0.305664 0.287653 0.066406 0.029851
7 0.640137 0.285617 0.067383 0.028494
7 0.473145 0.286296 0.067383 0.029851
7 0.389648 0.284939 0.066406 0.029851
7 0.222168 0.284939 0.067383 0.029851
7 0.724121 0.282904 0.067383 0.028494
