6 0.683557 0.926270 0.026887 0.108398
6 0.588935 0.926270 0.029990 0.108398
6 0.093588 0.439453 0.019648 0.085938
6 0.599276 0.338867 0.007239 0.080078
6 0.904860 0.338379 0.006205 0.081055
6 0.292658 0.337891 0.008273 0.082031
6 0.906412 0.189453 0.005171 0.056641
6 0.947260 0.188965 0.010341 0.057617
6 0.862461 0.188965 0.014478 0.057617
6 0.333506 0.188477 0.013444 0.058594
6 0.247156 0.187988 0.016546 0.057617
0 0.737849 0.958496 0.046536 0.063477
0 0.542916 0.958496 0.045502 0.063477
0 0.446743 0.958984 0.045502 0.064453
0 0.279214 0.956543 0.066184 0.071289
0 0.740951 0.822754 0.050672 0.088867
0 0.641158 0.809570 0.053775 0.062500
0 0.548087 0.822266 0.049638 0.087891
0 0.450362 0.822266 0.048604 0.087891
0 0.284385 0.820801 0.064116 0.090820
0 0.901241 0.820312 0.065150 0.091797
0 0.644261 0.662109 0.049638 0.083984
0 0.552223 0.663086 0.049638 0.085938
0 0.453981 0.663086 0.049638 0.085938
0 0.742503 0.662109 0.049638 0.085938
0 0.286970 0.652832 0.079628 0.083008
0 0.902275 0.653809 0.079628 0.086914
0 0.123061 0.606445 0.037229 0.089844
0 0.309204 0.514160 0.033092 0.047852
0 0.268873 0.514160 0.037229 0.047852
0 0.923992 0.513672 0.034126 0.048828
0 0.884178 0.513672 0.035160 0.048828
0 0.608066 0.506836 0.037229 0.048828
0 0.567735 0.506836 0.035160 0.048828
0 0.308170 0.473145 0.035160 0.028320
0 0.268873 0.472656 0.037229 0.027344
0 0.923475 0.472168 0.037229 0.028320
0 0.884178 0.471680 0.037229 0.029297
0 0.608066 0.465332 0.035160 0.028320
0 0.568252 0.465332 0.036194 0.028320
0 0.453464 0.497070 0.050672 0.093750
0 0.740951 0.497070 0.050672 0.095703
0 0.120476 0.439941 0.042399 0.084961
0 0.070838 0.439941 0.038263 0.084961
0 0.741468 0.339844 0.051706 0.078125
0 0.618407 0.338867 0.031024 0.080078
0 0.577042 0.338867 0.037229 0.080078
0 0.452947 0.338379 0.051706 0.079102
0 0.925026 0.337891 0.034126 0.082031
0 0.883661 0.337891 0.036194 0.082031
0 0.311789 0.337891 0.029990 0.082031
0 0.268873 0.337891 0.039297 0.082031
0 0.065667 0.282227 0.040331 0.087891
0 0.119959 0.281738 0.043433 0.088867
0 0.616339 0.192871 0.033092 0.059570
0 0.581179 0.192871 0.035160 0.059570
0 0.925543 0.188965 0.033092 0.057617
0 0.887797 0.189453 0.032058 0.058594
0 0.312306 0.187988 0.033092 0.057617
0 0.274560 0.187988 0.036194 0.057617
0 0.741986 0.179199 0.050672 0.086914
0 0.455016 0.179199 0.049638 0.086914
0 0.121510 0.123535 0.042399 0.083008
0 0.064633 0.123535 0.044467 0.083008
1 0.635988 0.892578 0.072389 0.041016
1 0.841262 0.888184 0.296794 0.049805
1 0.391417 0.888184 0.379524 0.049805
1 0.977766 0.744629 0.027921 0.022461
1 0.591003 0.744629 0.489142 0.022461
1 0.825233 0.583496 0.339193 0.034180
1 0.358325 0.583496 0.311272 0.034180
1 0.596174 0.239746 0.795243 0.051758
1 0.217166 0.115723 0.039297 0.018555
1 0.595657 0.086426 0.796277 0.077148
9 0.903826 0.962402 0.093071 0.073242
9 0.641675 0.923828 0.063082 0.099609
7 0.634436 0.856445 0.156153 0.031250
7 0.640641 0.763672 0.017580 0.031250
7 0.547053 0.763672 0.022751 0.031250
7 0.448811 0.763672 0.022751 0.031250
7 0.739400 0.762207 0.018614 0.032227
7 0.730610 0.558594 0.166494 0.027344
7 0.452947 0.558105 0.153051 0.028320
7 0.598242 0.140137 0.071355 0.045898
7 0.897104 0.120605 0.166494 0.079102
7 0.288004 0.119141 0.183040 0.080078
7 0.170631 0.121582 0.039297 0.092773
7 0.019131 0.121094 0.038263 0.093750
2 0.446225 0.438477 0.106515 0.035156
2 0.738883 0.437988 0.100310 0.036133
2 0.280765 0.432129 0.137539 0.069336
2 0.901758 0.430176 0.134436 0.067383
2 0.591003 0.411621 0.156153 0.100586
2 0.103930 0.355957 0.133402 0.053711
2 0.591003 0.290039 0.127198 0.042969
2 0.737332 0.289062 0.101344 0.042969
2 0.448294 0.289062 0.108583 0.044922
2 0.902275 0.287598 0.127198 0.045898
2 0.280765 0.287109 0.131334 0.048828
2 0.085315 0.216797 0.158221 0.056641
5 0.902792 0.556152 0.119959 0.036133
5 0.281282 0.555176 0.126163 0.034180
5 0.584798 0.572754 0.141675 0.083008
5 0.098242 0.500488 0.124095 0.036133
5 0.900724 0.384766 0.111686 0.011719
5 0.739917 0.390137 0.087901 0.022461
5 0.594105 0.388672 0.114788 0.019531
5 0.285936 0.386719 0.114788 0.015625
5 0.450879 0.388672 0.091003 0.021484
3 0.899690 0.733398 0.128232 0.072266
3 0.274043 0.731934 0.144778 0.075195
