1 0.400875 0.25586000000000003 0.05370999999999998 0.05338000000000001
1 0.504395 0.25586000000000003 0.05370999999999998 0.05338000000000001
1 0.608395 0.255855 0.054690000000000016 0.055989999999999984
1 0.711425 0.255205 0.053710000000000035 0.054690000000000016
1 0.817385 0.25586 0.052730000000000055 0.06639999999999999
1 0.921385 0.25586 0.053709999999999924 0.06639999999999999
1 0.8168949999999999 0.37629999999999997 0.053710000000000035 0.06509999999999999
1 0.921875 0.37695500000000004 0.054689999999999905 0.06641000000000002
1 0.8168949999999999 0.49739500000000003 0.053710000000000035 0.06770999999999999
1 0.921385 0.49739500000000003 0.053709999999999924 0.06770999999999999
1 0.710935 0.49739500000000003 0.052729999999999944 0.05468999999999996
1 0.606935 0.49739500000000003 0.053709999999999924 0.05468999999999996
1 0.39990499999999995 0.496745 0.05370999999999998 0.05338999999999999
1 0.503415 0.49739500000000003 0.053710000000000035 0.05468999999999996
1 0.393065 0.37760499999999997 0.036129999999999995 0.05468999999999996
1 0.49951500000000004 0.37760499999999997 0.04199000000000003 0.05468999999999996
1 0.60449 0.37695500000000004 0.04688000000000003 0.05338999999999999
1 0.710935 0.376305 0.052729999999999944 0.054690000000000016
0 0.57617 0.54948 0.8418 0.8099000000000001
1 0.424315 0.0475261 0.061529999999999974 0.0898438
1 0.5376 0.048177199999999996 0.06152000000000002 0.0833336
1 0.25684 0.72591 0.07421999999999998 0.1002599999999999
1 0.25586 0.8802099999999999 0.07422000000000001 0.10155999999999998
1 0.3667 0.878905 0.07324000000000003 0.10157000000000005
1 0.3667 0.72526 0.07324000000000003 0.10155999999999998
1 0.478515 0.72591 0.07420999999999994 0.1002599999999999
1 0.58887 0.72526 0.07421999999999995 0.10155999999999998
1 0.7011700000000001 0.72201 0.07422000000000006 0.10026000000000002
1 0.807615 0.72526 0.07226999999999995 0.09895999999999994
1 0.921875 0.68815 0.052729999999999944 0.07941999999999994
1 0.31836 0.33659 0.015620000000000023 0.05078000000000005
1 0.31933500000000004 0.23371999999999998 0.015629999999999977 0.05078000000000002
1 0.31738500000000003 0.43879999999999997 0.015629999999999977 0.049480000000000024
4 0.57178 0.05078105 0.010740000000000083 0.0989579
4 0.458495 0.05078105 0.006830000000000003 0.0989579
8 0.9731449999999999 0.55078 0.010749999999999926 0.79948
