0 0.526367 0.50068215 0.9472659999999999 0.9986357
1 0.320315 0.150065 0.054690000000000016 0.040929999999999994
1 0.322265 0.226465 0.05468999999999996 0.04093000000000002
1 0.320805 0.30082 0.053710000000000035 0.039559999999999984
1 0.32128999999999996 0.39086 0.054680000000000006 0.039559999999999984
1 0.31933500000000004 0.472035 0.05468999999999996 0.040929999999999966
1 0.320315 0.54911 0.054690000000000016 0.03956000000000004
1 0.320315 0.630285 0.054690000000000016 0.04093000000000002
1 0.322265 0.7189650000000001 0.05468999999999996 0.04093000000000002
1 0.322265 0.7919499999999999 0.05468999999999996 0.03955999999999993
1 0.323245 0.866305 0.054690000000000016 0.04092999999999991
1 0.5810500000000001 0.22715 0.11913999999999991 0.09686
1 0.5839799999999999 0.792635 0.11913999999999991 0.09823000000000004
1 0.5708 0.51432 0.14549999999999996 0.10914000000000001
1 0.801265 0.51296 0.1279300000000001 0.2674
3 0.495605 0.228515 0.05761000000000005 0.12686999999999998
3 0.495605 0.79468 0.05761000000000005 0.12688
5 0.645505 0.508184 0.07617000000000007 0.972712
7 0.40869 0.510233 0.032220000000000026 0.875854
7 0.138672 0.503412 0.160156 0.984996
7 0.248535 0.0716235 0.06153 0.031377
7 0.25 0.10641049999999999 0.0625 0.032739000000000004
7 0.24951 0.18145 0.06152000000000002 0.03273999999999999
7 0.25 0.257845 0.0625 0.03275000000000003
7 0.25 0.3397 0.0625 0.03273999999999999
7 0.25049 0.42838 0.06151999999999999 0.03273999999999999
7 0.24902000000000002 0.5075 0.06250000000000003 0.032739999999999936
7 0.251465 0.59209 0.061529999999999974 0.03273999999999999
7 0.24951 0.67872 0.06152000000000002 0.031379999999999963
7 0.25049 0.75989 0.06151999999999999 0.03273999999999999
7 0.25342 0.83424 0.06151999999999999 0.031379999999999963
7 0.25342 0.90314 0.06151999999999999 0.0327400000000001
7 0.25244 0.9386099999999999 0.06152000000000002 0.0327400000000001
8 0.25488 0.508868 0.07422000000000004 0.911324
8 0.39746000000000004 0.503411 0.08593999999999996 0.960438
8 0.68457 0.49863599999999997 0.08007999999999993 0.950888
9 0.32323999999999997 0.18827 0.04687999999999998 0.019100000000000006
9 0.32323999999999997 0.261255 0.04687999999999998 0.017730000000000024
9 0.325195 0.42974 0.04687000000000002 0.019100000000000006
9 0.32616999999999996 0.5116 0.04687999999999998 0.019100000000000006
9 0.32422 0.591405 0.04688000000000003 0.017730000000000024
9 0.32616999999999996 0.83083 0.04687999999999998 0.019100000000000006
9 0.32616999999999996 0.75716 0.04687999999999998 0.019100000000000006
9 0.52344 0.0995905 0.13672 0.03819900000000001
9 0.52246 0.33834 0.13672 0.038199999999999956
9 0.51953 0.68486 0.13672 0.03820000000000001
9 0.521975 0.91405 0.13379000000000002 0.03820000000000001
9 0.7988299999999999 0.0955 0.1582 0.043660000000000004
9 0.797365 0.33424 0.15527000000000002 0.04365999999999998
9 0.794435 0.687585 0.15722999999999998 0.04364999999999997
9 0.793945 0.928375 0.15820999999999996 0.04229000000000005
9 0.701175 0.335605 0.037109999999999976 0.05457000000000001
9 0.701175 0.0954965 0.037109999999999976 0.054567000000000004
9 0.696285 0.927695 0.037109999999999976 0.05457000000000001
9 0.696285 0.686225 0.037109999999999976 0.05457000000000001
9 0.44287 0.915415 0.02245999999999998 0.05457000000000001
9 0.43994 0.686225 0.022460000000000035 0.05457000000000001
9 0.44287 0.33629 0.02245999999999998 0.05593999999999999
9 0.44287 0.100275 0.02245999999999998 0.05320999999999999
9 0.291015 0.186905 0.01757000000000003 0.02729000000000001
9 0.291015 0.260575 0.01757000000000003 0.02729000000000001
9 0.293945 0.43110499999999996 0.017569999999999975 0.02728999999999998
9 0.29491999999999996 0.511595 0.017579999999999985 0.027290000000000036
9 0.29296999999999995 0.590725 0.017579999999999985 0.027289999999999925
9 0.293945 0.75648 0.017569999999999975 0.02864
9 0.29442999999999997 0.83015 0.016600000000000004 0.02864
9 0.615235 0.100274 0.04686999999999997 0.047752
9 0.61426 0.33765500000000004 0.04688000000000003 0.047750000000000015
9 0.611815 0.685535 0.04784999999999995 0.04774999999999996
9 0.6132850000000001 0.9147350000000001 0.04883000000000004 0.04775000000000007
9 0.9379850000000001 0.09345149999999999 0.12207000000000001 0.088677
9 0.9355450000000001 0.33561 0.12109000000000003 0.09004000000000001
9 0.93457 0.69031 0.12109999999999999 0.09004000000000001
9 0.93164 0.9263300000000001 0.12109999999999999 0.09004000000000001
10 0.932615 0.51501 0.11133000000000004 0.24419999999999997
10 0.93994 0.80696 0.09278000000000008 0.13505999999999996
10 0.9453100000000001 0.21692 0.09570000000000001 0.1337
10 0.805175 0.5122800000000001 0.07518999999999998 0.10232000000000008
7 0.73828 0.22033000000000003 0.04491999999999996 0.05048
7 0.734375 0.8001400000000001 0.044929999999999914 0.05047999999999997
7 0.822755 0.79877 0.07325000000000004 0.036839999999999984
7 0.82666 0.21896500000000002 0.07324000000000008 0.03683
7 0.494625 0.510915 0.06543000000000004 0.19781000000000004
9 0.595215 0.5832200000000001 0.09863 0.0232
9 0.59668 0.44543 0.09766000000000008 0.02592
9 0.5380849999999999 0.444065 0.019529999999999936 0.034109999999999974
9 0.536625 0.5845849999999999 0.020510000000000028 0.034109999999999974
7 0.574705 0.51091 0.036129999999999995 0.30150000000000005
