1 0.500000 0.500000 1.000000 1.000000
0 0.513184 0.498462 0.967773 0.993846
6 0.157227 0.937692 0.023438 0.026154
6 0.126953 0.932308 0.019531 0.030769
6 0.679688 0.950000 0.158203 0.075385
6 0.204102 0.943846 0.058594 0.100000
6 0.381836 0.942308 0.058594 0.100000
6 0.295898 0.942308 0.058594 0.100000
6 0.083496 0.943077 0.063477 0.101538
6 0.204102 0.860769 0.056641 0.044615
6 0.158691 0.856154 0.018555 0.038462
6 0.291992 0.800769 0.255859 0.038462
2 0.294434 0.859231 0.059570 0.050769
2 0.382324 0.856923 0.059570 0.052308
2 0.682129 0.813846 0.161133 0.092308
2 0.502930 0.816923 0.089844 0.101538
2 0.382812 0.690769 0.039062 0.104615
2 0.292969 0.689231 0.039062 0.104615
2 0.202637 0.686923 0.036133 0.103077
2 0.051758 0.694615 0.023438 0.124615
2 0.078125 0.682308 0.023438 0.124615
2 0.489258 0.635385 0.029297 0.070769
2 0.564941 0.633846 0.028320 0.070769
2 0.870605 0.630769 0.028320 0.070769
2 0.641602 0.630769 0.029297 0.070769
2 0.724121 0.629231 0.028320 0.070769
2 0.798828 0.627692 0.029297 0.070769
2 0.049805 0.514615 0.023438 0.124615
2 0.380371 0.500769 0.036133 0.100000
2 0.289551 0.498462 0.036133 0.098462
2 0.216309 0.496923 0.004883 0.095385
2 0.077148 0.498462 0.023438 0.123077
2 0.795898 0.463077 0.029297 0.070769
2 0.721191 0.461538 0.028320 0.070769
2 0.563965 0.461538 0.028320 0.070769
2 0.873535 0.460769 0.028320 0.072308
2 0.646484 0.460769 0.029297 0.072308
2 0.488281 0.459231 0.029297 0.072308
2 0.049316 0.350000 0.022461 0.124615
2 0.378418 0.326923 0.036133 0.100000
2 0.288574 0.326923 0.036133 0.100000
2 0.199707 0.326923 0.036133 0.100000
2 0.877930 0.296923 0.033203 0.067692
2 0.949219 0.295385 0.033203 0.067692
2 0.798828 0.293846 0.033203 0.067692
2 0.644043 0.290769 0.034180 0.067692
2 0.566406 0.290769 0.033203 0.067692
2 0.724609 0.289231 0.033203 0.067692
2 0.076660 0.322308 0.024414 0.133846
2 0.489258 0.287692 0.033203 0.067692
2 0.289551 0.167692 0.040039 0.086154
2 0.377441 0.166154 0.040039 0.086154
2 0.199707 0.166923 0.040039 0.087692
2 0.949219 0.119231 0.033203 0.087692
2 0.874023 0.116154 0.033203 0.087692
2 0.798340 0.116154 0.034180 0.087692
2 0.722656 0.110000 0.033203 0.087692
2 0.644043 0.110000 0.034180 0.087692
2 0.563965 0.106154 0.040039 0.092308
2 0.485840 0.106154 0.040039 0.092308
3 0.281250 0.759231 0.324219 0.041538
3 0.280762 0.388462 0.327148 0.029231
3 0.276855 0.219231 0.327148 0.029231
4 0.387207 0.608462 0.088867 0.053846
4 0.202637 0.603846 0.088867 0.053846
4 0.295898 0.598462 0.083984 0.073846
4 0.384766 0.423846 0.080078 0.047692
4 0.296387 0.422308 0.079102 0.047692
4 0.203613 0.422308 0.079102 0.047692
7 0.384277 0.570000 0.069336 0.038462
7 0.292480 0.566923 0.069336 0.038462
7 0.201660 0.564615 0.069336 0.040000
10 0.383301 0.857692 0.055664 0.044615
10 0.053223 0.698462 0.016602 0.107692
10 0.380371 0.690000 0.030273 0.100000
10 0.291016 0.688462 0.031250 0.100000
10 0.202637 0.686923 0.030273 0.100000
10 0.079590 0.688462 0.016602 0.106154
10 0.287598 0.465385 0.030273 0.029231
10 0.198730 0.499231 0.030273 0.100000
