0 0.498710 0.500000 0.997419 1.000000
6 0.097419 0.919434 0.070968 0.030273
6 0.578065 0.912109 0.049032 0.056641
6 0.666452 0.895020 0.107097 0.186523
6 0.215484 0.876465 0.095484 0.153320
6 0.892903 0.891113 0.105806 0.186523
6 0.026452 0.878906 0.045161 0.162109
2 0.147097 0.602539 0.080000 0.113281
2 0.720000 0.602051 0.080000 0.116211
2 0.526452 0.601562 0.080000 0.117188
2 0.335484 0.601074 0.080000 0.116211
2 0.905806 0.599121 0.080000 0.114258
2 0.138710 0.375488 0.078710 0.124023
2 0.909677 0.374023 0.077419 0.125000
2 0.718065 0.371582 0.078710 0.124023
2 0.329677 0.371582 0.078710 0.124023
2 0.528387 0.368652 0.078710 0.124023
2 0.907097 0.150879 0.074839 0.114258
2 0.135484 0.146484 0.074839 0.113281
2 0.714839 0.145508 0.074839 0.113281
2 0.331613 0.143555 0.074839 0.113281
2 0.527742 0.142578 0.074839 0.113281
3 0.501935 0.693359 0.983226 0.085938
3 0.500645 0.461914 0.980645 0.064453
3 0.501935 0.210938 0.983226 0.031250
3 0.503871 0.016602 0.981935 0.027344
11 0.441290 0.892578 0.121290 0.189453
7 0.714194 0.676270 0.125161 0.032227
7 0.525806 0.676758 0.125161 0.033203
7 0.332903 0.675293 0.123871 0.032227
7 0.145806 0.675293 0.123871 0.032227
7 0.901935 0.672852 0.123871 0.033203
10 0.152258 0.576172 0.061935 0.035156
10 0.719355 0.578125 0.070968 0.041016
10 0.530968 0.575195 0.063226 0.035156
10 0.907097 0.563965 0.072258 0.014648
