0 0.517733 0.49316550000000003 0.912534 0.935549
1 0.22340500000000002 0.10058600000000001 0.10875000000000001 0.048827999999999996
1 0.21985499999999997 0.229495 0.10874999999999999 0.04883000000000001
1 0.21690500000000001 0.36328499999999997 0.10993 0.048829999999999985
1 0.21631499999999998 0.498045 0.10874999999999999 0.04883000000000004
1 0.217495 0.6318349999999999 0.10875000000000001 0.04883000000000004
1 0.218675 0.762695 0.10875000000000001 0.04882999999999993
1 0.222225 0.892575 0.10875000000000001 0.04882999999999993
1 0.42849 0.89551 0.11465999999999998 0.05274000000000001
1 0.42908 0.7651399999999999 0.11584 0.05175999999999992
1 0.42789999999999995 0.632325 0.11584 0.05174999999999996
1 0.42612 0.50049 0.11465999999999998 0.05176000000000003
1 0.42849 0.364745 0.11465999999999998 0.05175000000000002
1 0.42967 0.23193 0.11465999999999998 0.05175999999999997
1 0.43085 0.10009950000000001 0.11465999999999998 0.051761000000000015
1 0.64775 0.10107250000000001 0.11584000000000005 0.05175500000000001
1 0.64598 0.23096 0.11465999999999998 0.05176
1 0.64421 0.364255 0.11584000000000005 0.05273
1 0.64598 0.50049 0.11465999999999998 0.05176000000000003
1 0.6448 0.6333 0.11465999999999998 0.05176000000000003
1 0.64421 0.7651399999999999 0.11584000000000005 0.05175999999999992
1 0.64184 0.89502 0.11584000000000005 0.05176000000000003
2 0.878845 0.7636700000000001 0.17849000000000004 0.09570000000000001
2 0.9072100000000001 0.23535 0.12648000000000004 0.056640000000000024
3 0.15189 0.101072 0.036640000000000006 0.09081600000000001
3 0.14893499999999998 0.22949000000000003 0.03783 0.09180000000000002
3 0.14598 0.36328 0.036640000000000006 0.09179999999999999
3 0.14243499999999998 0.49853500000000006 0.03664999999999999 0.09083000000000002
3 0.14656999999999998 0.63086 0.03781999999999999 0.09179999999999999
3 0.14656999999999998 0.765625 0.03781999999999999 0.09179000000000004
3 0.15071 0.890625 0.036640000000000006 0.09179000000000004
3 0.358745 0.097654 0.04372999999999999 0.09179200000000001
3 0.357565 0.230955 0.04372999999999999 0.09276999999999996
3 0.3552 0.362305 0.04374 0.09178999999999998
3 0.352835 0.49805 0.04372999999999999 0.09180000000000005
3 0.352835 0.6333 0.04372999999999999 0.09277999999999997
3 0.35638499999999995 0.7675799999999999 0.04372999999999999 0.09179999999999999
3 0.35638499999999995 0.8974599999999999 0.04372999999999999 0.09179999999999999
3 0.57033 0.895995 0.04374 0.09277000000000002
3 0.572695 0.7675799999999999 0.043729999999999936 0.09179999999999999
3 0.572695 0.63574 0.043729999999999936 0.09179999999999999
3 0.572695 0.5 0.043729999999999936 0.09180000000000005
3 0.572695 0.36426000000000003 0.043729999999999936 0.09180000000000005
3 0.5750599999999999 0.22949000000000003 0.04374 0.09180000000000002
3 0.573875 0.097654 0.04373000000000005 0.09179200000000001
4 0.72281 0.10253999999999999 0.04846000000000006 0.08594
4 0.72281 0.23291 0.04846000000000006 0.08692
4 0.72281 0.365235 0.04846000000000006 0.08593
4 0.72045 0.49805 0.04846000000000006 0.08593999999999996
4 0.72045 0.6337900000000001 0.04846000000000006 0.08594000000000002
4 0.72281 0.7666 0.04846000000000006 0.08594000000000002
4 0.718085 0.8925799999999999 0.04847000000000001 0.08594000000000002
6 0.22163 0.13623 0.10519999999999996 0.02635999999999998
6 0.22222 0.0629885 0.10637999999999997 0.026367
6 0.22045 0.19286999999999999 0.10520000000000002 0.026360000000000022
6 0.22045 0.26709000000000005 0.10520000000000002 0.026359999999999995
6 0.22045 0.325685 0.10520000000000002 0.026370000000000005
6 0.21572 0.40088 0.10520000000000002 0.026359999999999995
6 0.21158500000000002 0.461425 0.10639000000000001 0.02636999999999995
6 0.21631 0.535645 0.10638000000000003 0.026370000000000005
6 0.21394999999999997 0.596195 0.10638 0.026370000000000005
6 0.2169 0.669435 0.10520000000000002 0.026370000000000005
6 0.43203 0.086914 0.10520000000000002 0.021484000000000003
6 0.43144 0.1118165 0.10638000000000003 0.026367
6 0.429075 0.217775 0.10875000000000001 0.02149000000000001
6 0.427895 0.24121 0.10874999999999996 0.02148
6 0.429075 0.350585 0.11110999999999999 0.02149000000000001
6 0.427895 0.375 0.11110999999999999 0.021480000000000055
6 0.21572 0.729005 0.10520000000000002 0.026370000000000005
6 0.218675 0.8012699999999999 0.10639000000000001 0.02636000000000005
6 0.22222 0.85791 0.10637999999999997 0.02636000000000005
6 0.22163 0.9292 0.10519999999999996 0.02636000000000005
6 0.42376 0.46045 0.11466000000000004 0.026359999999999995
6 0.42612 0.538575 0.11465999999999998 0.026370000000000005
6 0.42612 0.595215 0.11465999999999998 0.026370000000000005
6 0.42494 0.671385 0.11465999999999998 0.026370000000000005
6 0.427305 0.729005 0.11465000000000003 0.026370000000000005
6 0.42612 0.8042 0.11465999999999998 0.02636000000000005
6 0.42849 0.859865 0.11465999999999998 0.026370000000000005
6 0.42612 0.931155 0.11465999999999998 0.026370000000000005
6 0.64598 0.0629885 0.11465999999999998 0.026367
6 0.6448 0.13623 0.11465999999999998 0.02635999999999998
6 0.64598 0.193845 0.11465999999999998 0.026370000000000005
6 0.64598 0.269045 0.11465999999999998 0.026370000000000005
6 0.6448 0.325685 0.11465999999999998 0.026370000000000005
6 0.6448 0.401855 0.11465999999999998 0.026370000000000005
6 0.64716 0.461425 0.11465999999999998 0.02636999999999995
6 0.64362 0.53955 0.11465999999999998 0.02636000000000005
6 0.6448 0.597165 0.11465999999999998 0.026369999999999894
6 0.64362 0.672365 0.11465999999999998 0.026370000000000005
6 0.64362 0.728025 0.11465999999999998 0.026370000000000005
6 0.6448 0.803715 0.11465999999999998 0.025390000000000024
6 0.64362 0.858885 0.11465999999999998 0.026370000000000005
6 0.64362 0.930175 0.11465999999999998 0.026370000000000005
8 0.09101899999999999 0.49560299999999996 0.044922000000000004 0.920894
8 0.2896 0.49365 0.023639999999999994 0.91894
8 0.49822999999999995 0.4985345 0.02482000000000001 0.9228510000000001
8 0.747635 0.4970695 0.02483000000000002 0.9140609999999999
10 0.80142 0.22949000000000003 0.07091999999999998 0.18750000000000003
10 0.8788400000000001 0.36719 0.17376000000000003 0.0625
10 0.881205 0.10498099999999999 0.17849000000000004 0.05761799999999999
10 0.85461 0.632325 0.13002000000000002 0.05567
10 0.8552 0.68848 0.06738 0.03320000000000001
10 0.84929 0.836915 0.06738 0.03320999999999996
10 0.8451500000000001 0.9458 0.035459999999999936 0.01856000000000002
10 0.852835 0.89307 0.13356999999999997 0.05176000000000003
10 0.76891 0.845215 0.04610000000000003 0.036129999999999995
10 0.839245 0.421385 0.026009999999999978 0.014649999999999996
10 0.8652500000000001 0.434085 0.023639999999999994 0.014650000000000052
10 0.890665 0.416015 0.029550000000000076 0.025389999999999968
10 0.770685 0.49902500000000005 0.018909999999999982 0.03711000000000003
