0 0.50146485 0.50243505 0.9970703 0.9951299
1 0.0444335 0.054383 0.026367 0.030844000000000003
1 0.043456999999999996 0.098216 0.026367999999999996 0.030848
1 0.041504 0.156655 0.026368 0.030850000000000016
1 0.041504 0.201295 0.026368 0.03247
1 0.040039000000000005 0.26380000000000003 0.027344 0.030840000000000034
1 0.0395505 0.310065 0.026367 0.03247
1 0.038086 0.37012999999999996 0.027343999999999997 0.03245999999999999
1 0.0375975 0.41720999999999997 0.026366999999999998 0.029219999999999968
1 0.0375975 0.478085 0.026366999999999998 0.027590000000000003
1 0.0366215 0.52435 0.026367 0.029220000000000024
1 0.0366215 0.5852299999999999 0.026367 0.027599999999999958
1 0.0366215 0.63068 0.026367 0.02760000000000007
1 0.0356445 0.6923699999999999 0.026367000000000005 0.027599999999999958
1 0.0356445 0.7362 0.026367000000000005 0.027599999999999958
1 0.0366215 0.796265 0.026367 0.027590000000000003
1 0.0366215 0.84091 0.026367 0.029219999999999913
1 0.0375975 0.901785 0.026366999999999998 0.027590000000000003
1 0.0375975 0.94643 0.026366999999999998 0.029220000000000024
1 0.09228449999999999 0.949675 0.03613100000000001 0.029229999999999978
1 0.091311 0.9017850000000001 0.036138 0.030849999999999933
1 0.0932625 0.84253 0.036135 0.029220000000000024
1 0.091311 0.79708 0.036138 0.029220000000000024
1 0.0932625 0.73539 0.036135 0.029220000000000024
1 0.091311 0.6907449999999999 0.036138 0.030849999999999933
1 0.090333 0.62825 0.036134 0.029220000000000024
1 0.090333 0.58279 0.036134 0.029220000000000024
1 0.091311 0.5211 0.036138 0.029220000000000024
1 0.091311 0.47403 0.036138 0.029220000000000024
1 0.092286 0.41315 0.038088 0.027600000000000013
1 0.09277099999999999 0.367695 0.039057999999999995 0.027590000000000003
1 0.0942375 0.30682 0.03808500000000001 0.025980000000000003
1 0.09570100000000001 0.26055 0.039057999999999995 0.027599999999999986
1 0.09570100000000001 0.19885999999999998 0.039057999999999995 0.027599999999999986
1 0.09814600000000001 0.155845 0.038088 0.02597000000000002
1 0.0996075 0.095781 0.037105 0.025978
1 0.10107550000000001 0.0511365 0.038089 0.02435099999999999
1 0.1543 0.047889999999999995 0.03516 0.030843999999999996
1 0.15283 0.092531 0.03417999999999999 0.029217999999999994
1 0.14551 0.15097 0.02148 0.029219999999999996
1 0.14648499999999998 0.19805 0.025389999999999996 0.029219999999999996
1 0.1499 0.25649 0.03417999999999999 0.029219999999999996
1 0.14893 0.30113500000000004 0.03417999999999999 0.03084999999999999
1 0.14745999999999998 0.36282499999999995 0.03516 0.03084999999999999
1 0.14745999999999998 0.4099 0.03516 0.03083999999999998
1 0.13916 0.47403 0.02049999999999999 0.029220000000000024
1 0.141115 0.5211 0.024410000000000015 0.029220000000000024
1 0.14551 0.58036 0.035160000000000025 0.03083999999999998
1 0.143555 0.62581 0.03514999999999999 0.03083999999999998
1 0.14404 0.6875 0.03417999999999999 0.03083999999999998
1 0.14501999999999998 0.73458 0.034180000000000016 0.03083999999999998
1 0.137205 0.79708 0.01855000000000001 0.029220000000000024
1 0.13916 0.84253 0.022460000000000008 0.029220000000000024
1 0.20801 0.044643 0.035160000000000025 0.030844
1 0.143555 0.9026 0.03514999999999999 0.029220000000000024
1 0.143555 0.94643 0.03514999999999999 0.029220000000000024
1 0.19482 0.9480500000000001 0.03417999999999999 0.029219999999999913
1 0.19774999999999998 0.90422 0.034180000000000016 0.029220000000000024
1 0.1958 0.73458 0.03417999999999999 0.03083999999999998
1 0.19678 0.68831 0.034180000000000016 0.029220000000000024
1 0.19629000000000002 0.627435 0.03516 0.030849999999999933
1 0.197265 0.5819799999999999 0.035150000000000015 0.03084000000000009
1 0.19971 0.40909 0.03417999999999999 0.029220000000000024
1 0.20166 0.36445 0.03417999999999999 0.03083999999999998
1 0.20117000000000002 0.30195 0.03516 0.029220000000000024
1 0.20459 0.25649 0.03417999999999999 0.029219999999999996
1 0.20654499999999998 0.0900995 0.03223000000000001 0.027601
1 0.19579999999999997 0.16315000000000002 0.03222 0.017860000000000015
1 0.19873000000000002 0.2013 0.03222 0.019479999999999997
1 0.25244 0.19886500000000001 0.03222 0.017850000000000005
1 0.251465 0.16071 0.03222999999999998 0.019479999999999997
1 0.305175 0.15747 0.032230000000000036 0.019479999999999997
1 0.309085 0.19805 0.03222999999999998 0.019479999999999997
1 0.19043 0.48539 0.03319999999999998 0.019479999999999997
1 0.19336 0.52597 0.03320000000000001 0.019480000000000053
1 0.246095 0.52435 0.03320999999999999 0.019479999999999942
1 0.243655 0.48539 0.03223000000000001 0.019479999999999997
1 0.30176000000000003 0.5227299999999999 0.03319999999999995 0.019480000000000053
1 0.29785 0.482955 0.03320000000000001 0.017849999999999977
1 0.18848 0.81331 0.03320000000000001 0.019479999999999942
1 0.191405 0.85065 0.03320999999999999 0.019479999999999942
1 0.24512 0.8522700000000001 0.03320000000000001 0.019480000000000053
1 0.24267500000000003 0.81331 0.03223000000000001 0.019479999999999942
1 0.293945 0.814935 0.03321000000000002 0.019490000000000007
1 0.299315 0.85065 0.03222999999999998 0.019479999999999942
1 0.36035 0.15747 0.03320000000000001 0.019479999999999997
1 0.361815 0.19643 0.03222999999999998 0.019479999999999997
1 0.35448999999999997 0.48214 0.03319999999999995 0.019479999999999997
1 0.35547 0.5227299999999999 0.03320000000000001 0.019480000000000053
1 0.35058500000000004 0.81169 0.03321000000000002 0.019479999999999942
1 0.35254 0.85065 0.03320000000000001 0.019479999999999942
1 0.40918 0.8522700000000001 0.03320000000000001 0.019480000000000053
1 0.4043 0.814935 0.03320000000000001 0.019490000000000007
1 0.410155 0.48051999999999995 0.03320999999999996 0.019479999999999997
1 0.41211 0.5219149999999999 0.03320000000000001 0.017850000000000033
1 0.41797 0.19805 0.03320000000000001 0.019479999999999997
1 0.416015 0.15747 0.03321000000000002 0.019479999999999997
1 0.4707 0.15584 0.03320000000000001 0.019479999999999997
1 0.47412 0.19562000000000002 0.032220000000000026 0.017860000000000015
1 0.4668 0.48214 0.03320000000000001 0.019479999999999997
1 0.46875 0.5211 0.03320000000000001 0.019479999999999942
1 0.46094 0.81737 0.03320000000000001 0.017859999999999987
1 0.46289 0.84903 0.03320000000000001 0.019480000000000053
1 0.51953 0.85065 0.03320000000000001 0.019479999999999942
1 0.5175799999999999 0.814935 0.03320000000000001 0.019490000000000007
1 0.5224599999999999 0.47970999999999997 0.03320000000000001 0.017860000000000043
1 0.524415 0.5219149999999999 0.03320999999999996 0.017850000000000033
1 0.527835 0.198055 0.036130000000000106 0.012990000000000002
1 0.52637 0.1599 0.03320000000000001 0.017860000000000015
1 0.57422 0.8125 0.03320000000000001 0.024359999999999937
1 0.57422 0.8522700000000001 0.03320000000000001 0.019480000000000053
1 0.5791 0.52029 0.03320000000000001 0.017859999999999987
1 0.578125 0.479705 0.03320999999999996 0.024349999999999983
1 0.581055 0.155845 0.03320999999999996 0.02273
1 0.5825199999999999 0.19886500000000001 0.03613999999999995 0.014609999999999984
1 0.26221 0.0430195 0.03417999999999999 0.030845
1 0.26073999999999997 0.088476 0.035160000000000025 0.030848
1 0.314455 0.088476 0.035150000000000015 0.030848
1 0.31494 0.039773 0.03417999999999999 0.030844
1 0.36865000000000003 0.039773 0.034180000000000044 0.030844
1 0.36865000000000003 0.0868495 0.034180000000000044 0.030840999999999993
1 0.25537 0.25406 0.03417999999999999 0.030840000000000006
1 0.25537 0.300325 0.03417999999999999 0.029229999999999978
1 0.25342 0.36119999999999997 0.03417999999999996 0.030840000000000034
1 0.25244 0.4099 0.03417999999999999 0.03083999999999998
1 0.30664 0.40584 0.035160000000000025 0.029219999999999968
1 0.308595 0.36039 0.035150000000000015 0.029220000000000024
1 0.31006 0.29789 0.03417999999999999 0.03083999999999998
1 0.31006 0.25162 0.03417999999999999 0.029220000000000024
1 0.36572 0.25 0.03417999999999999 0.029220000000000024
1 0.36377 0.29708 0.03417999999999999 0.029220000000000024
1 0.36279 0.357955 0.03417999999999999 0.03084999999999999
1 0.362305 0.40503 0.035150000000000015 0.03083999999999998
1 0.41698999999999997 0.40341 0.035160000000000025 0.03083999999999998
1 0.41748 0.35714 0.03417999999999999 0.029220000000000024
1 0.41942999999999997 0.29708 0.034180000000000044 0.029220000000000024
1 0.41942999999999997 0.25081 0.034180000000000044 0.030840000000000034
1 0.47119 0.40341000000000005 0.03417999999999999 0.027600000000000013
1 0.472655 0.357955 0.035150000000000015 0.027590000000000003
1 0.47461 0.296265 0.035160000000000025 0.027590000000000003
1 0.47461 0.25081 0.035160000000000025 0.027600000000000013
1 0.424805 0.041396 0.035150000000000015 0.027598
1 0.421875 0.0876625 0.035150000000000015 0.025974999999999998
1 0.47753999999999996 0.08685100000000001 0.035160000000000025 0.027597999999999998
1 0.478515 0.040584 0.03514999999999996 0.025974
1 0.532225 0.086039 0.035149999999999904 0.025973999999999997
1 0.5332 0.045454999999999995 0.03516000000000008 0.025974000000000004
1 0.5293 0.25 0.03516000000000008 0.025980000000000003
1 0.52832 0.29789 0.03516000000000008 0.027600000000000013
1 0.52832 0.357955 0.03516000000000008 0.027590000000000003
1 0.52832 0.40422 0.03516000000000008 0.025980000000000003
1 0.24804500000000002 0.9504900000000001 0.035150000000000015 0.027599999999999958
1 0.249025 0.90503 0.035150000000000015 0.02760000000000007
1 0.249025 0.73539 0.035150000000000015 0.025980000000000003
1 0.249025 0.6875 0.035150000000000015 0.02760000000000007
1 0.25 0.626625 0.03516 0.02597000000000005
1 0.24951 0.58036 0.034180000000000016 0.02760000000000007
1 0.30078 0.9504900000000001 0.03515999999999997 0.027599999999999958
1 0.30176000000000003 0.90503 0.035160000000000025 0.02760000000000007
1 0.302735 0.73539 0.03514999999999996 0.025980000000000003
1 0.302735 0.6875 0.03514999999999996 0.02760000000000007
1 0.30371000000000004 0.62338 0.035160000000000025 0.029219999999999913
1 0.3042 0.5763 0.036140000000000005 0.029220000000000024
1 0.358885 0.574675 0.036129999999999995 0.029229999999999978
1 0.358885 0.62338 0.036129999999999995 0.029219999999999913
1 0.3584 0.68669 0.03515999999999997 0.029220000000000024
1 0.35741999999999996 0.73377 0.035160000000000025 0.029220000000000024
1 0.35448999999999997 0.90422 0.035160000000000025 0.029220000000000024
1 0.35547 0.949675 0.03515999999999997 0.029229999999999978
1 0.40918 0.90422 0.03515999999999997 0.029220000000000024
1 0.40918 0.95292 0.03515999999999997 0.029220000000000024
1 0.410645 0.73377 0.036129999999999995 0.029220000000000024
1 0.41162 0.68669 0.036140000000000005 0.029220000000000024
1 0.41211 0.62338 0.035160000000000025 0.029219999999999913
1 0.41455 0.574675 0.036140000000000005 0.029229999999999978
1 0.464355 0.95292 0.036129999999999995 0.029220000000000024
1 0.465335 0.90584 0.036129999999999995 0.029220000000000024
1 0.46875 0.73377 0.03515999999999997 0.029220000000000024
1 0.467775 0.685065 0.035150000000000015 0.029229999999999978
1 0.468265 0.62338 0.036129999999999995 0.029219999999999913
1 0.469725 0.5763 0.035150000000000015 0.029220000000000024
1 0.524415 0.574675 0.035150000000000015 0.029229999999999978
1 0.524415 0.62175 0.035150000000000015 0.029220000000000024
1 0.524415 0.68344 0.035150000000000015 0.029219999999999913
1 0.5234399999999999 0.73377 0.03515999999999997 0.029220000000000024
1 0.520995 0.90584 0.036129999999999995 0.029220000000000024
1 0.52051 0.95455 0.03515999999999997 0.029220000000000024
1 0.5761700000000001 0.95292 0.03515999999999997 0.029220000000000024
1 0.577635 0.90584 0.036129999999999995 0.029220000000000024
1 0.578615 0.73214 0.036129999999999995 0.029220000000000024
1 0.57959 0.68182 0.03613999999999995 0.029220000000000024
1 0.581055 0.625 0.035150000000000015 0.029220000000000024
1 0.581055 0.5763 0.035150000000000015 0.029220000000000024
1 0.586915 0.087661 0.035150000000000015 0.029217999999999994
1 0.58789 0.0438315 0.03515999999999997 0.029221
1 0.5849599999999999 0.25162 0.03515999999999997 0.029220000000000024
1 0.5849599999999999 0.29708 0.03515999999999997 0.029220000000000024
1 0.5849599999999999 0.35714 0.03515999999999997 0.029220000000000024
1 0.583495 0.40422 0.036129999999999995 0.029219999999999968
1 0.6401399999999999 0.0454545 0.03417999999999999 0.022726999999999997
1 0.6401399999999999 0.08847450000000001 0.03417999999999999 0.024350999999999998
1 0.63916 0.14529 0.03417999999999999 0.027600000000000013
1 0.63916 0.19075 0.03417999999999999 0.027600000000000013
1 0.63916 0.24919 0.03417999999999999 0.027600000000000013
1 0.63818 0.29789 0.03417999999999999 0.027600000000000013
1 0.6362300000000001 0.35470999999999997 0.03417999999999999 0.027600000000000013
1 0.69189 0.35714 0.0341800000000001 0.029220000000000024
1 0.6928700000000001 0.296265 0.03417999999999999 0.027590000000000003
1 0.6928700000000001 0.25 0.03417999999999999 0.029220000000000024
1 0.6928700000000001 0.19318000000000002 0.03417999999999999 0.029219999999999996
1 0.69189 0.14854 0.0341800000000001 0.027600000000000013
1 0.6928700000000001 0.0900995 0.03417999999999999 0.027601
1 0.6928700000000001 0.047078 0.032220000000000026 0.025973999999999997
1 0.63672 0.401785 0.03515999999999997 0.030850000000000044
1 0.691405 0.401785 0.035150000000000015 0.030850000000000044
1 0.691405 0.46347499999999997 0.035150000000000015 0.03084999999999999
1 0.68994 0.51136 0.0341800000000001 0.029220000000000024
1 0.63672 0.46429 0.03320000000000001 0.029219999999999968
1 0.63574 0.51136 0.03320000000000001 0.029220000000000024
1 0.6352500000000001 0.57224 0.03417999999999999 0.03083999999999998
1 0.68994 0.57224 0.0341800000000001 0.03083999999999998
1 0.634765 0.622565 0.035150000000000015 0.027590000000000003
1 0.69043 0.62094 0.03516000000000008 0.027599999999999958
1 0.634765 0.68425 0.035150000000000015 0.027599999999999958
1 0.689455 0.68425 0.035150000000000015 0.027599999999999958
1 0.688475 0.73133 0.035149999999999904 0.027599999999999958
1 0.63428 0.73133 0.03417999999999999 0.027599999999999958
1 0.631835 0.79464 0.035150000000000015 0.02760000000000007
1 0.688475 0.7930200000000001 0.035149999999999904 0.027599999999999958
1 0.631835 0.843345 0.035150000000000015 0.027590000000000003
1 0.631835 0.90503 0.035150000000000015 0.02760000000000007
1 0.62988 0.95211 0.03516000000000008 0.02760000000000007
1 0.686525 0.95211 0.035149999999999904 0.02760000000000007
1 0.686525 0.90503 0.035149999999999904 0.02760000000000007
1 0.688475 0.84172 0.035149999999999904 0.027599999999999958
1 0.750485 0.0478895 0.036129999999999995 0.024350999999999998
1 0.750975 0.09172250000000001 0.035149999999999904 0.024355
1 0.750485 0.148535 0.036129999999999995 0.024349999999999983
1 0.750485 0.193995 0.036129999999999995 0.024349999999999983
1 0.750485 0.25405500000000003 0.036129999999999995 0.02435000000000001
1 0.751955 0.301135 0.035150000000000015 0.024349999999999983
1 0.751465 0.359575 0.03809000000000007 0.02435000000000004
1 0.751465 0.40503500000000003 0.03809000000000007 0.02435000000000004
1 0.750975 0.46591 0.03711000000000009 0.025980000000000003
1 0.751465 0.511365 0.03809000000000007 0.025969999999999993
1 0.7504900000000001 0.574675 0.03808 0.025969999999999938
1 0.751955 0.6217550000000001 0.037109999999999976 0.025969999999999938
1 0.751465 0.68344 0.03809000000000007 0.025980000000000003
1 0.7504900000000001 0.732955 0.03808 0.024349999999999983
1 0.7495099999999999 0.793015 0.03808 0.024349999999999983
1 0.7495099999999999 0.8417250000000001 0.03808 0.024349999999999983
1 0.748045 0.903405 0.037109999999999976 0.024349999999999983
1 0.74658 0.949675 0.03808 0.025969999999999938
1 0.80908 0.07143050000000001 0.040039999999999965 0.074679
1 0.81006 0.170455 0.040040000000000076 0.07467000000000001
1 0.80908 0.275165 0.040039999999999965 0.07305000000000003
1 0.80908 0.378245 0.040039999999999965 0.07467000000000001
1 0.81006 0.48539 0.040040000000000076 0.07468000000000002
1 0.811035 0.59578 0.04003000000000001 0.07467999999999997
1 0.81006 0.704545 0.040040000000000076 0.07467000000000001
1 0.808595 0.81331 0.04100999999999999 0.07467999999999997
1 0.807615 0.925325 0.04100999999999999 0.07467000000000001
1 0.8686499999999999 0.92208 0.040039999999999965 0.07468000000000008
1 0.869625 0.8125 0.04198999999999997 0.07630000000000003
1 0.870605 0.70373 0.04198999999999997 0.07630000000000003
1 0.869625 0.594155 0.04198999999999997 0.07467000000000001
1 0.870605 0.38068 0.04198999999999997 0.07629999999999998
1 0.870605 0.2776 0.04198999999999997 0.07468
1 0.871585 0.17289 0.04199000000000008 0.0763
1 0.8681650000000001 0.071427 0.042970000000000064 0.07142599999999999
1 0.871095 0.49188499999999996 0.03125 0.04220999999999997
7 0.0166017 0.175325 0.0214846 0.025969999999999993
7 0.017089899999999998 0.23052 0.0244142 0.03245999999999999
7 0.0161132 0.280845 0.0205076 0.025969999999999993
7 0.0156249 0.38961 0.021484200000000002 0.025980000000000003
7 0.0136717 0.497565 0.015624599999999999 0.024349999999999983
7 0.0136717 0.6055200000000001 0.015624599999999999 0.025980000000000003
7 0.0136717 0.709415 0.015624599999999999 0.02597000000000005
7 0.01904305 0.0714285 0.020507900000000003 0.032467
7 0.0136717 0.814125 0.015624599999999999 0.024349999999999983
7 0.0136717 0.919645 0.015624599999999999 0.024349999999999983
7 0.017089899999999998 0.12094 0.0244142 0.030840000000000006
7 0.02001975 0.021104050000000003 0.0244145 0.0324679
7 0.017089899999999998 0.334415 0.0244142 0.03247
7 0.0166017 0.440745 0.0214846 0.030850000000000044
7 0.015136700000000001 0.550325 0.0185546 0.03247
7 0.0141604 0.65422 0.0185552 0.032460000000000044
7 0.01611345 0.7605500000000001 0.0185551 0.03084000000000009
7 0.01611345 0.8701300000000001 0.0185551 0.038959999999999995
7 0.0136721 0.96916 0.019531800000000002 0.038959999999999995
7 0.0390625 0.5535699999999999 0.023437 0.025980000000000003
7 0.0410155 0.44643 0.023437000000000003 0.025980000000000003
7 0.041992 0.34009500000000004 0.023438 0.02435000000000004
7 0.042969 0.231335 0.023438 0.02435000000000001
7 0.0478515 0.02272715 0.023437 0.025973700000000002
7 0.0390625 0.6615249999999999 0.023437 0.024349999999999983
7 0.038574 0.767855 0.024413999999999998 0.025969999999999938
7 0.038574 0.8701300000000001 0.024413999999999998 0.025980000000000003
7 0.038574 0.9788950000000001 0.024413999999999998 0.025969999999999938
7 0.0356445 0.9237 0.022461 0.012979999999999992
7 0.036133 0.818995 0.021484 0.014610000000000012
7 0.035156 0.713475 0.021484 0.014610000000000012
7 0.035156 0.607955 0.021484 0.014610000000000012
7 0.035156 0.501625 0.021484 0.012990000000000002
7 0.0385745 0.392045 0.022461000000000002 0.014609999999999956
7 0.0385745 0.28652500000000003 0.022461000000000002 0.014609999999999956
7 0.041015499999999996 0.17938500000000002 0.021484999999999997 0.014609999999999984
7 0.042969 0.075487 0.021484000000000003 0.014609999999999998
7 0.17529 0.203735 0.016600000000000004 0.024349999999999983
7 0.17382999999999998 0.15828 0.017580000000000012 0.06006
7 0.16553 0.48295499999999997 0.016600000000000004 0.06006999999999996
7 0.16748000000000002 0.5267850000000001 0.014640000000000014 0.024349999999999983
7 0.16455 0.8125 0.016600000000000004 0.05031999999999992
7 0.16699 0.771915 0.015620000000000023 0.021109999999999962
7 0.16699 0.8514600000000001 0.015620000000000023 0.021100000000000008
7 0.750975 0.019480749999999998 0.021489999999999898 0.025974499999999998
7 0.75 0.12012999999999999 0.021479999999999944 0.02597999999999999
7 0.751955 0.223215 0.02149000000000001 0.027590000000000003
7 0.751955 0.32955 0.02149000000000001 0.029220000000000024
7 0.751465 0.434255 0.020509999999999917 0.030850000000000044
7 0.751465 0.5430200000000001 0.020509999999999917 0.03084000000000009
7 0.750975 0.652595 0.021489999999999898 0.03247
7 0.749025 0.762985 0.021489999999999898 0.03247
7 0.748535 0.872565 0.020509999999999917 0.030849999999999933
7 0.747555 0.983765 0.020510000000000028 0.03247
7 0.74756 0.9261349999999999 0.02635999999999994 0.017850000000000033
7 0.74707 0.81899 0.02733999999999992 0.017859999999999987
7 0.748535 0.7086049999999999 0.026370000000000005 0.017850000000000033
7 0.750485 0.5982149999999999 0.026370000000000005 0.017850000000000033
7 0.749515 0.48945 0.026370000000000005 0.017859999999999987
7 0.750485 0.38312 0.026370000000000005 0.019479999999999997
7 0.750485 0.27841 0.026370000000000005 0.017859999999999987
7 0.750485 0.17289 0.026370000000000005 0.017860000000000015
7 0.75195 0.0706165 0.02733999999999992 0.017857000000000005
7 0.0756835 0.0478895 0.016601000000000005 0.017856999999999998
7 0.0737305 0.09496950000000001 0.016601000000000005 0.017861000000000002
7 0.072754 0.15341 0.016602000000000006 0.017860000000000015
7 0.070801 0.19886500000000001 0.016602000000000006 0.017850000000000005
7 0.069824 0.26055 0.016602 0.017859999999999987
7 0.069824 0.30601 0.016602 0.017859999999999987
7 0.06884749999999999 0.36607 0.016600999999999998 0.017859999999999987
7 0.0668945 0.41315 0.016600999999999998 0.017859999999999987
7 0.065918 0.47484 0.016601999999999992 0.017859999999999987
7 0.0649415 0.52029 0.016601000000000005 0.017859999999999987
7 0.067871 0.94724 0.016602000000000006 0.017859999999999987
7 0.065918 0.89854 0.016601999999999992 0.017859999999999987
7 0.06542999999999999 0.83929 0.017577999999999996 0.019479999999999942
7 0.065918 0.796265 0.016601999999999992 0.01784999999999992
7 0.067383 0.73458 0.017578000000000003 0.017859999999999987
7 0.0649415 0.68588 0.016601000000000005 0.017859999999999987
7 0.065918 0.62419 0.016601999999999992 0.017859999999999987
7 0.0649415 0.5836049999999999 0.016601000000000005 0.017850000000000033
8 0.0170896 0.50162175 0.026366800000000003 0.9902565
8 0.06347649999999999 0.5024335 0.027342999999999992 0.978893
8 0.174805 0.50162515 0.025389999999999996 0.9837697
8 0.278325 0.50405845 0.03125 0.9918831
8 0.384765 0.50000005 0.03125 0.9902599
8 0.49609499999999995 0.50487015 0.031249999999999944 0.9902597
8 0.75 0.50405845 0.08203999999999989 0.9918831
8 0.90088 0.503247 0.02635999999999994 0.9837659999999999
10 0.95215 0.6006499999999999 0.07422000000000006 0.07467999999999997
10 0.95166 0.70292 0.07324000000000008 0.08441999999999994
10 0.95068 0.81088 0.07323999999999997 0.08604
10 0.95166 0.9147700000000001 0.07324000000000008 0.08604
10 0.94922 0.38068 0.07422000000000006 0.07629999999999998
10 0.950195 0.280035 0.07617000000000007 0.07954999999999998
10 0.950195 0.175325 0.07617000000000007 0.07793
10 0.950685 0.080359 0.07519000000000009 0.07630200000000001
