1 0.7758799999999999 0.798175 0.03417999999999999 0.04427000000000003
0 0.504884 0.5332049999999999 0.980472 0.72005
2 0.932615 0.308595 0.10546999999999995 0.10677000000000003
2 0.932615 0.48633 0.08399000000000001 0.04818
4 0.161135 0.308595 0.019529999999999992 0.15884999999999996
4 0.16211 0.52995 0.019540000000000002 0.15886000000000006
4 0.16211 0.75651 0.019540000000000002 0.15886
4 0.331055 0.5306 0.017569999999999975 0.13932
4 0.327145 0.34375 0.013670000000000015 0.07032000000000005
4 0.328125 0.272785 0.01366999999999996 0.06901000000000002
4 0.328615 0.720055 0.014649999999999996 0.0703100000000001
4 0.328615 0.791015 0.014649999999999996 0.07160999999999995
4 0.512695 0.308595 0.04492999999999997 0.14063000000000003
4 0.513185 0.75651 0.04394999999999999 0.14061999999999997
4 0.6674800000000001 0.80078 0.01660000000000006 0.07291999999999998
4 0.6674800000000001 0.71224 0.01660000000000006 0.07291999999999998
4 0.6665 0.353515 0.016599999999999948 0.07161000000000001
4 0.66553 0.264975 0.01660000000000006 0.07160999999999998
4 0.8432599999999999 0.311845 0.024419999999999997 0.13151
4 0.83154 0.486325 0.010740000000000083 0.06641000000000002
4 0.83252 0.58073 0.010739999999999972 0.06769999999999998
4 0.811525 0.7734399999999999 0.01366999999999996 0.14844000000000002
7 0.510745 0.535155 0.058589999999999975 0.054690000000000016
7 0.53125 0.4707 0.05468000000000006 0.03515999999999997
7 0.53076 0.59961 0.05566000000000004 0.03515999999999997
7 0.54199 0.42578 0.10352 0.03386
7 0.53955 0.63737 0.10254000000000002 0.03255999999999992
7 0.681155 0.53906 0.03027000000000002 0.16145999999999994
7 0.062011500000000004 0.6425799999999999 0.040039000000000005 0.04818
7 0.796875 0.533855 0.044929999999999914 0.028649999999999953
7 0.69287 0.65625 0.06738 0.05729999999999991
7 0.69287 0.860025 0.06738 0.048169999999999935
7 0.6918949999999999 0.41667 0.06738999999999995 0.049480000000000024
7 0.6918949999999999 0.20638 0.06738999999999995 0.04818
7 0.732425 0.3125 0.037109999999999976 0.04166000000000003
7 0.222165 0.52995 0.02051 0.03386
7 0.22168 0.753255 0.02148 0.03255000000000008
7 0.223635 0.30729 0.02149000000000001 0.03386
8 0.19530999999999998 0.533855 0.03516 0.70833
8 0.688965 0.534505 0.04199000000000008 0.7122299999999999
10 0.90332 0.58333 0.07225999999999999 0.04947999999999997
10 0.8779300000000001 0.48568 0.023440000000000016 0.05207999999999996
10 0.8730450000000001 0.30859499999999995 0.01366999999999996 0.09115000000000001
3 0.246095 0.0657555 0.027350000000000013 0.092449
4 0.34375 0.0624975 0.011719999999999953 0.08072499999999999
1 0.14355 0.0651045 0.06250000000000001 0.04687499999999999
1 0.29932000000000003 0.0690105 0.0791 0.044271000000000005
1 0.1186525 0.277345 0.075195 0.04686999999999997
1 0.1196305 0.34115 0.075199 0.04947999999999997
1 0.117189 0.49609500000000006 0.08008200000000001 0.04687000000000002
1 0.11621100000000001 0.5625 0.080078 0.04688000000000003
1 0.116699 0.721355 0.079102 0.04686999999999997
1 0.118651 0.78776 0.079098 0.04688000000000003
1 0.28369 0.78971 0.07910000000000003 0.05078000000000005
1 0.28369500000000003 0.72266 0.07715 0.04947999999999997
1 0.28369 0.5638 0.07910000000000003 0.04947999999999997
1 0.28515999999999997 0.496745 0.08007999999999998 0.04816999999999999
1 0.28369 0.340495 0.07910000000000003 0.04816999999999999
1 0.28369 0.27669 0.07910000000000003 0.04818
1 0.4541 0.7897099999999999 0.08008000000000004 0.04818
1 0.4541 0.7213499999999999 0.08008000000000004 0.04948000000000008
1 0.427245 0.53841 0.08690999999999999 0.04818
1 0.45264000000000004 0.34114500000000003 0.0791 0.04687000000000002
1 0.45360999999999996 0.277345 0.0791 0.04686999999999997
1 0.605955 0.5397099999999999 0.08691000000000004 0.04818
1 0.62158 0.710935 0.07909999999999995 0.04427000000000003
1 0.62158 0.80013 0.08106000000000002 0.05078000000000005
1 0.62158 0.35482 0.08106000000000002 0.05077999999999999
1 0.62207 0.26758 0.08007999999999993 0.05078000000000002
1 0.791015 0.3444 0.07813000000000003 0.04818
1 0.79004 0.277995 0.07811999999999997 0.04816999999999999
1 0.79004 0.48633 0.07811999999999997 0.04818
1 0.79004 0.5800799999999999 0.07811999999999997 0.04818
1 0.436035 0.477865 0.09082999999999997 0.03125
1 0.43457 0.59701 0.09179999999999999 0.024739999999999984
1 0.61279 0.59701 0.09082000000000001 0.024739999999999984
1 0.612795 0.47916499999999995 0.08887 0.02865000000000001
3 0.365235 0.5332049999999999 0.08007000000000003 0.22004999999999997
2 0.903325 0.770835 0.15625 0.12239
