0 0.528079 0.24950984999999998 0.939902 0.4931603
0 0.5034483 0.74951 0.9931034 0.50098
1 0.268965 0.07665949999999999 0.15173000000000003 0.07910099999999999
1 0.26601 0.23486 0.15172 0.07909999999999998
1 0.27192 0.40869 0.15171999999999997 0.0791
1 0.523155 0.075193 0.16354999999999997 0.080074
1 0.521675 0.23779 0.16257000000000005 0.07909999999999998
1 0.52759 0.40967 0.16256000000000004 0.0791
1 0.269455 0.5693349999999999 0.15664999999999998 0.08592999999999995
1 0.274385 0.7412099999999999 0.15665 0.08594000000000002
1 0.266505 0.9116200000000001 0.15665000000000004 0.08692
1 0.53251 0.908695 0.17043999999999998 0.08301000000000003
1 0.529555 0.7412099999999999 0.17045 0.08398000000000005
1 0.529555 0.572265 0.17045 0.08399000000000001
2 0.866995 0.067385 0.20295000000000007 0.07227
1 0.73054 0.067872 0.042360000000000064 0.092776
3 0.17389 0.0786125 0.04629999999999998 0.13183499999999998
3 0.176845 0.237305 0.04631000000000002 0.13085
3 0.176845 0.41259999999999997 0.04631000000000002 0.13184
3 0.43202 0.410645 0.04630000000000001 0.13183
3 0.427095 0.23877 0.04630999999999996 0.13184
3 0.42266 0.0786125 0.04730000000000001 0.13183499999999998
3 0.178325 0.5737300000000001 0.03153 0.13770000000000004
3 0.178325 0.742675 0.03153 0.13768999999999998
3 0.17537 0.91309 0.03151999999999999 0.13672000000000006
3 0.434485 0.91162 0.03153 0.13769999999999993
3 0.43349499999999996 0.7397450000000001 0.03153 0.13768999999999998
3 0.43152500000000005 0.57666 0.03153 0.13770000000000004
1 0.85665 0.800295 0.23546 0.33691000000000004
4 0.35813 0.07763550000000001 0.034479999999999955 0.11034900000000002
4 0.35911000000000004 0.237305 0.03448000000000001 0.11133000000000001
4 0.35911000000000004 0.413575 0.03448000000000001 0.11035
4 0.614285 0.07861399999999999 0.03449000000000002 0.11035199999999999
4 0.61921 0.244625 0.034479999999999955 0.11035
4 0.62512 0.41064500000000004 0.034480000000000066 0.11035
4 0.35813 0.57373 0.034479999999999955 0.11036000000000001
4 0.361085 0.739745 0.03449000000000002 0.11034999999999995
4 0.35911000000000004 0.9130849999999999 0.03448000000000001 0.11133000000000004
4 0.6261099999999999 0.907225 0.034479999999999955 0.11133000000000004
4 0.6261099999999999 0.7382850000000001 0.034479999999999955 0.11133000000000004
4 0.62512 0.57666 0.034480000000000066 0.1103599999999999
8 0.0955645 0.24950955 0.07093100000000001 0.4814409
8 0.07044349999999999 0.752445 0.123153 0.48535000000000006
7 0.08423649999999999 0.52979 0.095567 0.03417999999999999
7 0.0812785 0.677735 0.09950300000000001 0.037109999999999976
7 0.08128099999999999 0.828125 0.097538 0.037109999999999976
7 0.0837415 0.978025 0.09457700000000001 0.03222999999999998
7 0.054187 0.571775 0.037438 0.026370000000000005
7 0.0561575 0.609375 0.037439 0.025390000000000024
7 0.0551725 0.6450199999999999 0.037439 0.02636000000000005
7 0.05665 0.723145 0.038424 0.026370000000000005
7 0.0561575 0.7583 0.037439 0.02636000000000005
7 0.0561575 0.793945 0.037439 0.025390000000000024
7 0.0551725 0.874515 0.037439 0.026370000000000005
7 0.0551725 0.910645 0.037439 0.026370000000000005
7 0.0561575 0.946285 0.037439 0.025390000000000024
10 0.836455 0.320315 0.2738900000000001 0.34375
2 0.87734 0.5424800000000001 0.20592 0.07520000000000004
