0 0.503906 0.301693 0.429688 0.064087
0 0.656738 0.202539 0.122070 0.068924
0 0.500000 0.500605 1.000000 0.998791
6 0.172363 0.952842 0.104492 0.077388
6 0.534180 0.934704 0.054688 0.072551
6 0.788086 0.866385 0.025391 0.025393
6 0.220703 0.870012 0.169922 0.039903
6 0.067871 0.919589 0.133789 0.153567
6 0.577637 0.914148 0.530273 0.154776
2 0.210449 0.901451 0.182617 0.022975
2 0.244629 0.792019 0.059570 0.043531
2 0.442383 0.793833 0.058594 0.049577
2 0.156738 0.791415 0.057617 0.044740
2 0.540527 0.790206 0.057617 0.044740
2 0.745117 0.788392 0.042969 0.048368
2 0.818359 0.784764 0.052734 0.045949
2 0.354004 0.784764 0.063477 0.050786
2 0.659668 0.783555 0.063477 0.053204
2 0.057617 0.782950 0.058594 0.051995
2 0.441895 0.694075 0.057617 0.041112
2 0.541992 0.692866 0.060547 0.043531
2 0.817871 0.689238 0.049805 0.038694
2 0.744629 0.688634 0.041992 0.039903
2 0.156738 0.687424 0.084961 0.049577
2 0.354492 0.685006 0.062500 0.051995
2 0.247070 0.688029 0.089844 0.058041
2 0.059082 0.684401 0.057617 0.050786
2 0.658203 0.683797 0.064453 0.054414
2 0.947266 0.676542 0.060547 0.054414
2 0.243164 0.594921 0.058594 0.036276
2 0.541504 0.594317 0.059570 0.037485
2 0.441406 0.594317 0.056641 0.037485
2 0.155762 0.594317 0.057617 0.037485
2 0.817871 0.590689 0.053711 0.037485
2 0.744141 0.590689 0.039062 0.037485
2 0.353516 0.584643 0.058594 0.051995
2 0.057129 0.584039 0.059570 0.050786
2 0.950195 0.583434 0.060547 0.054414
2 0.659180 0.581016 0.064453 0.054414
2 0.441895 0.495163 0.059570 0.035067
2 0.818848 0.492745 0.053711 0.032648
2 0.743652 0.491536 0.041992 0.035067
2 0.539551 0.493349 0.059570 0.038694
2 0.154297 0.486699 0.080078 0.049577
2 0.244629 0.487304 0.096680 0.058041
2 0.058105 0.483071 0.059570 0.051995
2 0.352539 0.481862 0.060547 0.051995
2 0.947754 0.480653 0.061523 0.051995
2 0.659668 0.480653 0.063477 0.054414
2 0.243652 0.396614 0.057617 0.029021
2 0.154785 0.396614 0.059570 0.029021
2 0.536621 0.395405 0.059570 0.031439
2 0.444824 0.395405 0.059570 0.031439
2 0.057129 0.386336 0.059570 0.051995
2 0.804199 0.383313 0.166992 0.048368
2 0.945312 0.381499 0.060547 0.054414
2 0.351562 0.380895 0.064453 0.053204
2 0.656250 0.380290 0.064453 0.054414
2 0.535645 0.296856 0.059570 0.025393
2 0.440918 0.296252 0.057617 0.026602
2 0.261230 0.283555 0.055664 0.047158
2 0.202637 0.283555 0.055664 0.047158
2 0.145996 0.283555 0.055664 0.047158
2 0.058594 0.285369 0.058594 0.050786
2 0.945312 0.284764 0.060547 0.051995
2 0.801758 0.285369 0.169922 0.055623
2 0.656250 0.282346 0.060547 0.054414
2 0.353027 0.281137 0.061523 0.054414
2 0.159180 0.198307 0.056641 0.009674
2 0.244629 0.196493 0.059570 0.013301
2 0.441406 0.199516 0.058594 0.021765
2 0.655762 0.186215 0.059570 0.038694
2 0.865723 0.189238 0.026367 0.049577
2 0.838379 0.189238 0.026367 0.049577
2 0.811035 0.189238 0.026367 0.049577
2 0.757324 0.189238 0.079102 0.049577
2 0.060059 0.188029 0.057617 0.051995
2 0.940918 0.186820 0.059570 0.054414
2 0.551270 0.184401 0.088867 0.051995
2 0.350098 0.181983 0.063477 0.054414
2 0.809570 0.103990 0.052734 0.014510
2 0.736328 0.102781 0.041016 0.016929
2 0.244629 0.099154 0.059570 0.009674
2 0.441406 0.099758 0.056641 0.018138
2 0.937988 0.093108 0.061523 0.048368
2 0.062012 0.092503 0.059570 0.051995
2 0.651855 0.084643 0.063477 0.053204
2 0.352051 0.082830 0.061523 0.049577
2 0.548828 0.082225 0.095703 0.053204
3 0.800781 0.750302 0.388672 0.032648
3 0.207520 0.750302 0.409180 0.032648
3 0.799805 0.650544 0.394531 0.024184
3 0.350586 0.650544 0.119141 0.024184
3 0.058594 0.650544 0.107422 0.024184
3 0.501953 0.550181 0.992188 0.029021
3 0.645020 0.448005 0.706055 0.032648
3 0.060059 0.448005 0.108398 0.032648
3 0.943359 0.350060 0.111328 0.032648
3 0.363770 0.350060 0.713867 0.032648
3 0.941895 0.253325 0.110352 0.032648
3 0.503418 0.253325 0.428711 0.032648
3 0.061523 0.253325 0.113281 0.032648
3 0.939453 0.151753 0.121094 0.032648
3 0.656738 0.151753 0.122070 0.032648
3 0.257324 0.151753 0.499023 0.032648
11 0.580078 0.952237 0.031250 0.076179
11 0.265625 0.952237 0.074219 0.081016
11 0.469727 0.943168 0.054688 0.091898
5 0.205078 0.831923 0.177734 0.036276
5 0.508301 0.829504 0.188477 0.033857
5 0.812012 0.825877 0.172852 0.036276
5 0.509277 0.740629 0.194336 0.051995
5 0.202148 0.737001 0.177734 0.049577
5 0.809082 0.733374 0.172852 0.049577
5 0.506348 0.637848 0.192383 0.049577
5 0.201660 0.637848 0.178711 0.049577
5 0.811035 0.634220 0.172852 0.049577
5 0.506348 0.537485 0.192383 0.049577
5 0.202637 0.536276 0.178711 0.049577
5 0.807129 0.533857 0.172852 0.049577
5 0.505371 0.435913 0.192383 0.049577
5 0.202637 0.436518 0.178711 0.050786
5 0.807129 0.432285 0.172852 0.049577
5 0.805176 0.334341 0.172852 0.049577
5 0.505371 0.334341 0.192383 0.049577
5 0.203613 0.335550 0.176758 0.056832
5 0.804199 0.238210 0.172852 0.048368
5 0.503418 0.235187 0.192383 0.049577
5 0.204590 0.231560 0.176758 0.056832
5 0.801758 0.137848 0.171875 0.053204
5 0.502441 0.133615 0.192383 0.049577
5 0.205078 0.134220 0.175781 0.060459
10 0.076172 0.371221 0.015625 0.014510
10 0.057617 0.372430 0.015625 0.016929
10 0.038574 0.372430 0.016602 0.016929
10 0.959473 0.173519 0.016602 0.008464
10 0.930664 0.190447 0.037109 0.044740
10 0.062012 0.080411 0.016602 0.022975
10 0.042969 0.083434 0.015625 0.029021
10 0.081055 0.079807 0.017578 0.024184
