0 0.57666 0.5492400000000001 0.84472 0.6742400000000001
1 0.61523 0.434975 0.0625 0.06186999999999998
1 0.61572 0.5991150000000001 0.06152000000000002 0.06186999999999998
1 0.61523 0.76452 0.0625 0.061860000000000026
1 0.50391 0.76452 0.062499999999999944 0.061860000000000026
1 0.5043949999999999 0.5991150000000001 0.061529999999999974 0.06186999999999998
1 0.50537 0.434975 0.06152000000000002 0.06186999999999998
1 0.393555 0.600375 0.06054999999999999 0.06187000000000009
1 0.393555 0.7638849999999999 0.06054999999999999 0.06313000000000002
1 0.393065 0.435605 0.05957000000000001 0.06312999999999996
1 0.71289 0.7657849999999999 0.056640000000000024 0.06186999999999998
1 0.71338 0.600375 0.05566000000000004 0.06187000000000009
1 0.714845 0.434975 0.054690000000000016 0.06186999999999998
1 0.83594 0.767045 0.07811999999999997 0.06186999999999998
1 0.834965 0.599745 0.07616999999999996 0.06313000000000002
1 0.944825 0.76831 0.06542999999999999 0.07954000000000006
1 0.9443349999999999 0.599745 0.06445000000000001 0.08081000000000005
1 0.948735 0.24369 0.0654300000000001 0.04797999999999997
1 0.27539 0.76452 0.04687999999999998 0.05933999999999995
1 0.27685499999999996 0.60164 0.047850000000000004 0.05934000000000006
1 0.27636499999999997 0.440025 0.04687000000000002 0.059350000000000014
1 0.19824 0.7657849999999999 0.04102 0.04419000000000006
1 0.19922 0.60543 0.04102 0.04420000000000002
1 0.19873000000000002 0.44633500000000004 0.04200000000000001 0.04419000000000001
4 0.6499 0.599115 0.010739999999999972 0.06945000000000001
4 0.6499 0.765785 0.010739999999999972 0.06945000000000001
4 0.648925 0.43434 0.010750000000000037 0.06818000000000002
4 0.538575 0.60038 0.010750000000000037 0.06943999999999995
4 0.5376 0.76452 0.010739999999999972 0.06943999999999995
4 0.538575 0.43371000000000004 0.010750000000000037 0.06944
5 0.293945 0.546715 0.05273 0.66667
5 0.754395 0.7657849999999999 0.03027000000000002 0.08206999999999998
5 0.752925 0.5984849999999999 0.03125 0.08080999999999994
5 0.86963 0.546085 0.05176000000000003 0.65783
6 0.39453 0.42235 0.056640000000000024 0.03156000000000003
6 0.39453 0.45202 0.056640000000000024 0.02777999999999997
6 0.39453 0.58649 0.056640000000000024 0.03155999999999992
6 0.39453 0.61616 0.056640000000000024 0.027780000000000027
6 0.39551000000000003 0.74874 0.05663999999999997 0.030299999999999994
6 0.39551000000000003 0.77904 0.05663999999999997 0.030299999999999994
6 0.504395 0.74937 0.057609999999999995 0.03156000000000003
6 0.50391 0.7803 0.05663999999999997 0.030299999999999994
6 0.50586 0.61553 0.05663999999999997 0.029039999999999955
6 0.50537 0.58144 0.057620000000000005 0.021459999999999924
6 0.50488 0.41793 0.056640000000000024 0.022720000000000018
6 0.50586 0.45076 0.05663999999999997 0.027780000000000027
6 0.6147450000000001 0.458965 0.05957000000000001 0.011369999999999991
6 0.6147450000000001 0.41225 0.05957000000000001 0.011360000000000037
6 0.6152299999999999 0.58586 0.05663999999999991 0.030299999999999994
6 0.614745 0.6155299999999999 0.05760999999999994 0.026519999999999988
6 0.61426 0.78093 0.056640000000000024 0.029039999999999955
6 0.614745 0.75 0.05760999999999994 0.030299999999999994
6 0.71289 0.7399 0.05468000000000006 0.010099999999999998
6 0.71289 0.7910349999999999 0.05468000000000006 0.008830000000000005
6 0.71338 0.574495 0.05566000000000004 0.010110000000000063
6 0.725585 0.61995 0.07813000000000003 0.022720000000000073
6 0.83594 0.6186849999999999 0.07421999999999995 0.022730000000000028
6 0.83545 0.575755 0.07520000000000004 0.01263000000000003
6 0.83594 0.7436849999999999 0.07811999999999997 0.01263000000000003
6 0.83545 0.79167 0.07713999999999999 0.010099999999999998
1 0.84033 0.23547999999999997 0.07519999999999993 0.04419999999999999
6 0.84326 0.21843 0.06933999999999996 0.010100000000000026
6 0.84033 0.25126 0.07323999999999997 0.01009999999999997
7 0.5625 0.5991150000000001 0.023439999999999905 0.026509999999999923
7 0.5625 0.7645200000000001 0.023439999999999905 0.026519999999999988
7 0.5629900000000001 0.43371 0.024419999999999997 0.026519999999999988
8 0.328125 0.569445 0.06835000000000002 0.6161700000000001
8 0.23486 0.60164 0.034180000000000016 0.5543
8 0.447265 0.58523 0.04492999999999997 0.5846
8 0.77832 0.573865 0.03516000000000008 0.60985
9 0.623535 0.517045 0.28417 0.04418999999999995
9 0.625 0.6837150000000001 0.28319999999999995 0.04419000000000006
9 0.623535 0.847225 0.28417 0.04292999999999991
9 0.62402 0.350375 0.28319999999999995 0.04419000000000001
9 0.4668 0.516415 0.029299999999999993 0.06061
9 0.467775 0.68308 0.03125 0.06059999999999999
9 0.465825 0.844695 0.03125 0.06061000000000005
9 0.467285 0.35101 0.03027000000000002 0.06059999999999999
1 0.35009999999999997 0.9261349999999999 0.04004000000000002 0.05429000000000006
1 0.43066499999999996 0.9274 0.05468999999999996 0.05682000000000009
1 0.20459 0.92361 0.03808 0.05175999999999992
1 0.20410499999999998 0.9753799999999999 0.037110000000000004 0.046719999999999984
1 0.49756 0.9267650000000001 0.03807999999999995 0.05303000000000002
1 0.583985 0.93119 0.044930000000000025 0.05934000000000006
6 0.19922 0.434975 0.03906000000000001 0.02146999999999999
6 0.19922 0.45643999999999996 0.03906000000000001 0.02145999999999998
6 0.200195 0.5947 0.03907000000000002 0.020199999999999996
6 0.19922 0.616795 0.03906000000000001 0.02146999999999999
6 0.19922 0.75505 0.03906000000000001 0.020199999999999996
6 0.19775500000000001 0.7758849999999999 0.038089999999999985 0.02146999999999999
6 0.27637 0.42677 0.04491999999999996 0.030299999999999994
6 0.27637 0.455175 0.04491999999999996 0.026510000000000034
6 0.27588 0.6155299999999999 0.045899999999999996 0.026519999999999988
6 0.27637 0.58775 0.04491999999999996 0.0265200000000001
6 0.27539 0.75 0.04687999999999998 0.030299999999999994
6 0.27539 0.77904 0.04687999999999998 0.027780000000000027
