0 0.50127875 0.5059825 0.9974425 0.984615
1 0.2711 0.24615 0.11764 0.1094
1 0.49616499999999997 0.24273499999999998 0.11764999999999998 0.10940999999999998
1 0.726345 0.246155 0.11765000000000003 0.10599000000000003
1 0.11125449999999999 0.42478499999999997 0.09463099999999999 0.09742999999999996
1 0.11125449999999999 0.5769249999999999 0.09463099999999999 0.09743000000000002
1 0.31457999999999997 0.42564 0.10742000000000002 0.09914
1 0.31457999999999997 0.578635 0.10742000000000002 0.10085
1 0.5243 0.42393000000000003 0.10742000000000002 0.09913999999999995
1 0.526855 0.578635 0.10740999999999995 0.10085
1 0.735295 0.42478499999999997 0.09462999999999999 0.09742999999999996
1 0.730175 0.58034 0.09462999999999999 0.09743999999999997
1 0.269825 0.7427349999999999 0.11509 0.10426999999999997
1 0.494885 0.7453000000000001 0.11508999999999997 0.10598000000000007
1 0.717395 0.74359 0.11508999999999991 0.10597999999999996
1 0.0831205 0.729915 0.043479 0.09915000000000007
1 0.29284 0.10256599999999999 0.06906000000000001 0.04786800000000001
1 0.51407 0.10000200000000001 0.08183999999999997 0.049575999999999995
1 0.7289 0.1025665 0.09207999999999994 0.051286999999999985
1 0.50895 0.90598 0.07671999999999995 0.047860000000000014
1 0.726345 0.9068350000000001 0.09206999999999999 0.046150000000000024
1 0.29284 0.90598 0.06906000000000001 0.047860000000000014
3 0.0370845 0.728205 0.038362999999999994 0.15727000000000002
3 0.0409205 0.26325 0.040921 0.15726
5 0.37468 0.092307 0.10998000000000002 0.150426
5 0.5959099999999999 0.091452 0.10741999999999996 0.14871600000000001
5 0.81714 0.09316150000000001 0.10485999999999995 0.148717
5 0.36829 0.9068350000000001 0.1023 0.17607000000000006
5 0.59463 0.9085449999999999 0.09973999999999994 0.17607000000000006
5 0.8133 0.9085449999999999 0.10230000000000006 0.17607000000000006
6 0.5153449999999999 0.1000015 0.07416999999999996 0.04615699999999999
6 0.7289 0.103421 0.08695999999999993 0.046158000000000005
6 0.681585 0.24701 0.017910000000000093 0.10085999999999998
6 0.45269000000000004 0.244445 0.020459999999999978 0.10257
6 0.494885 0.42393000000000003 0.038370000000000015 0.09571999999999997
6 0.102302 0.5777749999999999 0.066496 0.09572999999999998
6 0.73146 0.579485 0.08695999999999993 0.09572999999999998
6 0.277495 0.905985 0.03325 0.04103000000000001
8 0.8235300000000001 0.507692 0.11253999999999997 0.981196
8 0.5626599999999999 0.508546 0.05626000000000009 0.9726480000000001
8 0.349105 0.504272 0.05883000000000005 0.974356
10 0.9335 0.176067 0.12275999999999998 0.317946
10 0.93862 0.424785 0.11763999999999997 0.17607000000000006
10 0.93862 0.61795 0.11763999999999997 0.2102599999999999
10 0.9347799999999999 0.83419 0.12532 0.2188
1 0.08567949999999999 0.264955 0.043481000000000006 0.09914999999999999
