0 0.5004897 0.505827 0.9892606 0.9720260000000001
1 0.231935 0.13112000000000001 0.07714999999999997 0.05478000000000001
1 0.246585 0.29603999999999997 0.06542999999999999 0.04662000000000005
1 0.404785 0.29429000000000005 0.07518999999999998 0.04546
1 0.39697499999999997 0.130535 0.08300999999999997 0.053610000000000005
1 0.551755 0.125294 0.08203000000000005 0.052451999999999985
1 0.561035 0.295455 0.08104999999999996 0.05011000000000004
1 0.56006 0.39685000000000004 0.07909999999999995 0.05012
1 0.561525 0.498255 0.07812999999999992 0.05244999999999994
1 0.71484 0.129955 0.06835999999999998 0.050110000000000016
1 0.868655 0.295455 0.08300999999999992 0.05011000000000004
1 0.404785 0.39627 0.07518999999999998 0.046619999999999995
1 0.40576 0.49824999999999997 0.07519999999999999 0.04546
1 0.40576 0.600815 0.07519999999999999 0.04544999999999999
1 0.404785 0.7028000000000001 0.07518999999999998 0.046619999999999995
1 0.404785 0.80711 0.07518999999999998 0.045460000000000056
1 0.404785 0.9085099999999999 0.07518999999999998 0.045459999999999945
1 0.5605450000000001 0.6002350000000001 0.07812999999999992 0.053610000000000047
1 0.561035 0.702215 0.0791099999999999 0.05245
1 0.561525 0.804195 0.07812999999999992 0.053609999999999935
1 0.56006 0.9073450000000001 0.07909999999999995 0.05245
1 0.7168 0.295455 0.06835999999999998 0.05011000000000004
1 0.7168 0.39569 0.06835999999999998 0.05012
1 0.7168 0.49942 0.06835999999999998 0.05011999999999994
1 0.71582 0.59965 0.06835999999999998 0.05011999999999994
1 0.71582 0.7028 0.06835999999999998 0.05127999999999999
1 0.7168 0.8059449999999999 0.06835999999999998 0.05010999999999999
1 0.71777 0.9085099999999999 0.06835999999999998 0.05012000000000005
1 0.88428 0.12762300000000001 0.11425999999999992 0.066434
1 0.869625 0.39569 0.08301000000000003 0.05012
1 0.870115 0.49825 0.08203000000000005 0.05012000000000005
1 0.870115 0.6008150000000001 0.08203000000000005 0.05010999999999999
1 0.871095 0.70338 0.08202999999999994 0.05011999999999994
1 0.871095 0.8059449999999999 0.08202999999999994 0.05010999999999999
1 0.871095 0.907925 0.08202999999999994 0.04895000000000005
1 0.245115 0.39802000000000004 0.06641000000000002 0.04546
1 0.246585 0.49941500000000005 0.06542999999999999 0.045450000000000046
1 0.24755500000000003 0.6013999999999999 0.06543000000000002 0.046619999999999995
1 0.24804500000000002 0.7028000000000001 0.06641 0.046619999999999995
1 0.246585 0.805945 0.06542999999999999 0.04544999999999999
1 0.24560500000000002 0.9114199999999999 0.06543000000000002 0.046619999999999995
1 0.0986325 0.139275 0.046875 0.03613000000000001
3 0.35156 0.291375 0.03320000000000001 0.09557000000000002
3 0.35156 0.39510500000000004 0.03320000000000001 0.09556999999999999
3 0.351075 0.497665 0.032230000000000036 0.09556999999999999
3 0.351075 0.6002350000000001 0.032230000000000036 0.09557000000000004
3 0.348145 0.701635 0.03222999999999998 0.09556999999999993
3 0.350095 0.805365 0.03222999999999998 0.09556999999999993
3 0.350095 0.909095 0.03222999999999998 0.09556999999999993
3 0.50391 0.29021 0.07421999999999995 0.10256000000000001
3 0.504885 0.39219000000000004 0.07226999999999995 0.10139999999999999
3 0.50488 0.49417 0.07421999999999995 0.10255999999999998
3 0.50537 0.5973200000000001 0.07323999999999997 0.10140000000000005
3 0.5043949999999999 0.6993 0.07324999999999993 0.10255999999999998
3 0.50391 0.80128 0.07421999999999995 0.10139999999999993
3 0.503905 0.90385 0.07616999999999996 0.10140000000000005
3 0.47558500000000004 0.1194625 0.058589999999999975 0.148015
4 0.6084 0.115384 0.03320000000000001 0.125872
4 0.61328 0.29312000000000005 0.029299999999999993 0.08507999999999999
4 0.6137699999999999 0.39627 0.030279999999999974 0.08392
4 0.614745 0.497085 0.03027000000000002 0.08275000000000005
4 0.6137699999999999 0.59965 0.030279999999999974 0.08041999999999994
4 0.614255 0.702215 0.03125 0.08274999999999999
4 0.61426 0.80594 0.029299999999999993 0.08041999999999994
4 0.614255 0.90676 0.03125 0.07926
4 0.754885 0.12471100000000002 0.01366999999999996 0.07925800000000001
4 0.755375 0.29254 0.014650000000000052 0.0746
4 0.75586 0.39510500000000004 0.013680000000000025 0.07458999999999999
4 0.754885 0.49709 0.01366999999999996 0.07575999999999994
4 0.754885 0.5984849999999999 0.01366999999999996 0.07108999999999999
4 0.754885 0.70163 0.01366999999999996 0.07225999999999999
4 0.755375 0.80536 0.014650000000000052 0.07225999999999999
4 0.75586 0.90734 0.013680000000000025 0.07110000000000005
5 0.302735 0.120629 0.07617000000000002 0.157342
7 0.205565 0.0361305 0.03809000000000001 0.030303
7 0.206545 0.22261 0.03809000000000001 0.027980000000000005
7 0.24120999999999998 0.19639 0.06639999999999999 0.017479999999999996
7 0.236815 0.06118900000000001 0.061529999999999974 0.012820000000000005
7 0.34424 0.12704 0.022460000000000035 0.02797999999999999
7 0.17041 0.1258725 0.03808 0.067595
7 0.8154250000000001 0.12704000000000001 0.025389999999999913 0.034960000000000005
7 0.815915 0.29254 0.024409999999999932 0.03495999999999999
7 0.8154250000000001 0.39452 0.025389999999999913 0.0338
7 0.815915 0.497085 0.026369999999999894 0.036129999999999995
7 0.81592 0.6002350000000001 0.028320000000000012 0.03497000000000006
7 0.816895 0.702215 0.026370000000000005 0.038470000000000004
7 0.816895 0.80594 0.026370000000000005 0.03380000000000005
7 0.816405 0.90734 0.027349999999999985 0.03379999999999994
8 0.18017499999999997 0.50466 0.08301 0.9627
8 0.29296999999999995 0.50466 0.05077999999999999 0.9627
8 0.6362300000000001 0.4982505 0.08496000000000004 0.9452189999999999
8 0.9292 0.5069915 0.04393999999999998 0.953377
9 0.231935 0.169 0.07714999999999997 0.01632
9 0.230465 0.0734265 0.07617000000000002 0.016316999999999998
9 0.17725000000000002 0.0716785 0.028319999999999984 0.036131
9 0.17871 0.168415 0.029299999999999993 0.036129999999999995
9 0.552245 0.16142499999999999 0.08105000000000007 0.019810000000000022
9 0.552735 0.0792545 0.08006999999999997 0.016316999999999998
9 0.5087900000000001 0.079837 0.00782000000000005 0.029137999999999997
9 0.5078149999999999 0.160255 0.007809999999999984 0.02681
