0 0.50048985 0.5005359 0.9951203 0.9989282
1 0.585935 0.50161 0.09375 0.07074000000000003
1 0.587405 0.357985 0.09472999999999998 0.07072999999999996
1 0.5883799999999999 0.6463 0.09472000000000003 0.07074000000000003
1 0.43847499999999995 0.64898 0.07227 0.06752000000000002
1 0.43994 0.5021450000000001 0.07323999999999997 0.06752999999999998
1 0.4375 0.357985 0.07225999999999999 0.06645000000000001
1 0.43457 0.8687050000000001 0.0625 0.06967000000000001
1 0.43555 0.139875 0.0625 0.06967000000000001
1 0.104981 0.14523 0.051758 0.06966
1 0.1040025 0.40836 0.051754999999999995 0.07074000000000003
1 0.1040025 0.5975349999999999 0.051754999999999995 0.06967000000000001
1 0.1040025 0.86602 0.051754999999999995 0.07074000000000003
1 0.21045000000000003 0.86495 0.05176 0.07074000000000003
1 0.21045000000000003 0.59807 0.05176 0.07074000000000003
1 0.20751999999999998 0.40836 0.05176 0.07074000000000003
1 0.20947 0.14362 0.05176 0.07074000000000001
1 0.316405 0.1425495 0.08789000000000002 0.096461
1 0.31738500000000003 0.35691 0.08788999999999997 0.09645999999999999
1 0.318355 0.505895 0.08789000000000002 0.09647
1 0.31738500000000003 0.64523 0.08788999999999997 0.09645999999999999
1 0.318355 0.866025 0.08789000000000002 0.09646999999999994
1 0.748535 0.86495 0.06738999999999995 0.07074000000000003
1 0.74902 0.1361185 0.06835999999999998 0.075023
1 0.559085 0.1184375 0.11621000000000004 0.112545
1 0.56055 0.19078 0.11914000000000002 0.025719999999999993
1 0.56152 0.051983 0.11914000000000002 0.011790000000000002
1 0.5571250000000001 0.88478 0.11621000000000004 0.11254000000000008
1 0.56006 0.8135 0.11816000000000004 0.023579999999999934
1 0.561035 0.95284 0.11231000000000002 0.010720000000000063
1 0.742675 0.50429 0.11424999999999996 0.194
1 0.74707 0.33333500000000005 0.10938000000000003 0.12433
1 0.745115 0.673095 0.10936999999999997 0.12433000000000005
2 0.9296850000000001 0.50482 0.13280999999999998 0.10717999999999994
5 0.1245135 0.1377265 0.05957299999999999 0.129687
5 0.123535 0.407825 0.05957000000000001 0.12968999999999997
5 0.1220685 0.60075 0.060543 0.12968000000000002
5 0.2334 0.136118 0.06835999999999998 0.135044
5 0.234375 0.40568 0.07030999999999998 0.12754
5 0.234375 0.6012850000000001 0.07030999999999998 0.12646999999999997
5 0.354005 0.132906 0.06347000000000003 0.13290800000000003
5 0.355955 0.356375 0.05957000000000001 0.13183
5 0.354005 0.504285 0.05957000000000001 0.13183000000000006
5 0.354985 0.64791 0.05957000000000001 0.13183999999999996
5 0.461425 0.13343850000000002 0.07129000000000002 0.187563
5 0.46045 0.879955 0.06934000000000001 0.19506999999999997
5 0.467775 0.50375 0.07030999999999998 0.49732000000000004
5 0.62549 0.5021450000000001 0.06347999999999998 0.50053
5 0.811525 0.124866 0.06445000000000001 0.200428
5 0.8129850000000001 0.87835 0.06542999999999999 0.20041999999999993
6 0.107909 0.12754500000000002 0.043941999999999995 0.034290000000000015
6 0.10693549999999999 0.16238000000000002 0.043949 0.03322
6 0.106934 0.391745 0.04199199999999999 0.03322999999999998
6 0.106934 0.426045 0.04199199999999999 0.03322999999999998
6 0.10107449999999998 0.6173649999999999 0.053710999999999995 0.03000999999999998
6 0.10107449999999998 0.5809249999999999 0.053710999999999995 0.03000999999999998
6 0.105959 0.84727 0.045902 0.031079999999999997
6 0.106447 0.88049 0.044925999999999994 0.031079999999999997
6 0.21094000000000002 0.11951 0.046880000000000005 0.018220000000000014
6 0.211425 0.16023500000000002 0.04394999999999999 0.03323000000000001
6 0.211425 0.38424 0.04394999999999999 0.01821999999999996
6 0.21093499999999998 0.424975 0.04296999999999998 0.03322999999999998
6 0.21045 0.5803849999999999 0.04980000000000001 0.03322999999999998
6 0.21093499999999998 0.61522 0.04883000000000001 0.032159999999999966
6 0.20947500000000002 0.846735 0.04980999999999999 0.03000999999999998
6 0.209965 0.879955 0.04883000000000001 0.03000999999999998
6 0.32959 0.83119 0.06152000000000002 0.020359999999999934
6 0.32959 0.903 0.06152000000000002 0.020360000000000045
6 0.291015 0.8654850000000001 0.025389999999999968 0.08039000000000007
6 0.29052500000000003 0.646835 0.024409999999999987 0.08466999999999991
6 0.329105 0.68328 0.06054999999999999 0.024659999999999904
6 0.33154 0.610395 0.06152000000000002 0.02465000000000006
6 0.330075 0.54019 0.06054999999999999 0.023580000000000045
6 0.33447499999999997 0.48070500000000005 0.059569999999999956 0.03750999999999999
6 0.291505 0.504285 0.026370000000000005 0.08466999999999997
6 0.32764 0.392285 0.06347999999999998 0.01929000000000003
6 0.32959 0.32208000000000003 0.06347999999999998 0.02250000000000002
6 0.291015 0.36013 0.025389999999999968 0.08574000000000004
6 0.291505 0.143085 0.024409999999999987 0.08039
6 0.32715 0.17631 0.058599999999999985 0.018220000000000014
6 0.32715 0.1002145 0.06054000000000004 0.024651000000000006
6 0.436525 0.114145 0.05859000000000003 0.013929999999999998
6 0.43554499999999996 0.16131 0.058589999999999975 0.020360000000000017
6 0.438965 0.310825 0.07325000000000004 0.019289999999999974
6 0.43896500000000005 0.45713 0.07715 0.018220000000000014
6 0.43701500000000004 0.5471600000000001 0.07715 0.018220000000000014
6 0.43994 0.6666650000000001 0.06933999999999996 0.02786999999999995
6 0.43603499999999995 0.88317 0.057609999999999995 0.023579999999999934
6 0.58789 0.37995500000000004 0.09179999999999999 0.024650000000000005
6 0.583985 0.45552 0.09375 0.015000000000000013
6 0.5849599999999999 0.54823 0.09570000000000001 0.016080000000000094
6 0.5859399999999999 0.606645 0.09179999999999999 0.01715
6 0.587405 0.667205 0.08887 0.02464999999999995
6 0.729005 0.86388 0.020510000000000028 0.06430000000000002
6 0.7592749999999999 0.8328 0.043950000000000045 0.021440000000000015
6 0.7592749999999999 0.9137200000000001 0.04785000000000006 0.024660000000000015
6 0.75098 0.122725 0.0625 0.033229999999999996
6 0.75098 0.15648499999999999 0.0625 0.032149999999999984
3 0.6875 0.13344250000000002 0.058599999999999985 0.166135
3 0.68457 0.877275 0.05468000000000006 0.16613
7 0.393555 0.24705 0.013670000000000015 0.04393999999999998
7 0.39502000000000004 0.285635 0.016600000000000004 0.022509999999999974
7 0.39307000000000003 0.210075 0.016600000000000004 0.021429999999999977
7 0.39404 0.42979500000000004 0.016599999999999948 0.021430000000000005
7 0.39307000000000003 0.575025 0.016600000000000004 0.02251000000000003
7 0.39404 0.065916 0.016599999999999948 0.022508
7 0.39404 0.719725 0.016599999999999948 0.02250999999999992
7 0.39404 0.795285 0.016599999999999948 0.02143000000000006
7 0.39209000000000005 0.93837 0.016600000000000004 0.022499999999999964
7 0.393555 0.9764200000000001 0.013670000000000015 0.04501999999999995
7 0.39453499999999997 0.75777 0.013670000000000015 0.04501999999999995
7 0.39502 0.02733105 0.014639999999999986 0.0439439
8 0.03466805 0.503215 0.051757899999999996 0.98285
8 0.15137 0.503215 0.03320000000000001 0.98285
8 0.38867 0.504286 0.03320000000000001 0.9828479999999999
10 0.92822 0.1361195 0.13574000000000008 0.167201
10 0.927735 0.36281 0.13671 0.12112
10 0.92871 0.650055 0.13476 0.10825000000000007
10 0.926755 0.86602 0.12695 0.16505999999999998
