0 0.4573465 0.518065 0.8135870000000001 0.85449
1 0.268565 0.12109500000000001 0.056869999999999976 0.023430000000000006
1 0.268565 0.302735 0.056869999999999976 0.023430000000000006
1 0.268565 0.387695 0.056869999999999976 0.023430000000000006
1 0.273305 0.65723 0.056870000000000004 0.023440000000000016
1 0.274885 0.73828 0.056869999999999976 0.023440000000000016
1 0.278045 0.91211 0.056869999999999976 0.023440000000000016
1 0.508685 0.11914 0.05687000000000003 0.023440000000000003
1 0.510265 0.302735 0.056869999999999976 0.023430000000000006
1 0.510265 0.387695 0.056869999999999976 0.023430000000000006
1 0.511845 0.6582 0.056869999999999976 0.023439999999999905
1 0.512635 0.7412099999999999 0.055290000000000006 0.023440000000000016
1 0.511845 0.916015 0.056869999999999976 0.023430000000000062
1 0.386255 0.11963 0.09637000000000001 0.03028
1 0.386255 0.302245 0.09637000000000001 0.03027000000000002
1 0.387045 0.387205 0.09478999999999999 0.030269999999999964
1 0.388625 0.657715 0.09479000000000004 0.030269999999999908
1 0.38941499999999996 0.740235 0.09637000000000001 0.029290000000000038
1 0.390995 0.9140600000000001 0.09637000000000001 0.029299999999999993
1 0.655605 0.36035 0.053709999999999924 0.009759999999999991
1 0.6540250000000001 0.38916 0.053710000000000035 0.00878000000000001
1 0.655605 0.418455 0.053709999999999924 0.00879000000000002
1 0.6540250000000001 0.46777500000000005 0.053710000000000035 0.009770000000000001
1 0.655605 0.49609499999999995 0.053709999999999924 0.009770000000000001
1 0.654815 0.52539 0.05213000000000001 0.009759999999999991
1 0.654815 0.5532250000000001 0.05213000000000001 0.008789999999999965
1 0.6540250000000001 0.582515 0.053710000000000035 0.008790000000000076
1 0.654815 0.63086 0.05213000000000001 0.009759999999999991
1 0.654815 0.658695 0.05213000000000001 0.008789999999999965
1 0.653235 0.6875 0.05213000000000001 0.009759999999999991
1 0.77725 0.36084 0.05371999999999999 0.00878000000000001
1 0.7780400000000001 0.38965 0.052139999999999964 0.009759999999999991
1 0.77883 0.41797 0.05371999999999999 0.009759999999999991
1 0.77725 0.46826500000000004 0.05371999999999999 0.00879000000000002
1 0.7780400000000001 0.49707 0.052139999999999964 0.009759999999999991
1 0.77725 0.5258750000000001 0.05371999999999999 0.008789999999999965
1 0.77725 0.554195 0.05371999999999999 0.008790000000000076
1 0.77725 0.583005 0.05371999999999999 0.009770000000000056
1 0.77725 0.6318349999999999 0.05371999999999999 0.009769999999999945
1 0.775675 0.660155 0.053709999999999924 0.009769999999999945
1 0.774095 0.6875 0.053710000000000035 0.009759999999999991
1 0.523695 0.52295 0.11532999999999999 0.03613999999999995
5 0.580565 0.526365 0.05845 0.17969000000000002
6 0.262245 0.120605 0.04106999999999997 0.02051
6 0.267775 0.302735 0.055290000000000006 0.021489999999999954
6 0.369665 0.119145 0.05687000000000003 0.02539000000000001
6 0.37914499999999995 0.302735 0.07583000000000001 0.02735000000000004
6 0.3594 0.387695 0.03634000000000004 0.027349999999999985
6 0.251975 0.65625 0.011050000000000004 0.021479999999999944
6 0.253555 0.7387699999999999 0.011049999999999977 0.020500000000000074
6 0.2575 0.911135 0.012639999999999985 0.019530000000000047
6 0.36177000000000004 0.914065 0.028439999999999965 0.025390000000000024
6 0.35387 0.740235 0.018960000000000032 0.025390000000000024
6 0.35545 0.657225 0.018959999999999977 0.027350000000000096
6 0.511845 0.658205 0.05370999999999998 0.02149000000000001
6 0.511845 0.740235 0.05370999999999998 0.02149000000000001
6 0.511845 0.91455 0.05370999999999998 0.020499999999999963
7 0.36651 0.45801000000000003 0.37598 0.027339999999999975
7 0.368875 0.58838 0.37441 0.02635999999999994
7 0.318325 0.521485 0.27647 0.06445000000000006
7 0.7188 0.390135 0.06004000000000009 0.07715
7 0.71564 0.5268550000000001 0.05687999999999993 0.19043
7 0.71564 0.65967 0.06003999999999998 0.07323999999999997
8 0.14771 0.522465 0.042660000000000003 0.84375
8 0.6018950000000001 0.5214845 0.04107000000000005 0.8437509999999999
6 0.50632 0.387695 0.04581999999999997 0.02149000000000001
6 0.48973 0.302735 0.012639999999999985 0.021489999999999954
6 0.48736 0.12012 0.01422000000000001 0.02148
