0 0.59737 0.12694919999999998 0.7965 0.2510616
0 0.59519 0.49929 0.7965 0.48794000000000004
1 0.338075 0.31701999999999997 0.09847 0.058160000000000045
1 0.33916999999999997 0.44468 0.10066000000000003 0.05815999999999999
1 0.34464 0.62766 0.08972000000000002 0.05815999999999999
1 0.530635 0.621985 0.09847 0.06098999999999999
1 0.532825 0.438295 0.09847 0.062409999999999966
1 0.53173 0.307095 0.10066000000000003 0.06098999999999999
1 0.7374149999999999 0.304255 0.10503000000000007 0.06098999999999999
1 0.7396050000000001 0.43759000000000003 0.10503000000000007 0.061
1 0.7374149999999999 0.61986 0.10503000000000007 0.059579999999999966
1 0.34135499999999996 0.18936 0.10064999999999996 0.05248000000000003
1 0.536105 0.18085 0.10065000000000002 0.05532000000000001
1 0.736325 0.17304999999999998 0.09847000000000006 0.056739999999999985
1 0.5459499999999999 0.81064 0.10721999999999998 0.055320000000000036
1 0.347925 0.81135 0.10941000000000001 0.05674000000000001
1 0.73851 0.81206 0.10722000000000009 0.055320000000000036
1 0.573305 0.91844 0.10941000000000001 0.0383
1 0.387305 0.91702 0.10941000000000001 0.0383
1 0.75821 0.9177299999999999 0.10721999999999998 0.03972000000000009
2 0.9387300000000001 0.302125 0.10066000000000008 0.059569999999999956
2 0.94092 0.439005 0.10065999999999997 0.06098999999999999
2 0.94967 0.9120550000000001 0.10065999999999997 0.05957000000000001
3 0.650985 0.175175 0.054710000000000036 0.08653
3 0.247265 0.187945 0.08753000000000002 0.10354999999999998
3 0.24945499999999998 0.31701999999999997 0.07876999999999998 0.10637999999999997
3 0.24617499999999998 0.448225 0.07220999999999997 0.10497000000000001
3 0.248355 0.6290800000000001 0.07221 0.10638000000000003
3 0.6531750000000001 0.304965 0.054709999999999925 0.08511000000000002
3 0.6531750000000001 0.439005 0.054709999999999925 0.08653
4 0.594095 0.30354499999999995 0.024069999999999925 0.07658999999999999
4 0.591905 0.4383 0.024070000000000036 0.0766
4 0.814005 0.43688 0.061269999999999936 0.0766
4 0.8150999999999999 0.306385 0.06345999999999996 0.07658999999999999
4 0.591905 0.17376 0.019689999999999985 0.0695
4 0.81291 0.17376 0.06345999999999996 0.0695
4 0.589715 0.621275 0.024070000000000036 0.07658999999999994
4 0.793215 0.62128 0.024070000000000036 0.07375999999999994
4 0.797595 0.81206 0.019690000000000096 0.07234000000000007
4 0.81072 0.91986 0.01532 0.05815999999999999
4 0.628005 0.9177299999999999 0.035009999999999986 0.04822000000000004
4 0.44092 0.921275 0.041580000000000006 0.04681000000000002
4 0.400435 0.813475 0.03062999999999999 0.06098999999999999
4 0.6006549999999999 0.81135 0.024069999999999925 0.07091999999999998
1 0.330415 0.10567499999999999 0.08315 0.029789999999999997
1 0.5186 0.099998 0.08316000000000001 0.029784000000000005
1 0.712255 0.095033 0.08970999999999996 0.019853999999999997
1 0.91138 0.09290999999999999 0.08972000000000002 0.021280000000000007
6 0.53501 0.12979000000000002 0.10722000000000004 0.03262000000000001
6 0.53501 0.223405 0.10722000000000004 0.03262999999999999
6 0.533915 0.048936 0.10941000000000001 0.032624
6 0.73523 0.21915 0.10940000000000005 0.03262000000000001
6 0.73414 0.12837 0.10721999999999998 0.032619999999999996
6 0.52626 0.44042499999999996 0.08096000000000003 0.05248999999999998
6 0.738515 0.44042499999999996 0.09846999999999995 0.05248999999999998
6 0.73742 0.621985 0.10065999999999997 0.052489999999999926
6 0.34135499999999996 0.44681 0.09190999999999999 0.051059999999999994
6 0.512035 0.623405 0.05251000000000006 0.058149999999999924
6 0.34792 0.80993 0.09628000000000003 0.04822000000000004
6 0.38949500000000004 0.91631 0.09190999999999999 0.031200000000000006
6 0.547045 0.9184399999999999 0.039390000000000036 0.03261999999999998
6 0.7407 0.812055 0.09845999999999999 0.04964999999999997
6 0.7593 0.9177299999999999 0.10065999999999997 0.03403999999999996
7 0.86105 0.304255 0.04596 0.09219
7 0.86324 0.42837000000000003 0.04157999999999995 0.10779999999999995
7 0.85558 0.15886499999999998 0.04814000000000007 0.11631
8 0.44748 0.50071 0.06346000000000002 0.47659999999999997
8 0.44311 0.1241119 0.06345999999999996 0.23687619999999998
10 0.858865 0.58936 0.045949999999999935 0.1773
10 0.867615 0.711345 0.024070000000000036 0.06383000000000005
10 0.94311 0.59291 0.10065999999999997 0.16737999999999997
10 0.8698 0.80922 0.03282000000000007 0.12624000000000002
10 0.85886 0.9184399999999999 0.06345999999999996 0.08652000000000004
10 0.942015 0.8085100000000001 0.09846999999999995 0.05389999999999995
