0 0.5186225 0.49853655 0.9455549999999999 0.9931669
3 0.33023 0.91211 0.06734000000000001 0.06445999999999996
3 0.328795 0.79004 0.06733 0.06640000000000001
1 0.23281000000000002 0.90967 0.05013999999999999 0.03417999999999999
1 0.23281000000000002 0.7900400000000001 0.05013999999999999 0.03320000000000001
1 0.41403999999999996 0.90967 0.09742 0.03417999999999999
1 0.414755 0.7890600000000001 0.09885 0.03320000000000001
1 0.414755 0.668945 0.09885 0.03320999999999996
1 0.414755 0.54834 0.09885 0.03417999999999999
1 0.41547 0.42871 0.09742 0.03320000000000001
1 0.23352499999999998 0.66943 0.04871 0.03417999999999999
1 0.23281000000000002 0.54932 0.05013999999999999 0.03417999999999999
1 0.23281000000000002 0.42871 0.05013999999999999 0.03320000000000001
3 0.328795 0.54834 0.06733 0.06348000000000009
3 0.32808 0.66992 0.06303999999999998 0.0625
3 0.32950999999999997 0.427735 0.06304000000000004 0.06445000000000001
3 0.32950999999999997 0.186035 0.06304000000000004 0.06542999999999999
3 0.33165999999999995 0.307125 0.06734000000000001 0.06542999999999999
3 0.33023 0.065918 0.06734000000000001 0.063476
1 0.414755 0.30811 0.09599000000000002 0.03417999999999999
1 0.41547 0.18799 0.09742 0.034180000000000016
1 0.414755 0.0668945 0.09885 0.034179
1 0.23424 0.30908 0.05013999999999999 0.03417999999999999
1 0.23495500000000002 0.18945 0.05157000000000003 0.03320000000000001
1 0.23639000000000002 0.06933600000000001 0.051580000000000015 0.03515600000000001
3 0.56304 0.063965 0.08596000000000004 0.069336
3 0.5623199999999999 0.306155 0.08452000000000004 0.06542999999999999
3 0.5623199999999999 0.18555 0.08452000000000004 0.06836
1 0.665475 0.0673825 0.11031000000000002 0.033203
1 0.66476 0.188475 0.10887999999999998 0.035150000000000015
1 0.665475 0.30811 0.11031000000000002 0.03417999999999999
3 0.5623199999999999 0.427735 0.08452000000000004 0.06445000000000001
3 0.5623199999999999 0.6689449999999999 0.08452000000000004 0.06445000000000001
3 0.56304 0.549315 0.08596000000000004 0.06346999999999992
1 0.66476 0.427735 0.10887999999999998 0.03321000000000002
1 0.665475 0.5488299999999999 0.11031000000000002 0.03320000000000001
1 0.665475 0.66797 0.11031000000000002 0.03320000000000001
1 0.6575949999999999 0.788575 0.09455000000000002 0.03222999999999998
1 0.659745 0.910155 0.09885 0.03321000000000007
3 0.5616 0.7905249999999999 0.08596000000000004 0.06542999999999999
3 0.5616049999999999 0.91211 0.08309 0.06835999999999998
1 0.902575 0.0654295 0.06877 0.037109
1 0.902575 0.186035 0.06877 0.036129999999999995
1 0.90401 0.30713 0.06590000000000007 0.03417999999999999
1 0.90186 0.42676000000000003 0.06733999999999996 0.035160000000000025
1 0.902575 0.547855 0.06877 0.037109999999999976
1 0.902575 0.667965 0.06877 0.037109999999999976
1 0.90186 0.910155 0.06733999999999996 0.03907000000000005
2 0.8861 0.799805 0.1790799999999999 0.09375
1 0.075931 0.2041 0.025788000000000005 0.027340000000000003
1 0.07664750000000001 0.43506 0.024355 0.028320000000000012
1 0.07306599999999999 0.8974599999999999 0.02578799999999999 0.02734000000000003
1 0.075931 0.6650400000000001 0.025788000000000005 0.02734000000000003
4 0.284385 0.0654295 0.055869999999999975 0.060547
4 0.283665 0.1875 0.05730999999999997 0.06053999999999998
4 0.286535 0.30761499999999997 0.05731000000000003 0.06055000000000005
4 0.284385 0.54785 0.055869999999999975 0.06053999999999993
4 0.2851 0.66797 0.05729999999999996 0.06053999999999993
4 0.284385 0.78711 0.055869999999999975 0.06054000000000004
4 0.28295000000000003 0.90918 0.055879999999999985 0.06054000000000004
4 0.28080499999999997 0.42871000000000004 0.05731000000000003 0.06053999999999998
4 0.489255 0.0668945 0.05301 0.053711
4 0.48567 0.187015 0.05443999999999993 0.05371000000000001
4 0.48997 0.308595 0.054440000000000044 0.054690000000000016
4 0.489255 0.43066499999999996 0.05587000000000003 0.058589999999999975
4 0.48997 0.548825 0.05729999999999996 0.05858999999999992
4 0.487825 0.66797 0.055869999999999975 0.058599999999999985
4 0.48639 0.90967 0.05587999999999993 0.057620000000000005
4 0.49068999999999996 0.7905249999999999 0.05014000000000002 0.05957000000000001
4 0.74284 0.065918 0.05013999999999996 0.057618
4 0.740685 0.18555 0.04871000000000003 0.056639999999999996
4 0.740685 0.30762 0.04871000000000003 0.056640000000000024
4 0.740685 0.427245 0.04871000000000003 0.057609999999999995
4 0.74284 0.54639 0.05013999999999996 0.057620000000000005
4 0.740685 0.66699 0.04871000000000003 0.056640000000000024
5 0.73066 0.862795 0.05157999999999996 0.26269
9 0.51218 0.12451499999999999 0.41118000000000005 0.02636999999999999
9 0.510745 0.24511499999999997 0.41117000000000004 0.025389999999999996
9 0.510745 0.3667 0.41117000000000004 0.026359999999999995
9 0.5093099999999999 0.487795 0.41118 0.026370000000000005
9 0.506445 0.61084 0.41117000000000004 0.02636000000000005
9 0.506445 0.7299800000000001 0.41117000000000004 0.02636000000000005
9 0.5042949999999999 0.854005 0.40115 0.026370000000000005
9 0.50573 0.975095 0.40114000000000005 0.026370000000000005
9 0.51146 0.0136721 0.40687999999999996 0.019531800000000002
9 0.27507 0.1235345 0.06303999999999998 0.047851000000000005
9 0.27364 0.244625 0.06303999999999998 0.047850000000000004
9 0.270775 0.48583999999999994 0.06303 0.04785999999999996
9 0.26934 0.611815 0.06304000000000001 0.04784999999999995
9 0.26934 0.729005 0.06304000000000001 0.04784999999999995
9 0.272925 0.8530249999999999 0.06447 0.04785000000000006
9 0.27364 0.9746049999999999 0.06589999999999999 0.03711000000000009
9 0.27579 0.014648350000000001 0.06159999999999996 0.0234373
9 0.74212 0.124025 0.0458400000000001 0.04687000000000001
9 0.7406900000000001 0.24414 0.04583999999999999 0.04687999999999998
9 0.7406900000000001 0.36914 0.04583999999999999 0.04687999999999998
9 0.7406900000000001 0.48827999999999994 0.04583999999999999 0.04687999999999998
9 0.73854 0.612305 0.05013999999999996 0.04686999999999997
9 0.740685 0.015624850000000001 0.04871000000000003 0.0253903
8 0.12536 0.50195455 0.050140000000000004 0.9863309
