0 0.5199695 0.2084935 0.864221 0.36425300000000005
0 0.525557 0.601075 0.856226 0.41113000000000005
0 0.497604 0.893555 0.892972 0.17382999999999993
1 0.203675 0.115235 0.059109999999999996 0.019530000000000006
1 0.203675 0.20654 0.059109999999999996 0.02245999999999998
1 0.204475 0.293945 0.057510000000000006 0.019529999999999992
1 0.328275 0.1167 0.07827 0.028319999999999998
1 0.32987 0.20654 0.07828000000000002 0.028320000000000012
1 0.33147 0.296875 0.07828000000000002 0.027349999999999985
1 0.46166 0.29639 0.08306000000000002 0.028320000000000012
1 0.459265 0.20703500000000002 0.09104999999999996 0.037110000000000004
1 0.460065 0.11865 0.07987 0.028320000000000012
1 0.590255 0.118165 0.08467000000000002 0.02929000000000001
1 0.591855 0.29834 0.08467000000000002 0.030279999999999974
1 0.58866 0.208005 0.09106000000000003 0.037110000000000004
1 0.44808499999999996 0.0600585 0.09425 0.014648999999999995
1 0.44808499999999996 0.0400395 0.09425 0.015625
1 0.579075 0.061523499999999995 0.09424999999999994 0.015624999999999993
1 0.582265 0.0410155 0.09425000000000006 0.015625
1 0.25639 0.575195 0.08465999999999999 0.019530000000000047
1 0.25719 0.60205 0.08625999999999998 0.01856000000000002
1 0.25878500000000004 0.626465 0.08627000000000001 0.018549999999999955
1 0.259585 0.648925 0.08467000000000002 0.016610000000000014
1 0.36262 0.575685 0.08626 0.018550000000000066
1 0.36182000000000003 0.6030249999999999 0.08466000000000001 0.018549999999999955
1 0.36341999999999997 0.62744 0.08466000000000001 0.01855999999999991
1 0.365015 0.649905 0.08466999999999997 0.01464999999999994
1 0.46725000000000005 0.57666 0.08466000000000001 0.01856000000000002
1 0.46804999999999997 0.6030249999999999 0.08625999999999995 0.018549999999999955
1 0.46885 0.62842 0.08465999999999996 0.01856000000000002
1 0.46885 0.650875 0.08465999999999996 0.014650000000000052
1 0.572685 0.577635 0.08467000000000002 0.018550000000000066
1 0.571885 0.6030249999999999 0.08626999999999996 0.018549999999999955
1 0.57428 0.62988 0.08465999999999996 0.01757999999999993
1 0.57588 0.6518550000000001 0.08466000000000007 0.01464999999999994
1 0.66534 0.578125 0.06230000000000002 0.017570000000000086
1 0.66534 0.60547 0.06230000000000002 0.01758000000000004
1 0.66693 0.62988 0.06230000000000002 0.01757999999999993
1 0.6677299999999999 0.6518550000000001 0.06070000000000009 0.01464999999999994
1 0.464855 0.690915 0.060709999999999986 0.020509999999999917
1 0.467255 0.716305 0.059109999999999996 0.020510000000000028
1 0.46885 0.748535 0.059099999999999986 0.020509999999999917
1 0.46965 0.774905 0.060699999999999976 0.020509999999999917
1 0.56789 0.690915 0.05909999999999993 0.020509999999999917
1 0.56949 0.716795 0.05910000000000004 0.02149000000000001
1 0.571085 0.749025 0.059109999999999996 0.021489999999999898
1 0.572685 0.774415 0.059109999999999996 0.02149000000000001
1 0.67093 0.691405 0.060699999999999976 0.02149000000000001
1 0.672525 0.717775 0.06070999999999993 0.021489999999999898
1 0.67412 0.748535 0.06070000000000009 0.020509999999999917
1 0.67412 0.776365 0.06070000000000009 0.02149000000000001
1 0.453675 0.4209 0.06071000000000004 0.023440000000000016
1 0.45447 0.44922 0.06230000000000002 0.023440000000000016
1 0.45607 0.484375 0.062299999999999967 0.02342999999999995
1 0.45607 0.5136700000000001 0.062299999999999967 0.023440000000000016
1 0.55831 0.4209 0.06230000000000002 0.023440000000000016
1 0.5599000000000001 0.450195 0.06229999999999991 0.023430000000000006
1 0.5615 0.48535 0.06230000000000002 0.023440000000000016
1 0.5630999999999999 0.5136700000000001 0.06229999999999991 0.023440000000000016
1 0.66534 0.42041 0.06230000000000002 0.022460000000000035
1 0.66534 0.44922 0.06230000000000002 0.023440000000000016
1 0.66693 0.48535 0.06230000000000002 0.023440000000000016
1 0.66534 0.51465 0.06230000000000002 0.023440000000000016
1 0.33227 0.36621 0.025560000000000027 0.009759999999999991
1 0.46006 0.367185 0.02555999999999997 0.009770000000000001
1 0.58786 0.36816499999999996 0.03514000000000006 0.009770000000000001
1 0.7236400000000001 0.37109499999999995 0.05111999999999994 0.009770000000000001
1 0.872205 0.37256 0.05750999999999995 0.010739999999999972
1 0.238815 0.42529 0.055910000000000015 0.03417999999999999
1 0.240415 0.490235 0.05590999999999999 0.03320999999999996
1 0.253995 0.690915 0.05431 0.030269999999999908
1 0.25719000000000003 0.748535 0.05431999999999998 0.030269999999999908
1 0.16214 0.416015 0.07508 0.029289999999999983
1 0.16454 0.478515 0.07347999999999999 0.029289999999999983
1 0.17811500000000002 0.6762699999999999 0.06869 0.030279999999999974
1 0.1845 0.734865 0.07507999999999998 0.03027000000000002
1 0.34904 0.43457 0.062299999999999967 0.039059999999999984
1 0.353035 0.49805 0.060709999999999986 0.03906000000000004
1 0.36341999999999997 0.70215 0.059099999999999986 0.03515999999999997
1 0.36741500000000005 0.76074 0.057510000000000006 0.03515999999999997
1 0.1885 0.850585 0.07668000000000003 0.025390000000000024
1 0.19489 0.888185 0.07668 0.024410000000000043
1 0.20128000000000001 0.925295 0.07668 0.024410000000000043
1 0.317095 0.830565 0.08146999999999999 0.024410000000000043
1 0.322685 0.865725 0.08306999999999998 0.024410000000000043
1 0.327475 0.907715 0.08306999999999998 0.024409999999999932
1 0.452875 0.830565 0.08146999999999999 0.024410000000000043
1 0.455275 0.86719 0.08306999999999998 0.021479999999999944
1 0.458465 0.9106449999999999 0.08306999999999998 0.024409999999999932
1 0.460865 0.9487300000000001 0.08147000000000004 0.024419999999999997
1 0.585465 0.831055 0.09105000000000008 0.023430000000000062
1 0.58866 0.8667 0.09106000000000003 0.022460000000000035
1 0.59425 0.90869 0.09266000000000008 0.022459999999999924
1 0.72604 0.910645 0.09106000000000003 0.026370000000000005
1 0.727635 0.9487300000000001 0.09104999999999996 0.02636000000000005
1 0.722845 0.868655 0.09104999999999996 0.024409999999999932
1 0.72444 0.831545 0.09106000000000003 0.024410000000000043
3 0.407345 0.1181615 0.01917000000000002 0.05077700000000002
3 0.408145 0.29834 0.01757000000000003 0.05176000000000003
3 0.5335449999999999 0.11962999999999999 0.01917000000000002 0.05761999999999999
3 0.5343450000000001 0.2998 0.020770000000000066 0.056640000000000024
3 0.5335449999999999 0.20849499999999999 0.01917000000000002 0.07128999999999999
4 0.51198 0.117675 0.027160000000000017 0.047850000000000004
4 0.51278 0.20703 0.028759999999999952 0.0625
4 0.5143800000000001 0.29883000000000004 0.025559999999999916 0.044920000000000015
4 0.646965 0.1181615 0.035150000000000015 0.05077700000000002
4 0.6493599999999999 0.29834000000000005 0.033540000000000014 0.04980000000000001
4 0.503995 0.8300799999999999 0.027149999999999952 0.029299999999999993
4 0.50719 0.86914 0.027159999999999962 0.029299999999999993
4 0.51198 0.91113 0.027160000000000017 0.029299999999999993
4 0.514375 0.949705 0.028750000000000053 0.03222999999999998
4 0.63419 0.8325199999999999 0.012780000000000014 0.030279999999999974
4 0.6373800000000001 0.868165 0.012779999999999903 0.029290000000000038
4 0.7763599999999999 0.950195 0.009580000000000033 0.03320999999999996
4 0.7763599999999999 0.91211 0.009580000000000033 0.03320000000000001
4 0.773165 0.86914 0.009589999999999987 0.03320000000000001
4 0.36262 0.83057 0.012780000000000014 0.028320000000000012
4 0.36661 0.8671899999999999 0.014380000000000004 0.029299999999999993
4 0.373 0.9081999999999999 0.014379999999999948 0.029299999999999993
4 0.228435 0.85205 0.009589999999999987 0.030279999999999974
4 0.23322500000000002 0.890135 0.009590000000000015 0.03027000000000002
4 0.238815 0.92578 0.007989999999999997 0.029299999999999993
5 0.646965 0.208985 0.035150000000000015 0.06445000000000001
5 0.18290499999999998 0.42383000000000004 0.059110000000000024 0.05077999999999999
5 0.183705 0.48828 0.060710000000000014 0.050779999999999936
5 0.202075 0.74707 0.059109999999999996 0.056640000000000024
5 0.19888 0.68848 0.059099999999999986 0.056640000000000024
5 0.18131 0.596195 0.04952000000000001 0.12793
7 0.127797 0.20654499999999998 0.06070600000000001 0.03223000000000001
7 0.20527 0.25293 0.059100000000000014 0.015620000000000023
7 0.20446999999999999 0.161135 0.060700000000000004 0.015629999999999977
7 0.28674 0.1167 0.014380000000000004 0.006839999999999999
7 0.28674 0.20654 0.014380000000000004 0.006840000000000013
7 0.28834000000000004 0.296385 0.014380000000000004 0.006830000000000003
7 0.691695 0.20947 0.031950000000000034 0.016600000000000004
7 0.1006415 0.88965 0.067097 0.07812000000000008
8 0.259585 0.208495 0.03993000000000002 0.35449
8 0.377795 0.2094735 0.02396999999999999 0.354493
8 0.673325 0.2080085 0.030349999999999988 0.357423
8 0.265175 0.8950199999999999 0.04793 0.16699999999999993
8 0.5263599999999999 0.893555 0.023960000000000092 0.16992999999999991
8 0.665335 0.893555 0.030349999999999988 0.16796999999999995
9 0.51198 0.1626 0.17091999999999996 0.016600000000000004
9 0.51278 0.25537 0.16931999999999997 0.016600000000000004
9 0.872205 0.16406500000000002 0.15654999999999997 0.015630000000000005
9 0.8738 0.256835 0.15335999999999994 0.015630000000000005
9 0.6317900000000001 0.25634999999999997 0.0655 0.02245999999999998
9 0.6309899999999999 0.16211 0.06710000000000005 0.023440000000000016
9 0.404955 0.16260000000000002 0.04313 0.018559999999999993
9 0.405755 0.255855 0.04472999999999999 0.01953000000000002
9 0.7787550000000001 0.16455 0.030349999999999988 0.01856000000000002
9 0.777155 0.0732425 0.030349999999999988 0.019530999999999993
9 0.781945 0.34521500000000005 0.0303500000000001 0.01855000000000001
9 0.8746 0.345215 0.15176 0.016610000000000014
10 0.822685 0.207035 0.2396100000000001 0.07030999999999998
10 0.8202849999999999 0.299805 0.24121000000000004 0.07030999999999998
10 0.8202849999999999 0.119142 0.24121000000000004 0.07031599999999999
10 0.82588 0.890625 0.028760000000000008 0.05665000000000009
10 0.82428 0.956055 0.025560000000000027 0.044929999999999914
1 0.31949 0.0600585 0.08306000000000002 0.014648999999999995
1 0.19409 0.0595705 0.07188 0.015625
1 0.19808 0.0390625 0.06390000000000001 0.013671000000000003
1 0.317895 0.038574 0.07987 0.014648000000000001
1 0.173325 0.561035 0.04313 0.036129999999999995
1 0.171725 0.526365 0.04313 0.01366999999999996
1 0.171725 0.59375 0.04313 0.013679999999999914
