1 0.500000 0.500000 1.000000 1.000000
0 0.440918 0.497596 0.725586 0.995192
6 0.848633 0.895833 0.091797 0.086538
6 0.705566 0.885417 0.069336 0.216346
6 0.242188 0.884615 0.205078 0.217949
6 0.107910 0.805288 0.020508 0.059295
6 0.507324 0.882212 0.135742 0.216346
8 0.890625 0.684295 0.021484 0.250000
2 0.924805 0.740385 0.027344 0.067308
2 0.842285 0.737179 0.030273 0.064103
2 0.925293 0.612179 0.028320 0.057692
2 0.843262 0.602564 0.028320 0.064103
2 0.704590 0.579327 0.063477 0.149038
2 0.439941 0.580929 0.063477 0.152244
2 0.571777 0.580128 0.063477 0.153846
2 0.174316 0.581731 0.063477 0.157051
2 0.308105 0.579327 0.063477 0.155449
2 0.706543 0.245192 0.061523 0.144231
2 0.443359 0.244391 0.060547 0.142628
2 0.575195 0.243590 0.060547 0.144231
2 0.308594 0.242788 0.060547 0.142628
2 0.174316 0.243590 0.061523 0.144231
3 0.442871 0.750000 0.715820 0.041667
3 0.441895 0.331731 0.717773 0.054487
3 0.439453 0.065705 0.720703 0.115385
9 0.891113 0.547276 0.016602 0.027244
9 0.793945 0.087340 0.017578 0.036859
9 0.758301 0.087340 0.022461 0.036859
9 0.722168 0.086538 0.022461 0.035256
9 0.686035 0.086538 0.022461 0.035256
9 0.648926 0.086538 0.022461 0.035256
9 0.611816 0.086538 0.022461 0.035256
9 0.574707 0.086538 0.022461 0.035256
9 0.537598 0.087340 0.022461 0.036859
9 0.464355 0.086538 0.022461 0.035256
9 0.427246 0.086538 0.022461 0.035256
9 0.501465 0.085737 0.022461 0.036859
9 0.390137 0.084936 0.022461 0.035256
9 0.353027 0.085737 0.022461 0.036859
9 0.315918 0.085737 0.022461 0.036859
9 0.278809 0.085737 0.022461 0.036859
9 0.204590 0.084936 0.022461 0.035256
9 0.167480 0.084936 0.022461 0.035256
9 0.242676 0.084135 0.022461 0.036859
9 0.130371 0.084135 0.022461 0.036859
9 0.092285 0.083333 0.022461 0.035256
4 0.924805 0.697115 0.042969 0.019231
4 0.843262 0.693109 0.061523 0.024038
4 0.925293 0.675481 0.045898 0.020833
4 0.926758 0.564103 0.044922 0.035256
4 0.174316 0.447115 0.104492 0.102564
4 0.709961 0.445513 0.107422 0.102564
4 0.442383 0.444712 0.111328 0.107372
4 0.309082 0.444712 0.112305 0.107372
4 0.576172 0.441506 0.111328 0.107372
4 0.710938 0.143429 0.097656 0.052885
4 0.579102 0.141827 0.097656 0.052885
4 0.445312 0.142628 0.097656 0.054487
4 0.175293 0.142628 0.096680 0.054487
4 0.310059 0.141026 0.096680 0.054487
7 0.841797 0.798878 0.042969 0.059295
7 0.171875 0.699519 0.101562 0.078526
7 0.574707 0.696314 0.100586 0.078526
7 0.441406 0.697115 0.101562 0.080128
7 0.307617 0.697115 0.101562 0.080128
7 0.708496 0.693910 0.100586 0.080128
7 0.925781 0.655449 0.041016 0.028846
7 0.842773 0.642628 0.042969 0.016026
