0 0.48388555 0.50097655 0.9617289 0.9980469
3 0.45267 0.823245 0.06344 0.17382999999999993
3 0.456195 0.575685 0.06646999999999997 0.16895
3 0.45770500000000003 0.32178 0.06344999999999995 0.15918000000000002
3 0.45821 0.15966750000000002 0.062439999999999996 0.163085
3 0.21047 0.822755 0.062439999999999996 0.14551000000000003
3 0.212995 0.575685 0.06143000000000001 0.14551000000000003
3 0.21198 0.319825 0.05740000000000001 0.14355
3 0.21349 0.158694 0.05438000000000001 0.14551199999999997
1 0.5569000000000001 0.815915 0.15106000000000003 0.07714999999999994
1 0.55891 0.57178 0.14904000000000006 0.07520000000000004
1 0.557405 0.31933500000000004 0.14401000000000003 0.07617000000000002
1 0.56042 0.161625 0.14602000000000004 0.07714999999999998
1 0.304635 0.57178 0.12387000000000001 0.07520000000000004
1 0.30463 0.317875 0.1279 0.07715
1 0.306145 0.160155 0.12487000000000001 0.07813
1 0.30362500000000003 0.8208 0.12589 0.07909999999999995
1 0.02668665 0.237795 0.0412887 0.024409999999999987
1 0.0251761 0.6845749999999999 0.042295799999999995 0.025389999999999913
1 0.89527 0.81494 0.12890000000000001 0.07519999999999993
1 0.8967799999999999 0.572265 0.1279 0.07616999999999996
1 0.8967799999999999 0.3208 0.1279 0.07519999999999999
4 0.384695 0.1582035 0.036250000000000004 0.138673
4 0.38570000000000004 0.3208 0.036260000000000014 0.13964000000000004
4 0.38268 0.57373 0.036260000000000014 0.13964
4 0.380665 0.8242149999999999 0.036250000000000004 0.13866999999999996
4 0.6550849999999999 0.817385 0.061429999999999985 0.14063000000000003
4 0.654075 0.57324 0.061429999999999985 0.14061999999999997
4 0.654075 0.319335 0.061429999999999985 0.14063
4 0.657095 0.16455 0.061429999999999985 0.1416
7 0.18127 0.0493165 0.09064000000000003 0.026367
7 0.18026 0.42529 0.09064 0.028320000000000012
7 0.17976 0.470215 0.09164 0.028329999999999966
7 0.17674 0.683595 0.09164 0.027349999999999985
7 0.178245 0.7241200000000001 0.09063000000000002 0.028320000000000012
7 0.17724 0.96631 0.09064 0.0283199999999999
7 0.17522500000000002 0.921875 0.09063000000000002 0.027349999999999985
7 0.35549 0.44628999999999996 0.24774000000000002 0.06836000000000003
7 0.35549 0.701175 0.24774000000000002 0.06641000000000008
7 0.354985 0.9428749999999999 0.24673 0.06542999999999999
8 0.157099 0.5043945 0.169182 0.985351
8 0.295065 0.502441 0.04028999999999999 0.983398
8 0.39275 0.50097455 0.04027999999999998 0.9843709
8 0.49546999999999997 0.502441 0.04028000000000004 0.983398
8 0.59416 0.502441 0.04027999999999998 0.983398
8 0.74119 0.5019512500000001 0.08861999999999992 0.9882775
