1 0.500000 0.500000 1.000000 1.000000
0 0.510373 0.500977 0.979253 0.998047
6 0.537344 0.936035 0.634855 0.094727
2 0.784232 0.857910 0.132780 0.047852
2 0.307054 0.857910 0.132780 0.047852
2 0.545643 0.856934 0.153527 0.047852
2 0.493776 0.773438 0.207469 0.048828
2 0.244813 0.773926 0.207469 0.049805
2 0.740664 0.772949 0.203320 0.049805
2 0.242739 0.697266 0.203320 0.048828
2 0.495851 0.696289 0.203320 0.048828
2 0.740664 0.695312 0.203320 0.048828
2 0.493776 0.621582 0.199170 0.053711
2 0.244813 0.621582 0.199170 0.053711
2 0.742739 0.619629 0.199170 0.053711
2 0.244813 0.543945 0.199170 0.050781
2 0.493776 0.542969 0.199170 0.050781
2 0.738589 0.542480 0.199170 0.051758
2 0.248963 0.466797 0.199170 0.050781
2 0.740664 0.465332 0.195021 0.049805
2 0.493776 0.465820 0.199170 0.050781
2 0.253112 0.393066 0.199170 0.049805
2 0.742739 0.391113 0.199170 0.049805
2 0.502075 0.391113 0.199170 0.049805
2 0.259336 0.318359 0.195021 0.048828
2 0.748963 0.317383 0.195021 0.048828
2 0.504149 0.317383 0.195021 0.048828
2 0.763485 0.245605 0.190871 0.036133
2 0.529046 0.245605 0.195021 0.036133
2 0.284232 0.245605 0.195021 0.036133
2 0.771784 0.179688 0.182573 0.044922
2 0.535270 0.179199 0.190871 0.043945
2 0.296680 0.179688 0.195021 0.044922
2 0.765560 0.110840 0.195021 0.043945
2 0.300830 0.110352 0.195021 0.042969
2 0.541494 0.109863 0.195021 0.043945
3 0.506224 0.812500 0.962656 0.037109
3 0.506224 0.734863 0.962656 0.036133
3 0.500000 0.274414 0.958506 0.029297
3 0.510373 0.049316 0.962656 0.092773
9 0.095436 0.840332 0.141079 0.018555
9 0.900415 0.837891 0.141079 0.019531
9 0.064315 0.750977 0.070539 0.029297
9 0.483402 0.740723 0.219917 0.020508
9 0.240664 0.741211 0.207469 0.021484
9 0.914938 0.747070 0.053942 0.037109
9 0.726141 0.739258 0.207469 0.021484
9 0.485477 0.286133 0.058091 0.015625
9 0.248963 0.286621 0.058091 0.016602
9 0.734440 0.285645 0.058091 0.016602
9 0.649378 0.087891 0.037344 0.021484
9 0.417012 0.087891 0.037344 0.021484
9 0.759336 0.080566 0.058091 0.018555
9 0.290456 0.080566 0.058091 0.018555
9 0.531120 0.080078 0.058091 0.019531
9 0.114108 0.086426 0.112033 0.038086
9 0.906639 0.084473 0.128631 0.045898
