1 0.500000 0.500000 1.000000 1.000000
0 0.463287 0.520020 0.926573 0.958008
8 0.706876 0.249512 0.026807 0.131836
8 0.485431 0.244629 0.029138 0.143555
8 0.375291 0.244141 0.027972 0.144531
8 0.263986 0.244141 0.029138 0.144531
8 0.153263 0.244629 0.029138 0.145508
8 0.042541 0.244141 0.029138 0.144531
8 0.706876 0.176758 0.029138 0.011719
8 0.597319 0.243164 0.029138 0.144531
8 0.817599 0.242676 0.029138 0.145508
2 0.320513 0.880371 0.074592 0.028320
2 0.875291 0.903809 0.048951 0.081055
2 0.764569 0.903809 0.046620 0.081055
2 0.543124 0.903809 0.046620 0.081055
2 0.432984 0.903809 0.045455 0.081055
2 0.653846 0.903320 0.048951 0.082031
2 0.874126 0.740234 0.046620 0.080078
2 0.763986 0.740723 0.047786 0.081055
2 0.653263 0.740234 0.047786 0.080078
2 0.433566 0.740234 0.046620 0.080078
2 0.322261 0.740234 0.047786 0.080078
2 0.212121 0.740723 0.048951 0.081055
2 0.543124 0.739258 0.048951 0.080078
2 0.874709 0.580566 0.047786 0.079102
2 0.763986 0.579590 0.047786 0.077148
2 0.653263 0.580078 0.047786 0.078125
2 0.543706 0.580078 0.047786 0.078125
2 0.432401 0.580566 0.046620 0.079102
2 0.322844 0.580566 0.048951 0.079102
2 0.212704 0.580078 0.047786 0.078125
2 0.874126 0.414551 0.048951 0.071289
2 0.764569 0.416016 0.048951 0.074219
2 0.654429 0.396973 0.050117 0.036133
2 0.543706 0.415039 0.047786 0.072266
2 0.434732 0.415527 0.046620 0.073242
2 0.325175 0.415527 0.048951 0.073242
2 0.213869 0.415527 0.050117 0.073242
2 0.101981 0.416992 0.050117 0.076172
2 0.543124 0.254395 0.048951 0.073242
2 0.433566 0.254883 0.048951 0.074219
2 0.103147 0.254883 0.045455 0.074219
2 0.874709 0.253418 0.047786 0.073242
2 0.654429 0.253418 0.047786 0.073242
2 0.324009 0.254395 0.046620 0.075195
2 0.213287 0.254395 0.048951 0.075195
2 0.763403 0.252441 0.048951 0.073242
2 0.455128 0.089355 0.075758 0.022461
2 0.094988 0.089355 0.075758 0.024414
2 0.275641 0.087402 0.075758 0.022461
2 0.631119 0.088867 0.075758 0.027344
3 0.460956 0.820312 0.914918 0.033203
3 0.463287 0.645508 0.914918 0.060547
3 0.463869 0.340332 0.913753 0.055664
3 0.461538 0.141602 0.920746 0.083984
11 0.321096 0.957031 0.071096 0.082031
9 0.317016 0.904785 0.109557 0.020508
9 0.323427 0.492676 0.036131 0.038086
9 0.874709 0.491699 0.036131 0.038086
9 0.433566 0.491699 0.037296 0.038086
9 0.653263 0.158203 0.017483 0.013672
9 0.265152 0.158691 0.026807 0.014648
9 0.209207 0.158203 0.017483 0.013672
9 0.097319 0.158203 0.017483 0.013672
9 0.044872 0.158691 0.026807 0.014648
9 0.819347 0.157715 0.025641 0.014648
9 0.763986 0.157227 0.017483 0.013672
9 0.707459 0.157715 0.025641 0.014648
9 0.540210 0.157715 0.017483 0.014648
9 0.486014 0.157715 0.025641 0.014648
9 0.431818 0.157227 0.017483 0.013672
9 0.378788 0.157715 0.025641 0.014648
9 0.320513 0.157227 0.018648 0.013672
9 0.154429 0.157715 0.026807 0.014648
9 0.874709 0.156250 0.017483 0.013672
9 0.599068 0.156738 0.025641 0.014648
4 0.307692 0.830566 0.181818 0.047852
4 0.206876 0.529297 0.096737 0.023438
4 0.761655 0.527832 0.089744 0.022461
4 0.539627 0.528320 0.095571 0.023438
4 0.318765 0.526855 0.096737 0.020508
4 0.872960 0.527344 0.088578 0.023438
4 0.428322 0.527344 0.096737 0.023438
4 0.085664 0.056641 0.150350 0.023438
4 0.445221 0.055664 0.151515 0.023438
4 0.629953 0.054688 0.150350 0.023438
4 0.267483 0.054688 0.150350 0.023438
7 0.763403 0.463379 0.079254 0.020508
7 0.437646 0.461426 0.078089 0.018555
7 0.321096 0.461426 0.078089 0.018555
7 0.212704 0.461426 0.078089 0.018555
7 0.539044 0.461426 0.068765 0.020508
7 0.873543 0.460938 0.080420 0.021484
7 0.435315 0.305176 0.073427 0.026367
7 0.322261 0.304688 0.073427 0.025391
7 0.209790 0.304688 0.072261 0.025391
7 0.100233 0.304688 0.072261 0.025391
7 0.543124 0.303711 0.072261 0.025391
7 0.871795 0.302734 0.072261 0.025391
7 0.652681 0.303223 0.072261 0.026367
7 0.766317 0.302246 0.073427 0.026367
5 0.638112 0.474609 0.129371 0.119141
