0 0.47782199999999997 0.5053685 0.897176 0.8955029999999999
1 0.29385 0.12402350000000001 0.14012000000000002 0.058593000000000006
1 0.29284 0.213865 0.14012 0.058589999999999975
1 0.29939499999999997 0.361815 0.13911 0.07128999999999996
1 0.29889 0.63086 0.14012 0.07421999999999995
1 0.29083 0.79541 0.14012 0.057620000000000005
1 0.291335 0.887695 0.14113 0.05858999999999992
1 0.548385 0.1250015 0.14112999999999998 0.058596999999999996
1 0.54788 0.214355 0.14012000000000002 0.057609999999999995
1 0.5519149999999999 0.362795 0.14012999999999998 0.07129000000000002
1 0.55091 0.63281 0.14012000000000002 0.07421999999999995
1 0.5473750000000001 0.79639 0.14113000000000003 0.057620000000000005
1 0.54788 0.88721 0.14012000000000002 0.057619999999999894
1 0.80645 0.1235335 0.1350800000000001 0.057613
1 0.8054399999999999 0.214355 0.13507999999999998 0.057609999999999995
1 0.80645 0.794925 0.1350800000000001 0.054689999999999905
1 0.80645 0.88623 0.1350800000000001 0.057620000000000005
1 0.809475 0.63037 0.1411300000000001 0.06738
2 0.832155 0.496585 0.18649000000000004 0.06542999999999999
2 0.83115 0.36035 0.1865 0.08984000000000003
3 0.192035 0.1708975 0.039309999999999984 0.18554500000000002
3 0.198085 0.36426000000000003 0.03729000000000002 0.11913999999999997
3 0.197075 0.635745 0.03931000000000001 0.12695
3 0.18851 0.84717 0.040319999999999995 0.20606000000000002
3 0.43598499999999996 0.1748045 0.06351000000000001 0.20117100000000004
3 0.43901 0.3667 0.06552000000000002 0.12401999999999996
3 0.439515 0.635745 0.06451000000000001 0.12304999999999999
3 0.431955 0.847655 0.07156999999999997 0.20116999999999996
4 0.366935 0.1796875 0.02621000000000001 0.20898499999999998
5 0.64869 0.127444 0.05746000000000007 0.088872
5 0.6466700000000001 0.217775 0.057459999999999956 0.08789
5 0.649195 0.36475 0.05645 0.11425999999999997
5 0.64869 0.634765 0.05947999999999998 0.11329
5 0.6461699999999999 0.7973600000000001 0.06047999999999998 0.09082000000000001
5 0.6471800000000001 0.8916 0.06047999999999998 0.09179999999999999
8 0.66079 0.5048815 0.0998 0.880857
8 0.37953499999999996 0.5073265 0.05141000000000001 0.879887
8 0.110889 0.507811 0.147182 0.8749979999999999
