1 0.39877 0.704135 0.09816000000000003 0.04137000000000002
1 0.19785 0.753595 0.08282 0.039569999999999994
1 0.22546 0.830035 0.09509999999999996 0.044969999999999954
1 0.412575 0.8264400000000001 0.09508999999999995 0.04496
1 0.276075 0.895685 0.08589000000000002 0.03237000000000001
1 0.38037 0.541365 0.09816000000000003 0.03597000000000006
1 0.57362 0.5395650000000001 0.09816000000000003 0.035969999999999946
1 0.5874250000000001 0.7023349999999999 0.09509000000000001 0.04137000000000002
1 0.596625 0.82284 0.09509000000000001 0.04496
1 0.47853 0.92266 0.09201999999999999 0.021580000000000044
1 0.641105 0.92266 0.09202999999999995 0.021580000000000044
1 0.398775 0.427155 0.09203 0.04137000000000002
1 0.58282 0.42356000000000005 0.09816000000000003 0.04136000000000001
1 0.58589 0.306655 0.10430000000000006 0.04137000000000002
1 0.403375 0.30845500000000003 0.09509000000000001 0.04136999999999996
1 0.39571 0.20953 0.07362000000000002 0.030579999999999996
1 0.572085 0.165465 0.10737000000000008 0.039569999999999994
1 0.58282 0.1061145 0.09816000000000003 0.035971
1 0.40491 0.105214 0.09201999999999999 0.030572000000000002
1 0.21778999999999998 0.207735 0.07361999999999999 0.034170000000000006
1 0.22546 0.30845 0.07667999999999997 0.026980000000000004
1 0.23313 0.109711 0.07362000000000002 0.025178000000000006
1 0.202455 0.5701449999999999 0.08589 0.039569999999999994
1 0.19938499999999998 0.431655 0.08589 0.039569999999999994
4 0.464725 0.30396 0.03374999999999995 0.07194
4 0.464725 0.09892000000000001 0.03374999999999995 0.07194
4 0.645705 0.0989225 0.03374999999999995 0.061155
4 0.65184 0.302155 0.03988000000000003 0.06474999999999997
4 0.63497 0.160975 0.03068000000000004 0.06295
4 0.64417 0.421765 0.03068000000000004 0.06294999999999995
4 0.46166 0.42356499999999997 0.03373999999999999 0.06295
4 0.452455 0.7005399999999999 0.027610000000000023 0.07013999999999998
4 0.650305 0.7005399999999999 0.030669999999999975 0.07013999999999998
4 0.659505 0.82104 0.03681000000000001 0.07733999999999996
4 0.46626 0.8237399999999999 0.05521999999999999 0.07554000000000005
6 0.21626 0.17626 0.08896000000000004 0.021579999999999988
6 0.219325 0.23560999999999999 0.08894999999999997 0.021580000000000016
6 0.205525 0.31025 0.03680999999999998 0.023380000000000012
6 0.19478499999999999 0.42535999999999996 0.07054999999999997 0.04855999999999999
6 0.19632 0.56385 0.07361999999999999 0.04856000000000005
6 0.187115 0.753595 0.05520999999999998 0.03597000000000006
6 0.40491 0.07553950000000001 0.09816000000000003 0.021583000000000005
6 0.40491 0.13309 0.09816000000000003 0.021580000000000002
6 0.400305 0.27337999999999996 0.10122999999999999 0.021579999999999988
6 0.40184 0.318345 0.09202000000000005 0.021589999999999998
6 0.395705 0.41367 0.09203 0.021579999999999988
6 0.395705 0.43705 0.09203 0.021580000000000044
6 0.5812900000000001 0.07194249999999999 0.10736000000000001 0.021583000000000005
6 0.585885 0.27248 0.11043000000000003 0.023379999999999956
6 0.584355 0.33543 0.10737000000000008 0.023379999999999956
6 0.584355 0.41457 0.10123000000000004 0.01978000000000002
6 0.58589 0.43435 0.09816000000000003 0.01978000000000002
6 0.39571 0.668165 0.09816000000000003 0.023390000000000022
6 0.394175 0.73561 0.10123000000000004 0.02517999999999998
6 0.39877 0.7859700000000001 0.09816000000000003 0.028779999999999917
6 0.427915 0.86241 0.10736999999999997 0.023379999999999956
6 0.452455 0.9064749999999999 0.09509000000000001 0.014390000000000014
6 0.5874250000000001 0.69065 0.10123000000000004 0.021579999999999933
6 0.5874250000000001 0.71313 0.10123000000000004 0.01978000000000002
6 0.601225 0.83813 0.10429 0.021580000000000044
6 0.593555 0.81385 0.10123000000000004 0.023380000000000067
6 0.6365000000000001 0.917265 0.08896000000000004 0.010790000000000077
6 0.63957 0.9280550000000001 0.08896000000000004 0.010789999999999966
7 0.185585 0.893885 0.10122999999999999 0.07195000000000007
8 0.32055 0.647485 0.11350000000000005 0.56115
7 0.302145 0.37860000000000005 0.027610000000000023 0.023380000000000012
7 0.30215000000000003 0.405575 0.03374000000000005 0.026969999999999994
7 0.30215000000000003 0.43255 0.03374000000000005 0.023380000000000012
7 0.29908 0.45772999999999997 0.03373999999999999 0.023380000000000012
7 0.297545 0.48561 0.03681000000000001 0.02517999999999998
7 0.29601500000000003 0.34982 0.021470000000000045 0.016180000000000028
7 0.29141 0.584535 0.024540000000000006 0.01798999999999995
7 0.300615 0.61151 0.03681000000000001 0.02517999999999998
7 0.29908 0.64029 0.03988000000000003 0.021580000000000044
7 0.29908 0.66637 0.03373999999999999 0.023379999999999956
7 0.29908 0.69514 0.03373999999999999 0.026980000000000004
7 0.300615 0.72392 0.03681000000000001 0.026980000000000004
7 0.30215000000000003 0.7518 0.03374000000000005 0.021580000000000044
7 0.30368 0.777875 0.03068000000000004 0.016189999999999927
7 0.31288499999999997 0.805755 0.03067000000000003 0.010790000000000077
7 0.32515499999999997 0.834535 0.03067000000000003 0.010789999999999966
7 0.33589 0.8642099999999999 0.027600000000000013 0.009000000000000008
0 0.4785275 0.2005415 0.944785 0.332737
0 0.5153385 0.65018 0.901843 0.56654
1 0.81902 0.30845 0.17178000000000004 0.07733999999999996
1 0.80675 0.1052135 0.17178000000000004 0.07733300000000001
2 0.846625 0.190645 0.13496999999999992 0.03597
1 0.822085 0.217625 0.06748999999999994 0.010789999999999994
1 0.38497 0.593525 0.10736000000000001 0.028769999999999962
1 0.576685 0.59083 0.10429 0.03057999999999994
7 0.36043000000000003 0.890285 0.027600000000000013 0.014390000000000014
8 0.30215 0.2014385 0.05828 0.320143
10 0.82055 0.703235 0.18097999999999992 0.0863299999999999
10 0.82515 0.5629500000000001 0.19631999999999994 0.08633999999999997
10 0.82515 0.42356000000000005 0.19631999999999994 0.08454
10 0.8144199999999999 0.8741 0.18098000000000003 0.10792000000000002
