0 0.50085735 0.739255 0.9948653000000001 0.47461
1 0.43235999999999997 0.14355500000000002 0.11130000000000001 0.041010000000000005
1 0.62671 0.13965 0.10274000000000005 0.039059999999999984
1 0.815925 0.137695 0.11131000000000002 0.041010000000000005
1 0.8167800000000001 0.40088 0.11302000000000001 0.04199999999999998
1 0.628425 0.40381 0.09931000000000001 0.040039999999999965
1 0.43493499999999996 0.40381 0.09588999999999998 0.040039999999999965
1 0.8099350000000001 0.5581050000000001 0.12671 0.04981000000000002
1 0.80736 0.62256 0.125 0.049800000000000066
1 0.80736 0.73291 0.125 0.04589999999999994
1 0.60788 0.575685 0.11643999999999999 0.026370000000000005
1 0.610445 0.6113299999999999 0.11814999999999998 0.02734000000000003
1 0.60788 0.862795 0.11643999999999999 0.026370000000000005
1 0.60788 0.896485 0.11643999999999999 0.027349999999999985
1 0.214045 0.72168 0.10959000000000002 0.02733999999999992
1 0.21746500000000002 0.756345 0.10958999999999999 0.026370000000000005
1 0.213185 0.612795 0.11131000000000002 0.026370000000000005
1 0.214045 0.577635 0.10959000000000002 0.026370000000000005
1 0.215755 0.864745 0.10959000000000002 0.026370000000000005
1 0.21746500000000002 0.899905 0.10958999999999999 0.026370000000000005
1 0.396405 0.72217 0.08391000000000004 0.024419999999999997
1 0.39469 0.7553700000000001 0.08389999999999997 0.024419999999999997
1 0.40924499999999997 0.864255 0.10959000000000002 0.025390000000000024
1 0.40924499999999997 0.897465 0.10959000000000002 0.025390000000000024
1 0.440925 0.25439 0.10444999999999999 0.022460000000000035
1 0.44435 0.28857 0.10446 0.022460000000000035
1 0.6438349999999999 0.285645 0.12671 0.02246999999999999
1 0.6421250000000001 0.25342 0.12671 0.022460000000000008
1 0.818495 0.25195 0.11301000000000005 0.023440000000000016
1 0.81935 0.284665 0.11129999999999995 0.026370000000000005
1 0.250855 0.14453 0.04622999999999999 0.029299999999999993
1 0.24743500000000002 0.27490000000000003 0.04623000000000002 0.028319999999999956
1 0.24572 0.40625 0.04624000000000003 0.029299999999999993
1 0.5967450000000001 0.7192400000000001 0.08391000000000004 0.024419999999999997
1 0.5933200000000001 0.753905 0.08389999999999997 0.025389999999999913
3 0.53339 0.143065 0.08048 0.08105
3 0.53339 0.40869 0.08048 0.08106000000000002
3 0.5137 0.60205 0.07192000000000004 0.09863999999999995
3 0.5042800000000001 0.88574 0.06335999999999997 0.09570000000000001
3 0.325345 0.60303 0.04794999999999999 0.10253999999999996
3 0.328765 0.8862300000000001 0.04794999999999999 0.10253999999999996
4 0.49914500000000006 0.143555 0.029110000000000025 0.06835
4 0.49743499999999996 0.40478499999999995 0.02910999999999997 0.06739
4 0.690925 0.40332 0.02910999999999997 0.06835999999999998
4 0.69007 0.13867000000000002 0.03081999999999996 0.06836
4 0.8767149999999999 0.13867 0.020549999999999957 0.062499999999999986
4 0.878425 0.40088 0.020550000000000068 0.06347999999999998
4 0.880135 0.26953 0.023970000000000047 0.08593999999999999
4 0.47517 0.60107 0.03254000000000001 0.09082000000000001
4 0.48031 0.878905 0.03254000000000001 0.08984999999999999
4 0.675515 0.876955 0.03252999999999995 0.08984999999999999
4 0.67894 0.592775 0.03254000000000001 0.0898500000000001
3 0.30822 0.750485 0.07191999999999998 0.09863
5 0.5137 0.28808999999999996 0.15754000000000007 0.14257999999999998
5 0.70719 0.28808999999999996 0.15754 0.14257999999999998
5 0.49229500000000004 0.765625 0.15239000000000003 0.16406999999999994
5 0.6857899999999999 0.768555 0.15239999999999998 0.16406999999999994
5 0.23887 0.2089825 0.07019999999999998 0.255855
6 0.393835 0.86328 0.07535000000000003 0.01758000000000004
6 0.38356 0.894045 0.054800000000000015 0.014650000000000052
6 0.380135 0.610355 0.05137000000000003 0.019530000000000047
1 0.40924499999999997 0.61035 0.11301 0.02734000000000003
1 0.40924499999999997 0.5761700000000001 0.11301 0.02734000000000003
6 0.38099 0.574215 0.053080000000000016 0.019530000000000047
6 0.56764 0.572755 0.03595999999999999 0.020510000000000028
6 0.21404 0.575195 0.10616000000000003 0.019530000000000047
6 0.18579 0.609375 0.05307999999999999 0.019530000000000047
6 0.179795 0.75244 0.03425 0.016599999999999948
6 0.588185 0.13964500000000002 0.022270000000000012 0.037110000000000004
6 0.39897499999999997 0.40381 0.020550000000000013 0.03808
8 0.72089 0.2592775 0.044520000000000004 0.43066499999999996
0 0.57192 0.25683500000000004 0.85616 0.44531000000000004
8 0.7149 0.7417 0.03937999999999997 0.46778
8 0.26798 0.738285 0.03937999999999997 0.46875
8 0.094177 0.740725 0.10958599999999999 0.46777
8 0.31678 0.258303 0.10616000000000003 0.440434
