1 0.500000 0.500000 1.000000 1.000000
0 0.833893 0.626739 0.137584 0.057187
0 0.713926 0.612056 0.008389 0.027821
0 0.594799 0.626739 0.129195 0.057187
0 0.850671 0.549459 0.040268 0.041731
0 0.713087 0.456723 0.010067 0.026275
0 0.839765 0.458269 0.145973 0.103555
0 0.500000 0.571870 0.996644 0.828439
2 0.745805 0.768934 0.045302 0.066461
2 0.685403 0.767388 0.045302 0.066461
2 0.499161 0.768161 0.062081 0.089645
2 0.935403 0.767388 0.062081 0.091190
2 0.088087 0.763524 0.062081 0.089645
2 0.274329 0.762751 0.062081 0.091190
2 0.741611 0.607419 0.046980 0.037094
2 0.684564 0.607419 0.050336 0.037094
2 0.499161 0.621329 0.062081 0.089645
2 0.933725 0.619011 0.062081 0.088099
2 0.277685 0.619784 0.062081 0.089645
2 0.091443 0.616692 0.062081 0.089645
2 0.684564 0.453632 0.046980 0.032457
2 0.100671 0.476816 0.063758 0.081917
2 0.281879 0.475270 0.063758 0.081917
2 0.742450 0.451314 0.048658 0.037094
2 0.498322 0.473725 0.067114 0.091190
2 0.925336 0.469088 0.065436 0.091190
2 0.113255 0.326121 0.041946 0.043277
2 0.291107 0.321484 0.041946 0.043277
2 0.713926 0.323029 0.045302 0.058733
2 0.500839 0.316074 0.045302 0.047913
2 0.918624 0.312983 0.048658 0.047913
3 0.975671 0.738794 0.018456 0.015456
3 0.339765 0.732612 0.068792 0.021638
3 0.181208 0.732612 0.124161 0.021638
3 0.030201 0.732612 0.053691 0.021638
3 0.836409 0.732612 0.135906 0.027821
3 0.596477 0.732612 0.132550 0.027821
3 0.428691 0.732612 0.078859 0.027821
3 0.188758 0.666151 0.370805 0.015456
3 0.914430 0.664606 0.167785 0.018547
3 0.475671 0.664606 0.179530 0.018547
3 0.713926 0.593509 0.008389 0.009274
3 0.342282 0.587326 0.067114 0.021638
3 0.184564 0.587326 0.124161 0.021638
3 0.031879 0.587326 0.057047 0.021638
3 0.978188 0.584235 0.026846 0.027821
3 0.833893 0.584235 0.137584 0.027821
3 0.594799 0.584235 0.129195 0.027821
3 0.432047 0.584235 0.072148 0.027821
3 0.191275 0.522411 0.372483 0.015456
3 0.912752 0.519320 0.164430 0.018547
3 0.474832 0.519320 0.184564 0.018547
3 0.330537 0.439722 0.073826 0.032457
3 0.188758 0.439722 0.159396 0.032457
3 0.043624 0.439722 0.080537 0.032457
3 0.864933 0.370170 0.256711 0.072643
3 0.546141 0.370170 0.290268 0.072643
9 0.096477 0.425039 0.025168 0.024730
9 0.494966 0.423493 0.023490 0.024730
9 0.281040 0.423493 0.025168 0.024730
9 0.923658 0.419629 0.021812 0.032457
9 0.708054 0.374807 0.255034 0.044822
4 0.712248 0.727975 0.156040 0.024730
4 0.494966 0.704019 0.114094 0.054096
4 0.272651 0.704019 0.115772 0.054096
4 0.934564 0.703246 0.114094 0.055641
4 0.082215 0.702473 0.114094 0.054096
4 0.093960 0.559505 0.114094 0.055641
4 0.493289 0.557187 0.114094 0.054096
4 0.276846 0.557960 0.114094 0.055641
4 0.928691 0.552550 0.115772 0.054096
4 0.712248 0.407264 0.159396 0.072643
4 0.708893 0.272025 0.102349 0.052550
5 0.697987 0.670788 0.265101 0.089645
5 0.698826 0.529366 0.263423 0.119011
10 0.935403 0.767388 0.055369 0.085008
10 0.498322 0.764297 0.053691 0.078825
10 0.275168 0.765070 0.057047 0.083462
10 0.092282 0.739567 0.050336 0.035549
10 0.281879 0.596600 0.053691 0.037094
10 0.097315 0.595827 0.046980 0.035549
