0 0.592775 0.41276209999999997 0.80469 0.8203158
3 0.548825 0.26107 0.0703100000000001 0.17318000000000003
3 0.5678700000000001 0.439455 0.032220000000000026 0.10807
1 0.61621 0.43685 0.0625 0.06640000000000001
1 0.6167 0.304035 0.06347999999999998 0.04296999999999995
1 0.6171850000000001 0.214845 0.06445000000000001 0.044270000000000004
1 0.742675 0.214845 0.06542999999999999 0.044270000000000004
2 0.947755 0.25456 0.09472999999999998 0.0638
1 0.861815 0.253255 0.03222999999999998 0.06381000000000003
1 0.8667 0.434245 0.06738 0.07161000000000001
1 0.742675 0.43164 0.061529999999999974 0.06639999999999996
1 0.7421850000000001 0.302085 0.06445000000000001 0.04427000000000003
1 0.86426 0.67578 0.06835999999999998 0.05467999999999995
1 0.7280249999999999 0.70573 0.06542999999999999 0.05730000000000002
1 0.73193 0.61263 0.06738 0.019540000000000002
3 0.54346 0.7141949999999999 0.03417999999999999 0.07943
1 0.59424 0.710935 0.06738 0.05729000000000006
1 0.604005 0.61393 0.07129000000000008 0.02214000000000005
1 0.470215 0.6145849999999999 0.07518999999999998 0.020830000000000015
1 0.45947 0.7070350000000001 0.06738 0.05728999999999995
1 0.34326 0.67513 0.030279999999999974 0.06640000000000001
1 0.48729999999999996 0.43685 0.062499999999999944 0.06640000000000001
1 0.36035 0.43815 0.0625 0.06640000000000001
1 0.48828000000000005 0.21614499999999998 0.06250000000000006 0.044270000000000004
1 0.48828000000000005 0.303385 0.06250000000000006 0.041669999999999985
1 0.36084 0.304035 0.06152000000000002 0.04296999999999995
1 0.36133 0.21679500000000002 0.0625 0.04296999999999998
3 0.569335 0.08138100000000001 0.035150000000000015 0.11067800000000001
3 0.31787 0.30794 0.028320000000000012 0.06120000000000003
3 0.316405 0.21939999999999998 0.029290000000000038 0.061200000000000004
3 0.315915 0.43684999999999996 0.026370000000000005 0.08463999999999999
3 0.43994 0.08268 0.02636000000000005 0.08983999999999999
3 0.4375 0.439455 0.025399999999999978 0.08984999999999999
3 0.43799 0.30664 0.024419999999999997 0.07161999999999996
3 0.438965 0.21939999999999998 0.024410000000000043 0.07161999999999999
4 0.40576 0.08202899999999999 0.028320000000000012 0.091142
1 0.3623 0.0839855 0.0625 0.066409
1 0.49023000000000005 0.0820295 0.06250000000000006 0.06510099999999999
4 0.40381 0.43684999999999996 0.028320000000000012 0.08983999999999998
4 0.403805 0.30534 0.026370000000000005 0.07162000000000002
4 0.403805 0.21614499999999998 0.026370000000000005 0.07291
4 0.53662 0.0833345 0.03614000000000006 0.080731
4 0.535645 0.43684500000000004 0.036129999999999995 0.08202999999999999
4 0.5366200000000001 0.30728999999999995 0.03417999999999999 0.05990000000000001
4 0.53564 0.21223999999999998 0.0341800000000001 0.05989999999999998
4 0.6616200000000001 0.4375 0.030279999999999974 0.09896000000000005
4 0.665035 0.076822 0.03125 0.09895599999999999
1 0.61816 0.08268450000000001 0.0625 0.066411
4 0.6616200000000001 0.214845 0.032220000000000026 0.07291000000000003
4 0.663575 0.303385 0.03222999999999998 0.07290999999999997
4 0.512695 0.709635 0.04297000000000001 0.07291000000000003
4 0.6416 0.7109350000000001 0.02734000000000003 0.08333000000000002
4 0.782225 0.6113249999999999 0.027350000000000096 0.04557
4 0.91211 0.43489500000000003 0.02734000000000003 0.09115000000000001
4 0.91455 0.673825 0.03613999999999995 0.08203000000000005
5 0.78662 0.43229 0.02635999999999994 0.07811999999999997
5 0.77588 0.710285 0.02635999999999994 0.07943
5 0.788085 0.304035 0.027349999999999985 0.05859000000000003
5 0.788085 0.21419500000000002 0.027349999999999985 0.05859
5 0.24511499999999997 0.7760450000000001 0.025389999999999996 0.041669999999999985
5 0.246585 0.56901 0.024410000000000015 0.03645999999999994
7 0.2251 0.671225 0.06934000000000001 0.16015000000000001
7 0.335935 0.679035 0.05273 0.12109000000000003
5 0.38183500000000004 0.677085 0.05468999999999996 0.19011
3 0.39209 0.7168 0.05566000000000004 0.13671999999999995
4 0.6533199999999999 0.61328 0.025399999999999978 0.04687999999999992
7 0.68018 0.71159 0.028320000000000012 0.0716199999999999
7 0.683595 0.61393 0.03125 0.07162000000000002
3 0.697265 0.21354499999999998 0.027349999999999985 0.06771000000000002
3 0.69678 0.30078499999999997 0.028320000000000012 0.06770999999999999
7 0.694825 0.435545 0.026370000000000005 0.04557
7 0.885745 0.259115 0.037109999999999976 0.10157000000000002
8 0.289555 0.4153655 0.06542999999999999 0.8046890000000001
8 0.43408 0.4095052 0.09667999999999999 0.8059896
8 0.66748 0.4101552 0.05371999999999999 0.8072895999999999
8 0.79199 0.41015625 0.05078000000000005 0.8046875
9 0.562015 0.15560000000000002 0.17285 0.027340000000000003
9 0.562015 0.365235 0.17285 0.02735000000000004
9 0.560055 0.51107 0.17285000000000006 0.027339999999999975
9 0.5581050000000001 0.54362 0.17285000000000006 0.02733999999999992
9 0.5581050000000001 0.809895 0.17285000000000006 0.02342999999999995
9 0.356935 0.365885 0.08104999999999996 0.026050000000000018
9 0.355955 0.51172 0.08105000000000001 0.026040000000000008
9 0.355955 0.54427 0.08105000000000001 0.026039999999999952
9 0.35546500000000003 0.809895 0.08202999999999999 0.02342999999999995
9 0.34961 0.60742 0.07032 0.037760000000000016
9 0.33447499999999997 0.7486999999999999 0.04199000000000003 0.03646000000000005
9 0.71826 0.6640600000000001 0.07323999999999997 0.023440000000000016
9 0.71777 0.759765 0.07421999999999995 0.022129999999999983
9 0.75928 0.66406 0.006840000000000068 0.026040000000000063
9 0.7587900000000001 0.76042 0.00782000000000005 0.026040000000000063
9 0.67334 0.66406 0.01660000000000006 0.026040000000000063
9 0.67285 0.759765 0.015620000000000078 0.027349999999999985
9 0.532225 0.663415 0.17969000000000002 0.019530000000000047
9 0.532715 0.76237 0.17871000000000004 0.019540000000000002
9 0.640625 0.66341 0.035150000000000015 0.022139999999999938
9 0.640625 0.76172 0.035150000000000015 0.02084000000000008
9 0.65967 0.80729 0.028320000000000012 0.02864
9 0.659665 0.546875 0.030269999999999908 0.03125
9 0.66113 0.511065 0.02733999999999992 0.03255000000000002
9 0.6640600000000001 0.36523 0.029299999999999993 0.037760000000000016
9 0.6616200000000001 0.1543 0.028320000000000012 0.03775999999999999
9 0.462405 0.1543 0.026370000000000005 0.03775999999999999
9 0.462405 0.36784 0.026370000000000005 0.037760000000000016
9 0.46045 0.509115 0.026359999999999995 0.03645000000000004
9 0.458495 0.544925 0.026370000000000005 0.03255000000000008
9 0.43066499999999996 0.66406 0.023430000000000006 0.026040000000000063
9 0.43164 0.76172 0.02343999999999996 0.02864
9 0.45947499999999997 0.809245 0.024409999999999987 0.027349999999999985
9 0.305175 0.809895 0.01855000000000001 0.02342999999999995
9 0.3042 0.7486999999999999 0.018559999999999965 0.039059999999999984
9 0.305175 0.60677 0.01855000000000001 0.039059999999999984
9 0.306155 0.544925 0.020510000000000028 0.02994999999999992
9 0.30566499999999996 0.511065 0.019529999999999992 0.029949999999999977
9 0.306155 0.366535 0.020510000000000028 0.029950000000000032
9 0.40674 0.365885 0.01856000000000002 0.03125
9 0.40576 0.511065 0.01856000000000002 0.029949999999999977
9 0.40527 0.54297 0.017579999999999985 0.02864
9 0.40576 0.8085899999999999 0.016600000000000004 0.026039999999999952
9 0.40869 0.15560000000000002 0.01856000000000002 0.027340000000000003
9 0.358885 0.15560000000000002 0.08105000000000001 0.024740000000000012
1 0.972655 0.677735 0.03907000000000005 0.04296999999999995
1 0.972655 0.438805 0.042970000000000064 0.07030999999999998
6 0.97363 0.45052 0.041020000000000056 0.03386
6 0.97363 0.41927 0.041020000000000056 0.02864
6 0.972655 0.6770799999999999 0.03711000000000009 0.039059999999999984
