0 0.49242225 0.515494 0.9805155 0.845072
1 0.16342 0.430985 0.06278 0.05632999999999999
1 0.16234 0.487325 0.06494 0.04507
1 0.14935 0.750705 0.06926 0.04788999999999999
1 0.152595 0.688735 0.07143000000000001 0.04788999999999999
1 0.32467999999999997 0.78028 0.08658000000000005 0.05069999999999997
1 0.32467999999999997 0.7169 0.08658000000000005 0.05352000000000001
1 0.330085 0.4169 0.08875 0.05069999999999997
1 0.330085 0.3507 0.08875 0.05352000000000001
1 0.330085 0.27746499999999996 0.08875 0.05353000000000002
1 0.329 0.21831 0.08657999999999999 0.05352000000000001
1 0.516235 0.29437 0.08875000000000005 0.05352000000000001
1 0.516235 0.35492999999999997 0.08875000000000005 0.05070000000000002
1 0.50974 0.712675 0.08873999999999999 0.05070999999999992
1 0.50866 0.77606 0.08658000000000005 0.05352000000000001
1 0.69156 0.770425 0.09740000000000004 0.04788999999999999
1 0.6926399999999999 0.70845 0.09955999999999998 0.047880000000000034
1 0.6991350000000001 0.42113 0.09090999999999994 0.05352000000000001
1 0.698055 0.35634 0.09306999999999999 0.05352000000000001
1 0.6991350000000001 0.2831 0.09090999999999994 0.05352000000000001
1 0.695885 0.21972 0.09306999999999999 0.05634
1 0.02597425 0.6084499999999999 0.0389615 0.0676
4 0.56818 0.314085 0.019479999999999942 0.16618999999999998
4 0.56385 0.7394400000000001 0.019480000000000053 0.16620000000000001
4 0.37554 0.740845 0.019479999999999997 0.16339000000000004
4 0.37987000000000004 0.314085 0.02814 0.29577
4 0.7478400000000001 0.742255 0.019480000000000053 0.1605700000000001
4 0.7532449999999999 0.31127000000000005 0.021650000000000058 0.31268
6 0.166665 0.36338000000000004 0.07358999999999999 0.06197999999999998
6 0.15909 0.5436650000000001 0.06709999999999999 0.06196999999999997
6 0.15368 0.623945 0.06926 0.059150000000000036
6 0.14935 0.804225 0.07792 0.059150000000000036
6 0.32684 0.47041999999999995 0.09090000000000004 0.05634
6 0.325755 0.15634 0.09306999999999999 0.05915999999999999
6 0.32467500000000005 0.642255 0.09090999999999999 0.06196999999999997
6 0.322515 0.8394349999999999 0.09091000000000005 0.06196999999999997
6 0.507575 0.83521 0.09306999999999999 0.05915999999999999
6 0.510825 0.6436599999999999 0.09090999999999999 0.05915999999999999
6 0.516235 0.41408500000000004 0.09306999999999999 0.061970000000000025
6 0.517315 0.225355 0.09090999999999999 0.061970000000000025
6 0.69697 0.146475 0.09089999999999998 0.06197000000000001
6 0.700215 0.478875 0.09306999999999999 0.06196999999999997
6 0.694805 0.64225 0.09956999999999994 0.05634000000000006
6 0.6915549999999999 0.82394 0.10172999999999999 0.05352000000000001
6 0.0270565 0.63521 0.045455 0.047880000000000034
6 0.0270565 0.5831 0.045455 0.05070000000000008
8 0.25866 0.514085 0.04978000000000002 0.8197099999999999
8 0.75866 0.5098575 0.028140000000000054 0.828165
10 0.807355 0.5 0.04328999999999994 0.7915399999999999
10 0.886365 0.705635 0.11038999999999999 0.28451000000000004
10 0.8961049999999999 0.433805 0.11689000000000005 0.07887
10 0.887445 0.29014 0.11689000000000005 0.15212000000000003
10 0.876625 0.142255 0.05194999999999994 0.07604999999999999
