1 0.477535 0.42578 0.037109999999999976 0.023440000000000016
1 0.477535 0.47852 0.037109999999999976 0.024739999999999984
1 0.5512699999999999 0.42578000000000005 0.040039999999999965 0.026040000000000008
1 0.5512699999999999 0.477865 0.040039999999999965 0.026050000000000018
1 0.478515 0.59961 0.03711000000000003 0.024739999999999984
1 0.478515 0.6510400000000001 0.03711000000000003 0.023440000000000016
1 0.55176 0.59831 0.039059999999999984 0.024739999999999984
1 0.5522499999999999 0.65039 0.040039999999999965 0.024739999999999984
1 0.7026399999999999 0.6510400000000001 0.040039999999999965 0.023440000000000016
1 0.7026399999999999 0.60026 0.040039999999999965 0.026040000000000063
1 0.61475 0.64453 0.010739999999999972 0.010419999999999985
1 0.61475 0.658855 0.010739999999999972 0.01041000000000003
1 0.635745 0.65169 0.025390000000000024 0.024739999999999984
1 0.61475 0.60677 0.010739999999999972 0.010419999999999985
1 0.61475 0.5924499999999999 0.010739999999999972 0.010419999999999985
1 0.635745 0.60026 0.025390000000000024 0.026040000000000063
1 0.7768550000000001 0.5989599999999999 0.03809000000000007 0.023440000000000016
1 0.77637 0.64974 0.039060000000000095 0.023440000000000016
1 0.76318 0.5260400000000001 0.010739999999999972 0.01301999999999992
1 0.76367 0.5514300000000001 0.009759999999999991 0.01432
1 0.7841800000000001 0.5266900000000001 0.025399999999999978 0.01432
1 0.7841800000000001 0.55078 0.023440000000000016 0.01301999999999992
1 0.703125 0.47982 0.04100999999999999 0.02474000000000004
1 0.7036100000000001 0.42773 0.040039999999999965 0.024739999999999984
1 0.777345 0.42773 0.03907000000000005 0.024739999999999984
1 0.77783 0.47917 0.040039999999999965 0.023440000000000016
1 0.61475 0.41927000000000003 0.010739999999999972 0.01042000000000004
1 0.61475 0.47135499999999997 0.010739999999999972 0.010409999999999975
1 0.61475 0.43489500000000003 0.010739999999999972 0.010409999999999975
1 0.635745 0.42773 0.025390000000000024 0.024739999999999984
1 0.635745 0.47917 0.025390000000000024 0.026040000000000008
1 0.61475 0.48568 0.010739999999999972 0.010419999999999985
1 0.47705 0.53776 0.03221999999999997 0.026040000000000063
1 0.543455 0.5299499999999999 0.03808999999999996 0.026039999999999952
1 0.543945 0.56315 0.035150000000000015 0.009120000000000017
1 0.63086 0.5299499999999999 0.023440000000000016 0.026039999999999952
1 0.63037 0.565105 0.022459999999999924 0.007809999999999984
1 0.611815 0.522135 0.01269000000000009 0.01041000000000003
1 0.609375 0.53776 0.013670000000000071 0.010419999999999985
1 0.703125 0.53906 0.035150000000000015 0.026040000000000063
1 0.402345 0.31315000000000004 0.035150000000000015 0.01691999999999999
1 0.387695 0.335935 0.011709999999999998 0.020830000000000015
1 0.40332 0.359375 0.03515999999999997 0.015630000000000033
1 0.404785 0.33724 0.016610000000000014 0.020840000000000025
1 0.47803 0.33854 0.028320000000000012 0.02083999999999997
1 0.478025 0.36002999999999996 0.026370000000000005 0.011720000000000008
1 0.478025 0.31836 0.026370000000000005 0.011720000000000008
1 0.45703000000000005 0.31706 0.007819999999999994 0.011720000000000008
1 0.45264000000000004 0.33854 0.016600000000000004 0.02083999999999997
1 0.457515 0.359375 0.008789999999999965 0.013029999999999986
1 0.52783 0.339195 0.010739999999999972 0.019529999999999992
1 0.529785 0.31901 0.012689999999999979 0.013019999999999976
1 0.529785 0.35872000000000004 0.012689999999999979 0.011720000000000008
1 0.5537099999999999 0.31901 0.029299999999999993 0.013019999999999976
1 0.552245 0.339845 0.03222999999999998 0.01822999999999997
1 0.5537099999999999 0.359375 0.029299999999999993 0.013029999999999986
1 0.60449 0.31966 0.011719999999999953 0.011719999999999953
1 0.6030249999999999 0.339845 0.008789999999999965 0.01822999999999997
1 0.60498 0.36002999999999996 0.010739999999999972 0.011720000000000008
1 0.62988 0.31966 0.03320000000000001 0.011719999999999953
1 0.628905 0.339845 0.035150000000000015 0.01822999999999997
1 0.62988 0.36002999999999996 0.03320000000000001 0.011720000000000008
1 0.68848 0.317055 0.011719999999999953 0.009110000000000007
1 0.68848 0.33138 0.011719999999999953 0.009120000000000017
1 0.68799 0.348305 0.010739999999999972 0.009110000000000007
1 0.68799 0.36197999999999997 0.010739999999999972 0.007819999999999994
1 0.71045 0.32357 0.02636000000000005 0.022139999999999993
1 0.71045 0.35482 0.02636000000000005 0.022139999999999993
2 0.836425 0.33724 0.05957000000000001 0.03645999999999999
0 0.556155 0.546875 0.62207 0.56511
1 0.46240499999999995 0.786455 0.04394999999999999 0.01822999999999997
1 0.461425 0.761715 0.04394999999999999 0.01822999999999997
1 0.46191499999999996 0.735675 0.04297000000000001 0.01822999999999997
1 0.46924 0.7083349999999999 0.04393999999999998 0.01823000000000008
1 0.544925 0.7083349999999999 0.04296999999999995 0.007809999999999984
1 0.5400400000000001 0.76107 0.041019999999999945 0.05078000000000005
1 0.479005 0.813805 0.03809000000000001 0.020829999999999904
1 0.5512699999999999 0.815105 0.03808 0.020830000000000015
1 0.628415 0.74284 0.026369999999999894 0.024740000000000095
1 0.6279250000000001 0.7793 0.025389999999999913 0.024739999999999984
1 0.60498 0.73568 0.010739999999999972 0.010420000000000096
1 0.60547 0.7513000000000001 0.011720000000000064 0.010419999999999985
1 0.60596 0.772135 0.010740000000000083 0.01041000000000003
1 0.60547 0.7864599999999999 0.011720000000000064 0.010419999999999985
1 0.61426 0.821615 0.011719999999999953 0.01041000000000003
1 0.61377 0.8072900000000001 0.010739999999999972 0.010419999999999985
1 0.692875 0.75065 0.04784999999999995 0.050779999999999936
1 0.694825 0.7076800000000001 0.04981000000000002 0.01432
1 0.782715 0.7194 0.026370000000000005 0.024739999999999984
1 0.782715 0.75716 0.024409999999999932 0.024740000000000095
1 0.76123 0.71419 0.010739999999999972 0.011719999999999953
1 0.76123 0.7285200000000001 0.010739999999999972 0.011720000000000064
1 0.76221 0.75065 0.010740000000000083 0.011720000000000064
1 0.76123 0.7636700000000001 0.010739999999999972 0.011720000000000064
1 0.71289 0.18945 0.056640000000000024 0.024740000000000012
1 0.70996 0.24805 0.056640000000000024 0.027340000000000003
1 0.716305 0.13737 0.053710000000000035 0.022139999999999993
1 0.77881 0.190755 0.040040000000000076 0.024730000000000002
1 0.7783199999999999 0.24805 0.039059999999999984 0.024739999999999984
1 0.78125 0.13801999999999998 0.039060000000000095 0.020839999999999997
1 0.6362300000000001 0.247395 0.028320000000000012 0.02865000000000001
1 0.63916 0.18945 0.028320000000000012 0.024740000000000012
1 0.645505 0.13737 0.025390000000000024 0.022139999999999993
1 0.62451 0.129555 0.010739999999999972 0.009110000000000007
1 0.62256 0.14257999999999998 0.010739999999999972 0.00911999999999999
1 0.617675 0.17969000000000002 0.010750000000000037 0.010420000000000013
1 0.6167 0.19530999999999998 0.010739999999999972 0.010420000000000013
1 0.61377 0.23828 0.010739999999999972 0.010420000000000013
1 0.61377 0.253905 0.010739999999999972 0.010410000000000003
1 0.550295 0.246095 0.04198999999999997 0.02864999999999998
1 0.55469 0.18685000000000002 0.041020000000000056 0.027340000000000003
1 0.563475 0.134765 0.042970000000000064 0.022129999999999983
1 0.47509500000000005 0.24414000000000002 0.03809000000000001 0.024740000000000012
1 0.480955 0.18685000000000002 0.03809000000000001 0.024740000000000012
1 0.49169999999999997 0.132815 0.03613999999999995 0.02083
1 0.39551000000000003 0.2513 0.03319999999999995 0.015619999999999995
1 0.39697 0.22526000000000002 0.03417999999999999 0.015619999999999995
1 0.39941499999999996 0.19922 0.03321000000000002 0.015619999999999995
1 0.40381 0.17448000000000002 0.03417999999999999 0.015619999999999995
1 0.40869 0.15104 0.03417999999999999 0.015619999999999995
1 0.416995 0.128255 0.03125 0.009110000000000007
1 0.49853499999999995 0.0703125 0.03612999999999994 0.018228999999999995
1 0.5014649999999999 0.046875 0.03416999999999998 0.010415999999999995
1 0.5737300000000001 0.08398449999999999 0.02636000000000005 0.006511000000000003
1 0.55225 0.08398449999999999 0.010739999999999972 0.006511000000000003
1 0.5727500000000001 0.060547 0.028320000000000012 0.009113999999999997
1 0.550295 0.0592445 0.008789999999999965 0.011718999999999993
1 0.62158 0.0846355 0.012699999999999934 0.007813
1 0.645505 0.0852865 0.03125 0.006510999999999989
1 0.40380499999999997 0.61133 0.014649999999999996 0.08723999999999998
1 0.401855 0.46158999999999994 0.016610000000000014 0.10025999999999996
1 0.31933500000000004 0.73958 0.009770000000000001 0.013020000000000032
1 0.35448999999999997 0.740235 0.015620000000000023 0.009109999999999951
1 0.30225 0.335935 0.010740000000000027 0.005209999999999992
1 0.354495 0.060547000000000004 0.009770000000000001 0.0039059999999999997
3 0.455565 0.42708 0.03222999999999998 0.039059999999999984
3 0.456545 0.47917 0.032230000000000036 0.039059999999999984
3 0.45752000000000004 0.5989599999999999 0.03221999999999997 0.039059999999999984
3 0.45752000000000004 0.652345 0.03221999999999997 0.03907000000000005
3 0.59912 0.427085 0.022459999999999924 0.041669999999999985
3 0.59912 0.477865 0.022459999999999924 0.041669999999999985
3 0.6005849999999999 0.60026 0.02342999999999995 0.04166000000000003
3 0.6001000000000001 0.652345 0.022460000000000035 0.041669999999999985
3 0.586425 0.7454449999999999 0.014650000000000052 0.03254999999999997
3 0.585935 0.78125 0.013670000000000071 0.031260000000000066
3 0.453615 0.24609000000000003 0.03222999999999998 0.03906000000000001
3 0.45947499999999997 0.184895 0.032230000000000036 0.039069999999999994
3 0.469235 0.127605 0.03222999999999998 0.039069999999999994
4 0.49804499999999996 0.31771 0.013670000000000015 0.015619999999999967
4 0.49804499999999996 0.36067499999999997 0.013670000000000015 0.015629999999999977
4 0.49804499999999996 0.33984000000000003 0.013670000000000015 0.02343999999999996
4 0.50293 0.426435 0.01367999999999997 0.03254999999999997
4 0.50244 0.478515 0.012699999999999989 0.03255000000000002
4 0.503415 0.59961 0.014649999999999996 0.03256000000000003
4 0.503415 0.65039 0.014649999999999996 0.03256000000000003
4 0.578615 0.6523399999999999 0.014650000000000052 0.03646000000000005
4 0.5791 0.59961 0.015620000000000078 0.03515999999999997
4 0.57959 0.47982 0.014640000000000097 0.035160000000000025
4 0.578125 0.42708 0.015630000000000033 0.03645999999999999
4 0.655275 0.42773 0.01366999999999996 0.037760000000000016
4 0.655275 0.47982 0.01366999999999996 0.03775999999999996
4 0.6542950000000001 0.6523399999999999 0.01366999999999996 0.03646000000000005
4 0.65332 0.60612 0.013679999999999914 0.037760000000000016
4 0.731935 0.428385 0.018550000000000066 0.039069999999999994
4 0.7324200000000001 0.47982 0.01758000000000004 0.04036000000000001
4 0.730955 0.60026 0.018550000000000066 0.039059999999999984
4 0.730955 0.652345 0.018550000000000066 0.03907000000000005
4 0.731445 0.323565 0.017570000000000086 0.03254999999999997
4 0.73193 0.356775 0.01660000000000006 0.03125
4 0.5761700000000001 0.31966 0.015620000000000078 0.016920000000000046
4 0.57666 0.36067499999999997 0.01660000000000006 0.018230000000000024
4 0.57666 0.340495 0.01660000000000006 0.022129999999999983
4 0.654785 0.340495 0.016609999999999903 0.022129999999999983
4 0.654785 0.36002500000000004 0.016609999999999903 0.01433000000000001
4 0.654785 0.31966 0.016609999999999903 0.01432
5 0.50049 0.5390649999999999 0.028320000000000067 0.07030999999999998
5 0.5761700000000001 0.546875 0.029299999999999993 0.09115000000000006
5 0.654295 0.546875 0.03125 0.09375
5 0.736325 0.54036 0.037109999999999976 0.07551999999999992
5 0.508305 0.177081 0.05370999999999998 0.164058
5 0.58154 0.180338 0.04589999999999994 0.16536399999999996
5 0.661135 0.17968800000000001 0.04296999999999995 0.164064
5 0.73584 0.179689 0.032220000000000026 0.161462
4 0.49121000000000004 0.78776 0.017579999999999985 0.026040000000000063
4 0.4917 0.76172 0.018559999999999965 0.026039999999999952
4 0.49121000000000004 0.73503 0.017579999999999985 0.024739999999999984
4 0.648435 0.74349 0.015630000000000033 0.03386
4 0.648435 0.78125 0.015630000000000033 0.03386
4 0.726075 0.7395799999999999 0.018549999999999955 0.039059999999999984
4 0.7280249999999999 0.7825500000000001 0.018549999999999955 0.039059999999999984
3 0.47803 0.071615 0.028320000000000012 0.03125
7 0.777835 0.33984499999999995 0.05957000000000001 0.06770999999999999
7 0.7900400000000001 0.291015 0.021480000000000055 0.019529999999999992
7 0.78906 0.38932500000000003 0.021479999999999944 0.018230000000000024
8 0.8125 0.546225 0.013679999999999914 0.55599
8 0.743655 0.548825 0.01464999999999994 0.55599
8 0.666015 0.543615 0.01366999999999996 0.55599
8 0.516115 0.546875 0.014650000000000052 0.5546899999999999
8 0.424315 0.548825 0.03808999999999996 0.5585899999999999
9 0.70459 0.375 0.030279999999999974 0.005199999999999982
9 0.70459 0.30599 0.030279999999999974 0.005199999999999982
9 0.7050799999999999 0.5117149999999999 0.029299999999999993 0.005210000000000048
9 0.70215 0.553385 0.02734000000000003 0.005209999999999937
9 0.706055 0.56901 0.027349999999999985 0.005199999999999982
9 0.46875 0.552735 0.02734000000000003 0.006510000000000016
9 0.479495 0.567705 0.025390000000000024 0.005209999999999937
9 0.47948999999999997 0.5104150000000001 0.02343999999999996 0.005210000000000048
9 0.780275 0.83789 0.14062999999999992 0.03515999999999997
9 0.786135 0.79362 0.12109000000000003 0.02733999999999992
9 0.8720699999999999 0.8359399999999999 0.04296 0.052080000000000015
9 0.8637699999999999 0.7916650000000001 0.03417999999999999 0.03385000000000005
9 0.703125 0.840495 0.013670000000000071 0.04557
9 0.720215 0.79427 0.010749999999999926 0.03646000000000005
9 0.68506 0.5546899999999999 0.006839999999999957 0.010419999999999985
9 0.688475 0.51107 0.003909999999999969 0.011719999999999953
9 0.68945 0.56836 0.005859999999999976 0.009120000000000017
9 0.721195 0.5117149999999999 0.002929999999999988 0.007809999999999984
9 0.717285 0.553385 0.002929999999999988 0.007809999999999984
9 0.7207049999999999 0.569665 0.0019500000000000073 0.006510000000000016
9 0.483885 0.552735 0.002929999999999988 0.006510000000000016
9 0.493655 0.5683549999999999 0.002929999999999988 0.006509999999999905
9 0.492675 0.511065 0.0029300000000000437 0.006510000000000016
9 0.46484000000000003 0.5104150000000001 0.005860000000000032 0.01040999999999992
9 0.45215 0.553385 0.005859999999999976 0.01041000000000003
9 0.46387 0.56836 0.005859999999999976 0.011719999999999953
10 0.84424 0.13932499999999998 0.05176000000000003 0.015630000000000005
10 0.84424 0.190755 0.05176000000000003 0.027350000000000013
10 0.8442350000000001 0.248695 0.053710000000000035 0.020830000000000015
10 0.840335 0.428385 0.03809000000000007 0.023430000000000006
10 0.837405 0.48112 0.04199000000000008 0.024739999999999984
10 0.83789 0.5423199999999999 0.041020000000000056 0.03515999999999997
10 0.836915 0.60026 0.04100999999999999 0.023440000000000016
10 0.83203 0.65299 0.03320000000000001 0.024739999999999984
1 0.833495 0.722655 0.03808999999999996 0.01823000000000008
1 0.833985 0.754555 0.037109999999999976 0.019530000000000047
4 0.419925 0.455075 0.019529999999999992 0.09505000000000002
4 0.42041 0.621745 0.01856000000000002 0.10287000000000002
4 0.4209 0.34245000000000003 0.01758000000000004 0.03645999999999999
4 0.42871499999999996 0.364585 0.013670000000000015 0.01041000000000003
4 0.427735 0.3125 0.015629999999999977 0.018220000000000014
4 0.43798499999999996 0.12434999999999999 0.014649999999999996 0.014319999999999986
4 0.43310499999999996 0.14843499999999998 0.010749999999999982 0.018229999999999996
4 0.42676000000000003 0.17057499999999998 0.011720000000000008 0.018229999999999996
4 0.42285 0.19791999999999998 0.009759999999999991 0.02343999999999999
4 0.41991999999999996 0.22460999999999998 0.011720000000000008 0.027340000000000003
4 0.418945 0.251955 0.011709999999999998 0.022129999999999983
5 0.458495 0.064453 0.01855000000000001 0.058594
1 0.43701 0.079427 0.024419999999999997 0.010416000000000009
1 0.43213 0.063151 0.012699999999999989 0.011718
1 0.44433500000000004 0.063802 0.007810000000000039 0.013019999999999997
1 0.44384500000000005 0.048177 0.014649999999999996 0.0078119999999999995
