1 0.500000 0.500000 1.000000 1.000000
0 0.502098 0.500977 0.995804 0.998047
8 0.979021 0.895020 0.033566 0.204102
8 0.827273 0.893555 0.026573 0.201172
8 0.497902 0.888184 0.036364 0.202148
8 0.349650 0.887695 0.030769 0.201172
2 0.744755 0.850098 0.076923 0.190430
2 0.588112 0.848633 0.076923 0.191406
2 0.097203 0.846680 0.076923 0.191406
2 0.260839 0.843750 0.076923 0.191406
2 0.747552 0.539551 0.076923 0.155273
2 0.909790 0.539551 0.076923 0.161133
2 0.592308 0.539551 0.076923 0.161133
2 0.425874 0.536621 0.076923 0.161133
2 0.265734 0.537598 0.072727 0.163086
2 0.102098 0.533691 0.072727 0.161133
2 0.748252 0.258301 0.078322 0.141602
2 0.595105 0.253418 0.079720 0.141602
2 0.912587 0.252441 0.079720 0.141602
2 0.424476 0.252930 0.079720 0.142578
2 0.262238 0.250977 0.079720 0.144531
2 0.102797 0.250000 0.079720 0.146484
3 0.502098 0.072266 0.981818 0.132812
11 0.887413 0.893066 0.093706 0.202148
11 0.418881 0.861328 0.107692 0.244141
9 0.896503 0.718750 0.206993 0.146484
9 0.688112 0.099609 0.044755 0.117188
9 0.490909 0.094727 0.044755 0.117188
9 0.338462 0.093750 0.044755 0.117188
9 0.545455 0.091797 0.044755 0.117188
9 0.186713 0.088867 0.043357 0.117188
9 0.034965 0.084473 0.044755 0.116211
4 0.105594 0.743164 0.124476 0.042969
4 0.739161 0.739746 0.107692 0.043945
4 0.593706 0.739746 0.124476 0.043945
4 0.260839 0.738281 0.124476 0.042969
4 0.918182 0.442383 0.124476 0.042969
4 0.744755 0.442383 0.124476 0.042969
4 0.596503 0.441406 0.124476 0.042969
4 0.425874 0.441406 0.124476 0.042969
4 0.112587 0.441406 0.124476 0.042969
4 0.274825 0.439453 0.124476 0.042969
4 0.755944 0.169922 0.124476 0.042969
4 0.602098 0.167969 0.124476 0.042969
4 0.427273 0.166992 0.124476 0.042969
4 0.263636 0.162109 0.124476 0.042969
4 0.104196 0.162109 0.124476 0.042969
7 0.904196 0.632812 0.127273 0.025391
7 0.595105 0.638184 0.127273 0.036133
7 0.269231 0.636719 0.127273 0.035156
7 0.746154 0.634766 0.127273 0.035156
7 0.430769 0.634766 0.125874 0.035156
7 0.106993 0.631836 0.127273 0.035156
7 0.757343 0.346680 0.127273 0.035156
7 0.590909 0.342285 0.127273 0.036133
7 0.434965 0.342285 0.125874 0.036133
7 0.900000 0.340820 0.127273 0.035156
7 0.264336 0.340820 0.125874 0.035156
7 0.100000 0.340820 0.127273 0.035156
