0 0.5064885 0.5117175 0.978383 0.923825
1 0.16108 0.171875 0.09298000000000001 0.044930000000000025
1 0.168105 0.345215 0.08972999999999999 0.036129999999999995
1 0.35027 0.18945499999999998 0.08648 0.03514999999999999
1 0.168645 0.39502000000000004 0.09080999999999999 0.036140000000000005
1 0.168105 0.662595 0.09188999999999999 0.036129999999999995
1 0.167565 0.7128950000000001 0.09080999999999999 0.03711000000000009
1 0.35081 0.13965 0.08540000000000003 0.03516000000000001
1 0.35675500000000004 0.348145 0.08649000000000001 0.036129999999999995
1 0.35892 0.398925 0.08648 0.03613000000000005
1 0.54 0.18799 0.08972000000000002 0.03808
1 0.54 0.136715 0.08972000000000002 0.03710999999999999
1 0.35838000000000003 0.665525 0.08539999999999998 0.036129999999999995
1 0.35838000000000003 0.714355 0.08539999999999998 0.036129999999999995
1 0.35189000000000004 0.84912 0.08539999999999998 0.03614000000000006
1 0.35189000000000004 0.899905 0.08539999999999998 0.036129999999999995
1 0.5454049999999999 0.34668 0.08972999999999998 0.03515999999999997
1 0.546485 0.39795 0.08973000000000009 0.036140000000000005
1 0.546485 0.663575 0.08973000000000009 0.036129999999999995
1 0.5454049999999999 0.71338 0.08972999999999998 0.03614000000000006
1 0.541625 0.84912 0.09081000000000006 0.03614000000000006
1 0.542165 0.9003950000000001 0.08973000000000003 0.03711000000000009
1 0.734595 0.18799 0.08973000000000009 0.03808
1 0.735135 0.137205 0.09297 0.03809
1 0.92919 0.137205 0.09405999999999992 0.03809
1 0.92919 0.189945 0.09405999999999992 0.036129999999999995
1 0.737835 0.40088 0.09189000000000003 0.036140000000000005
1 0.737835 0.35058500000000004 0.09404999999999997 0.03711000000000003
1 0.92973 0.402345 0.09297999999999995 0.037109999999999976
1 0.9302699999999999 0.351075 0.09405999999999992 0.03613000000000005
1 0.738915 0.716795 0.09189000000000003 0.037109999999999976
1 0.738915 0.6674800000000001 0.09189000000000003 0.03613999999999995
1 0.734595 0.8496049999999999 0.09404999999999997 0.03711000000000009
1 0.735135 0.9003950000000001 0.09297 0.03711000000000009
1 0.92811 0.902835 0.09406000000000003 0.036130000000000106
1 0.92865 0.851565 0.09297999999999995 0.037109999999999976
1 0.92973 0.71875 0.09297999999999995 0.03709999999999991
1 0.92973 0.668455 0.09297999999999995 0.03808999999999996
1 0.16865 0.52734 0.09298 0.06250000000000006
1 0.35729500000000003 0.53027 0.08541000000000004 0.0625
1 0.546485 0.53076 0.08973000000000009 0.06347999999999998
1 0.738915 0.53467 0.09189000000000003 0.06347999999999998
1 0.92973 0.53613 0.09082000000000001 0.0625
3 0.32216 0.155275 0.0973 0.12891000000000002
3 0.32811 0.364745 0.09621999999999997 0.13183
3 0.33189 0.525875 0.09945999999999999 0.10448999999999997
3 0.33135000000000003 0.686525 0.10054000000000002 0.12695
3 0.325405 0.873535 0.10379000000000005 0.12988999999999995
3 0.47243 0.1533195 0.06269999999999998 0.164061
3 0.47784000000000004 0.365235 0.06270000000000003 0.16014999999999996
3 0.47946 0.685545 0.06162000000000001 0.15039000000000002
3 0.474595 0.8720699999999999 0.06270999999999999 0.1543
4 0.4 0.161135 0.019459999999999977 0.10937000000000001
4 0.40811 0.37012 0.020539999999999947 0.10741999999999996
4 0.40811 0.52881 0.018380000000000007 0.08105999999999997
4 0.40919 0.68799 0.018379999999999952 0.10644000000000009
4 0.40162 0.87451 0.020540000000000003 0.10840000000000005
4 0.78703 0.1601545 0.017300000000000093 0.121091
4 0.78811 0.875975 0.021619999999999973 0.11523000000000005
5 0.22919 0.080566 0.03459999999999999 0.07128799999999999
7 0.145947 0.455565 0.10378599999999999 0.07518999999999998
7 0.1464875 0.60156 0.10270499999999999 0.08007999999999993
3 0.468105 0.52783 0.09081 0.13574000000000003
7 0.6389199999999999 0.163575 0.038919999999999955 0.08301000000000001
7 0.66865 0.376465 0.027020000000000044 0.09863
7 0.672435 0.692385 0.03027000000000002 0.10936999999999997
7 0.64054 0.87549 0.040000000000000036 0.08495999999999992
7 0.8362149999999999 0.375975 0.08324999999999994 0.12304999999999999
7 0.835675 0.53369 0.0843299999999999 0.12012
7 0.837295 0.690915 0.08756999999999993 0.12207000000000001
8 0.0675695 0.5131835 0.076761 0.911133
8 0.283785 0.510742 0.14811 0.9160159999999999
8 0.53135 0.510742 0.022699999999999942 0.9160159999999999
8 0.5967549999999999 0.5102555 0.03243000000000007 0.913089
9 0.157835 0.22754000000000002 0.10811 0.013679999999999998
9 0.157295 0.268065 0.10919 0.014649999999999996
9 0.158375 0.11865500000000001 0.10703 0.01465000000000001
9 0.15784 0.06640599999999999 0.09730000000000001 0.017577999999999996
9 0.827025 0.453615 0.14918999999999993 0.03809000000000001
9 0.828105 0.297855 0.14918999999999993 0.025389999999999968
9 0.8264849999999999 0.61084 0.15027000000000001 0.032220000000000026
9 0.8297300000000001 0.76465 0.15244000000000002 0.021480000000000055
9 0.226485 0.22754000000000002 0.03134999999999999 0.015619999999999995
9 0.227565 0.268555 0.029189999999999994 0.013670000000000015
9 0.22702499999999998 0.11914 0.03026999999999999 0.015620000000000009
9 0.946485 0.4541 0.09189000000000003 0.04688000000000003
9 0.946485 0.6113299999999999 0.08972999999999998 0.039059999999999984
9 0.948645 0.299315 0.08972999999999998 0.026370000000000005
9 0.94811 0.76465 0.08216000000000001 0.023440000000000016
9 0.734595 0.29785 0.03783000000000003 0.029299999999999993
9 0.734055 0.452635 0.03675000000000006 0.04198999999999997
9 0.7340549999999999 0.6113299999999999 0.03459000000000001 0.041019999999999945
9 0.735135 0.762205 0.03675000000000006 0.026370000000000005
9 0.096214 0.11718999999999999 0.017292000000000002 0.021479999999999985
9 0.095674 0.22607 0.016212000000000004 0.022460000000000008
9 0.094593 0.26709 0.016214000000000006 0.020499999999999963
9 0.101082 0.065918 0.014055999999999999 0.024413999999999998
