1 0.500000 0.500000 1.000000 1.000000
0 0.500000 0.497070 0.994737 0.994141
6 0.196711 0.819824 0.230263 0.051758
6 0.826316 0.891113 0.223684 0.196289
2 0.194737 0.639648 0.128947 0.074219
2 0.510526 0.639160 0.128947 0.075195
2 0.822368 0.638184 0.128947 0.077148
2 0.509868 0.459961 0.130263 0.058594
2 0.196053 0.457031 0.128947 0.056641
2 0.823684 0.458008 0.126316 0.060547
2 0.196053 0.291504 0.123684 0.045898
2 0.823026 0.289551 0.122368 0.043945
2 0.510526 0.290527 0.123684 0.045898
2 0.821711 0.136230 0.114474 0.036133
2 0.511184 0.133789 0.114474 0.035156
2 0.199342 0.135254 0.114474 0.038086
2 0.822368 0.065430 0.060526 0.017578
2 0.531579 0.064453 0.013158 0.017578
2 0.200000 0.064453 0.060526 0.017578
2 0.488158 0.063965 0.013158 0.018555
3 0.503947 0.234375 0.973684 0.023438
3 0.503289 0.046875 0.975000 0.087891
11 0.199342 0.916016 0.217105 0.140625
11 0.511842 0.890137 0.165789 0.196289
9 0.647368 0.769043 0.044737 0.071289
5 0.509211 0.716797 0.950000 0.080078
5 0.512500 0.541504 0.261842 0.104492
5 0.838816 0.540527 0.261842 0.104492
5 0.186842 0.537598 0.260526 0.104492
5 0.194079 0.361816 0.246053 0.094727
5 0.512500 0.360840 0.246053 0.094727
5 0.830263 0.358887 0.247368 0.094727
5 0.830263 0.196777 0.221053 0.084961
5 0.196053 0.196777 0.221053 0.084961
5 0.514474 0.193848 0.221053 0.084961
