1 0.500000 0.500000 1.000000 1.000000
0 0.454259 0.538086 0.843323 0.871094
6 0.733438 0.894531 0.038906 0.093750
6 0.847529 0.903320 0.054679 0.113281
6 0.291272 0.881348 0.098843 0.157227
6 0.137750 0.883789 0.094637 0.162109
6 0.606204 0.814453 0.026288 0.052734
6 0.439012 0.820801 0.171399 0.090820
6 0.732387 0.866211 0.278654 0.203125
2 0.123028 0.664062 0.084122 0.107422
2 0.455310 0.663086 0.084122 0.109375
2 0.290221 0.662598 0.084122 0.108398
2 0.941115 0.660156 0.060988 0.105469
2 0.621451 0.658203 0.084122 0.109375
2 0.781283 0.655762 0.084122 0.108398
2 0.944269 0.448730 0.060988 0.118164
2 0.117245 0.448242 0.072555 0.130859
2 0.786015 0.443848 0.064143 0.125977
2 0.623028 0.443359 0.066246 0.126953
2 0.285489 0.444336 0.076761 0.128906
2 0.453733 0.446289 0.070452 0.134766
2 0.784963 0.245605 0.076761 0.100586
2 0.118297 0.243652 0.076761 0.100586
2 0.623554 0.241699 0.071504 0.100586
2 0.454259 0.240723 0.077813 0.100586
2 0.286540 0.240723 0.074658 0.100586
2 0.945321 0.228027 0.060988 0.108398
3 0.776025 0.758301 0.187171 0.012695
3 0.329127 0.766602 0.582545 0.029297
3 0.451630 0.311035 0.831756 0.047852
3 0.457413 0.152344 0.830705 0.066406
11 0.458991 0.900879 0.074658 0.120117
9 0.539432 0.690430 0.042061 0.074219
4 0.288644 0.593262 0.129338 0.028320
4 0.122503 0.593262 0.129338 0.028320
4 0.459516 0.589355 0.130389 0.028320
4 0.622503 0.585938 0.130389 0.027344
4 0.785489 0.584473 0.130389 0.028320
4 0.942692 0.355957 0.108307 0.057617
4 0.786015 0.350098 0.125131 0.045898
4 0.621977 0.350098 0.125131 0.045898
4 0.119874 0.348633 0.124080 0.046875
4 0.452156 0.347168 0.124080 0.045898
4 0.284437 0.347168 0.125131 0.045898
4 0.946372 0.141602 0.092534 0.042969
7 0.458465 0.744629 0.115668 0.053711
7 0.125657 0.744629 0.114616 0.053711
7 0.292850 0.744141 0.114616 0.054688
7 0.624606 0.740234 0.115668 0.054688
7 0.783386 0.736816 0.115668 0.053711
7 0.454259 0.548828 0.115668 0.070312
7 0.120400 0.548828 0.114616 0.070312
7 0.293375 0.544434 0.115668 0.071289
7 0.785489 0.542480 0.115668 0.071289
7 0.621451 0.542480 0.115668 0.071289
7 0.946372 0.300293 0.100946 0.030273
10 0.231335 0.450684 0.039958 0.137695
10 0.060988 0.448730 0.039958 0.137695
10 0.838065 0.447754 0.039958 0.137695
10 0.733438 0.447754 0.041009 0.137695
10 0.676130 0.447754 0.039958 0.137695
10 0.569926 0.447754 0.039958 0.137695
10 0.343849 0.447754 0.039958 0.137695
10 0.174027 0.447754 0.041009 0.137695
10 0.509464 0.446777 0.041009 0.137695
10 0.398002 0.446777 0.041009 0.137695
10 0.841220 0.247070 0.035752 0.099609
10 0.175605 0.241211 0.042061 0.099609
10 0.731861 0.242188 0.037855 0.105469
10 0.566772 0.242188 0.042061 0.105469
10 0.680336 0.241211 0.042061 0.105469
10 0.229758 0.237305 0.041009 0.099609
10 0.060988 0.240234 0.042061 0.105469
10 0.344900 0.238281 0.042061 0.105469
10 0.513144 0.237305 0.042061 0.105469
10 0.398528 0.236816 0.042061 0.104492
