1 0.7729900000000001 0.902345 0.09770000000000001 0.06054999999999999
1 0.5764400000000001 0.1333 0.09540000000000004 0.03808
1 0.5758650000000001 0.076172 0.09425000000000006 0.037110000000000004
1 0.770115 0.147465 0.09424999999999994 0.01953000000000002
1 0.783335 0.111815 0.12068999999999996 0.04199000000000001
1 0.77069 0.0756835 0.09309999999999996 0.018554999999999988
1 0.771265 0.5668949999999999 0.09424999999999994 0.018549999999999955
1 0.771265 0.530275 0.09424999999999994 0.03711000000000009
1 0.771265 0.49365499999999995 0.09424999999999994 0.01855000000000001
1 0.7718400000000001 0.41503999999999996 0.09540000000000004 0.035160000000000025
1 0.770115 0.336425 0.09424999999999994 0.01855000000000001
1 0.770115 0.30078 0.09424999999999994 0.039059999999999984
1 0.77069 0.26416 0.09539999999999993 0.01856000000000002
1 0.59138 0.555175 0.08850000000000002 0.036129999999999995
1 0.59138 0.506835 0.08850000000000002 0.03515000000000007
1 0.59138 0.41503999999999996 0.08850000000000002 0.035160000000000025
1 0.59138 0.325685 0.08850000000000002 0.036129999999999995
1 0.59138 0.27588 0.08850000000000002 0.036140000000000005
1 0.7718400000000001 0.7216800000000001 0.09540000000000004 0.039059999999999984
1 0.771265 0.7568349999999999 0.09424999999999994 0.019529999999999936
1 0.771265 0.68555 0.09424999999999994 0.01757999999999993
1 0.578735 0.771975 0.09311000000000003 0.03808999999999996
1 0.578735 0.715335 0.09311000000000003 0.036130000000000106
1 0.595405 0.90332 0.09194999999999998 0.0625
1 0.416665 0.9018550000000001 0.08850999999999998 0.061529999999999974
1 0.24483 0.90234 0.08506 0.0625
1 0.394255 0.779785 0.08965000000000001 0.018549999999999955
1 0.393105 0.7436499999999999 0.08965000000000001 0.040039999999999965
1 0.39368000000000003 0.706545 0.09080000000000005 0.018550000000000066
1 0.240805 0.7558549999999999 0.08850999999999998 0.019529999999999936
1 0.251725 0.719725 0.10805000000000003 0.03711000000000009
1 0.24137999999999998 0.68408 0.08736 0.01856000000000002
1 0.41609 0.5537099999999999 0.08506000000000002 0.03515999999999997
1 0.415515 0.50537 0.08621000000000001 0.036140000000000005
1 0.240805 0.5581050000000001 0.08391000000000001 0.01464999999999994
1 0.24138 0.5293000000000001 0.08276 0.029299999999999993
1 0.241955 0.500975 0.08390999999999998 0.01366999999999996
1 0.41609 0.41503999999999996 0.08506000000000002 0.035160000000000025
1 0.24138 0.41503999999999996 0.08276 0.035160000000000025
1 0.41609 0.32422 0.08506000000000002 0.03515999999999997
1 0.416665 0.27588 0.08621000000000001 0.03417999999999999
1 0.24023 0.328615 0.08276000000000003 0.014649999999999996
1 0.240805 0.30078 0.08391000000000001 0.029299999999999993
1 0.24138 0.27197499999999997 0.08276 0.014649999999999996
1 0.39368000000000003 0.141605 0.08849999999999997 0.019529999999999992
1 0.393105 0.10400200000000001 0.08965000000000001 0.040036
1 0.39368000000000003 0.067383 0.08849999999999997 0.021484000000000003
1 0.240805 0.146485 0.08621000000000001 0.019529999999999992
1 0.24942499999999998 0.1113285 0.10344999999999999 0.039063
1 0.240805 0.0751955 0.08621000000000001 0.019530999999999993
0 0.50114885 0.41406328000000003 0.9931023 0.82617344
3 0.33391 0.90576 0.06781999999999999 0.09471999999999992
3 0.51207 0.9043 0.06782000000000005 0.08983999999999992
1 0.9545950000000001 0.722655 0.08391000000000004 0.03711000000000009
1 0.952295 0.41698999999999997 0.08390999999999993 0.04687999999999998
1 0.952295 0.30078 0.08390999999999993 0.07225999999999999
1 0.9540200000000001 0.75586 0.08506000000000002 0.01758000000000004
1 0.9540200000000001 0.68652 0.08506000000000002 0.01757999999999993
1 0.04540235 0.7182649999999999 0.08160930000000001 0.06542999999999999
1 0.0477013 0.109864 0.0816094 0.06543200000000002
2 0.954025 0.894045 0.08965000000000001 0.053710000000000035
3 0.17701 0.301755 0.039080000000000004 0.12695
3 0.17931 0.5292950000000001 0.039080000000000004 0.12695
3 0.187355 0.41698999999999997 0.02299000000000001 0.06836000000000003
3 0.353445 0.30127 0.035629999999999995 0.11035999999999999
3 0.353445 0.530275 0.035629999999999995 0.11133000000000004
3 0.355745 0.416505 0.037929999999999964 0.061529999999999974
3 0.327585 0.74414 0.032189999999999996 0.11914000000000002
3 0.532185 0.30127 0.022990000000000066 0.11035999999999999
3 0.5310349999999999 0.529785 0.022989999999999955 0.11035000000000006
3 0.5310349999999999 0.41406 0.020689999999999986 0.0625
3 0.51092 0.105471 0.028740000000000043 0.12109800000000001
3 0.33046 0.10449249999999999 0.035640000000000005 0.121095
3 0.51437 0.7421850000000001 0.028739999999999988 0.12109000000000003
3 0.162645 0.1108385 0.07931 0.168943
3 0.159195 0.720215 0.07931 0.16895000000000004
4 0.1063235 0.108887 0.04023299999999999 0.10058599999999998
4 0.104024 0.72363 0.040232000000000004 0.1015600000000001
4 0.3046 0.30078 0.050580000000000014 0.09765999999999997
4 0.30747 0.53076 0.05171999999999999 0.09667999999999993
4 0.30575 0.413575 0.04827999999999999 0.059569999999999956
4 0.48390500000000003 0.41698999999999997 0.05517 0.06836000000000003
4 0.485055 0.30078 0.05517 0.12304000000000001
4 0.486205 0.53174 0.05516999999999994 0.12402000000000002
4 0.652295 0.301265 0.03793000000000002 0.12207000000000001
4 0.652295 0.529785 0.03793000000000002 0.12207000000000001
4 0.652295 0.416505 0.03793000000000002 0.06739
4 0.8333349999999999 0.299805 0.03219000000000005 0.11914999999999998
4 0.832755 0.53125 0.03563000000000005 0.11524000000000001
4 0.83333 0.416995 0.034480000000000066 0.05859000000000003
4 0.637355 0.103518 0.03563000000000005 0.13086399999999998
4 0.638505 0.7456050000000001 0.03563000000000005 0.13183
4 0.46724 0.74658 0.060919999999999974 0.13183999999999996
4 0.46494 0.104003 0.06092000000000003 0.13183399999999998
4 0.659195 0.90381 0.04252999999999996 0.09471999999999992
4 0.8350550000000001 0.905275 0.031030000000000002 0.09178999999999993
5 0.279885 0.10595550000000001 0.044830000000000036 0.104489
5 0.8511500000000001 0.10986349999999999 0.07242000000000004 0.161133
5 0.8471249999999999 0.738285 0.07357000000000002 0.16210999999999998
5 0.27701 0.7446299999999999 0.04368 0.10058
5 0.097125 0.902345 0.035629999999999995 0.12304999999999999
7 0.06149400000000001 0.01806655 0.035632000000000004 0.0185549
7 0.086783 0.048827999999999996 0.035634 0.019532
7 0.0879325 0.17334 0.035635 0.02049999999999999
7 0.063793 0.202635 0.035632000000000004 0.02051
7 0.06954 0.8129850000000001 0.035632000000000004 0.020509999999999917
7 0.0879325 0.782715 0.035635 0.020509999999999917
7 0.086783 0.65967 0.035634 0.022460000000000035
7 0.06954 0.63037 0.035632000000000004 0.022459999999999924
7 0.734485 0.111326 0.09655000000000002 0.13866799999999999
7 0.7327600000000001 0.723635 0.09540000000000004 0.13866999999999996
7 0.71092 0.903805 0.028739999999999988 0.01464999999999994
7 0.18736 0.970215 0.07816000000000001 0.016609999999999903
7 0.18678499999999998 0.83594 0.07701 0.01757999999999993
8 0.864365 0.41406125 0.025289999999999924 0.8124975
8 0.093679 0.4155297 0.019542000000000004 0.8193406000000001
7 0.318965 0.197265 0.06781000000000004 0.04297000000000001
7 0.31839 0.0185546 0.06435999999999997 0.029296800000000005
7 0.318965 0.635745 0.06550999999999996 0.04296999999999995
7 0.18678 0.904785 0.02184 0.07714999999999994
