1 0.23876999999999998 0.21289000000000002 0.09667999999999999 0.03516
1 0.23876999999999998 0.259115 0.09667999999999999 0.03385000000000002
1 0.23876999999999998 0.373045 0.09667999999999999 0.035150000000000015
1 0.425295 0.214845 0.08887 0.03384999999999999
1 0.425295 0.260415 0.08887 0.03384999999999996
1 0.42822499999999997 0.373695 0.09473000000000004 0.03385000000000005
1 0.44043 0.419925 0.11914000000000002 0.03254999999999997
1 0.23926 0.41732 0.09766000000000002 0.035160000000000025
1 0.23926 0.5338499999999999 0.09766000000000002 0.03646000000000005
1 0.23926 0.57878 0.09766000000000002 0.037760000000000016
1 0.42578 0.533855 0.08984000000000003 0.03385000000000005
1 0.42578 0.58073 0.08984000000000003 0.03386
1 0.25098 0.727215 0.10155999999999998 0.09504999999999997
1 0.40527 0.73307 0.10155999999999998 0.1015600000000001
1 0.56738 0.7083349999999999 0.03516000000000008 0.03385000000000005
1 0.5678700000000001 0.757815 0.03417999999999999 0.033849999999999936
1 0.6230450000000001 0.709635 0.06054999999999999 0.033849999999999936
1 0.6230450000000001 0.7571650000000001 0.06054999999999999 0.03254999999999997
1 0.78467 0.70703 0.05176000000000003 0.07551999999999992
1 0.578125 0.215495 0.03320999999999996 0.032549999999999996
1 0.5786100000000001 0.26172 0.03417999999999999 0.03386
1 0.785155 0.21745 0.09571000000000007 0.03386
1 0.785155 0.263025 0.09571000000000007 0.03125
1 0.63086 0.215495 0.056640000000000024 0.032549999999999996
1 0.63135 0.26237 0.057620000000000005 0.032560000000000006
1 0.63086 0.373695 0.056640000000000024 0.03125
1 0.63086 0.42057500000000003 0.056640000000000024 0.03384999999999999
1 0.578125 0.373695 0.03320999999999996 0.03125
1 0.578125 0.41991999999999996 0.03320999999999996 0.035160000000000025
1 0.785645 0.37434500000000004 0.09472999999999998 0.03255000000000002
1 0.785645 0.421875 0.09472999999999998 0.03385000000000005
1 0.92529 0.22591 0.06348000000000009 0.024739999999999984
1 0.92529 0.26432 0.06348000000000009 0.023440000000000016
1 0.92334 0.38021000000000005 0.06348000000000009 0.026040000000000008
1 0.9248 0.421225 0.0625 0.027349999999999985
1 0.78564 0.534505 0.0966800000000001 0.035150000000000015
1 0.78564 0.58138 0.0966800000000001 0.03255999999999992
1 0.9248 0.5364599999999999 0.0625 0.026039999999999952
1 0.924315 0.57682 0.061530000000000085 0.026040000000000063
1 0.577635 0.534505 0.03222999999999998 0.03255000000000008
1 0.578125 0.58073 0.035150000000000015 0.03386
1 0.6318349999999999 0.534505 0.05859000000000003 0.03255000000000008
1 0.6318349999999999 0.58138 0.06054999999999999 0.03255999999999992
2 0.910645 0.708985 0.10838999999999999 0.08984999999999999
0 0.4887697 0.41536415000000004 0.9658206 0.8203117
1 0.06689400000000001 0.55664 0.09277200000000001 0.08204
1 0.0659155 0.397135 0.09276899999999999 0.08073000000000002
1 0.0688455 0.23567500000000002 0.092769 0.08073
1 0.052246 0.72526 0.06933600000000001 0.07811999999999997
1 0.0576175 0.067707 0.056641 0.08072599999999999
1 0.23828 0.0605485 0.07225999999999999 0.100263
1 0.257325 0.91927 0.08105000000000001 0.03386
1 0.08789250000000001 0.98177 0.076175 0.03386
1 0.08789250000000001 0.919925 0.076175 0.03255000000000008
1 0.430175 0.91927 0.08105000000000001 0.03386
4 0.29541 0.23177 0.028320000000000012 0.11198000000000002
4 0.29541 0.39258 0.028320000000000012 0.11068
4 0.29248 0.5579400000000001 0.028320000000000012 0.11068
4 0.5087900000000001 0.558595 0.08008000000000004 0.09635000000000005
4 0.5083 0.239585 0.07909999999999995 0.09635000000000002
4 0.49609000000000003 0.7324200000000001 0.08007999999999998 0.11068
4 0.6762699999999999 0.24023500000000003 0.03613999999999995 0.11849000000000001
4 0.677245 0.397135 0.036129999999999995 0.11719000000000002
4 0.674805 0.55599 0.037109999999999976 0.11718
4 0.84082 0.23893 0.01757999999999993 0.10286000000000001
4 0.84033 0.396485 0.016599999999999948 0.10286999999999996
4 0.84082 0.557295 0.01757999999999993 0.09375
4 0.12061000000000001 0.23632999999999998 0.022460000000000008 0.10025999999999999
4 0.11914 0.39453000000000005 0.023440000000000003 0.09895999999999999
4 0.12012 0.55599 0.02148 0.10155999999999998
5 0.1088855 0.731775 0.05370899999999999 0.15625
5 0.28515999999999997 0.733725 0.05663999999999997 0.08984999999999999
5 0.120119 0.0696623 0.07422200000000001 0.12109539999999999
5 0.285155 0.05078115 0.05859000000000003 0.0911457
5 0.48828000000000005 0.396485 0.07226000000000005 0.12108999999999998
4 0.16455 0.935545 0.08496 0.11848999999999998
4 0.309575 0.936845 0.025390000000000024 0.11848999999999998
3 0.35352 0.934895 0.056640000000000024 0.12761
4 0.490235 0.929035 0.04100999999999999 0.10547000000000006
7 0.39502 0.31706 0.03417999999999999 0.06379999999999997
7 0.39551000000000003 0.47917 0.03319999999999995 0.0625
7 0.39307000000000003 0.63151 0.034180000000000044 0.04688000000000003
7 0.38916 0.16016 0.04200000000000004 0.0625
7 0.333985 0.73112 0.03514999999999996 0.08204
7 0.7758799999999999 0.80143 0.032220000000000026 0.037760000000000016
7 0.774905 0.64779 0.03222999999999998 0.037760000000000016
7 0.761715 0.679035 0.09375 0.019529999999999936
7 0.763675 0.77474 0.09375 0.02083999999999997
8 0.15674 0.4127602 0.016600000000000004 0.8124996
8 0.708495 0.4160155 0.014650000000000052 0.8059890000000001
10 0.859375 0.477865 0.015630000000000033 0.27343
10 0.859375 0.20767999999999998 0.02149000000000001 0.08984
8 0.8208 0.4186175 0.030279999999999974 0.805985
7 0.03027328 0.889975 0.05859344 0.019529999999999936
7 0.02929678 0.953125 0.05664044 0.01822999999999997
