4 0.250261 0.868164 0.076280 0.115234
0 0.120690 0.870117 0.076280 0.111328
0 0.758098 0.858887 0.076280 0.106445
0 0.882445 0.855957 0.076280 0.104492
0 0.119645 0.594238 0.074190 0.108398
0 0.417973 0.583008 0.073145 0.089844
0 0.758621 0.590332 0.071055 0.108398
0 0.247649 0.592285 0.085684 0.112305
0 0.881923 0.588867 0.073145 0.107422
0 0.595611 0.580566 0.079415 0.094727
0 0.882968 0.370117 0.066876 0.078125
0 0.419018 0.369629 0.066876 0.079102
0 0.118077 0.370605 0.071055 0.081055
0 0.759666 0.368652 0.064786 0.081055
0 0.594044 0.369141 0.072100 0.085938
0 0.245559 0.368652 0.081505 0.084961
0 0.176071 0.189453 0.036573 0.050781
0 0.831243 0.184082 0.036573 0.049805
0 0.495298 0.186035 0.058516 0.079102
0 0.938349 0.090820 0.041797 0.083984
1 0.832288 0.694336 0.324974 0.095703
1 0.179728 0.694336 0.330199 0.095703
1 0.501045 0.274414 0.966562 0.064453
9 0.595089 0.893066 0.088819 0.172852
9 0.419018 0.892578 0.091954 0.171875
7 0.507315 0.711914 0.324974 0.167969
2 0.761755 0.499512 0.129572 0.081055
2 0.597701 0.500000 0.133751 0.082031
2 0.419018 0.500977 0.135841 0.083984
2 0.117032 0.500488 0.129572 0.083008
2 0.251829 0.500488 0.131661 0.084961
2 0.890282 0.497070 0.121212 0.082031
2 0.884013 0.311523 0.125392 0.060547
2 0.753918 0.311035 0.126437 0.059570
2 0.420585 0.311035 0.126437 0.059570
2 0.591432 0.310059 0.125392 0.059570
2 0.249216 0.310059 0.126437 0.059570
2 0.118077 0.309570 0.125392 0.060547
2 0.823929 0.134277 0.138976 0.059570
2 0.177116 0.132812 0.120167 0.062500
2 0.501045 0.064453 0.287356 0.101562
5 0.249739 0.690430 0.117032 0.082031
5 0.121212 0.689453 0.117032 0.082031
5 0.759666 0.678223 0.114943 0.065430
5 0.880878 0.677246 0.114943 0.065430
5 0.247126 0.438477 0.105538 0.039062
5 0.757576 0.437988 0.104493 0.040039
5 0.881400 0.434082 0.105538 0.034180
5 0.119645 0.436035 0.105538 0.038086
5 0.594566 0.429199 0.102403 0.030273
5 0.418495 0.428711 0.105538 0.039062
8 0.344828 0.893555 0.045977 0.171875
8 0.616510 0.892578 0.041797 0.171875
8 0.574190 0.892578 0.040752 0.171875
8 0.500000 0.890625 0.049112 0.169922
