1 0.426755 0.17513 0.04883000000000004 0.03516
1 0.426755 0.24935000000000002 0.04883000000000004 0.03516
1 0.426755 0.31315000000000004 0.04883000000000004 0.035160000000000025
1 0.535155 0.17578 0.052730000000000055 0.03645999999999999
1 0.535155 0.251955 0.052730000000000055 0.03514999999999999
3 0.49560499999999996 0.177085 0.020509999999999973 0.06511
3 0.49511499999999997 0.253905 0.019529999999999992 0.06511
1 0.524415 0.314455 0.03125 0.035150000000000015
3 0.49560499999999996 0.31771 0.01855000000000001 0.0625
3 0.49658499999999994 0.39453000000000005 0.020509999999999973 0.06509999999999999
3 0.49609499999999995 0.46029 0.021489999999999954 0.06380000000000002
1 0.427245 0.39323 0.04981000000000002 0.03386
1 0.427245 0.45573 0.04981000000000002 0.03386
1 0.42822000000000005 0.5319 0.04980000000000001 0.03515999999999997
1 0.5356449999999999 0.39453 0.053710000000000035 0.03386
1 0.5356449999999999 0.45703 0.053710000000000035 0.03386
1 0.536135 0.534505 0.052730000000000055 0.03255000000000008
1 0.427245 0.66992 0.04981000000000002 0.037760000000000016
1 0.5356449999999999 0.671875 0.053710000000000035 0.03906999999999994
3 0.49609499999999995 0.67513 0.021489999999999954 0.07162000000000002
3 0.49707 0.535155 0.019539999999999946 0.06771000000000005
3 0.6015600000000001 0.672525 0.029299999999999993 0.07161000000000006
3 0.6074200000000001 0.535805 0.023440000000000016 0.06901000000000002
1 0.64551 0.67122 0.05274000000000001 0.037760000000000016
1 0.645995 0.533855 0.053709999999999924 0.03385000000000005
1 0.64551 0.45703 0.05274000000000001 0.03386
1 0.64551 0.39323 0.05274000000000001 0.03386
3 0.60791 0.460285 0.022460000000000035 0.06640999999999997
3 0.6074200000000001 0.39453 0.023440000000000016 0.0625
3 0.60693 0.25195 0.022460000000000035 0.0638
1 0.6362300000000001 0.31510499999999997 0.03417999999999999 0.03384999999999999
1 0.645995 0.251955 0.053709999999999924 0.03514999999999999
3 0.60693 0.17642999999999998 0.022460000000000035 0.0638
1 0.64551 0.17578 0.05274000000000001 0.03386
1 0.754885 0.17578 0.052730000000000055 0.03386
1 0.754885 0.25260499999999997 0.052730000000000055 0.03384999999999999
1 0.861815 0.17513 0.053709999999999924 0.03516
1 0.861815 0.25521 0.053709999999999924 0.03386
1 0.861815 0.31640500000000005 0.053709999999999924 0.03384999999999999
1 0.749025 0.31640500000000005 0.0410100000000001 0.03384999999999999
1 0.7553749999999999 0.39453 0.053710000000000035 0.03386
1 0.7553749999999999 0.45703 0.053710000000000035 0.03386
1 0.7553749999999999 0.533855 0.053710000000000035 0.03385000000000005
1 0.861815 0.39583500000000005 0.053709999999999924 0.03384999999999999
1 0.861815 0.45573 0.053709999999999924 0.03386
1 0.861815 0.533855 0.053709999999999924 0.03385000000000005
1 0.7553749999999999 0.66992 0.053710000000000035 0.037760000000000016
1 0.8623050000000001 0.67057 0.054690000000000016 0.03645999999999994
0 0.65576 0.414061 0.6650400000000001 0.713538
1 0.42822499999999997 0.110675 0.047850000000000004 0.03384999999999999
1 0.5356449999999999 0.110679 0.053710000000000035 0.036461999999999994
1 0.645995 0.112631 0.053709999999999924 0.035157999999999995
1 0.754885 0.113282 0.052730000000000055 0.033856
1 0.86328 0.111981 0.05467999999999995 0.033858
3 0.49512 0.1106775 0.02148 0.065105
3 0.6074200000000001 0.1100275 0.023440000000000016 0.063805
4 0.569825 0.1126295 0.018549999999999955 0.063801
4 0.569825 0.17642999999999998 0.018549999999999955 0.061200000000000004
4 0.5708 0.25129999999999997 0.01856000000000002 0.05990000000000001
4 0.5717749999999999 0.39518 0.018549999999999955 0.06119999999999998
4 0.572265 0.45768 0.017569999999999975 0.06119999999999998
4 0.5717749999999999 0.53581 0.018549999999999955 0.06119999999999992
4 0.5708 0.6712199999999999 0.01856000000000002 0.06120000000000003
4 0.6831050000000001 0.671225 0.024409999999999932 0.05859000000000003
4 0.68506 0.53711 0.024419999999999997 0.058599999999999985
4 0.684085 0.45833500000000005 0.024409999999999932 0.05729000000000001
4 0.684085 0.401045 0.024409999999999932 0.041669999999999985
4 0.684085 0.11067550000000001 0.024409999999999932 0.05728899999999999
4 0.684085 0.17252499999999998 0.024409999999999932 0.05859
4 0.6845749999999999 0.25260499999999997 0.025389999999999913 0.05729000000000001
4 0.793455 0.66927 0.026370000000000005 0.05730000000000002
4 0.794435 0.534505 0.026370000000000005 0.055989999999999984
4 0.7949200000000001 0.459635 0.02734000000000003 0.05729000000000001
4 0.7949200000000001 0.401045 0.02734000000000003 0.044269999999999976
4 0.793455 0.11328250000000001 0.026370000000000005 0.057295
4 0.793455 0.177085 0.024410000000000043 0.05468999999999999
4 0.794435 0.253255 0.024410000000000043 0.05599000000000001
4 0.901855 0.53711 0.026370000000000005 0.045579999999999954
4 0.901365 0.457685 0.025390000000000024 0.04557
4 0.90137 0.6744749999999999 0.023439999999999905 0.04426999999999992
4 0.9018550000000001 0.397135 0.024409999999999932 0.044269999999999976
4 0.9018550000000001 0.111977 0.024409999999999932 0.044266000000000014
4 0.90283 0.17578500000000002 0.024419999999999997 0.044270000000000004
4 0.9018550000000001 0.255205 0.024409999999999932 0.044269999999999976
4 0.90283 0.319015 0.024419999999999997 0.04427000000000003
5 0.7988249999999999 0.33138 0.06054999999999999 0.10286000000000001
5 0.6875 0.33203499999999997 0.07225999999999999 0.10676999999999998
5 0.57373 0.32747499999999996 0.07323999999999997 0.10547000000000001
7 0.36328000000000005 0.25195 0.04102 0.01432
7 0.36328000000000005 0.284505 0.04102 0.01433000000000001
7 0.36133000000000004 0.315755 0.04102 0.01433000000000001
7 0.362305 0.35742 0.04100999999999999 0.01432
7 0.362305 0.397135 0.04100999999999999 0.015629999999999977
7 0.36328000000000005 0.427735 0.04102 0.01433000000000001
7 0.36328000000000005 0.458985 0.04102 0.01433000000000001
7 0.362305 0.49935 0.04100999999999999 0.01432
7 0.36328000000000005 0.5364599999999999 0.04102 0.015620000000000078
7 0.36426000000000003 0.565755 0.04102 0.014329999999999954
7 0.36133000000000004 0.58724 0.04102 0.010419999999999985
7 0.36133000000000004 0.6035200000000001 0.04102 0.011720000000000064
7 0.362305 0.63216 0.04100999999999999 0.011720000000000064
7 0.362305 0.67513 0.04100999999999999 0.011719999999999953
7 0.36328000000000005 0.714845 0.04102 0.01040999999999992
7 0.36328000000000005 0.74414 0.04102 0.011719999999999953
7 0.364745 0.75846 0.04199000000000003 0.011719999999999953
7 0.36133000000000004 0.214845 0.04102 0.015630000000000005
7 0.39453 0.17578 0.015619999999999967 0.020839999999999997
7 0.39453 0.251305 0.015619999999999967 0.020830000000000015
7 0.393555 0.31445500000000004 0.015629999999999977 0.019529999999999992
7 0.393555 0.395185 0.015629999999999977 0.019529999999999992
7 0.393555 0.45638 0.015629999999999977 0.019540000000000002
7 0.39551000000000003 0.535155 0.015620000000000023 0.020830000000000015
7 0.39453 0.671875 0.015619999999999967 0.020829999999999904
7 0.7207049999999999 0.11327999999999999 0.01366999999999996 0.01301999999999999
7 0.721195 0.17708000000000002 0.01464999999999994 0.013020000000000004
7 0.7207049999999999 0.253255 0.01366999999999996 0.011709999999999998
7 0.719725 0.31771 0.01366999999999996 0.013020000000000032
7 0.721195 0.39518 0.01464999999999994 0.011720000000000008
7 0.72168 0.45768 0.013679999999999914 0.011720000000000008
7 0.72168 0.6712199999999999 0.013679999999999914 0.011720000000000064
7 0.72168 0.5364599999999999 0.013679999999999914 0.01301999999999992
8 0.359375 0.410157 0.07030999999999998 0.7031259999999999
8 0.46045 0.418618 0.016600000000000004 0.704424
8 0.69629 0.416664 0.058599999999999985 0.697912
8 0.811525 0.416015 0.06445000000000001 0.69401
8 0.90625 0.411457 0.03709999999999991 0.705726
1 0.9619150000000001 0.397135 0.042970000000000064 0.03125
1 0.9619150000000001 0.457685 0.042970000000000064 0.029950000000000032
1 0.9619150000000001 0.536455 0.042970000000000064 0.03125
1 0.9628950000000001 0.257165 0.042970000000000064 0.029950000000000004
1 0.9628950000000001 0.176435 0.042970000000000064 0.029950000000000004
2 0.95654 0.32031 0.057619999999999894 0.03645999999999999
10 0.90234 0.31901 0.011719999999999953 0.052080000000000015
10 0.9487300000000001 0.6822900000000001 0.07910000000000006 0.17448000000000008
10 0.9458 0.28646 0.040039999999999965 0.02083999999999997
10 0.94482 0.215495 0.040040000000000076 0.019529999999999992
