1 0.500000 0.500000 1.000000 1.000000
0 0.520182 0.820312 0.167969 0.089844
0 0.574870 0.497070 0.834635 0.984375
8 0.580729 0.913086 0.026042 0.150391
8 0.462891 0.911133 0.024740 0.146484
8 0.423828 0.743164 0.042969 0.255859
8 0.628255 0.742676 0.061198 0.256836
8 0.822266 0.742188 0.061198 0.257812
8 0.333984 0.132324 0.022135 0.077148
8 0.171224 0.146484 0.024740 0.105469
8 0.229167 0.131836 0.023438 0.078125
8 0.391276 0.130859 0.022135 0.080078
2 0.273438 0.941895 0.083333 0.071289
2 0.723958 0.943359 0.046875 0.076172
2 0.550781 0.795410 0.020833 0.040039
2 0.516927 0.794922 0.031250 0.039062
2 0.483073 0.794922 0.018229 0.039062
2 0.721354 0.805176 0.059896 0.084961
2 0.307943 0.805664 0.048177 0.085938
2 0.243490 0.805664 0.046875 0.085938
2 0.550781 0.634766 0.046875 0.082031
2 0.486979 0.634766 0.046875 0.082031
2 0.722005 0.634766 0.061198 0.083984
2 0.309896 0.630859 0.049479 0.078125
2 0.899089 0.632812 0.061198 0.083984
2 0.244792 0.630371 0.049479 0.079102
2 0.063151 0.457520 0.042969 0.053711
2 0.488932 0.464844 0.048177 0.080078
2 0.722656 0.463379 0.059896 0.079102
2 0.553385 0.463867 0.046875 0.080078
2 0.896484 0.461426 0.048177 0.081055
2 0.279297 0.461914 0.105469 0.082031
2 0.063151 0.410645 0.042969 0.032227
2 0.553385 0.293945 0.046875 0.072266
2 0.488281 0.293945 0.046875 0.072266
2 0.721354 0.292480 0.059896 0.071289
2 0.248698 0.291504 0.046875 0.071289
2 0.313802 0.291016 0.046875 0.072266
2 0.895833 0.291016 0.049479 0.074219
2 0.065755 0.277344 0.042969 0.087891
2 0.725260 0.128418 0.059896 0.079102
2 0.554688 0.129883 0.049479 0.082031
2 0.488281 0.129883 0.049479 0.082031
2 0.281250 0.127441 0.059896 0.084961
2 0.962240 0.125000 0.049479 0.082031
2 0.897135 0.125000 0.049479 0.082031
3 0.787109 0.875977 0.402344 0.021484
3 0.305990 0.875977 0.296875 0.021484
3 0.576823 0.513184 0.828125 0.026367
3 0.955078 0.449219 0.069010 0.013672
3 0.812500 0.449219 0.119792 0.013672
3 0.634766 0.449219 0.115885 0.013672
3 0.521484 0.449219 0.016927 0.013672
3 0.398438 0.449219 0.132812 0.013672
3 0.194010 0.449219 0.065104 0.013672
3 0.955078 0.281250 0.069010 0.013672
3 0.856120 0.281250 0.029948 0.013672
3 0.779297 0.281250 0.055990 0.013672
3 0.665365 0.281250 0.052083 0.013672
3 0.591797 0.281250 0.029948 0.013672
3 0.520833 0.281250 0.018229 0.013672
3 0.449219 0.281250 0.031250 0.013672
3 0.380208 0.281250 0.041667 0.013672
3 0.182292 0.281250 0.044271 0.013672
3 0.574870 0.207031 0.829427 0.025391
11 0.521484 0.904785 0.092448 0.129883
9 0.462240 0.805176 0.020833 0.020508
9 0.578125 0.804199 0.020833 0.020508
9 0.723307 0.723633 0.141927 0.076172
9 0.518880 0.729004 0.170573 0.092773
9 0.517578 0.576172 0.123698 0.025391
9 0.277995 0.550293 0.105469 0.030273
9 0.417318 0.287109 0.032552 0.031250
9 0.623047 0.285645 0.032552 0.030273
9 0.824219 0.285156 0.033854 0.031250
9 0.520182 0.187012 0.167969 0.022461
9 0.725260 0.185547 0.166667 0.021484
9 0.917318 0.184570 0.147135 0.023438
4 0.522786 0.404785 0.188802 0.051758
4 0.279297 0.407227 0.178385 0.060547
4 0.909505 0.400879 0.160156 0.057617
4 0.728516 0.393066 0.149740 0.073242
4 0.060547 0.364746 0.118490 0.063477
4 0.281901 0.262695 0.154948 0.072266
4 0.056641 0.222656 0.113281 0.042969
7 0.277995 0.679688 0.141927 0.019531
7 0.524740 0.338867 0.135417 0.017578
7 0.925781 0.336914 0.125000 0.017578
7 0.724609 0.337402 0.084635 0.018555
7 0.279948 0.335938 0.135417 0.017578
5 0.281250 0.185547 0.242188 0.029297
