0 0.589495 0.861815 0.8150900000000001 0.27441000000000004
1 0.40088999999999997 0.288085 0.08283999999999997 0.035150000000000015
1 0.39941 0.367675 0.08284000000000002 0.03613000000000005
1 0.39941 0.44823999999999997 0.08284000000000002 0.035160000000000025
1 0.62722 0.44678 0.13017999999999996 0.03417999999999999
1 0.62722 0.36572 0.13017999999999996 0.03417999999999999
1 0.62722 0.28467 0.13017999999999996 0.03417999999999999
1 0.62574 0.530275 0.13018000000000007 0.03321000000000007
1 0.62056 0.60693 0.13461999999999996 0.03417999999999999
1 0.618345 0.68506 0.13312999999999997 0.0341800000000001
1 0.40163000000000004 0.5341750000000001 0.12574000000000002 0.03711000000000009
1 0.39866999999999997 0.610355 0.12574000000000002 0.037109999999999976
1 0.39571 0.6845699999999999 0.12573999999999996 0.03710000000000002
1 0.17529499999999998 0.61328 0.13757 0.17967999999999995
1 0.36982499999999996 0.7783249999999999 0.13609 0.03711000000000009
1 0.37351999999999996 0.865235 0.13757999999999998 0.037109999999999976
1 0.37204000000000004 0.951175 0.13757999999999998 0.037109999999999976
1 0.612425 0.953125 0.13609000000000004 0.037109999999999976
1 0.616125 0.865235 0.13756999999999997 0.037109999999999976
1 0.616865 0.7753950000000001 0.13609000000000004 0.03711000000000009
0 0.5007393 0.605955 0.9955613999999999 0.23535
0 0.635355 0.362795 0.72929 0.25293
0 0.638315 0.11865485 0.72041 0.2314503
1 0.616125 0.200195 0.12868999999999997 0.03125
1 0.6175999999999999 0.12207499999999999 0.12869999999999993 0.031249999999999986
1 0.61908 0.045898 0.12870000000000004 0.03125
1 0.403105 0.201175 0.09023000000000003 0.03125
1 0.406065 0.125485 0.09023000000000003 0.03026999999999999
1 0.408285 0.047852000000000006 0.08875 0.03125000000000001
2 0.924555 0.69336 0.14497000000000004 0.029299999999999993
1 0.8284 0.693845 0.03846000000000005 0.03027000000000002
1 0.83358 0.86279 0.03698000000000001 0.06348000000000009
1 0.8971899999999999 0.9091800000000001 0.08432000000000006 0.019540000000000002
1 0.9260349999999999 0.81787 0.13608999999999993 0.022459999999999924
2 0.9260349999999999 0.865235 0.13905 0.06640999999999997
3 0.326925 0.53174 0.020710000000000006 0.05566000000000004
3 0.325445 0.6098650000000001 0.020710000000000006 0.05567
3 0.322485 0.68506 0.020710000000000006 0.05566000000000004
3 0.538465 0.68408 0.020710000000000006 0.05566000000000004
3 0.54142 0.606445 0.023660000000000014 0.05858999999999992
3 0.54142 0.530275 0.023660000000000014 0.05859000000000003
3 0.2929 0.94922 0.023660000000000014 0.058599999999999985
3 0.293635 0.865235 0.022189999999999988 0.05859000000000003
3 0.29142 0.776365 0.023660000000000014 0.05859000000000003
3 0.5362450000000001 0.7744150000000001 0.022190000000000043 0.05859000000000003
3 0.535505 0.864255 0.02367000000000008 0.05858999999999992
3 0.535505 0.950195 0.02367000000000008 0.05858999999999992
4 0.46819500000000003 0.532225 0.01626999999999995 0.04883000000000004
4 0.469675 0.607425 0.016270000000000007 0.04882999999999993
4 0.465235 0.68457 0.016270000000000007 0.048820000000000086
4 0.691565 0.683595 0.016270000000000007 0.04883000000000004
4 0.693785 0.606935 0.01479000000000008 0.04784999999999995
4 0.694525 0.528805 0.016270000000000007 0.04785000000000006
4 0.440825 0.7768550000000001 0.014790000000000025 0.04785000000000006
4 0.690085 0.77539 0.016270000000000007 0.048819999999999975
4 0.6849099999999999 0.950685 0.014800000000000035 0.04784999999999995
4 0.6863900000000001 0.864745 0.014800000000000035 0.04784999999999995
4 0.441565 0.867185 0.016270000000000007 0.04882999999999993
4 0.441565 0.953615 0.016270000000000007 0.04784999999999995
4 0.448225 0.36572000000000005 0.011830000000000007 0.04004000000000002
4 0.443785 0.44677999999999995 0.011830000000000007 0.04004000000000002
4 0.450445 0.28467 0.013309999999999989 0.04004000000000002
4 0.6974849999999999 0.44384999999999997 0.01034999999999997 0.04004000000000002
4 0.698225 0.36279 0.011830000000000007 0.040039999999999965
4 0.695265 0.28369 0.011830000000000007 0.040039999999999965
4 0.452665 0.19971 0.011830000000000007 0.04004000000000002
4 0.45562 0.123535 0.011840000000000017 0.04003000000000001
4 0.45784 0.046386500000000004 0.013319999999999999 0.040039000000000005
4 0.6863900000000001 0.0454105 0.011839999999999962 0.040039000000000005
4 0.6886099999999999 0.12012 0.01332000000000011 0.03906
4 0.68491 0.19824 0.011840000000000073 0.039059999999999984
5 0.0406806 0.6084 0.0695268 0.22655999999999998
8 0.31213 0.36572499999999997 0.07100000000000001 0.23730999999999997
8 0.280325 0.606445 0.06656999999999999 0.22460999999999998
8 0.23521 0.86475 0.08876 0.26659999999999995
7 0.244085 0.8193349999999999 0.05917000000000003 0.01366999999999996
7 0.245565 0.9082049999999999 0.05917 0.01366999999999996
7 0.242605 0.987305 0.05917 0.013670000000000071
7 0.246305 0.737795 0.06064999999999998 0.008789999999999965
7 0.29068 0.711425 0.039939999999999976 0.012689999999999979
7 0.29068 0.6450199999999999 0.039939999999999976 0.012700000000000045
7 0.29068 0.5668949999999999 0.039939999999999976 0.012689999999999979
7 0.29216 0.50244 0.03994000000000003 0.012699999999999989
10 0.8816550000000001 0.135256 0.23077000000000003 0.192388
10 0.763315 0.37060499999999996 0.11835000000000007 0.23145
10 0.907545 0.35107499999999997 0.18491000000000002 0.21386999999999998
10 0.781805 0.60547 0.15829000000000004 0.22655999999999998
10 0.929735 0.57422 0.13165000000000004 0.16602
10 0.7359450000000001 0.861815 0.07249000000000005 0.27051000000000003
10 0.8860950000000001 0.857425 0.21301000000000003 0.2421899999999999
