0 0.500503 0.489745 0.998994 0.66309
1 0.1327975 0.19970500000000002 0.10060500000000001 0.03223000000000001
1 0.1302835 0.28369 0.101613 0.032220000000000026
1 0.1302835 0.364745 0.101613 0.03222999999999998
1 0.1272645 0.45166 0.101611 0.032220000000000026
1 0.1272645 0.535645 0.101611 0.03222999999999998
1 0.12474850000000001 0.6196299999999999 0.10060300000000001 0.032220000000000026
1 0.1282675 0.706545 0.101605 0.03222999999999998
1 0.1297785 0.790525 0.10060299999999998 0.03222999999999998
1 0.35161 0.194825 0.10764000000000001 0.03222999999999998
1 0.351105 0.276855 0.10865000000000002 0.03222999999999998
1 0.34758500000000003 0.361815 0.10764999999999997 0.03222999999999998
1 0.34758500000000003 0.447265 0.10764999999999997 0.03125
1 0.34507 0.534665 0.11268 0.03223000000000009
1 0.346075 0.6196299999999999 0.11266999999999999 0.032220000000000026
1 0.34507 0.706545 0.11268 0.03222999999999998
1 0.346075 0.791505 0.11266999999999999 0.03222999999999998
1 0.5714250000000001 0.793455 0.11870999999999998 0.03222999999999998
1 0.572435 0.708495 0.11870999999999998 0.03222999999999998
1 0.5719350000000001 0.618165 0.12173 0.03320999999999996
1 0.5739449999999999 0.5293000000000001 0.12173 0.03320000000000001
1 0.5739449999999999 0.44531 0.12173 0.03320000000000001
1 0.57545 0.36035 0.12274000000000007 0.03320000000000001
1 0.57545 0.27441499999999996 0.12274000000000007 0.03321000000000002
1 0.57545 0.18945 0.12274000000000007 0.03320000000000001
1 0.569415 0.905275 0.12273 0.0410100000000001
1 0.572435 0.065918 0.12273 0.04004
1 0.348595 0.08691399999999999 0.11166999999999999 0.017577999999999996
1 0.350605 0.060547 0.11167000000000005 0.017577999999999996
1 0.34204999999999997 0.916505 0.10664000000000001 0.018550000000000066
1 0.34104999999999996 0.891115 0.10664000000000001 0.018550000000000066
1 0.13631749999999998 0.9262699999999999 0.08752499999999999 0.022460000000000035
1 0.1333005 0.898925 0.08953900000000001 0.020510000000000028
1 0.1312895 0.870605 0.089541 0.020510000000000028
1 0.1353115 0.051269499999999996 0.08953699999999999 0.020507000000000004
1 0.13430350000000002 0.080566 0.089533 0.020508
1 0.1332995 0.109375 0.09356099999999999 0.017570000000000002
1 0.90342 0.796385 0.08450000000000002 0.04198999999999997
1 0.92203 0.276855 0.12978 0.03222999999999998
1 0.9220299999999999 0.19189499999999998 0.12575999999999998 0.03223000000000001
1 0.92103 0.070801 0.12978 0.041992
1 0.810365 0.7949200000000001 0.05130999999999997 0.04687999999999992
1 0.81338 0.70703 0.05130000000000001 0.04687999999999992
1 0.815395 0.619625 0.05130999999999997 0.04784999999999995
1 0.81187 0.356445 0.042259999999999964 0.048829999999999985
1 0.81439 0.27441499999999996 0.043259999999999965 0.048829999999999985
1 0.806335 0.07421900000000001 0.05130999999999997 0.048827999999999996
1 0.80533 0.48633000000000004 0.05733999999999995 0.06250000000000006
2 0.9250499999999999 0.48633000000000004 0.14386 0.06250000000000006
2 0.924045 0.359375 0.12776999999999994 0.04296999999999995
2 0.9220349999999999 0.7075199999999999 0.12777000000000005 0.04393999999999998
2 0.92656 0.6196299999999999 0.1267600000000001 0.04393999999999998
3 0.46831 0.19286999999999999 0.04727999999999999 0.06348000000000001
3 0.46730499999999997 0.268555 0.05131000000000002 0.07813
3 0.46730499999999997 0.354 0.05131000000000002 0.0791
3 0.46579499999999996 0.43945500000000004 0.05231000000000002 0.07812999999999998
3 0.462275 0.526365 0.05130999999999997 0.07812999999999998
3 0.46479000000000004 0.61035 0.05231999999999998 0.07812000000000008
3 0.46479000000000004 0.69971 0.05231999999999998 0.07910000000000006
3 0.462275 0.786135 0.05130999999999997 0.06445000000000001
3 0.48692 0.0629875 0.04627999999999993 0.094725
3 0.48641999999999996 0.90186 0.059360000000000024 0.0908199999999999
3 0.08752399999999999 0.200685 0.062372 0.06542999999999999
3 0.084006 0.28076 0.067408 0.06738
3 0.084006 0.36426000000000003 0.067408 0.06836000000000003
3 0.08199000000000001 0.44922 0.0674 0.06835999999999998
3 0.080987 0.53418 0.067406 0.06835999999999998
3 0.08199000000000001 0.61816 0.0674 0.06835999999999998
3 0.079979 0.70508 0.067402 0.06835999999999998
3 0.086017 0.7856449999999999 0.067406 0.06542999999999999
3 0.087523 0.0805655 0.056334 0.11620899999999999
3 0.090039 0.898925 0.057342 0.11621000000000004
4 0.41398500000000005 0.062989 0.031189999999999996 0.079102
4 0.40845 0.90332 0.03018000000000004 0.07811999999999997
4 0.4165 0.19043 0.030179999999999985 0.0625
4 0.41498999999999997 0.27148 0.02918000000000004 0.06835999999999998
4 0.414485 0.35693 0.02817000000000003 0.06738
4 0.41146499999999997 0.44043 0.028169999999999973 0.06835999999999998
4 0.41046499999999997 0.52734 0.028169999999999973 0.06836000000000003
4 0.41146499999999997 0.61426 0.028169999999999973 0.06835999999999998
4 0.409455 0.78613 0.02817000000000003 0.06835999999999998
4 0.409455 0.703125 0.02817000000000003 0.06834999999999991
4 0.659455 0.187015 0.05130999999999997 0.05371000000000001
4 0.659455 0.268065 0.05130999999999997 0.05371000000000001
4 0.65845 0.35498 0.05130000000000001 0.05371999999999999
4 0.660965 0.44189500000000004 0.050309999999999966 0.05370999999999998
4 0.662475 0.528805 0.05130999999999997 0.053710000000000035
4 0.65694 0.6157250000000001 0.05030000000000001 0.053710000000000035
4 0.65795 0.70459 0.05030000000000001 0.05958000000000008
4 0.65694 0.789555 0.05030000000000001 0.05957000000000001
5 0.65845 0.05859155 0.09758 0.1132769
5 0.65342 0.90039 0.10966000000000009 0.12890000000000001
6 0.320925 0.36377000000000004 0.032189999999999996 0.026359999999999995
6 0.584505 0.36084 0.10260999999999998 0.030279999999999974
6 0.575955 0.4458 0.09959000000000007 0.028319999999999956
6 0.5779650000000001 0.708005 0.10563 0.03125
7 0.27011999999999997 0.071289 0.04929999999999998 0.03125000000000001
7 0.27314 0.193355 0.04930000000000001 0.03125
7 0.27163 0.276365 0.050299999999999984 0.03125
7 0.26811 0.359375 0.04930000000000001 0.03125
7 0.26509 0.444825 0.04930000000000001 0.030269999999999964
7 0.26459 0.532225 0.05030000000000001 0.03125
7 0.26459 0.617185 0.05030000000000001 0.03125
7 0.26509 0.704105 0.04930000000000001 0.03125
7 0.26509 0.789065 0.04930000000000001 0.03125
7 0.26509 0.901365 0.04930000000000001 0.03125
8 0.207245 0.490235 0.07243000000000002 0.6484300000000001
8 0.68813 0.492675 0.12071999999999994 0.65527
10 0.87475 0.909665 0.21228000000000002 0.05957000000000001
10 0.87676 0.95166 0.06135999999999997 0.024419999999999997
10 0.88531 0.859375 0.06237999999999999 0.025390000000000024
10 0.895875 0.31933500000000004 0.05735000000000001 0.01757000000000003
10 0.8973850000000001 0.38965 0.05835000000000001 0.015619999999999967
10 0.899395 0.115235 0.08049000000000006 0.029289999999999997
