4 0.675430 0.952637 0.398382 0.094727
4 0.129929 0.837891 0.140546 0.185547
6 0.882710 0.643555 0.032356 0.212891
6 0.387260 0.643066 0.032356 0.211914
6 0.212336 0.643555 0.032356 0.212891
6 0.461072 0.641602 0.032356 0.212891
6 0.712336 0.640625 0.033367 0.212891
6 0.635490 0.640625 0.033367 0.212891
0 0.546006 0.646973 0.139535 0.198242
0 0.797270 0.645508 0.138524 0.199219
0 0.299798 0.645508 0.138524 0.199219
0 0.302831 0.267090 0.138524 0.184570
0 0.800303 0.265625 0.138524 0.183594
0 0.547523 0.264160 0.138524 0.184570
1 0.586957 0.762695 0.773509 0.048828
1 0.172902 0.741699 0.052578 0.006836
1 0.557128 0.082520 0.827098 0.118164
2 0.808392 0.509766 0.251769 0.068359
2 0.297270 0.509766 0.252781 0.068359
2 0.553084 0.508789 0.252781 0.068359
5 0.299798 0.388184 0.219414 0.057617
5 0.794237 0.386719 0.219414 0.058594
5 0.553589 0.385254 0.219414 0.057617
