0 0.50075785 0.49999828 0.9954643 0.99804344
1 0.29652 0.359865 0.0696 0.026370000000000005
1 0.297275 0.39453499999999997 0.07111 0.025389999999999968
1 0.295765 0.466795 0.07111 0.025390000000000024
1 0.295765 0.502925 0.07111 0.025389999999999968
1 0.4826 0.358885 0.0817 0.026370000000000005
1 0.4826 0.394045 0.0817 0.026370000000000005
1 0.48184499999999997 0.467285 0.08018999999999998 0.026370000000000005
1 0.48184499999999997 0.50244 0.08018999999999998 0.026359999999999995
1 0.67171 0.358885 0.09077999999999997 0.026370000000000005
1 0.67171 0.39209000000000005 0.09077999999999997 0.026359999999999995
1 0.67171 0.466305 0.09077999999999997 0.026370000000000005
1 0.673225 0.501465 0.09077000000000002 0.02637000000000006
1 0.29501 0.708495 0.07564000000000004 0.024410000000000043
1 0.293495 0.79541 0.07565 0.024419999999999997
1 0.29274 0.75244 0.07716 0.030280000000000085
1 0.47882 0.751465 0.0832 0.030269999999999908
1 0.48033000000000003 0.70801 0.08017999999999997 0.023440000000000016
1 0.47731 0.796875 0.08017999999999997 0.023430000000000062
1 0.67171 0.795895 0.0938 0.025390000000000024
1 0.670955 0.708005 0.09228999999999998 0.025390000000000024
1 0.67171 0.751465 0.09682000000000002 0.030269999999999908
1 0.32602 0.02832 0.0832 0.017578000000000003
1 0.49319 0.025879 0.07563999999999999 0.016602000000000002
1 0.672465 0.025390999999999997 0.08321 0.013672
1 0.279875 0.893555 0.09076999999999999 0.05858999999999992
1 0.46974 0.89453 0.09833999999999998 0.058599999999999985
1 0.6633899999999999 0.894045 0.09833999999999998 0.05957000000000001
1 0.666415 0.60791 0.09833000000000003 0.05958000000000008
1 0.47276999999999997 0.60742 0.09833999999999998 0.058599999999999985
1 0.280635 0.6084 0.09229000000000001 0.058600000000000096
1 0.47806499999999996 0.22168 0.09984999999999994 0.05467999999999998
1 0.479575 0.1059575 0.09985 0.05566499999999999
1 0.670195 0.22070499999999998 0.09985 0.05468999999999999
1 0.668685 0.104979 0.09985 0.05566200000000002
1 0.301815 0.1196305 0.05901000000000001 0.06347900000000001
1 0.29803 0.238765 0.06353999999999999 0.05957000000000001
2 0.9084749999999999 0.75 0.17095000000000005 0.03516000000000008
2 0.9236 0.389645 0.14070000000000005 0.03125
1 0.91377 0.49414500000000006 0.12707999999999997 0.10547000000000001
1 0.90696 0.18896295 0.13463999999999998 0.36425409999999997
4 0.5506800000000001 0.105958 0.042360000000000064 0.067384
3 0.59531 0.10449 0.04387999999999992 0.07812000000000001
3 0.594555 0.21924 0.04538999999999993 0.07520000000000002
3 0.59758 0.60791 0.04235999999999995 0.08886000000000005
3 0.5937950000000001 0.89551 0.04084999999999994 0.08398000000000005
5 0.357035 0.423825 0.057489999999999986 0.24804999999999994
5 0.549925 0.422365 0.055970000000000075 0.24707000000000007
5 0.7435700000000001 0.419435 0.05598000000000003 0.24706999999999996
5 0.35174 0.222655 0.04388000000000003 0.08984999999999999
5 0.35174 0.10742 0.04388000000000003 0.08984
5 0.355525 0.752445 0.057489999999999986 0.16698999999999997
5 0.546145 0.75 0.05749000000000004 0.16602000000000006
5 0.744325 0.75293 0.05749000000000004 0.16602000000000006
4 0.350225 0.609375 0.043869999999999965 0.06834999999999991
4 0.35250000000000004 0.89453 0.04236000000000001 0.06836000000000009
4 0.546895 0.896485 0.05295000000000005 0.07616999999999996
4 0.549925 0.605955 0.05295000000000005 0.07518999999999998
4 0.551435 0.219725 0.05295000000000005 0.07616999999999999
4 0.72617 0.21875 0.021179999999999977 0.07812
4 0.72466 0.1040015 0.021179999999999977 0.07909700000000001
4 0.72012 0.896485 0.021179999999999977 0.07813000000000003
4 0.72466 0.609375 0.021179999999999977 0.07813000000000003
6 0.28139499999999995 0.359375 0.03631000000000001 0.02342999999999995
6 0.28895499999999996 0.39502000000000004 0.05143000000000003 0.02245999999999998
6 0.29122499999999996 0.4668 0.05597000000000002 0.023440000000000016
6 0.27988 0.50195 0.039339999999999986 0.02343999999999996
6 0.48184499999999997 0.359375 0.07715 0.02342999999999995
6 0.48260499999999995 0.394045 0.07866999999999996 0.024409999999999987
6 0.48260499999999995 0.467285 0.07866999999999996 0.024410000000000043
6 0.481085 0.50244 0.07867000000000002 0.024420000000000053
6 0.462935 0.75146 0.045389999999999986 0.028320000000000012
6 0.460665 0.708495 0.04085 0.020510000000000028
6 0.459155 0.796875 0.04085 0.02149000000000001
6 0.634645 0.7959 0.016650000000000054 0.023440000000000016
6 0.63767 0.70801 0.022700000000000053 0.023440000000000016
6 0.634645 0.7519499999999999 0.019670000000000076 0.029299999999999993
6 0.439485 0.91699 0.03177000000000002 0.011719999999999953
6 0.44023999999999996 0.8950199999999999 0.03328000000000003 0.024419999999999997
6 0.43873 0.87207 0.033279999999999976 0.011719999999999953
6 0.639185 0.894045 0.043870000000000076 0.026370000000000005
6 0.6270800000000001 0.91553 0.022700000000000053 0.010740000000000083
6 0.6354 0.87158 0.03934000000000004 0.010739999999999972
6 0.272315 0.63086 0.06958999999999999 0.013680000000000025
6 0.271555 0.608395 0.06505000000000002 0.025390000000000024
6 0.26929000000000003 0.586425 0.06656000000000001 0.012689999999999979
6 0.47428499999999996 0.63037 0.09530999999999995 0.012699999999999934
6 0.473525 0.6088899999999999 0.09378999999999998 0.028320000000000012
6 0.47428499999999996 0.58545 0.09530999999999995 0.012700000000000045
6 0.664145 0.58545 0.09379000000000004 0.012700000000000045
6 0.6656599999999999 0.60791 0.0938 0.02636000000000005
6 0.6361600000000001 0.63037 0.03480000000000005 0.012699999999999934
6 0.64221 0.501955 0.025720000000000076 0.02539000000000008
6 0.6346449999999999 0.46631 0.013610000000000011 0.024419999999999997
6 0.64221 0.393555 0.0287400000000001 0.023430000000000006
6 0.6407 0.358885 0.025720000000000076 0.024409999999999987
6 0.640695 0.242675 0.03478999999999999 0.010749999999999982
6 0.639185 0.22217 0.0347900000000001 0.024419999999999997
6 0.633135 0.20117000000000002 0.019670000000000076 0.009760000000000019
6 0.63843 0.126955 0.030260000000000065 0.009770000000000015
6 0.627085 0.1079115 0.0105900000000001 0.024417000000000008
6 0.47806 0.20214500000000002 0.0938 0.013669999999999988
6 0.47806 0.243655 0.0938 0.008789999999999992
6 0.47881999999999997 0.22363 0.09531999999999996 0.027340000000000003
6 0.47655000000000003 0.1083965 0.08471999999999996 0.025387000000000007
6 0.47882 0.12744 0.09227999999999997 0.010740000000000013
6 0.479575 0.0874025 0.09076999999999996 0.012694999999999998
6 0.29425 0.24707 0.04992000000000002 0.023440000000000016
6 0.29879 0.26465 0.05900000000000005 0.005859999999999976
6 0.298035 0.22216999999999998 0.05749000000000004 0.022460000000000008
6 0.28895499999999996 0.12549 0.027230000000000032 0.022460000000000008
6 0.295765 0.0288085 0.022689999999999988 0.014648999999999999
6 0.64675 0.024902 0.028739999999999988 0.010742000000000002
7 0.1384245 0.16699 0.077151 0.08983999999999999
7 0.11497850000000001 0.75195 0.127083 0.2265600000000001
7 0.254915 0.561035 0.05596999999999999 0.03416999999999992
7 0.25416 0.94189 0.05445999999999998 0.0341800000000001
7 0.254915 0.84717 0.05596999999999999 0.03417999999999999
7 0.253405 0.6567400000000001 0.055969999999999964 0.03417999999999999
7 0.40922499999999995 0.280275 0.04085 0.03125
7 0.409985 0.163085 0.039329999999999976 0.03125
7 0.41376500000000005 0.048827999999999996 0.04085 0.031249999999999993
8 0.748865 0.4926755 0.027230000000000087 0.9404290000000001
9 0.27307 0.0615235 0.07715999999999998 0.003907000000000008
9 0.270045 0.154785 0.07715 0.0048900000000000055
9 0.26853 0.17334 0.07716 0.0048799999999999955
9 0.265505 0.27197 0.07715000000000002 0.0048799999999999955
9 0.66944 0.82178 0.05598000000000003 0.006840000000000068
9 0.67171 0.68115 0.057479999999999976 0.0048799999999999955
9 0.31846 0.060059 0.016639999999999988 0.010742000000000002
9 0.313915 0.1543 0.010589999999999988 0.011720000000000008
9 0.312405 0.17236 0.010589999999999988 0.01074
9 0.31240500000000004 0.27197000000000005 0.016649999999999998 0.012699999999999989
9 0.502265 0.7251 0.015130000000000032 0.010739999999999972
9 0.5007550000000001 0.78125 0.015129999999999977 0.009759999999999991
9 0.46974 0.7251 0.049919999999999964 0.006839999999999957
9 0.468985 0.78125 0.04841000000000001 0.007819999999999938
9 0.22995500000000002 0.061035000000000006 0.009069999999999995 0.010742000000000008
9 0.22617500000000001 0.15527 0.010590000000000016 0.011720000000000008
9 0.224655 0.17382999999999998 0.010589999999999988 0.01171999999999998
9 0.22314499999999998 0.27197000000000005 0.010590000000000016 0.012699999999999989
9 0.44023999999999996 0.78125 0.009080000000000032 0.009759999999999991
9 0.44023999999999996 0.72461 0.009080000000000032 0.009759999999999991
9 0.63918 0.8227549999999999 0.0045399999999999885 0.012689999999999979
9 0.6407 0.6811499999999999 0.0045399999999999885 0.012700000000000045
10 0.907715 0.62256 0.1149699999999999 0.14942
10 0.920575 0.878415 0.14068999999999998 0.11035000000000006
10 0.92587 0.967285 0.13314000000000004 0.02246999999999999
10 0.799545 0.88135 0.04084999999999994 0.11426000000000003
10 0.807115 0.61914 0.031769999999999965 0.08594000000000002
10 0.8056 0.36035 0.04689999999999994 0.09570000000000001
10 0.79955 0.11230499999999999 0.037819999999999965 0.10547
10 0.79728 0.02246078 0.033279999999999976 0.04296844
9 0.91604 0.71045 0.10136 0.01856000000000002
9 0.91452 0.791505 0.1013599999999999 0.018550000000000066
9 0.981845 0.71045 0.03329000000000004 0.022460000000000035
9 0.981085 0.79053 0.031770000000000076 0.022460000000000035
9 0.828295 0.7109399999999999 0.07413000000000003 0.02734000000000003
9 0.826775 0.790525 0.07413000000000003 0.026370000000000005
7 0.67927 0.53467 0.06354000000000004 0.016599999999999948
7 0.69138 0.424805 0.05143999999999993 0.027349999999999985
