1 0.387195 0.885895 0.12195 0.01584999999999992
1 0.387195 0.860535 0.12195 0.01585000000000003
1 0.591465 0.88748 0.12195 0.015839999999999965
1 0.588415 0.862125 0.12195 0.01585000000000003
1 0.189025 0.882725 0.09147 0.01900999999999997
1 0.189025 0.8542000000000001 0.09147 0.019019999999999926
1 0.189025 0.58954 0.09147 0.019019999999999926
1 0.185975 0.55943 0.09147 0.019020000000000037
1 0.384145 0.5927100000000001 0.12195 0.015839999999999965
1 0.384145 0.5697300000000001 0.12195 0.01426000000000005
1 0.591465 0.59509 0.12195 0.01425999999999994
1 0.588415 0.5697300000000001 0.12195 0.01426000000000005
1 0.45121999999999995 0.452455 0.12196000000000001 0.014270000000000005
1 0.4497 0.42710000000000004 0.125 0.014259999999999995
1 0.6493899999999999 0.45404 0.12195999999999996 0.01426000000000005
1 0.6493899999999999 0.428685 0.12195999999999996 0.014270000000000005
1 0.79878 0.87401 0.12804000000000004 0.055459999999999954
1 0.801825 0.723455 0.12805 0.05547000000000002
1 0.80335 0.5808249999999999 0.1311 0.05547000000000002
1 0.856705 0.095878 0.13415 0.061804
1 0.439025 0.083994 0.12805 0.063392
1 0.637195 0.08953850000000001 0.11585000000000001 0.061803000000000004
1 0.865855 0.30507 0.12195 0.05230000000000001
1 0.43445 0.29952500000000004 0.1372 0.03487000000000001
1 0.6478649999999999 0.31854000000000005 0.13109000000000004 0.025359999999999994
1 0.4314 0.232965 0.1311 0.031689999999999996
1 0.44665 0.18146 0.125 0.020600000000000007
1 0.245425 0.42393000000000003 0.08840999999999999 0.020600000000000007
1 0.25 0.45721 0.09145999999999999 0.020600000000000007
1 0.245425 0.38748 0.10061 0.01744000000000001
1 0.25305 0.30506999999999995 0.09755999999999998 0.020600000000000007
1 0.248475 0.27496 0.10060999999999998 0.020600000000000007
1 0.25 0.176705 0.09145999999999999 0.023770000000000013
1 0.643295 0.25356500000000004 0.11585000000000001 0.019010000000000027
1 0.643295 0.22583 0.11585000000000001 0.020600000000000007
1 0.640245 0.20127 0.12195 0.012679999999999997
1 0.2439 0.083201 0.09145999999999999 0.020601999999999995
1 0.859755 0.19255 0.12805 0.033279999999999976
1 0.86128 0.412045 0.1372 0.031689999999999996
1 0.58994 0.6973050000000001 0.1189 0.028530000000000055
1 0.58994 0.730585 0.1189 0.028530000000000055
1 0.58994 0.7567349999999999 0.1189 0.017429999999999946
1 0.18292999999999998 0.6782900000000001 0.10366 0.025359999999999938
1 0.18445 0.713945 0.10670000000000002 0.023769999999999958
1 0.185975 0.7503949999999999 0.10975000000000001 0.023769999999999958
1 0.39024499999999995 0.75119 0.07317000000000001 0.022179999999999978
0 0.5015238 0.263075 0.9908524 0.44691000000000003
0 0.5335365 0.72583 0.9329270000000001 0.4691
2 0.919205 0.46592500000000003 0.14939000000000002 0.03487000000000001
4 0.509145 0.0863695 0.024390000000000023 0.080821
4 0.721035 0.093502 0.04573000000000005 0.091916
4 0.93445 0.19017499999999998 0.0396399999999999 0.05389000000000002
4 0.935975 0.30032000000000003 0.030489999999999906 0.06497999999999998
4 0.935975 0.405705 0.024389999999999912 0.044369999999999965
4 0.932925 0.095881 0.024389999999999912 0.077658
4 0.7179899999999999 0.435025 0.033540000000000014 0.06496999999999997
4 0.51982 0.4374 0.033540000000000014 0.06656000000000001
4 0.871955 0.870045 0.024390000000000023 0.06972999999999996
4 0.871955 0.7210749999999999 0.024390000000000023 0.06972999999999996
4 0.871955 0.5800350000000001 0.024390000000000023 0.06972999999999996
4 0.6615850000000001 0.8716349999999999 0.024390000000000023 0.06972999999999996
4 0.6585350000000001 0.575275 0.024390000000000023 0.06973000000000007
5 0.696645 0.69493 0.16159 0.1664
7 0.114329 0.291605 0.11890199999999998 0.06972999999999996
3 0.09756200000000001 0.291605 0.164636 0.14897000000000002
7 0.512195 0.5768599999999999 0.030490000000000017 0.025359999999999938
7 0.515245 0.87322 0.030490000000000017 0.02536000000000005
7 0.7195149999999999 0.86688 0.030490000000000017 0.02536000000000005
7 0.7164649999999999 0.57845 0.030490000000000017 0.02536000000000005
7 0.570125 0.4374 0.030489999999999906 0.025359999999999994
7 0.26829000000000003 0.77813 0.06097999999999998 0.02536000000000005
7 0.27134 0.64818 0.06097999999999998 0.02536000000000005
8 0.45121500000000003 0.72821 0.024389999999999967 0.458
8 0.268295 0.72504 0.07926999999999998 0.45483999999999997
8 0.32621500000000003 0.263867 0.07317000000000001 0.438986
8 0.9207350000000001 0.72504 0.024390000000000023 0.45166
6 0.55793 0.88748 0.05487999999999993 0.015839999999999965
6 0.766765 0.58558 0.05183000000000004 0.04596
6 0.859755 0.196515 0.12195 0.022189999999999988
6 0.862805 0.41283499999999995 0.12805 0.023770000000000013
6 0.394815 0.30111 0.04572999999999999 0.02851999999999999
6 0.384145 0.23217500000000002 0.030490000000000017 0.030109999999999998
6 0.40854 0.18304 0.042679999999999996 0.014259999999999995
6 0.609755 0.09112300000000001 0.030490000000000017 0.05229399999999999
