4 0.835928 0.725098 0.167665 0.069336
0 0.620958 0.877441 0.221557 0.208008
0 0.862275 0.877930 0.215569 0.212891
0 0.928743 0.623535 0.056287 0.137695
0 0.316766 0.623535 0.056287 0.137695
0 0.805988 0.622070 0.055090 0.136719
0 0.683832 0.622070 0.055090 0.136719
0 0.437126 0.622070 0.055090 0.136719
0 0.074850 0.588379 0.053892 0.069336
0 0.559281 0.621094 0.055090 0.136719
0 0.193413 0.621094 0.056287 0.136719
0 0.437725 0.427734 0.056287 0.136719
0 0.074251 0.390625 0.052695 0.062500
0 0.682036 0.426758 0.056287 0.136719
0 0.313174 0.427246 0.056287 0.137695
0 0.194012 0.426758 0.055090 0.136719
0 0.926347 0.425781 0.056287 0.136719
0 0.805389 0.425781 0.056287 0.136719
0 0.561677 0.425781 0.055090 0.136719
0 0.192814 0.227539 0.052695 0.130859
0 0.316168 0.226562 0.052695 0.130859
0 0.075449 0.189941 0.052695 0.057617
0 0.437725 0.225098 0.053892 0.129883
0 0.929341 0.224609 0.052695 0.130859
0 0.808383 0.224609 0.052695 0.130859
0 0.685030 0.224609 0.052695 0.130859
0 0.561677 0.224121 0.052695 0.129883
1 0.867066 0.685059 0.067066 0.010742
1 0.502395 0.723633 0.985629 0.087891
1 0.499401 0.500488 0.979641 0.018555
1 0.498204 0.307617 0.984431 0.048828
1 0.500000 0.063965 0.983234 0.116211
7 0.096407 0.077637 0.015569 0.043945
7 0.076048 0.077637 0.015569 0.043945
7 0.052096 0.077637 0.015569 0.043945
7 0.178443 0.076660 0.014371 0.043945
7 0.691018 0.075684 0.014371 0.043945
7 0.669461 0.075684 0.014371 0.043945
7 0.402994 0.075195 0.015569 0.042969
7 0.338922 0.075684 0.014371 0.043945
7 0.321557 0.075684 0.015569 0.043945
7 0.298802 0.075195 0.015569 0.042969
7 0.280240 0.075684 0.014371 0.043945
7 0.218563 0.075684 0.015569 0.043945
7 0.198802 0.075684 0.014371 0.043945
7 0.158683 0.075684 0.015569 0.043945
7 0.940120 0.074707 0.014371 0.043945
7 0.814371 0.074707 0.014371 0.043945
7 0.647904 0.074707 0.014371 0.043945
7 0.585030 0.074707 0.015569 0.043945
7 0.564671 0.074707 0.015569 0.043945
7 0.546707 0.074707 0.015569 0.043945
7 0.524551 0.074707 0.014371 0.043945
7 0.441317 0.074707 0.015569 0.043945
7 0.425150 0.074707 0.014371 0.043945
7 0.919760 0.073730 0.014371 0.043945
7 0.896407 0.073730 0.015569 0.043945
7 0.832934 0.073730 0.015569 0.043945
7 0.793413 0.073730 0.015569 0.043945
7 0.774850 0.073730 0.014371 0.043945
7 0.462275 0.073730 0.014371 0.043945
7 0.711377 0.072754 0.014371 0.043945
7 0.028743 0.091309 0.019162 0.081055
7 0.370659 0.089844 0.039521 0.082031
7 0.247904 0.090332 0.038323 0.083008
7 0.136527 0.090332 0.019162 0.083008
7 0.116168 0.090820 0.016766 0.085938
7 0.982036 0.087891 0.019162 0.082031
7 0.959281 0.086914 0.019162 0.082031
7 0.753293 0.086426 0.019162 0.081055
7 0.731737 0.086426 0.019162 0.081055
7 0.502994 0.086914 0.019162 0.082031
7 0.481437 0.086426 0.019162 0.081055
7 0.873054 0.085449 0.019162 0.081055
7 0.627545 0.085938 0.019162 0.082031
7 0.605988 0.085938 0.019162 0.082031
7 0.852695 0.084473 0.019162 0.081055
3 0.059281 0.654297 0.108982 0.062500
3 0.057485 0.457520 0.100599 0.071289
3 0.059880 0.254395 0.100599 0.071289
