0 0.597633 0.184647 0.147929 0.170124
0 0.288462 0.184647 0.150888 0.170124
0 0.500000 0.502075 1.000000 0.995851
2 0.936391 0.825726 0.073964 0.157676
2 0.451183 0.788382 0.156805 0.116183
2 0.717456 0.815353 0.085799 0.178423
2 0.177515 0.809129 0.082840 0.174274
2 0.939349 0.504149 0.079882 0.170124
2 0.715976 0.500000 0.076923 0.178423
2 0.486686 0.468880 0.079882 0.124481
2 0.174556 0.495851 0.076923 0.178423
2 0.403846 0.466805 0.073964 0.128631
2 0.934911 0.192946 0.076923 0.170124
2 0.711538 0.190871 0.079882 0.174274
2 0.171598 0.184647 0.082840 0.170124
2 0.483728 0.149378 0.079882 0.116183
2 0.400888 0.149378 0.073964 0.116183
3 0.986686 0.288382 0.026627 0.037344
3 0.823964 0.288382 0.144970 0.037344
3 0.628698 0.288382 0.085799 0.037344
3 0.270710 0.288382 0.062130 0.037344
3 0.059172 0.288382 0.094675 0.037344
3 0.826923 0.078838 0.079882 0.041494
3 0.587278 0.078838 0.127219 0.041494
3 0.300296 0.078838 0.127219 0.041494
3 0.054734 0.078838 0.097633 0.041494
4 0.928994 0.659751 0.136095 0.082988
4 0.711538 0.661826 0.150888 0.087137
4 0.173077 0.653527 0.150888 0.087137
4 0.933432 0.367220 0.127219 0.045643
4 0.713018 0.369295 0.136095 0.049793
4 0.171598 0.367220 0.136095 0.045643
4 0.931953 0.080913 0.130178 0.045643
4 0.718935 0.080913 0.136095 0.045643
4 0.170118 0.076763 0.133136 0.053942
4 0.443787 0.058091 0.278107 0.066390
7 0.176036 0.946058 0.127219 0.099585
7 0.936391 0.616183 0.121302 0.053942
7 0.715976 0.616183 0.124260 0.053942
7 0.174556 0.614108 0.130178 0.058091
7 0.934911 0.307054 0.124260 0.058091
7 0.717456 0.309129 0.133136 0.062241
7 0.173077 0.300830 0.133136 0.062241
5 0.442308 0.923237 0.269231 0.153527
5 0.449704 0.605809 0.284024 0.149378
5 0.443787 0.282158 0.284024 0.149378
10 0.176036 0.510373 0.068047 0.174274
10 0.485207 0.470954 0.065089 0.120332
10 0.403846 0.468880 0.062130 0.124481
10 0.171598 0.141079 0.071006 0.066390
10 0.711538 0.155602 0.073964 0.103734
