1 0.500000 0.500000 1.000000 1.000000
0 0.678309 0.560924 0.577206 0.848739
0 0.195772 0.561975 0.365809 0.871849
6 0.091912 0.929622 0.154412 0.081933
6 0.191176 0.897059 0.330882 0.147059
6 0.873162 0.835084 0.154412 0.027311
6 0.704044 0.836134 0.158088 0.029412
6 0.502757 0.884454 0.207721 0.184874
2 0.212316 0.760504 0.027574 0.058824
2 0.180147 0.760504 0.025735 0.058824
2 0.086397 0.759454 0.025735 0.065126
2 0.118566 0.756303 0.020221 0.067227
2 0.270221 0.753151 0.025735 0.065126
2 0.534007 0.743697 0.042279 0.079832
2 0.421875 0.743697 0.042279 0.079832
2 0.888787 0.741597 0.042279 0.079832
2 0.833640 0.740546 0.042279 0.077731
2 0.747243 0.741597 0.042279 0.079832
2 0.691176 0.741597 0.040441 0.079832
2 0.585478 0.742647 0.042279 0.081933
2 0.477022 0.742647 0.042279 0.081933
2 0.213235 0.617647 0.022059 0.075630
2 0.181985 0.617647 0.022059 0.075630
2 0.120404 0.627101 0.020221 0.094538
2 0.090074 0.627101 0.025735 0.094538
2 0.306066 0.623950 0.027574 0.092437
2 0.275735 0.623950 0.025735 0.092437
2 0.745404 0.609244 0.042279 0.079832
2 0.692096 0.609244 0.042279 0.079832
2 0.888787 0.607143 0.042279 0.079832
2 0.832721 0.607143 0.040441 0.079832
2 0.477941 0.608193 0.044118 0.081933
2 0.423713 0.608193 0.042279 0.081933
2 0.586397 0.606092 0.044118 0.081933
2 0.531250 0.606092 0.044118 0.081933
2 0.886029 0.476891 0.040441 0.079832
2 0.833640 0.476891 0.042279 0.079832
2 0.745404 0.476891 0.042279 0.079832
2 0.692096 0.476891 0.042279 0.079832
2 0.424632 0.475840 0.040441 0.081933
2 0.532169 0.473739 0.042279 0.081933
2 0.480699 0.473739 0.042279 0.081933
2 0.588235 0.471639 0.040441 0.081933
2 0.091912 0.473739 0.025735 0.086134
2 0.184743 0.466387 0.023897 0.075630
2 0.305147 0.470588 0.025735 0.088235
2 0.275735 0.470588 0.025735 0.088235
2 0.215993 0.465336 0.023897 0.077731
2 0.744485 0.346639 0.040441 0.079832
2 0.886029 0.344538 0.040441 0.079832
2 0.831801 0.344538 0.042279 0.079832
2 0.690257 0.344538 0.042279 0.079832
2 0.424632 0.342437 0.040441 0.079832
2 0.533088 0.341387 0.040441 0.081933
2 0.478860 0.341387 0.042279 0.081933
2 0.586397 0.339286 0.040441 0.081933
2 0.128676 0.335084 0.025735 0.077731
2 0.095588 0.335084 0.025735 0.077731
2 0.309743 0.331933 0.023897 0.075630
2 0.277574 0.331933 0.025735 0.075630
2 0.185662 0.332983 0.025735 0.077731
2 0.188419 0.214286 0.023897 0.058824
2 0.131434 0.216387 0.023897 0.063025
2 0.219669 0.213235 0.023897 0.060924
2 0.311581 0.211134 0.023897 0.060924
2 0.280331 0.211134 0.023897 0.060924
2 0.098346 0.212185 0.023897 0.063025
2 0.884191 0.203782 0.033088 0.050420
2 0.829963 0.203782 0.031250 0.050420
2 0.742647 0.203782 0.033088 0.050420
2 0.688419 0.203782 0.031250 0.050420
2 0.480699 0.210084 0.042279 0.079832
2 0.425551 0.211134 0.042279 0.081933
2 0.587316 0.206933 0.045956 0.081933
2 0.532169 0.206933 0.042279 0.081933
3 0.198529 0.797269 0.349265 0.018908
3 0.310662 0.697479 0.125000 0.050420
3 0.078125 0.697479 0.108456 0.050420
3 0.793199 0.273109 0.340074 0.016807
3 0.201287 0.246849 0.343750 0.014706
3 0.504596 0.148109 0.229779 0.023109
3 0.201287 0.161765 0.343750 0.050420
7 0.098346 0.524160 0.068015 0.014706
7 0.285846 0.522059 0.075368 0.014706
7 0.106618 0.381303 0.080882 0.014706
7 0.197610 0.379202 0.079044 0.014706
7 0.287684 0.377101 0.079044 0.014706
5 0.190257 0.693277 0.115809 0.075630
5 0.190257 0.542017 0.115809 0.075630
10 0.063419 0.758403 0.016544 0.071429
10 0.136949 0.756303 0.016544 0.071429
10 0.301471 0.753151 0.025735 0.069328
10 0.247243 0.753151 0.016544 0.069328
10 0.138787 0.627101 0.016544 0.098739
10 0.326287 0.623950 0.012868 0.096639
10 0.249081 0.623950 0.012868 0.096639
10 0.063419 0.626050 0.016544 0.100840
10 0.532169 0.602941 0.038603 0.067227
10 0.123162 0.475840 0.025735 0.090336
10 0.068015 0.477941 0.018382 0.094538
10 0.306066 0.472689 0.023897 0.088235
10 0.250000 0.473739 0.018382 0.094538
10 0.069853 0.337185 0.014706 0.081933
10 0.252757 0.336134 0.016544 0.084034
10 0.216912 0.336134 0.025735 0.084034
10 0.155331 0.336134 0.027574 0.084034
10 0.330882 0.332983 0.014706 0.081933
10 0.165441 0.213235 0.014706 0.060924
10 0.149816 0.214286 0.012868 0.063025
10 0.257353 0.211134 0.014706 0.060924
10 0.238971 0.211134 0.014706 0.060924
10 0.076287 0.213235 0.012868 0.065126
10 0.330882 0.209034 0.014706 0.060924
