0 0.608885 0.496095 0.7431699999999999 0.64843
1 0.60547 0.578125 0.058599999999999985 0.041670000000000096
1 0.72754 0.5768249999999999 0.06054000000000004 0.041669999999999985
1 0.72705 0.48633000000000004 0.06152000000000002 0.04036000000000001
1 0.604985 0.48502500000000004 0.0595699999999999 0.04037000000000007
1 0.6171850000000001 0.41862 0.06445000000000001 0.01432
1 0.747555 0.41992 0.08887 0.01432
1 0.73828 0.36654 0.05663999999999991 0.03775999999999996
1 0.62549 0.36523 0.05566000000000004 0.037760000000000016
1 0.7373000000000001 0.24739499999999998 0.05663999999999991 0.05988999999999997
1 0.62402 0.246095 0.056640000000000024 0.05989
1 0.84961 0.24869999999999998 0.06054000000000004 0.06249999999999997
1 0.8505849999999999 0.410155 0.05859000000000003 0.05989
1 0.8505849999999999 0.58464 0.05859000000000003 0.0625
1 0.851075 0.7486999999999999 0.05957000000000001 0.05989999999999995
1 0.739745 0.746095 0.05760999999999994 0.05989
1 0.73926 0.62695 0.056640000000000024 0.037760000000000016
1 0.626465 0.6269549999999999 0.053710000000000035 0.03254999999999997
1 0.62695 0.74284 0.056640000000000024 0.06120000000000003
1 0.40088 0.62435 0.05565999999999999 0.037760000000000016
1 0.513185 0.6236999999999999 0.05566999999999994 0.039059999999999984
1 0.513675 0.74219 0.05468999999999996 0.059900000000000064
1 0.401855 0.74219 0.05567 0.059900000000000064
1 0.513185 0.53711 0.05566999999999994 0.04035999999999995
1 0.51172 0.45052000000000003 0.05663999999999997 0.03906000000000004
1 0.40039 0.53711 0.05663999999999997 0.037760000000000016
1 0.398925 0.45182 0.05567 0.039059999999999984
1 0.51123 0.365235 0.05565999999999999 0.04036999999999996
1 0.39795 0.365885 0.05565999999999999 0.039069999999999994
1 0.509765 0.246745 0.05468999999999996 0.06118999999999997
1 0.39697000000000005 0.246745 0.05565999999999999 0.06118999999999997
1 0.452635 0.89453 0.05567 0.039059999999999984
1 0.5122099999999999 0.10546900000000001 0.05565999999999999 0.039062
1 0.510255 0.061198 0.05566999999999994 0.03906199999999999
1 0.396485 0.0859355 0.04297000000000001 0.08332899999999999
1 0.30957 0.36328 0.019540000000000002 0.03386
1 0.31005499999999997 0.44922 0.020509999999999973 0.03386
1 0.311035 0.53581 0.020510000000000028 0.03516000000000008
1 0.312015 0.62044 0.020510000000000028 0.03516000000000008
1 0.948245 0.24544 0.04296999999999995 0.061200000000000004
2 0.9375 0.41211 0.08397999999999994 0.06119999999999998
2 0.951175 0.58594 0.05858999999999992 0.0625
1 0.6162099999999999 0.0872375 0.05467999999999995 0.08072499999999999
1 0.55957 0.89518 0.06054000000000004 0.04035999999999995
3 0.41259999999999997 0.8951800000000001 0.02245999999999998 0.06120000000000003
4 0.44922 0.246745 0.05274000000000001 0.07683000000000004
4 0.56299 0.24805 0.057620000000000005 0.07682
4 0.66455 0.247395 0.028320000000000012 0.08073000000000002
4 0.450195 0.365235 0.054690000000000016 0.05338999999999999
4 0.451175 0.45182 0.054690000000000016 0.052080000000000015
4 0.453125 0.53711 0.054690000000000016 0.05337999999999998
4 0.452635 0.6236999999999999 0.05567 0.052080000000000015
4 0.453615 0.74349 0.053710000000000035 0.08333999999999997
4 0.5668949999999999 0.746095 0.053710000000000035 0.08333000000000002
4 0.66797 0.7460899999999999 0.02734000000000003 0.08594000000000002
4 0.563965 0.36719 0.05567 0.05990000000000001
4 0.56494 0.639975 0.05176000000000003 0.029950000000000032
4 0.64453 0.48502500000000004 0.021480000000000055 0.058589999999999975
4 0.644045 0.576825 0.020510000000000028 0.05989
4 0.76465 0.48633000000000004 0.01758000000000004 0.06119999999999998
4 0.765135 0.578125 0.018550000000000066 0.05729000000000006
4 0.7758799999999999 0.7474000000000001 0.01856000000000002 0.07551999999999992
4 0.77295 0.2474 0.01856000000000002 0.07552000000000003
4 0.881345 0.248695 0.008789999999999965 0.08073
4 0.882325 0.41211 0.008789999999999965 0.07941999999999999
4 0.882325 0.7519549999999999 0.008789999999999965 0.07943
4 0.882815 0.58789 0.009770000000000056 0.07942000000000005
4 0.55078 0.087888 0.02734000000000003 0.105464
4 0.6001000000000001 0.896485 0.022460000000000035 0.06901000000000002
5 0.450195 0.0865865 0.07227 0.131507
5 0.66797 0.093101 0.05663999999999991 0.134118
5 0.78125 0.37956 0.048820000000000086 0.12629999999999997
5 0.782225 0.65755 0.04687000000000008 0.07811999999999997
5 0.66211 0.660805 0.056640000000000024 0.08203000000000005
5 0.6630849999999999 0.375 0.05859000000000003 0.12760000000000005
5 0.54102 0.51237 0.0625 0.22266000000000002
7 0.31689500000000004 0.68099 0.08690999999999999 0.04166000000000003
7 0.31592 0.31445500000000004 0.08692 0.04297000000000001
7 0.583985 0.31055 0.11522999999999994 0.05077999999999999
7 0.5844750000000001 0.68034 0.11621000000000004 0.050779999999999936
7 0.280275 0.40820500000000004 0.037109999999999976 0.019529999999999992
7 0.280765 0.49609500000000006 0.036129999999999995 0.018230000000000024
7 0.282225 0.582685 0.037109999999999976 0.019530000000000047
7 0.327635 0.80143 0.04981000000000002 0.02214000000000005
8 0.89795 0.496745 0.022460000000000035 0.6419300000000001
3 0.90625 0.2487 0.013679999999999914 0.08854000000000001
8 0.8071299999999999 0.498045 0.032220000000000026 0.64193
8 0.34424 0.501305 0.04980000000000001 0.6041700000000001
9 0.472655 0.41211 0.18945 0.027339999999999975
9 0.45996499999999996 0.494795 0.16210999999999992 0.03125
9 0.45996499999999996 0.5794250000000001 0.16210999999999992 0.028649999999999953
9 0.37207 0.41146000000000005 0.011720000000000008 0.03645999999999999
9 0.37305 0.49544 0.011720000000000008 0.037760000000000016
9 0.373535 0.57943 0.010750000000000037 0.03645999999999994
10 0.90625 0.735025 0.02733999999999992 0.16797000000000006
10 0.93945 0.644535 0.01757999999999993 0.03125
10 0.93848 0.526045 0.01757999999999993 0.03125
10 0.905765 0.60026 0.026370000000000005 0.039059999999999984
7 0.58301 0.53125 0.015619999999999967 0.04947999999999997
7 0.58643 0.44466 0.022459999999999924 0.037760000000000016
7 0.5835 0.61263 0.016599999999999948 0.024739999999999984
7 0.604005 0.39844 0.014650000000000052 0.023440000000000016
7 0.68408 0.24739499999999998 0.010739999999999972 0.06510999999999997
7 0.686035 0.747395 0.008789999999999965 0.05989
