0 0.4769805 0.54492 0.755399 0.75976
1 0.318705 0.255375 0.15106999999999998 0.05957000000000001
1 0.31583 0.437985 0.15108 0.05957000000000001
1 0.308635 0.82422 0.15971 0.06836000000000009
1 0.31510499999999997 0.6293949999999999 0.15826999999999997 0.06542999999999999
1 0.33669 0.038085900000000006 0.15252 0.0664062
1 0.719425 0.229985 0.16403 0.06542999999999999
1 0.713665 0.06884749999999999 0.1611499999999999 0.100585
2 0.7050350000000001 0.43798499999999996 0.28776999999999997 0.16112999999999994
4 0.40215999999999996 0.257815 0.027339999999999975 0.11719000000000002
4 0.40215999999999996 0.438475 0.027339999999999975 0.11719000000000002
4 0.4 0.62793 0.028779999999999972 0.09766000000000008
4 0.4 0.82373 0.02589999999999998 0.11036000000000001
7 0.466905 0.41747999999999996 0.08488999999999997 0.05175999999999997
8 0.14964 0.544925 0.08634000000000001 0.7480500000000001
10 0.665465 0.632815 0.15683000000000002 0.07227000000000006
10 0.671225 0.828125 0.16259 0.07813000000000003
10 0.532375 0.543455 0.10934999999999995 0.04198999999999997
10 0.657555 0.5581050000000001 0.05754999999999999 0.043950000000000045
10 0.70863 0.33545 0.07050000000000001 0.03028000000000003
