0 0.5019547 0.5006775 0.9921906 0.998645
1 0.430175 0.079946 0.07715 0.029810000000000003
1 0.430175 0.12059500000000001 0.07715 0.029810000000000003
1 0.429195 0.159895 0.07715 0.029810000000000003
1 0.41211 0.26897 0.07812000000000002 0.039299999999999974
1 0.41259500000000005 0.31436 0.07715 0.03794000000000003
1 0.41211 0.36179 0.07812000000000002 0.037939999999999974
1 0.410645 0.61382 0.07911000000000001 0.037939999999999974
1 0.41211 0.6598900000000001 0.08007999999999998 0.037939999999999974
1 0.41113 0.7086699999999999 0.08008000000000004 0.037939999999999974
1 0.427245 0.9051450000000001 0.07518999999999998 0.029810000000000003
1 0.56836 0.6612450000000001 0.08204 0.10026999999999997
1 0.56836 0.31233 0.08204 0.10162000000000004
1 0.7251000000000001 0.661925 0.08496000000000004 0.09891000000000005
1 0.72607 0.31572 0.08495999999999992 0.09755999999999998
1 0.58154 0.905825 0.06151999999999991 0.04471000000000003
1 0.5834950000000001 0.82588 0.061529999999999974 0.04471999999999998
1 0.730955 0.905825 0.08105000000000007 0.04743000000000008
1 0.730955 0.8299449999999999 0.08105000000000007 0.04742999999999997
1 0.729 0.15515 0.07909999999999995 0.04741999999999999
1 0.73096 0.084013 0.07910000000000006 0.046074000000000004
1 0.57666 0.16057 0.07128000000000001 0.04741999999999999
1 0.574705 0.0853655 0.07128999999999996 0.046069
1 0.18506 0.50068 0.0791 0.060980000000000034
1 0.425295 0.50271 0.07519000000000003 0.062340000000000007
3 0.373535 0.310975 0.03222999999999998 0.18020999999999998
3 0.370115 0.66125 0.03125 0.17886000000000002
4 0.46143 0.31301 0.022460000000000035 0.17343999999999998
4 0.45996000000000004 0.66057 0.02343999999999996 0.17208
3 0.504885 0.0840105 0.015630000000000033 0.06503899999999999
3 0.504885 0.15718000000000001 0.015630000000000033 0.06504
3 0.500975 0.90379 0.015629999999999977 0.06503999999999999
3 0.5019549999999999 0.82588 0.01562999999999992 0.0663999999999999
5 0.624515 0.881435 0.036129999999999995 0.22629
5 0.785645 0.882115 0.036129999999999995 0.22493000000000007
5 0.623535 0.48171 0.04199000000000008 0.14770000000000005
5 0.63086 0.11043255 0.039059999999999984 0.20189490000000002
6 0.40283 0.0833335 0.018559999999999965 0.023035
6 0.41991999999999996 0.1206 0.05077999999999999 0.027099999999999985
6 0.423825 0.15989 0.06054999999999999 0.027100000000000013
6 0.40381 0.504065 0.028320000000000012 0.056910000000000016
6 0.41113500000000003 0.6145 0.07617000000000002 0.03388000000000002
6 0.41211 0.66057 0.07617999999999997 0.03387999999999991
6 0.411625 0.7093499999999999 0.07715 0.03388000000000002
6 0.423825 0.9051499999999999 0.06445000000000001 0.027100000000000013
1 0.42773 0.865855 0.07421999999999995 0.029810000000000003
1 0.427245 0.824525 0.07518999999999998 0.028449999999999975
6 0.423335 0.86585 0.06542999999999999 0.027100000000000013
6 0.422365 0.8251999999999999 0.06542999999999999 0.027100000000000013
6 0.559085 0.313005 0.05957000000000001 0.09484999999999999
6 0.575685 0.08604300000000001 0.06739000000000006 0.03929400000000001
6 0.57666 0.161245 0.06738 0.04065000000000002
6 0.706055 0.0840105 0.027349999999999985 0.04335900000000001
6 0.7290049999999999 0.15515 0.07518999999999998 0.0393
6 0.6938500000000001 0.316395 0.01660000000000006 0.09621000000000002
1 0.58203 0.50203 0.08398000000000005 0.06097999999999998
1 0.72705 0.501355 0.07323999999999997 0.059630000000000016
7 0.4834 0.48848500000000006 0.03320000000000001 0.07453000000000004
5 0.45215000000000005 0.48916 0.02148 0.11653999999999998
7 0.640625 0.31233 0.037109999999999976 0.10433999999999999
7 0.638185 0.659215 0.03808999999999996 0.10433000000000003
1 0.18213000000000001 0.84214 0.01074 0.02845999999999993
3 0.32372999999999996 0.48103 0.04980000000000001 0.17074
7 0.04199195 0.49458 0.07031209999999999 0.06776000000000004
10 0.8481449999999999 0.6416 0.051750000000000074 0.24525999999999992
10 0.8349599999999999 0.1754755 0.041019999999999945 0.226289
