0 0.4394535 0.45448500000000003 0.751953 0.59303
1 0.15088000000000001 0.6070949999999999 0.022460000000000008 0.09236999999999995
1 0.351075 0.614455 0.024409999999999987 0.09102999999999994
1 0.40332 0.614455 0.023440000000000016 0.08835000000000004
1 0.456055 0.6151249999999999 0.023430000000000006 0.08968999999999994
1 0.507815 0.614455 0.025390000000000024 0.09102999999999994
1 0.566405 0.615795 0.025389999999999913 0.09102999999999994
1 0.624025 0.614455 0.025389999999999913 0.09102999999999994
1 0.6831050000000001 0.615795 0.024409999999999932 0.09102999999999994
1 0.597655 0.31325499999999995 0.025389999999999913 0.09103
1 0.540035 0.31459 0.025390000000000024 0.08836
1 0.48584000000000005 0.313925 0.026359999999999995 0.08968999999999999
1 0.655275 0.311915 0.025389999999999913 0.08835000000000004
1 0.714845 0.311915 0.025389999999999913 0.08835000000000004
1 0.34082 0.21486 0.03320000000000001 0.052199999999999996
1 0.391605 0.21419500000000002 0.03125 0.05087
1 0.44433500000000004 0.212185 0.03321000000000002 0.052210000000000006
1 0.49658500000000005 0.212185 0.032230000000000036 0.052210000000000006
1 0.546875 0.21218 0.03906999999999994 0.05756
1 0.60547 0.209505 0.041019999999999945 0.05757000000000001
1 0.6626000000000001 0.209505 0.040039999999999965 0.05757000000000001
1 0.72217 0.210175 0.040039999999999965 0.05891000000000002
1 0.256345 0.526105 0.024410000000000015 0.05891000000000007
1 0.30762 0.524765 0.02734000000000003 0.05623000000000006
1 0.360355 0.526105 0.03125 0.05623000000000006
1 0.41162 0.524765 0.028320000000000012 0.05623000000000006
1 0.46387 0.526105 0.03320000000000001 0.05623000000000006
1 0.572265 0.527445 0.035150000000000015 0.05623000000000006
1 0.6308549999999999 0.525435 0.03711000000000009 0.057570000000000066
1 0.6879900000000001 0.526105 0.03808 0.05891000000000007
1 0.356445 0.701475 0.025390000000000024 0.05623
1 0.4082 0.7028099999999999 0.023440000000000016 0.05622000000000005
1 0.45947499999999997 0.7028099999999999 0.024409999999999987 0.05622000000000005
1 0.5112300000000001 0.7028099999999999 0.024419999999999997 0.05622000000000005
1 0.5668949999999999 0.70415 0.024409999999999932 0.05622000000000005
1 0.6245099999999999 0.70549 0.024419999999999997 0.05622000000000005
1 0.6821299999999999 0.70549 0.024419999999999997 0.05622000000000005
1 0.6245099999999999 0.445785 0.024419999999999997 0.05623
1 0.5683549999999999 0.44711999999999996 0.025389999999999913 0.05621999999999999
1 0.5112300000000001 0.445785 0.024419999999999997 0.05623
1 0.459965 0.44711999999999996 0.025390000000000024 0.05621999999999999
1 0.40869 0.445785 0.024419999999999997 0.05623
1 0.356935 0.44779 0.024410000000000043 0.05756
1 0.30566499999999996 0.44779 0.023430000000000006 0.05756
1 0.20215 0.61044 0.023440000000000016 0.05621999999999994
1 0.20947 0.44377500000000003 0.022460000000000008 0.052210000000000034
1 0.254395 0.44711999999999996 0.024410000000000015 0.05890000000000001
1 0.329105 0.31593000000000004 0.025389999999999968 0.08032
1 0.38183500000000004 0.31526 0.025389999999999968 0.08166000000000001
1 0.434085 0.31392 0.026370000000000005 0.08702000000000004
1 0.2124 0.51874 0.028320000000000012 0.05756
1 0.300295 0.6151249999999999 0.024409999999999987 0.08968999999999994
1 0.256345 0.6097699999999999 0.026370000000000005 0.057559999999999945
1 0.253415 0.700135 0.024410000000000015 0.05623
1 0.30566499999999996 0.7008049999999999 0.023430000000000006 0.05757000000000001
1 0.21045 0.689425 0.024419999999999997 0.05623
1 0.33936 0.380185 0.03417999999999999 0.029449999999999976
1 0.3916 0.378845 0.03515999999999997 0.029449999999999976
1 0.49658 0.379515 0.03417999999999993 0.02810999999999997
1 0.547855 0.378175 0.037109999999999976 0.030789999999999984
1 0.605465 0.379515 0.037109999999999976 0.030789999999999984
1 0.6606449999999999 0.37817999999999996 0.03809000000000007 0.02811999999999998
1 0.720215 0.37817999999999996 0.043950000000000045 0.03345999999999999
1 0.7290049999999999 0.52677 0.012689999999999979 0.060240000000000016
1 0.7290049999999999 0.44511 0.012689999999999979 0.06291999999999998
1 0.72998 0.61111 0.014639999999999986 0.06023999999999996
1 0.729495 0.7061550000000001 0.013670000000000071 0.054889999999999994
2 0.7817350000000001 0.310575 0.04785000000000006 0.07765
1 0.770995 0.37751 0.026370000000000005 0.01606000000000002
1 0.53369 0.1004035 0.030280000000000085 0.03213300000000001
1 0.529785 0.0147257 0.020509999999999917 0.0240966
1 0.65625 0.0990635 0.02733999999999992 0.029453000000000007
1 0.598145 0.1004035 0.020510000000000028 0.03213300000000001
1 0.72461 0.097722 0.05078000000000005 0.040156
2 0.79834 0.0950445 0.0478599999999999 0.085671
2 0.790035 0.21419 0.042970000000000064 0.08836
2 0.76709 0.70616 0.032220000000000026 0.06024000000000007
2 0.7768550000000001 0.525435 0.03809000000000007 0.06025000000000008
2 0.771485 0.616465 0.03906999999999994 0.07362999999999997
2 0.779785 0.44511 0.04003000000000001 0.06291999999999998
3 0.63965 0.097725 0.009760000000000102 0.05355
5 0.544435 0.100402 0.01269000000000009 0.045516
5 0.5459 0.01941085 0.011720000000000064 0.036144300000000004
5 0.624025 0.020749700000000003 0.029289999999999927 0.0361446
5 0.614745 0.099064 0.018550000000000066 0.050872
5 0.680175 0.097055 0.020510000000000028 0.052210000000000006
5 0.7431650000000001 0.0977265 0.017569999999999975 0.05890699999999999
5 0.34961 0.216195 0.017579999999999985 0.10842999999999997
5 0.40137 0.21553 0.01758000000000004 0.10709999999999997
5 0.4541 0.21553 0.01758000000000004 0.10709999999999997
5 0.5068349999999999 0.21486 0.017569999999999975 0.10843999999999998
5 0.5585899999999999 0.21419 0.01758000000000004 0.10709999999999997
5 0.61768 0.21419 0.016599999999999948 0.10709999999999997
5 0.67676 0.21352 0.01758000000000004 0.10843999999999998
5 0.734375 0.21285 0.017570000000000086 0.10710000000000003
5 0.73535 0.37952 0.01758000000000004 0.04418
5 0.67578 0.38019000000000003 0.01758000000000004 0.04551999999999995
5 0.6186499999999999 0.381525 0.01660000000000006 0.045509999999999995
5 0.56055 0.38086 0.01757999999999993 0.04418
5 0.50781 0.381525 0.01757999999999993 0.045509999999999995
5 0.4541 0.381525 0.01758000000000004 0.045509999999999995
5 0.40234000000000003 0.381525 0.017579999999999985 0.045509999999999995
5 0.35058999999999996 0.381525 0.017579999999999985 0.045509999999999995
5 0.28125 0.315265 0.01758000000000004 0.09237000000000001
5 0.28808999999999996 0.21419 0.017579999999999985 0.10709999999999997
5 0.288575 0.384205 0.016609999999999958 0.045509999999999995
5 0.18066500000000002 0.47992 0.017570000000000002 0.14324000000000003
5 0.22168 0.48527 0.017580000000000012 0.14323999999999998
5 0.263185 0.54284 0.018549999999999955 0.26103999999999994
5 0.31640999999999997 0.49063 0.017579999999999985 0.16198
5 0.36865499999999995 0.48996 0.01855000000000001 0.16332000000000002
5 0.4209 0.49063 0.01758000000000004 0.16198
5 0.47363 0.49063 0.01758000000000004 0.16198
5 0.52637 0.48996 0.01757999999999993 0.16332000000000002
5 0.583985 0.4913 0.017569999999999975 0.16600000000000004
5 0.64209 0.48862 0.01856000000000002 0.16600000000000004
5 0.7011700000000001 0.4913 0.01758000000000004 0.16600000000000004
5 0.17773499999999998 0.692105 0.017570000000000002 0.06960999999999995
5 0.22168 0.699465 0.017580000000000012 0.08969000000000005
6 0.424805 0.18139 0.02149000000000001 0.022760000000000002
6 0.434085 0.28581 0.024410000000000043 0.028120000000000034
6 0.434085 0.313925 0.024410000000000043 0.02810999999999997
6 0.434085 0.342035 0.024410000000000043 0.028110000000000024
6 0.433595 0.382195 0.037109999999999976 0.03883000000000003
6 0.592775 0.188755 0.0410100000000001 0.04819000000000001
6 0.57666 0.240295 0.010740000000000083 0.04953000000000002
6 0.673825 0.452475 0.037109999999999976 0.07765
6 0.731935 0.0903615 0.036129999999999995 0.017403000000000002
6 0.731935 0.1077665 0.036129999999999995 0.017407000000000006
6 0.597655 0.107765 0.019529999999999936 0.014729999999999993
6 0.597655 0.0883535 0.019529999999999936 0.005354999999999999
10 0.76416 0.09504750000000001 0.020500000000000074 0.037485000000000004
10 0.75781 0.21553 0.021479999999999944 0.09906000000000001
10 0.7504900000000001 0.44913000000000003 0.03417999999999999 0.08434000000000003
10 0.74512 0.528115 0.023439999999999905 0.07631000000000004
5 0.0996085 0.6084350000000001 0.021483000000000002 0.09772999999999998
5 0.13232 0.46854 0.022460000000000008 0.15527999999999997
7 0.092776 0.597055 0.027347999999999997 0.01607000000000003
1 0.43896500000000005 0.380855 0.04394999999999999 0.02810999999999997
1 0.678225 0.455155 0.024410000000000043 0.05623
1 0.516115 0.526105 0.03027000000000002 0.05623000000000006
