1 0.251955 0.28971 0.07030999999999998 0.04818
1 0.25586 0.458335 0.07032 0.07291000000000003
1 0.38867 0.291015 0.07225999999999999 0.04816999999999999
1 0.52246 0.291015 0.07226000000000005 0.05079
1 0.38867 0.458335 0.06835999999999998 0.07030999999999998
1 0.52344 0.458335 0.06836000000000003 0.07030999999999998
3 0.475095 0.45572999999999997 0.020510000000000028 0.08854000000000001
3 0.47363500000000003 0.286455 0.019529999999999992 0.07030999999999998
1 0.657715 0.458335 0.06933 0.07291000000000003
1 0.7900400000000001 0.458985 0.07032000000000005 0.07161000000000001
1 0.788575 0.296875 0.07128999999999996 0.049470000000000014
1 0.664065 0.28906 0.08789000000000002 0.049480000000000024
1 0.25488500000000003 0.71289 0.07031000000000001 0.07162000000000002
1 0.388185 0.711585 0.06738999999999995 0.06901000000000002
1 0.52295 0.711585 0.06934000000000001 0.06901000000000002
3 0.47558500000000004 0.71159 0.023430000000000006 0.08463999999999994
1 0.22070499999999998 0.5729150000000001 0.07030999999999998 0.020830000000000015
1 0.36328 0.5729150000000001 0.07225999999999999 0.020830000000000015
1 0.50537 0.572265 0.07323999999999997 0.022129999999999983
1 0.235355 0.61849 0.08202999999999999 0.018220000000000014
1 0.37451 0.617185 0.0791 0.01822999999999997
1 0.37451 0.5364599999999999 0.0791 0.010419999999999985
1 0.236325 0.53711 0.08202999999999996 0.009120000000000017
1 0.5117149999999999 0.53776 0.07616999999999996 0.010419999999999985
1 0.512695 0.617835 0.07813000000000003 0.019530000000000047
1 0.651365 0.61849 0.07616999999999996 0.02083999999999997
1 0.65039 0.53841 0.07421999999999995 0.011720000000000064
1 0.794435 0.57943 0.0595699999999999 0.026040000000000063
1 0.657715 0.71224 0.07128999999999996 0.07031999999999994
1 0.78955 0.71289 0.06933999999999996 0.07162000000000002
0 0.549805 0.584635 0.87305 0.38802999999999993
1 0.251955 0.17643 0.07030999999999998 0.04818
1 0.25293 0.0638025 0.07032000000000002 0.046875
1 0.387695 0.17643 0.07030999999999998 0.04818
1 0.52246 0.17643 0.07032 0.04818
1 0.65625 0.17643 0.07225999999999999 0.05077999999999999
1 0.789065 0.17708000000000002 0.07227000000000006 0.049479999999999996
1 0.3833 0.9420550000000001 0.04980000000000001 0.03254999999999997
1 0.385255 0.86914 0.04981000000000002 0.03256000000000003
1 0.38427999999999995 0.9069 0.04980000000000001 0.03256000000000003
1 0.34473 0.9420550000000001 0.023440000000000016 0.029950000000000032
1 0.3457 0.9055949999999999 0.023440000000000016 0.029950000000000032
1 0.34619 0.86914 0.022460000000000035 0.029939999999999967
1 0.5 0.8763 0.06054000000000004 0.04688000000000003
1 0.5 0.9322900000000001 0.06054000000000004 0.04687999999999992
1 0.61426 0.8704449999999999 0.02734000000000003 0.03254999999999997
1 0.614745 0.9082049999999999 0.026370000000000005 0.03254999999999997
1 0.65527 0.86979 0.05078000000000005 0.03386
1 0.6543 0.908855 0.05078000000000005 0.03385000000000005
1 0.79541 0.8769499999999999 0.08106000000000002 0.04818
1 0.646 0.57357 0.07323999999999997 0.02214000000000005
1 0.122558 0.20182 0.049804 0.03645999999999999
1 0.122558 0.041016 0.049804 0.035156
1 0.1191405 0.0950525 0.062499 0.033854999999999996
1 0.1191405 0.14909 0.062499 0.035160000000000025
2 0.9345699999999999 0.58724 0.09570000000000001 0.0625
3 0.473145 0.17513 0.026370000000000005 0.07682
4 0.42334000000000005 0.17318 0.016600000000000004 0.07291999999999998
4 0.424805 0.28906 0.017569999999999975 0.07291999999999998
4 0.427735 0.71159 0.015629999999999977 0.07941999999999994
4 0.42578 0.458985 0.015619999999999967 0.07943
4 0.561525 0.71159 0.01562999999999992 0.07941999999999994
4 0.55908 0.459635 0.012699999999999934 0.08332999999999996
4 0.54492 0.572265 0.009759999999999991 0.027349999999999985
4 0.5522450000000001 0.5358050000000001 0.012689999999999979 0.01693
4 0.552245 0.61914 0.014650000000000052 0.024739999999999984
4 0.402835 0.570965 0.008789999999999965 0.029950000000000032
4 0.41259999999999997 0.61849 0.016600000000000004 0.02864
4 0.414065 0.5364599999999999 0.015629999999999977 0.015620000000000078
4 0.26025 0.572265 0.010740000000000027 0.03254999999999997
4 0.56201 0.173175 0.022459999999999924 0.07030999999999998
4 0.5625 0.289065 0.021479999999999944 0.07030999999999998
4 0.837405 0.29362 0.03027000000000002 0.07422000000000001
4 0.8383799999999999 0.45833 0.03417999999999999 0.08854000000000006
4 0.8383799999999999 0.7135400000000001 0.03417999999999999 0.08853999999999995
4 0.83887 0.8763000000000001 0.011719999999999953 0.08853999999999995
3 0.862305 0.71159 0.013670000000000071 0.08984000000000003
3 0.859375 0.583985 0.01171000000000011 0.14193
3 0.859375 0.45703499999999997 0.009770000000000056 0.09374999999999994
3 0.8588899999999999 0.29362 0.010740000000000083 0.07941999999999999
3 0.85303 0.17513 0.05175999999999992 0.08204
5 0.70459 0.23307 0.049799999999999955 0.20052
5 0.294925 0.29752649999999997 0.07030999999999998 0.503907
5 0.28955 0.68685 0.06934000000000001 0.17577999999999994
5 0.41455 0.902995 0.08495999999999998 0.17057
5 0.5459 0.90039 0.03515999999999997 0.13932
5 0.697265 0.897785 0.035150000000000015 0.13933000000000006
5 0.15966999999999998 0.463545 0.022460000000000008 0.13020999999999994
7 0.18701 0.173825 0.04394000000000001 0.05599000000000001
7 0.18701 0.289065 0.04394000000000001 0.054690000000000016
7 0.18555 0.058594 0.04491999999999999 0.054688
7 0.296385 0.571615 0.05567 0.020830000000000015
7 0.43799 0.571615 0.05565999999999999 0.020830000000000015
7 0.44823999999999997 0.61849 0.05077999999999999 0.018220000000000014
7 0.447755 0.53711 0.05175000000000002 0.009120000000000017
7 0.556155 0.572265 0.01464999999999994 0.027349999999999985
7 0.56543 0.6197900000000001 0.013679999999999914 0.015620000000000078
7 0.5644549999999999 0.53776 0.01366999999999996 0.015619999999999967
7 0.447755 0.45703 0.012689999999999979 0.015619999999999967
7 0.448245 0.710935 0.01366999999999996 0.015630000000000033
7 0.35596 0.345705 0.04590000000000005 0.01693
7 0.356445 0.22982 0.044930000000000025 0.022139999999999993
7 0.35596 0.11784 0.04590000000000005 0.022139999999999993
7 0.22412 0.347655 0.06934000000000001 0.020830000000000015
7 0.22461 0.229815 0.06836000000000003 0.019529999999999992
7 0.22412 0.117185 0.06934000000000001 0.020829999999999987
7 0.824705 0.233075 0.16698999999999997 0.05729000000000001
8 0.737795 0.58594 0.043949999999999934 0.3776
8 0.59717 0.583985 0.05176000000000003 0.37369
10 0.921385 0.7128950000000001 0.07519000000000009 0.08202999999999994
10 0.9209 0.457685 0.07422000000000006 0.08202999999999999
10 0.87549 0.585935 0.022459999999999924 0.16927000000000003
10 0.91699 0.645185 0.029299999999999993 0.02994999999999992
10 0.916015 0.523435 0.029290000000000038 0.03125
10 0.9404300000000001 0.5260400000000001 0.019540000000000002 0.026039999999999952
10 0.873535 0.40169 0.02246999999999999 0.01432
10 0.875 0.764975 0.01953999999999989 0.01693
10 0.936525 0.36784 0.035149999999999904 0.037760000000000016
10 0.929685 0.30664 0.09375 0.08204
10 0.93506 0.234375 0.049800000000000066 0.049470000000000014
10 0.93164 0.1888 0.10155999999999998 0.039059999999999984
10 0.90918 0.834635 0.10938000000000003 0.10156999999999994
