0 0.50146485 0.49999815 0.9970703 0.9979637
1 0.23486500000000002 0.133639 0.08105000000000001 0.07622200000000001
1 0.236815 0.39888 0.08104999999999998 0.07622000000000001
1 0.23876999999999998 0.6031500000000001 0.08106 0.07622000000000007
1 0.24169999999999997 0.86433 0.08106 0.07622000000000007
1 0.37255499999999997 0.865345 0.08300999999999997 0.08028999999999997
1 0.370605 0.6072150000000001 0.08496999999999999 0.08639000000000008
1 0.36963 0.39685 0.08495999999999998 0.08638000000000001
1 0.36865000000000003 0.129571 0.08495999999999998 0.086378
1 0.52246 0.12906299999999998 0.10938000000000003 0.087394
1 0.520995 0.39583 0.11034999999999995 0.08638000000000001
1 0.52246 0.6062000000000001 0.10938000000000003 0.08638000000000001
1 0.52246 0.86941 0.10938000000000003 0.08638000000000001
1 0.68799 0.86687 0.12402000000000002 0.08740000000000003
1 0.68848 0.6056900000000001 0.125 0.09350000000000003
1 0.68994 0.39787 0.12402000000000002 0.09248
1 0.688965 0.1295715 0.12402999999999997 0.09247699999999999
1 0.15283 0.13567 0.016600000000000004 0.04369999999999999
1 0.15234 0.39532500000000004 0.017579999999999985 0.04065000000000002
1 0.15332 0.6041650000000001 0.017580000000000012 0.04572999999999994
1 0.15674 0.862295 0.018559999999999993 0.04572999999999994
5 0.272465 0.1295735 0.08789000000000002 0.143293
5 0.270505 0.394305 0.08789 0.14431
5 0.273925 0.6077250000000001 0.08690999999999999 0.14431000000000005
5 0.27636499999999997 0.868395 0.08789 0.14329000000000003
5 0.41259999999999997 0.87297 0.09668000000000004 0.16869999999999996
5 0.41259999999999997 0.61128 0.09668000000000004 0.16767999999999994
5 0.40869 0.39227999999999996 0.09667999999999999 0.16870000000000002
5 0.41211 0.1204275 0.09570000000000001 0.167685
5 0.5708 0.11839190000000001 0.10058 0.2225562
5 0.571775 0.501525 0.10058999999999996 0.41768999999999995
5 0.570315 0.882115 0.09960999999999998 0.22357000000000005
5 0.7338899999999999 0.884145 0.07910000000000006 0.22155000000000002
5 0.73535 0.501525 0.08594000000000002 0.43191
5 0.736815 0.11585565 0.08301000000000003 0.2215487
8 0.129883 0.5005065 0.121094 0.980687
8 0.31201 0.5035545 0.03417999999999999 0.9847509999999999
8 0.44971 0.4989819 0.03417999999999999 0.9837362000000001
8 0.60547 0.50051005 0.03515999999999997 0.9847599
8 0.75195 0.50203005 0.07421999999999995 0.9877999
10 0.89453 0.45935 0.19140000000000001 0.30487999999999993
10 0.8842749999999999 0.1341485 0.17871000000000004 0.136183
10 0.918945 0.7850600000000001 0.14843000000000006 0.29369999999999996
10 0.81836 0.808945 0.05078000000000005 0.37195
