1 0.500000 0.500000 1.000000 1.000000
0 0.499023 0.551230 0.992188 0.889344
8 0.405762 0.849044 0.018555 0.219945
8 0.592285 0.848361 0.016602 0.221311
8 0.574219 0.848361 0.017578 0.221311
8 0.425293 0.848361 0.016602 0.221311
2 0.220703 0.848361 0.046875 0.090164
2 0.358887 0.846995 0.047852 0.090164
2 0.080566 0.846311 0.047852 0.088798
2 0.636230 0.844945 0.047852 0.088798
2 0.905273 0.840164 0.046875 0.087432
2 0.775879 0.840847 0.047852 0.088798
2 0.359375 0.594945 0.044922 0.121585
2 0.910156 0.591530 0.044922 0.117486
2 0.775879 0.592896 0.045898 0.120219
2 0.640625 0.592213 0.044922 0.118852
2 0.500977 0.590847 0.044922 0.116120
2 0.077148 0.591530 0.044922 0.117486
2 0.216797 0.590847 0.044922 0.118852
2 0.910645 0.373634 0.049805 0.094262
2 0.778809 0.368169 0.049805 0.099727
2 0.639648 0.364071 0.048828 0.099727
2 0.216309 0.362022 0.049805 0.101093
2 0.075684 0.362705 0.049805 0.102459
2 0.500000 0.361339 0.048828 0.102459
2 0.359375 0.359973 0.048828 0.102459
2 0.764160 0.182377 0.038086 0.031421
2 0.500488 0.172814 0.038086 0.031421
2 0.229004 0.172131 0.038086 0.032787
3 0.501465 0.719945 0.985352 0.030055
3 0.498535 0.264344 0.983398 0.069672
11 0.499023 0.872268 0.115234 0.233607
4 0.913086 0.501366 0.089844 0.057377
4 0.777832 0.498634 0.090820 0.057377
4 0.072754 0.498634 0.090820 0.057377
4 0.216309 0.494536 0.090820 0.057377
4 0.636719 0.485656 0.093750 0.080601
4 0.503906 0.480874 0.093750 0.081967
4 0.356445 0.479508 0.093750 0.081967
7 0.219238 0.903689 0.073242 0.020492
7 0.357910 0.901639 0.073242 0.019126
7 0.080566 0.900956 0.073242 0.020492
7 0.636230 0.899590 0.073242 0.020492
7 0.772949 0.895492 0.073242 0.020492
7 0.904785 0.894126 0.073242 0.020492
7 0.355957 0.689891 0.083008 0.068306
7 0.772949 0.687842 0.083008 0.069672
7 0.640625 0.686475 0.078125 0.069672
7 0.908203 0.685109 0.083984 0.069672
7 0.216309 0.685109 0.083008 0.069672
7 0.075684 0.685109 0.083008 0.069672
7 0.908203 0.437158 0.085938 0.032787
7 0.777344 0.434426 0.085938 0.032787
7 0.638184 0.431011 0.084961 0.034153
7 0.075684 0.431011 0.084961 0.034153
7 0.501465 0.429645 0.084961 0.034153
7 0.217285 0.429645 0.084961 0.034153
7 0.356934 0.428279 0.084961 0.034153
5 0.500488 0.687842 0.202148 0.077869
