6 0.163399 0.615903 0.019608 0.369272
6 0.225490 0.610512 0.019608 0.369272
6 0.035131 0.572776 0.017974 0.450135
6 0.098856 0.564690 0.021242 0.460916
6 0.162582 0.377358 0.017974 0.091644
6 0.224673 0.369272 0.017974 0.097035
6 0.879902 0.544474 0.021242 0.469003
6 0.665850 0.541779 0.021242 0.463612
6 0.807190 0.540431 0.022876 0.471698
6 0.736928 0.540431 0.022876 0.471698
0 0.623366 0.866577 0.047386 0.072776
0 0.553105 0.866577 0.047386 0.072776
0 0.414216 0.863881 0.047386 0.072776
0 0.068627 0.757412 0.042484 0.075472
0 0.134804 0.752022 0.044118 0.080863
0 0.273693 0.745283 0.047386 0.072776
0 0.198529 0.746631 0.044118 0.075472
0 0.482026 0.743935 0.045752 0.075472
0 0.414216 0.743935 0.047386 0.075472
0 0.343137 0.743935 0.045752 0.075472
0 0.921569 0.741240 0.006536 0.075472
0 0.910131 0.741240 0.009804 0.075472
0 0.705065 0.739892 0.047386 0.072776
0 0.624183 0.741240 0.045752 0.075472
0 0.553105 0.739892 0.047386 0.072776
0 0.843954 0.738544 0.047386 0.075472
0 0.771242 0.737197 0.049020 0.072776
0 0.070261 0.625337 0.035948 0.075472
0 0.133170 0.625337 0.047386 0.080863
0 0.921569 0.617251 0.006536 0.075472
0 0.197712 0.617251 0.049020 0.080863
0 0.910948 0.613208 0.011438 0.078167
0 0.410948 0.615903 0.047386 0.083558
0 0.342320 0.614555 0.047386 0.080863
0 0.272059 0.615903 0.047386 0.083558
0 0.843954 0.611860 0.047386 0.080863
0 0.621732 0.611860 0.047386 0.080863
0 0.482843 0.611860 0.047386 0.080863
0 0.772876 0.609164 0.049020 0.080863
0 0.703431 0.609164 0.047386 0.080863
0 0.553105 0.610512 0.047386 0.083558
0 0.070261 0.502695 0.042484 0.078167
0 0.132353 0.498652 0.042484 0.080863
0 0.272059 0.490566 0.047386 0.075472
0 0.194444 0.493261 0.042484 0.080863
0 0.410948 0.487871 0.047386 0.075472
0 0.340686 0.487871 0.047386 0.075472
0 0.915850 0.486523 0.008170 0.078167
0 0.904412 0.485175 0.011438 0.075472
0 0.843137 0.485175 0.049020 0.075472
0 0.772876 0.485175 0.049020 0.075472
0 0.552288 0.485175 0.049020 0.075472
0 0.481209 0.485175 0.047386 0.075472
0 0.701797 0.482480 0.047386 0.075472
0 0.620098 0.482480 0.047386 0.075472
0 0.062908 0.388140 0.011438 0.059299
0 0.126634 0.382749 0.011438 0.059299
0 0.077614 0.384097 0.011438 0.061995
0 0.139706 0.380054 0.011438 0.059299
0 0.203431 0.374663 0.011438 0.059299
0 0.190359 0.374663 0.011438 0.059299
0 0.772876 0.365229 0.029412 0.056604
0 0.701797 0.365229 0.031046 0.056604
0 0.843137 0.362534 0.029412 0.056604
0 0.284314 0.362534 0.029412 0.056604
0 0.546569 0.359838 0.031046 0.056604
0 0.481209 0.359838 0.031046 0.056604
0 0.415850 0.359838 0.031046 0.056604
0 0.348856 0.359838 0.031046 0.056604
0 0.611928 0.357143 0.031046 0.056604
0 0.117647 0.269542 0.013072 0.053908
0 0.148693 0.266846 0.013072 0.053908
0 0.132353 0.266846 0.013072 0.053908
0 0.790033 0.250674 0.014706 0.048518
0 0.773693 0.252022 0.014706 0.051213
0 0.757353 0.250674 0.014706 0.048518
1 0.843954 0.428571 0.053922 0.059299
1 0.772876 0.428571 0.055556 0.059299
1 0.702614 0.428571 0.052288 0.059299
1 0.381536 0.428571 0.550654 0.059299
1 0.065359 0.428571 0.049020 0.059299
1 0.022876 0.428571 0.006536 0.059299
7 0.035948 0.315364 0.029412 0.064690
7 0.230392 0.287062 0.029412 0.061995
7 0.667484 0.278976 0.027778 0.061995
7 0.879085 0.277628 0.029412 0.064690
2 0.481209 0.316712 0.050654 0.035040
2 0.415033 0.318059 0.052288 0.037736
2 0.349673 0.316712 0.052288 0.035040
2 0.284314 0.318059 0.052288 0.037736
2 0.545752 0.314016 0.052288 0.035040
2 0.614379 0.311321 0.052288 0.035040
2 0.129085 0.144205 0.107843 0.088949
2 0.772059 0.126685 0.116013 0.091644
8 0.780229 0.357143 0.011438 0.035040
8 0.765523 0.358491 0.011438 0.037736
8 0.695261 0.349057 0.011438 0.018868
8 0.850490 0.362534 0.011438 0.051213
8 0.835784 0.362534 0.011438 0.051213
8 0.709967 0.346361 0.011438 0.018868
8 0.548203 0.350404 0.024510 0.037736
8 0.482026 0.353100 0.029412 0.043127
8 0.416667 0.357143 0.026144 0.051213
8 0.612745 0.347709 0.026144 0.037736
