1 0.500000 0.500000 1.000000 1.000000
0 0.630859 0.803223 0.048177 0.065430
0 0.565755 0.803223 0.048177 0.065430
0 0.622396 0.701660 0.010417 0.049805
0 0.578125 0.701660 0.010417 0.049805
0 0.671875 0.653809 0.041667 0.145508
0 0.622396 0.607910 0.010417 0.053711
0 0.549479 0.653809 0.067708 0.145508
0 0.473307 0.653809 0.029948 0.145508
0 0.399740 0.653809 0.049479 0.145508
0 0.315104 0.653809 0.049479 0.145508
0 0.229818 0.653809 0.050781 0.145508
0 0.144531 0.653809 0.052083 0.145508
0 0.461589 0.427246 0.016927 0.018555
0 0.362630 0.671875 0.725260 0.644531
8 0.664714 0.812500 0.019531 0.087891
8 0.598307 0.812500 0.019531 0.087891
8 0.534505 0.812012 0.019531 0.088867
8 0.705729 0.662109 0.039062 0.187500
8 0.503255 0.660156 0.042969 0.187500
2 0.271484 0.918457 0.035156 0.059570
2 0.356771 0.917480 0.033854 0.059570
2 0.188802 0.895020 0.057292 0.014648
2 0.633464 0.917480 0.040365 0.061523
2 0.440104 0.916504 0.036458 0.059570
2 0.567057 0.916992 0.037760 0.062500
2 0.628906 0.807617 0.039062 0.056641
2 0.440755 0.808105 0.035156 0.057617
2 0.356771 0.807617 0.033854 0.056641
2 0.272135 0.808105 0.036458 0.057617
2 0.188151 0.808594 0.035156 0.058594
2 0.102865 0.808594 0.033854 0.058594
2 0.564453 0.807129 0.037760 0.057617
2 0.440755 0.704590 0.035156 0.053711
2 0.357422 0.704590 0.035156 0.053711
2 0.272786 0.704590 0.035156 0.053711
2 0.188151 0.704590 0.035156 0.053711
2 0.102865 0.705566 0.036458 0.055664
2 0.639323 0.704102 0.023438 0.054688
2 0.600260 0.704102 0.033854 0.054688
2 0.560547 0.704102 0.024740 0.054688
2 0.639323 0.605957 0.023438 0.057617
2 0.600260 0.603516 0.033854 0.052734
2 0.441406 0.604492 0.033854 0.054688
2 0.561198 0.604980 0.023438 0.057617
2 0.357422 0.604004 0.035156 0.055664
2 0.272786 0.603516 0.035156 0.054688
2 0.187500 0.603516 0.033854 0.054688
2 0.100911 0.603516 0.035156 0.054688
2 0.595052 0.507324 0.078125 0.047852
2 0.442708 0.507324 0.036458 0.049805
2 0.357422 0.507812 0.035156 0.050781
2 0.272786 0.505859 0.035156 0.048828
2 0.187500 0.505371 0.033854 0.049805
2 0.102214 0.505371 0.035156 0.049805
2 0.017578 0.505859 0.032552 0.052734
2 0.414062 0.430176 0.078125 0.024414
2 0.260417 0.430176 0.078125 0.024414
2 0.106771 0.426758 0.078125 0.025391
3 0.363932 0.861816 0.712240 0.022461
3 0.360026 0.748535 0.709635 0.043945
3 0.368490 0.553223 0.705729 0.055664
3 0.690104 0.452148 0.070312 0.031250
3 0.275391 0.452148 0.540365 0.031250
11 0.187500 0.946777 0.059896 0.069336
9 0.635417 0.877441 0.023438 0.020508
9 0.569010 0.876953 0.023438 0.019531
9 0.188151 0.773926 0.027344 0.008789
9 0.102865 0.773926 0.026042 0.008789
9 0.440755 0.772949 0.027344 0.008789
9 0.356120 0.773438 0.027344 0.009766
9 0.271484 0.773438 0.027344 0.009766
9 0.699870 0.788086 0.042969 0.050781
9 0.500651 0.787109 0.053385 0.050781
9 0.600911 0.655762 0.131510 0.041992
9 0.654297 0.563477 0.009115 0.015625
9 0.624349 0.563477 0.009115 0.015625
9 0.580078 0.562988 0.009115 0.014648
9 0.547526 0.562500 0.009115 0.015625
9 0.708333 0.558105 0.031250 0.026367
9 0.504557 0.556641 0.037760 0.023438
9 0.500651 0.511719 0.035156 0.041016
9 0.705078 0.511230 0.032552 0.041992
9 0.443359 0.470215 0.027344 0.018555
9 0.360026 0.470703 0.027344 0.019531
9 0.272786 0.469727 0.027344 0.019531
9 0.188151 0.468750 0.027344 0.019531
9 0.103516 0.468750 0.027344 0.019531
9 0.019531 0.468750 0.026042 0.019531
9 0.600260 0.446777 0.109375 0.071289
9 0.505208 0.424805 0.070312 0.048828
9 0.695312 0.424316 0.052083 0.049805
9 0.595052 0.376465 0.057292 0.053711
4 0.274740 0.661621 0.062500 0.034180
4 0.441406 0.661133 0.062500 0.035156
4 0.357422 0.661133 0.063802 0.035156
4 0.188802 0.660645 0.062500 0.034180
4 0.104167 0.660645 0.062500 0.034180
4 0.419271 0.408203 0.122396 0.019531
4 0.263672 0.407715 0.123698 0.018555
4 0.107422 0.405762 0.123698 0.018555
7 0.187500 0.848633 0.046875 0.021484
7 0.102214 0.848633 0.048177 0.021484
7 0.439453 0.847656 0.048177 0.021484
7 0.273438 0.848145 0.046875 0.022461
7 0.630208 0.847168 0.052083 0.022461
7 0.565104 0.847168 0.052083 0.022461
7 0.357422 0.847168 0.048177 0.022461
7 0.101562 0.745605 0.059896 0.024414
7 0.642578 0.742676 0.040365 0.022461
7 0.599609 0.743164 0.040365 0.023438
7 0.557943 0.743164 0.040365 0.023438
7 0.441406 0.743652 0.059896 0.024414
7 0.356771 0.743652 0.059896 0.024414
7 0.274740 0.743652 0.059896 0.024414
7 0.188802 0.743652 0.059896 0.024414
7 0.440755 0.642090 0.061198 0.020508
7 0.357422 0.642578 0.061198 0.021484
7 0.275391 0.641602 0.061198 0.021484
7 0.188151 0.641602 0.061198 0.021484
7 0.102214 0.641113 0.061198 0.020508
7 0.602865 0.632324 0.046875 0.004883
