0 0.610410 0.797980 0.053628 0.121212
0 0.278391 0.787879 0.083596 0.134680
0 0.842271 0.786195 0.075710 0.138047
0 0.595426 0.566498 0.061514 0.058923
0 0.512618 0.566498 0.063091 0.058923
0 0.268927 0.561448 0.083596 0.132997
0 0.838328 0.558923 0.083596 0.134680
0 0.511830 0.314815 0.064669 0.087542
0 0.268927 0.338384 0.083596 0.138047
0 0.836751 0.335017 0.083596 0.134680
0 0.597003 0.313131 0.064669 0.090909
0 0.839905 0.110269 0.061514 0.099327
0 0.534700 0.109428 0.031546 0.097643
0 0.585962 0.109428 0.036278 0.101010
0 0.268927 0.106061 0.064669 0.104377
1 0.921136 0.644781 0.082019 0.043771
1 0.735804 0.644781 0.121451 0.043771
1 0.336751 0.644781 0.052050 0.043771
1 0.179811 0.644781 0.094637 0.043771
1 0.550473 0.206229 0.832808 0.075758
2 0.260252 0.457912 0.151420 0.060606
2 0.827287 0.454545 0.149842 0.060606
2 0.828076 0.243266 0.160883 0.048822
2 0.257098 0.243266 0.160883 0.048822
5 0.840694 0.879630 0.110410 0.048822
5 0.274448 0.879630 0.110410 0.048822
5 0.262618 0.651515 0.134069 0.047138
5 0.828076 0.649832 0.132492 0.047138
5 0.261041 0.420034 0.130915 0.025253
5 0.838328 0.414983 0.130915 0.025253
3 0.518927 0.653199 0.312303 0.114478
3 0.514984 0.447811 0.307571 0.178451
8 0.839905 0.078283 0.055205 0.031987
