4 0.716844 0.961426 0.099469 0.073242
4 0.517905 0.961426 0.099469 0.073242
4 0.320292 0.959473 0.099469 0.075195
4 0.127321 0.958984 0.092838 0.078125
0 0.518568 0.777832 0.076923 0.112305
0 0.316313 0.777344 0.072944 0.111328
0 0.722149 0.775879 0.075597 0.112305
0 0.135279 0.774902 0.037135 0.112305
0 0.313660 0.586914 0.075597 0.107422
0 0.120027 0.585449 0.075597 0.104492
0 0.920424 0.584961 0.076923 0.111328
0 0.723475 0.585449 0.075597 0.112305
0 0.517905 0.584961 0.075597 0.111328
0 0.119363 0.392578 0.066313 0.103516
0 0.919098 0.391113 0.071618 0.104492
0 0.718833 0.387695 0.068966 0.103516
0 0.315650 0.387207 0.076923 0.104492
0 0.516578 0.386230 0.072944 0.104492
0 0.120690 0.218750 0.068966 0.089844
0 0.912467 0.215332 0.068966 0.088867
0 0.716180 0.212402 0.068966 0.088867
0 0.314324 0.211426 0.068966 0.088867
0 0.517241 0.209473 0.068966 0.088867
1 0.500000 0.656250 0.973475 0.037109
1 0.497347 0.458008 0.978780 0.039062
1 0.499337 0.272949 0.972149 0.047852
1 0.500000 0.092285 0.976127 0.104492
7 0.055040 0.119629 0.096817 0.026367
7 0.179045 0.118164 0.074271 0.025391
7 0.961538 0.115723 0.061008 0.024414
7 0.813660 0.112305 0.157825 0.025391
7 0.259284 0.112305 0.075597 0.025391
7 0.610743 0.109863 0.157825 0.024414
7 0.415782 0.108887 0.157825 0.024414
2 0.519894 0.703613 0.140584 0.038086
2 0.314987 0.702637 0.139257 0.038086
2 0.721485 0.702637 0.140584 0.040039
2 0.117374 0.704590 0.139257 0.043945
2 0.118700 0.513184 0.144562 0.049805
2 0.921751 0.511230 0.143236 0.049805
2 0.720159 0.511230 0.145889 0.049805
2 0.517241 0.508301 0.145889 0.045898
2 0.316976 0.510254 0.145889 0.049805
2 0.120027 0.320312 0.131300 0.041016
2 0.919761 0.319336 0.131300 0.041016
2 0.720822 0.316895 0.131300 0.040039
2 0.312334 0.314941 0.131300 0.040039
2 0.517905 0.313477 0.131300 0.041016
2 0.120027 0.158203 0.131300 0.033203
2 0.911804 0.154297 0.131300 0.033203
2 0.707560 0.152344 0.131300 0.033203
2 0.513926 0.149414 0.131300 0.033203
2 0.318966 0.147461 0.131300 0.033203
8 0.776525 0.779785 0.038462 0.114258
8 0.666446 0.779785 0.038462 0.114258
8 0.576260 0.779785 0.038462 0.114258
8 0.463528 0.779785 0.038462 0.114258
8 0.372016 0.778809 0.038462 0.114258
8 0.865385 0.777832 0.038462 0.114258
8 0.261273 0.777344 0.037135 0.113281
8 0.169761 0.775879 0.031830 0.114258
8 0.100796 0.775879 0.031830 0.114258
8 0.120027 0.584961 0.072944 0.101562
8 0.868037 0.585938 0.041114 0.107422
8 0.461538 0.584961 0.042440 0.107422
8 0.369363 0.584961 0.038462 0.107422
8 0.572944 0.582520 0.042440 0.108398
8 0.669098 0.581543 0.041114 0.108398
8 0.258621 0.581055 0.037135 0.111328
8 0.776525 0.581055 0.038462 0.113281
8 0.065650 0.393555 0.041114 0.105469
8 0.173077 0.392090 0.041114 0.104492
8 0.862732 0.390625 0.041114 0.105469
8 0.665119 0.389648 0.041114 0.105469
8 0.773873 0.387695 0.041114 0.105469
8 0.460875 0.387695 0.041114 0.105469
8 0.573607 0.386719 0.041114 0.105469
8 0.259284 0.385742 0.041114 0.105469
8 0.368700 0.384766 0.039788 0.105469
8 0.068966 0.219727 0.034483 0.087891
8 0.167772 0.214844 0.035809 0.087891
8 0.860743 0.211914 0.034483 0.087891
8 0.664456 0.211914 0.034483 0.087891
8 0.965517 0.210938 0.034483 0.087891
8 0.262599 0.210938 0.034483 0.087891
8 0.767241 0.208984 0.035809 0.087891
8 0.567639 0.208984 0.034483 0.087891
8 0.464191 0.208984 0.034483 0.087891
8 0.362732 0.207031 0.035809 0.087891
