4 0.673516 0.938477 0.027397 0.021484
4 0.228311 0.938477 0.107306 0.117188
4 0.791667 0.935059 0.103881 0.125977
4 0.413242 0.933594 0.237443 0.130859
6 0.299087 0.707520 0.006849 0.053711
6 0.139840 0.596191 0.037671 0.274414
6 0.320776 0.567871 0.034247 0.223633
6 0.507991 0.567383 0.034247 0.224609
6 0.885274 0.591309 0.044521 0.276367
6 0.700913 0.592773 0.041096 0.279297
6 0.140982 0.311035 0.039954 0.215820
6 0.320776 0.307617 0.038813 0.214844
6 0.880137 0.304688 0.038813 0.214844
6 0.509132 0.305176 0.038813 0.215820
6 0.696347 0.304199 0.038813 0.215820
0 0.413242 0.795898 0.054795 0.064453
0 0.792237 0.793945 0.054795 0.064453
0 0.603881 0.793945 0.054795 0.064453
0 0.227169 0.792969 0.045662 0.064453
0 0.228311 0.657227 0.057078 0.087891
0 0.413242 0.645508 0.061644 0.068359
0 0.615868 0.644531 0.035388 0.070312
0 0.791667 0.652832 0.055936 0.088867
0 0.230594 0.515625 0.059361 0.080078
0 0.605023 0.513672 0.059361 0.080078
0 0.416667 0.513672 0.059361 0.080078
0 0.788813 0.511719 0.059361 0.080078
0 0.234018 0.375977 0.059361 0.080078
0 0.601598 0.372070 0.059361 0.080078
0 0.788813 0.371094 0.059361 0.080078
0 0.031393 0.251953 0.007991 0.068359
0 0.247146 0.248047 0.033105 0.068359
0 0.965753 0.246582 0.050228 0.069336
0 0.784817 0.244141 0.055936 0.068359
0 0.430365 0.244141 0.031963 0.068359
0 0.602740 0.243164 0.059361 0.068359
0 0.067352 0.084961 0.057078 0.017578
0 0.239726 0.080078 0.057078 0.017578
0 0.420091 0.075684 0.057078 0.016602
0 0.784247 0.074219 0.057078 0.015625
0 0.601598 0.073730 0.057078 0.014648
1 0.500000 0.716797 0.963470 0.068359
1 0.505137 0.437500 0.966895 0.064453
1 0.501712 0.167969 0.973744 0.087891
9 0.604452 0.938477 0.092466 0.119141
2 0.226027 0.587402 0.111872 0.045898
2 0.601027 0.585449 0.110731 0.045898
2 0.412100 0.585449 0.111872 0.045898
2 0.791667 0.583496 0.110731 0.045898
2 0.058219 0.320312 0.102740 0.035156
2 0.230594 0.316895 0.111872 0.034180
2 0.599886 0.313965 0.110731 0.034180
2 0.787100 0.311523 0.110731 0.035156
2 0.414954 0.311035 0.110731 0.034180
3 0.492580 0.708984 0.380137 0.058594
3 0.061073 0.113281 0.108447 0.039062
3 0.223174 0.108887 0.144977 0.040039
3 0.408105 0.104004 0.144977 0.040039
3 0.780822 0.102539 0.123288 0.041016
3 0.593037 0.101074 0.133562 0.040039
3 0.075342 0.031250 0.125571 0.021484
3 0.251142 0.026367 0.125571 0.021484
3 0.599315 0.021973 0.125571 0.020508
3 0.424658 0.021973 0.125571 0.020508
8 0.791667 0.793945 0.051370 0.062500
8 0.603311 0.794434 0.051370 0.063477
8 0.450913 0.793945 0.027397 0.066406
8 0.372717 0.793945 0.030822 0.066406
8 0.263699 0.793945 0.027397 0.066406
8 0.188927 0.793457 0.028539 0.065430
8 0.228881 0.656250 0.053653 0.083984
8 0.425799 0.645996 0.029680 0.067383
8 0.398402 0.645996 0.022831 0.067383
8 0.792237 0.652344 0.054795 0.085938
8 0.586758 0.644531 0.022831 0.070312
8 0.633562 0.639160 0.015982 0.069336
8 0.266553 0.514648 0.028539 0.078125
8 0.188356 0.515137 0.029680 0.079102
8 0.373858 0.513184 0.030822 0.079102
8 0.450913 0.511230 0.027397 0.079102
8 0.751142 0.510254 0.029680 0.079102
8 0.641553 0.510254 0.029680 0.079102
8 0.562215 0.510254 0.030822 0.079102
8 0.934932 0.509277 0.029680 0.079102
8 0.829909 0.509277 0.029680 0.079102
8 0.219749 0.376953 0.028539 0.078125
8 0.601027 0.372559 0.058219 0.079102
8 0.803082 0.371094 0.026256 0.078125
8 0.774543 0.371094 0.028539 0.078125
8 0.265982 0.373047 0.027397 0.083984
8 0.957192 0.371582 0.030822 0.084961
8 0.414384 0.371094 0.057078 0.085938
8 0.069635 0.251465 0.029680 0.069336
8 0.044521 0.251465 0.018265 0.069336
8 0.602740 0.243652 0.054795 0.065430
8 0.233447 0.246582 0.053653 0.071289
8 0.925799 0.244141 0.027397 0.068359
8 0.826484 0.243652 0.027397 0.069336
8 0.747717 0.242676 0.027397 0.069336
8 0.416667 0.243164 0.052511 0.070312
