0 0.49902155000000004 0.5011359 0.9941369 0.9909082
1 0.186035 0.08977450000000001 0.07325000000000001 0.04773100000000001
1 0.18848 0.31591 0.07422000000000001 0.04772000000000004
1 0.19091999999999998 0.46818499999999996 0.07324 0.047729999999999995
1 0.19091999999999998 0.618185 0.07324 0.04773000000000005
1 0.33984000000000003 0.08977450000000001 0.07422000000000001 0.04773100000000001
1 0.3418 0.31193499999999996 0.07422000000000001 0.046589999999999965
1 0.34082 0.46591 0.07422000000000001 0.047719999999999985
1 0.3418 0.61875 0.07422000000000001 0.046599999999999975
1 0.4917 0.314775 0.0791 0.047729999999999995
1 0.49121000000000004 0.46818499999999996 0.07812000000000002 0.047729999999999995
1 0.49121000000000004 0.6193150000000001 0.07812000000000002 0.04772999999999994
1 0.64404 0.314205 0.07910000000000006 0.04886999999999997
1 0.643065 0.46648 0.08105000000000007 0.048860000000000015
1 0.644045 0.61875 0.08105000000000007 0.05113999999999996
1 0.802245 0.46591000000000005 0.09277000000000002 0.04999999999999999
1 0.801755 0.61875 0.09375 0.05113999999999996
1 0.30761499999999997 0.9198850000000001 0.08398999999999995 0.03976999999999997
1 0.330565 0.816475 0.09277000000000002 0.021589999999999998
1 0.483395 0.8181849999999999 0.08789000000000002 0.022730000000000028
1 0.93262 0.464205 0.056640000000000024 0.05341000000000001
1 0.9277299999999999 0.08692949999999999 0.07422000000000006 0.067041
2 0.8886700000000001 0.30625 0.14648000000000005 0.0716
1 0.801755 0.090343 0.09375 0.078414
1 0.802735 0.85341 0.09179000000000004 0.0727199999999999
4 0.38281 0.0931805 0.015620000000000023 0.06817899999999999
4 0.384765 0.314775 0.013670000000000015 0.07727
4 0.38573999999999997 0.470455 0.015620000000000023 0.07045000000000001
4 0.387205 0.6215900000000001 0.014649999999999996 0.07272
4 0.543945 0.316475 0.03125 0.07159000000000004
4 0.546875 0.469885 0.035150000000000015 0.07613000000000003
4 0.54541 0.622155 0.032220000000000026 0.07159000000000004
4 0.37451 0.8164750000000001 0.022460000000000035 0.04659000000000002
4 0.354 0.9238599999999999 0.016600000000000004 0.06818000000000002
4 0.6928700000000001 0.31420499999999996 0.024419999999999997 0.07158999999999999
4 0.6875 0.46875 0.013679999999999914 0.07160000000000005
4 0.6879850000000001 0.6210249999999999 0.01464999999999994 0.07158999999999993
4 0.864255 0.08977349999999999 0.019530000000000047 0.084093
4 0.8637699999999999 0.467615 0.022460000000000035 0.05113000000000001
4 0.864745 0.61932 0.018550000000000066 0.05454000000000003
5 0.5459 0.092613 0.08008000000000004 0.13295400000000002
5 0.7075199999999999 0.089774 0.09277999999999997 0.140912
5 0.71289 0.866475 0.08984000000000003 0.17840999999999996
5 0.243165 0.31648 0.039069999999999994 0.07385999999999998
5 0.24560500000000002 0.46875 0.03613000000000002 0.07160000000000005
5 0.244145 0.622725 0.037109999999999976 0.07272999999999996
5 0.24121 0.092616 0.03906000000000004 0.07386799999999999
7 0.12548499999999999 0.0920475 0.02636999999999999 0.09318500000000002
7 0.0991205 0.85568 0.09081899999999998 0.13182000000000005
7 0.34130499999999997 0.395455 0.07129000000000002 0.04318999999999995
7 0.34082 0.54602 0.06835999999999998 0.044320000000000026
7 0.49022999999999994 0.391475 0.05663999999999997 0.03977000000000003
7 0.49023500000000003 0.545455 0.05859000000000003 0.03862999999999994
7 0.404295 0.094317 0.03125 0.09090600000000001
7 0.59082 0.31591 0.02733999999999992 0.05453999999999998
7 0.6435550000000001 0.392615 0.06445000000000001 0.04205000000000003
7 0.590335 0.46931999999999996 0.026369999999999894 0.05453999999999998
7 0.64258 0.545455 0.06640000000000001 0.04091
7 0.589845 0.61875 0.025389999999999913 0.05567999999999995
4 0.5424800000000001 0.81534 0.022460000000000035 0.03978000000000004
7 0.776365 0.317615 0.15039000000000002 0.17841
7 0.72998 0.466475 0.057620000000000005 0.05795
7 0.72754 0.61932 0.06054000000000004 0.050000000000000044
4 0.533205 0.9125 0.025390000000000024 0.09318000000000004
7 0.387205 0.91307 0.05370999999999998 0.09204000000000001
7 0.24560500000000002 0.91932 0.026370000000000032 0.07499999999999996
8 0.073244 0.455115 0.111332 0.6102299999999999
8 0.245605 0.5022715 0.057609999999999995 0.974997
8 0.5737300000000001 0.4988615 0.022460000000000035 0.968177
8 0.8681650000000001 0.5017064999999999 0.042970000000000064 0.9738669999999999
9 0.121092 0.727275 0.06835599999999999 0.022729999999999917
9 0.13721 0.17102 0.051760000000000014 0.023859999999999992
9 0.138675 0.01818195 0.04883000000000001 0.0181821
9 0.17822 0.16988999999999999 0.034180000000000016 0.030680000000000013
9 0.178715 0.01818175 0.03125 0.0204545
9 0.097169 0.17159000000000002 0.028322 0.03181999999999999
10 0.930175 0.6159049999999999 0.07518999999999998 0.09090999999999994
10 0.93457 0.848865 0.08397999999999994 0.08409
3 0.288575 0.09034149999999999 0.02636999999999995 0.076137
3 0.28955 0.314775 0.028319999999999956 0.07273000000000002
3 0.29003999999999996 0.46875 0.027339999999999975 0.07386000000000004
3 0.291015 0.62102 0.025389999999999968 0.07386000000000004
1 0.46679499999999996 0.921025 0.08398999999999995 0.04659000000000002
1 0.186035 0.825565 0.06933 0.03977000000000008
1 0.174315 0.882385 0.04394999999999999 0.04205000000000003
1 0.63867 0.85568 0.06835999999999998 0.050000000000000044
1 0.63623 0.088067 0.06347999999999998 0.053405999999999995
1 0.481445 0.08920700000000001 0.06444999999999995 0.055686
