0 0.5029295 0.49937845000000003 0.9316409999999999 0.9962631
1 0.23242000000000002 0.19638499999999998 0.13671999999999998 0.10599
1 0.229985 0.48005 0.13378999999999996 0.10724
1 0.22802999999999998 0.7462599999999999 0.1377 0.11097999999999997
1 0.831055 0.486905 0.12891000000000008 0.10348999999999997
2 0.856445 0.20012449999999998 0.21484999999999999 0.223191
2 0.854495 0.753745 0.1796899999999999 0.09600999999999993
1 0.537595 0.196385 0.16309 0.11347000000000002
1 0.53662 0.48690500000000003 0.16308000000000006 0.11097000000000001
1 0.5341750000000001 0.75187 0.16211000000000003 0.10971999999999993
3 0.425295 0.19576000000000002 0.06542999999999999 0.16958
3 0.4209 0.48503999999999997 0.06640000000000001 0.16957999999999995
3 0.419435 0.75374 0.06542999999999999 0.17081999999999997
4 0.30762 0.19701000000000002 0.02148 0.16708
4 0.30371000000000004 0.48192 0.02148 0.16832000000000003
4 0.30176000000000003 0.7493799999999999 0.02148 0.16708
4 0.631835 0.19576 0.03125 0.17706
4 0.628905 0.486285 0.03321000000000007 0.17705000000000004
4 0.628905 0.754365 0.03321000000000007 0.17705000000000004
8 0.0922845 0.4981291 0.098631 0.9788018
8 0.6855500000000001 0.50062255 0.03320000000000001 0.9812949
9 0.8144549999999999 0.361595 0.23633000000000004 0.037410000000000054
9 0.950685 0.36534 0.03222999999999998 0.05486000000000002
7 0.74365 0.427055 0.12402000000000002 0.07855000000000001
