4 0.486816 0.392505 0.059570 0.031558
6 0.167969 0.576923 0.029297 0.321499
6 0.086914 0.578895 0.031250 0.329389
6 0.165039 0.283037 0.015625 0.128205
6 0.083008 0.282051 0.015625 0.126233
0 0.489746 0.840237 0.030273 0.118343
0 0.269043 0.840237 0.030273 0.118343
0 0.118164 0.840237 0.029297 0.118343
0 0.564453 0.838264 0.029297 0.118343
0 0.416992 0.838264 0.029297 0.118343
0 0.342285 0.838264 0.030273 0.118343
0 0.710938 0.642998 0.031250 0.110454
0 0.639160 0.642998 0.030273 0.110454
0 0.492676 0.642998 0.030273 0.110454
0 0.418945 0.642998 0.031250 0.110454
0 0.345703 0.642998 0.031250 0.110454
0 0.141113 0.643984 0.034180 0.112426
0 0.812500 0.641026 0.031250 0.110454
0 0.565430 0.641026 0.031250 0.110454
0 0.272461 0.642012 0.031250 0.112426
0 0.711426 0.476331 0.028320 0.088757
0 0.638184 0.476331 0.028320 0.088757
0 0.564941 0.475345 0.028320 0.086785
0 0.491699 0.476331 0.028320 0.088757
0 0.346191 0.475345 0.028320 0.086785
0 0.270996 0.476331 0.028320 0.088757
0 0.139648 0.476331 0.031250 0.088757
0 0.810547 0.473373 0.029297 0.086785
0 0.418945 0.474359 0.029297 0.088757
0 0.251953 0.296844 0.029297 0.029586
0 0.664062 0.293886 0.025391 0.035503
0 0.586914 0.293886 0.011719 0.035503
0 0.315430 0.293886 0.027344 0.035503
0 0.810059 0.280079 0.028320 0.078895
0 0.128418 0.274162 0.032227 0.082840
0 0.734375 0.191321 0.017578 0.035503
0 0.666504 0.189349 0.016602 0.035503
0 0.596680 0.189349 0.017578 0.035503
0 0.527344 0.189349 0.017578 0.035503
0 0.458984 0.189349 0.017578 0.035503
0 0.389648 0.189349 0.017578 0.035503
0 0.324707 0.189349 0.016602 0.035503
0 0.811035 0.149901 0.016602 0.039448
1 0.457520 0.749507 0.823242 0.051282
1 0.458984 0.386588 0.824219 0.090730
1 0.506348 0.231755 0.491211 0.045365
7 0.855957 0.561144 0.016602 0.258383
7 0.763672 0.562130 0.015625 0.260355
7 0.198730 0.561144 0.016602 0.258383
7 0.062012 0.560158 0.016602 0.256410
7 0.061523 0.281065 0.027344 0.061144
7 0.386230 0.284024 0.034180 0.071006
7 0.315430 0.262327 0.033203 0.027613
7 0.731445 0.260355 0.031250 0.027613
7 0.663574 0.261341 0.030273 0.029586
7 0.456055 0.284024 0.031250 0.074951
7 0.598145 0.284024 0.038086 0.078895
7 0.525879 0.282051 0.036133 0.074951
7 0.207031 0.276134 0.054688 0.078895
7 0.855957 0.282051 0.008789 0.094675
7 0.762695 0.282051 0.007812 0.098619
7 0.809570 0.226824 0.031250 0.027613
7 0.127441 0.218935 0.040039 0.027613
7 0.146484 0.150888 0.033203 0.061144
2 0.812012 0.557199 0.063477 0.061144
5 0.135254 0.721893 0.049805 0.043393
5 0.710938 0.719921 0.050781 0.043393
5 0.637207 0.719921 0.049805 0.043393
5 0.490723 0.719921 0.049805 0.043393
5 0.416504 0.719921 0.049805 0.043393
5 0.343262 0.719921 0.049805 0.043393
5 0.269043 0.719921 0.049805 0.043393
5 0.810059 0.717949 0.049805 0.043393
5 0.563965 0.717949 0.049805 0.043393
5 0.710449 0.551282 0.049805 0.061144
5 0.637695 0.551282 0.050781 0.061144
5 0.490723 0.551282 0.049805 0.061144
5 0.272949 0.551282 0.049805 0.061144
5 0.137207 0.551282 0.049805 0.061144
5 0.565430 0.549310 0.050781 0.061144
5 0.416992 0.549310 0.050781 0.061144
5 0.344238 0.549310 0.049805 0.061144
5 0.810059 0.536489 0.045898 0.039448
3 0.491211 0.334320 0.519531 0.045365
8 0.494141 0.632150 0.027344 0.084813
8 0.734863 0.292899 0.022461 0.037475
