6 0.250000 0.511719 0.026042 0.152344
6 0.707031 0.509277 0.023438 0.153320
6 0.512370 0.494629 0.027344 0.124023
6 0.361979 0.501953 0.036458 0.138672
6 0.591797 0.494141 0.027344 0.125000
6 0.439453 0.494141 0.024740 0.125000
0 0.302734 0.730469 0.027344 0.027344
0 0.654297 0.730469 0.027344 0.029297
0 0.302083 0.667969 0.028646 0.029297
0 0.653646 0.666992 0.028646 0.029297
0 0.302083 0.618652 0.028646 0.030273
0 0.652995 0.617676 0.027344 0.030273
0 0.401693 0.534180 0.042969 0.044922
0 0.300781 0.539062 0.039062 0.054688
0 0.547526 0.533691 0.042969 0.045898
0 0.474609 0.533691 0.042969 0.045898
0 0.650391 0.537598 0.040365 0.055664
0 0.400391 0.471680 0.027344 0.031250
0 0.548177 0.470703 0.028646 0.031250
0 0.475260 0.470703 0.028646 0.031250
0 0.300130 0.470703 0.032552 0.031250
0 0.650391 0.469727 0.035156 0.031250
0 0.299479 0.405762 0.033854 0.014648
0 0.649089 0.404297 0.035156 0.015625
0 0.551432 0.402832 0.032552 0.014648
0 0.477865 0.403320 0.033854 0.015625
0 0.404297 0.403320 0.032552 0.015625
1 0.649089 0.693848 0.136719 0.010742
1 0.518229 0.693848 0.023438 0.010742
1 0.444661 0.693848 0.022135 0.010742
1 0.311849 0.693848 0.141927 0.010742
1 0.666016 0.588379 0.102865 0.018555
1 0.300130 0.588379 0.118490 0.018555
1 0.477865 0.427734 0.473958 0.023438
1 0.478516 0.368164 0.483073 0.048828
9 0.408203 0.714844 0.050781 0.083984
9 0.555339 0.714355 0.050781 0.084961
9 0.481120 0.714355 0.050781 0.084961
7 0.333984 0.405762 0.035156 0.024414
7 0.264974 0.405762 0.032552 0.024414
7 0.684896 0.402832 0.033854 0.024414
7 0.613281 0.402832 0.033854 0.024414
7 0.575521 0.402344 0.015625 0.023438
7 0.502604 0.402344 0.013021 0.023438
7 0.455078 0.402344 0.011719 0.023438
7 0.427734 0.402344 0.014323 0.023438
7 0.380208 0.402344 0.015625 0.023438
7 0.527995 0.401367 0.014323 0.023438
7 0.706380 0.299316 0.022135 0.020508
7 0.512370 0.298340 0.022135 0.020508
7 0.440755 0.298828 0.022135 0.021484
7 0.365234 0.298828 0.024740 0.021484
7 0.589193 0.298340 0.024740 0.022461
2 0.550130 0.497070 0.055990 0.015625
2 0.475260 0.496582 0.052083 0.014648
2 0.403646 0.496582 0.052083 0.014648
2 0.300781 0.500000 0.078125 0.021484
2 0.652995 0.497070 0.076823 0.019531
2 0.550130 0.445801 0.055990 0.018555
2 0.475260 0.445312 0.052083 0.017578
2 0.403646 0.445801 0.052083 0.018555
2 0.300781 0.446289 0.062500 0.019531
2 0.652344 0.443848 0.065104 0.016602
5 0.302083 0.577637 0.067708 0.022461
5 0.649740 0.576660 0.067708 0.022461
3 0.486979 0.603027 0.255208 0.092773
3 0.480469 0.328613 0.471354 0.038086
