0 0.581175 0.4986237 0.83419 0.9944926000000001
1 0.233165 0.23554000000000003 0.041450000000000015 0.033060000000000006
1 0.2323 0.72314 0.039720000000000005 0.030299999999999994
1 0.35751 0.067493 0.08289999999999997 0.035812000000000004
1 0.35924 0.105372 0.08289999999999997 0.03443600000000001
1 0.360965 0.396695 0.07599 0.030310000000000004
1 0.3601 0.43664000000000003 0.07771999999999996 0.033060000000000034
1 0.52677 0.369145 0.08289999999999997 0.030309999999999948
1 0.525905 0.40771500000000005 0.08462999999999993 0.030310000000000004
1 0.529365 0.24930999999999998 0.08462999999999998 0.030299999999999966
1 0.53195 0.21074500000000002 0.08290000000000003 0.030309999999999976
1 0.531085 0.1101905 0.08463000000000004 0.030299000000000006
1 0.53195 0.07162550000000001 0.08290000000000003 0.030303000000000004
1 0.496545 0.62948 0.08462999999999998 0.030299999999999994
1 0.49741 0.66598 0.08290000000000003 0.028920000000000057
1 0.498275 0.81405 0.08463000000000004 0.030299999999999994
1 0.5 0.84986 0.08461999999999997 0.030299999999999994
1 0.5 0.88843 0.08461999999999997 0.03305999999999998
1 0.34801499999999996 0.232095 0.06390999999999997 0.048209999999999975
1 0.34974 0.5544100000000001 0.07772000000000001 0.03168000000000004
1 0.34974 0.5916 0.07772000000000001 0.03167999999999993
1 0.34974 0.70592 0.07772000000000001 0.03167999999999993
1 0.34801 0.7417400000000001 0.07772000000000001 0.03168000000000004
1 0.350605 0.86019 0.07599 0.03167999999999993
1 0.352335 0.89601 0.07599 0.03168000000000004
1 0.67789 0.21418500000000001 0.08807999999999994 0.06749000000000002
1 0.678755 0.11708199999999999 0.08634999999999993 0.035816
1 0.680485 0.31955999999999996 0.08634999999999993 0.03582000000000002
1 0.680485 0.358815 0.08634999999999993 0.03442999999999996
1 0.677025 0.8174950000000001 0.11399000000000004 0.037189999999999945
1 0.67962 0.8608849999999999 0.11572000000000005 0.03581000000000001
1 0.6727099999999999 0.67149 0.10189999999999999 0.034440000000000026
1 0.671845 0.63292 0.10016999999999998 0.034440000000000026
1 0.8471500000000001 0.14325 0.12608000000000008 0.05510000000000001
1 0.8471500000000001 0.26102000000000003 0.12608000000000008 0.05648000000000003
1 0.851465 0.406335 0.12434999999999996 0.05508999999999997
1 0.8497399999999999 0.52617 0.12435999999999992 0.05509999999999998
1 0.851465 0.672175 0.12434999999999996 0.05508999999999997
1 0.8497399999999999 0.7878799999999999 0.12435999999999992 0.05510000000000004
1 0.85406 0.9366399999999999 0.12608000000000008 0.05510000000000004
3 0.29015500000000005 0.23072 0.031090000000000007 0.11708000000000002
4 0.40069 0.8739699999999999 0.02417999999999998 0.0978
4 0.399825 0.721075 0.02590999999999999 0.09779000000000004
4 0.397235 0.570935 0.017270000000000008 0.09779000000000004
5 0.698615 0.5296155 0.08462999999999998 0.921489
6 0.355785 0.0254821 0.07599 0.042699799999999996
6 0.35665 0.14669500000000002 0.07771999999999996 0.03995000000000001
6 0.35924 0.35950499999999996 0.07599999999999996 0.04133000000000003
6 0.34888 0.5530299999999999 0.08635999999999999 0.039939999999999976
6 0.34888 0.591595 0.08635999999999999 0.037190000000000056
6 0.350605 0.704545 0.08635000000000004 0.037190000000000056
6 0.35146999999999995 0.742425 0.08807999999999999 0.0358099999999999
6 0.353195 0.858815 0.08809 0.037190000000000056
6 0.35233 0.8960049999999999 0.08635999999999999 0.037189999999999945
6 0.526775 0.0323695 0.08980999999999995 0.039945
6 0.528495 0.15358 0.08981 0.03994
6 0.5276350000000001 0.172865 0.09153 0.03995000000000001
6 0.5310900000000001 0.293385 0.08808000000000005 0.03856999999999999
6 0.525045 0.3292 0.08634999999999993 0.03856000000000004
6 0.525045 0.45179 0.08634999999999993 0.03855999999999998
6 0.49568 0.593665 0.08635999999999999 0.03856999999999999
6 0.499135 0.7073 0.08634999999999998 0.039939999999999976
6 0.49741 0.77617 0.08635999999999999 0.039939999999999976
6 0.499135 0.9345749999999999 0.08634999999999998 0.03995000000000004
6 0.678755 0.1646 0.08634999999999993 0.023419999999999996
6 0.67703 0.14669500000000002 0.08635999999999999 0.023410000000000014
6 0.674435 0.046143 0.08462999999999998 0.023416
6 0.67703 0.279615 0.08635999999999999 0.03581000000000001
6 0.678755 0.26653 0.08634999999999993 0.03444
6 0.680485 0.40014 0.08634999999999993 0.034440000000000026
6 0.673575 0.632925 0.10709000000000002 0.037189999999999945
6 0.673575 0.670115 0.10709000000000002 0.037190000000000056
6 0.67444 0.8994500000000001 0.11226000000000003 0.03856000000000004
6 0.6761649999999999 0.778925 0.11226999999999998 0.037190000000000056
6 0.842835 0.102616 0.12434999999999996 0.026167999999999997
6 0.84456 0.19146 0.12436000000000003 0.02754000000000001
6 0.84456 0.21969499999999997 0.12436000000000003 0.02617
6 0.848015 0.30922499999999997 0.12435000000000007 0.02616999999999997
6 0.848015 0.364325 0.12435000000000007 0.026170000000000027
6 0.846285 0.455235 0.12435000000000007 0.026170000000000027
6 0.846285 0.48416000000000003 0.12435000000000007 0.026180000000000037
6 0.8497399999999999 0.570935 0.12435999999999992 0.026170000000000027
6 0.8497399999999999 0.626725 0.12435999999999992 0.027549999999999963
6 0.851465 0.715565 0.12434999999999996 0.026170000000000027
6 0.851465 0.7472449999999999 0.12434999999999996 0.026169999999999916
6 0.8497399999999999 0.834025 0.12435999999999992 0.026170000000000027
6 0.8549249999999999 0.890495 0.12435000000000007 0.026170000000000027
5 0.42918999999999996 0.23967 0.09844000000000003 0.13498
