1 0.328125 0.26497499999999996 0.06640999999999997 0.058589999999999975
1 0.45361 0.265625 0.06738 0.05728999999999998
1 0.33740499999999995 0.21289 0.07715 0.022139999999999993
1 0.46045 0.21289 0.07519999999999999 0.022139999999999993
1 0.45996000000000004 0.31315000000000004 0.07422000000000001 0.01691999999999999
1 0.33594 0.314455 0.07422000000000001 0.01693
1 0.34668 0.43034 0.06446000000000002 0.07682
1 0.467285 0.430335 0.06542999999999999 0.07943
1 0.33886499999999997 0.55599 0.07617000000000002 0.02864
1 0.45996000000000004 0.5553349999999999 0.07422000000000001 0.029950000000000032
1 0.45801000000000003 0.6556 0.07226000000000005 0.011720000000000064
1 0.336425 0.6556 0.07324999999999998 0.009120000000000017
1 0.3291 0.61198 0.06640000000000001 0.05467999999999995
1 0.453125 0.61263 0.06640999999999997 0.05597999999999992
1 0.578125 0.6119749999999999 0.06641000000000008 0.05728999999999995
1 0.70215 0.6106750000000001 0.0663999999999999 0.05728999999999995
1 0.5835 0.5553349999999999 0.07323999999999997 0.029950000000000032
1 0.5820350000000001 0.6549499999999999 0.07030999999999998 0.010419999999999985
1 0.706055 0.5553349999999999 0.07227000000000006 0.029950000000000032
1 0.70459 0.653645 0.06934000000000007 0.01041000000000003
1 0.8334950000000001 0.5944 0.06542999999999999 0.08463999999999994
2 0.937015 0.41276 0.09472999999999998 0.06769999999999998
1 0.853515 0.41211 0.03125 0.06639999999999996
1 0.83496 0.26107 0.06640000000000001 0.08724000000000001
1 0.7070350000000001 0.21354 0.07030999999999998 0.02343999999999999
1 0.7060550000000001 0.31315000000000004 0.07030999999999998 0.01691999999999999
1 0.70361 0.265625 0.06738 0.05728999999999998
1 0.57861 0.265625 0.06738 0.05728999999999998
1 0.583495 0.21289 0.07129000000000008 0.022139999999999993
1 0.583985 0.31379999999999997 0.07227000000000006 0.015620000000000023
1 0.5893550000000001 0.429685 0.06542999999999999 0.07812999999999998
1 0.710445 0.429035 0.06542999999999999 0.07682999999999995
0 0.59424 0.43359605 0.81152 0.8645879000000001
1 0.34863500000000003 0.08008 0.06444999999999995 0.08463999999999999
1 0.466795 0.08138100000000001 0.06445000000000001 0.084638
1 0.59082 0.08008 0.06445999999999996 0.08463999999999999
1 0.34863500000000003 0.777995 0.06444999999999995 0.08462999999999998
1 0.46875 0.779295 0.06445999999999996 0.08462999999999998
1 0.589845 0.777995 0.06445000000000001 0.08462999999999998
1 0.71045 0.77474 0.06347999999999998 0.08594000000000002
1 0.83496 0.7734399999999999 0.06445999999999996 0.08594000000000002
1 0.25 0.759115 0.04491999999999999 0.033849999999999936
1 0.25098 0.6979150000000001 0.044920000000000015 0.03385000000000005
1 0.243655 0.6393249999999999 0.03223000000000001 0.03385000000000005
1 0.24267500000000003 0.578125 0.03223000000000001 0.033849999999999936
1 0.24267500000000003 0.51823 0.03223000000000001 0.03386
1 0.24267500000000003 0.45833500000000005 0.03223000000000001 0.03384999999999999
1 0.24267500000000003 0.397135 0.03223000000000001 0.03384999999999999
1 0.24120999999999998 0.33724 0.03319999999999998 0.03386
1 0.24120999999999998 0.27474 0.03319999999999998 0.03386
4 0.384765 0.076825 0.01757000000000003 0.10417
4 0.5039100000000001 0.078126 0.01758000000000004 0.104168
4 0.62793 0.076825 0.01757999999999993 0.10417
4 0.36621499999999996 0.266925 0.013670000000000015 0.07031000000000001
4 0.49512 0.265625 0.017579999999999985 0.07030999999999998
4 0.367185 0.6145849999999999 0.013670000000000015 0.07030999999999998
4 0.492185 0.61328 0.013670000000000015 0.07032000000000005
4 0.616215 0.610025 0.01366999999999996 0.07161000000000006
4 0.614255 0.26367 0.013670000000000071 0.07162000000000002
4 0.7412099999999999 0.26888 0.01758000000000004 0.07162000000000002
4 0.742675 0.61198 0.014650000000000052 0.07032000000000005
4 0.375 0.21289000000000002 0.023440000000000016 0.029939999999999994
4 0.49951 0.21289000000000002 0.024419999999999942 0.029939999999999994
4 0.373045 0.31640999999999997 0.02149000000000001 0.026040000000000008
4 0.49707 0.31640999999999997 0.02148 0.026040000000000008
4 0.621585 0.21224 0.024409999999999932 0.02864
4 0.74414 0.21289000000000002 0.013680000000000025 0.029939999999999994
4 0.743655 0.315755 0.01464999999999994 0.02473000000000003
4 0.621585 0.31706 0.01464999999999994 0.024739999999999984
4 0.38671999999999995 0.43164 0.017579999999999985 0.09505999999999998
4 0.50488 0.430335 0.017579999999999985 0.09505000000000002
4 0.625 0.43164 0.01757999999999993 0.09505999999999998
4 0.771485 0.428385 0.06445000000000001 0.11979000000000001
4 0.77148 0.765625 0.0625 0.1171899999999999
4 0.62402 0.777995 0.01757999999999993 0.09505000000000008
4 0.5068349999999999 0.7832049999999999 0.017569999999999975 0.09504999999999997
4 0.38378999999999996 0.784505 0.017579999999999985 0.09505000000000008
4 0.375485 0.55664 0.020510000000000028 0.03515999999999997
4 0.373045 0.659505 0.02149000000000001 0.01693
4 0.49658 0.65755 0.018559999999999965 0.015619999999999967
4 0.49804499999999996 0.55599 0.019529999999999992 0.03645999999999994
4 0.62158 0.55599 0.01856000000000002 0.03645999999999994
4 0.7417 0.55599 0.014639999999999986 0.03386
4 0.7436499999999999 0.65625 0.01660000000000006 0.013020000000000032
4 0.621095 0.65495 0.01562999999999992 0.013020000000000032
8 0.28467 0.4303385 0.05175999999999997 0.839843
8 0.773435 0.43685125 0.025390000000000024 0.8580775
10 0.932615 0.260415 0.07616999999999996 0.10417000000000001
10 0.927245 0.596355 0.07715000000000005 0.10416999999999998
10 0.9282250000000001 0.772135 0.07714999999999994 0.10416999999999998
10 0.866215 0.5319 0.037109999999999976 0.03256000000000003
