1 0.41698999999999997 0.49611 0.10937999999999998 0.14307999999999998
1 0.416015 0.76905 0.10937000000000002 0.14464
1 0.609865 0.492225 0.10644999999999993 0.14153
1 0.609865 0.769825 0.10644999999999993 0.14619000000000004
1 0.214845 0.49455499999999997 0.09570999999999999 0.14619
1 0.21289000000000002 0.771385 0.09570000000000004 0.14619000000000004
0 0.49658328 0.5124415 0.99121344 0.975117
1 0.00878905 0.485225 0.0136719 0.08399000000000001
1 0.00781255 0.74961 0.0117189 0.08397999999999994
1 0.0488285 0.75972 0.033203 0.057540000000000036
1 0.0537105 0.48833499999999996 0.033202999999999996 0.05286999999999997
1 0.8530249999999999 0.76283 0.20214999999999994 0.21618000000000004
1 0.8530249999999999 0.496115 0.20214999999999994 0.21772999999999998
2 0.89258 0.160189 0.17774 0.12442199999999999
8 0.291015 0.5287715 0.06445000000000001 0.942457
8 0.122555 0.5248815 0.036129999999999995 0.934677
8 0.07959 0.529549 0.028319999999999998 0.934682
8 0.025879 0.53577 0.028319999999999998 0.92846
8 0.695315 0.520216 0.07813000000000003 0.944008
9 0.842775 0.25972 0.20702999999999994 0.07153999999999996
9 0.844725 0.0637635 0.20702999999999994 0.07153899999999999
9 0.955565 0.2605 0.014650000000000052 0.07931999999999997
9 0.694335 0.257385 0.08984999999999999 0.12597
9 0.6962900000000001 0.0762045 0.08984000000000003 0.099531
