0 0.513846 0.4013675 0.959288 0.777345
1 0.270355 0.40381 0.08795 0.030279999999999974
1 0.456025 0.403325 0.10423000000000004 0.03125
1 0.653095 0.402345 0.10097 0.029290000000000038
1 0.0944635 0.402835 0.058633000000000005 0.03222999999999998
1 0.0944635 0.49658500000000005 0.058633000000000005 0.032230000000000036
1 0.096907 0.541505 0.05700599999999999 0.03222999999999998
1 0.0960925 0.6167 0.05863499999999999 0.032220000000000026
1 0.096907 0.660645 0.05700599999999999 0.03222999999999998
1 0.092834 0.7387699999999999 0.05863199999999999 0.032220000000000026
1 0.0960925 0.3042 0.05863499999999999 0.03221999999999997
1 0.27280000000000004 0.305175 0.08632000000000001 0.030269999999999964
1 0.27443 0.260255 0.08631999999999998 0.03027000000000002
1 0.27280000000000004 0.188965 0.08632000000000001 0.03026999999999999
1 0.27117 0.142575 0.08632000000000001 0.03125
1 0.26872999999999997 0.06396500000000001 0.08793999999999999 0.030274000000000002
1 0.27198500000000003 0.49756 0.08795000000000003 0.03028000000000003
1 0.27198500000000003 0.5424800000000001 0.08795000000000003 0.030279999999999974
1 0.27443 0.615725 0.08631999999999998 0.03027000000000002
1 0.27280000000000004 0.660645 0.08632000000000001 0.03027000000000002
1 0.27280000000000004 0.737795 0.08632000000000001 0.03027000000000002
1 0.460095 0.49756 0.10260999999999998 0.03028000000000003
1 0.45928499999999994 0.544435 0.10422999999999999 0.03027000000000002
1 0.457655 0.613285 0.10422999999999993 0.03125
1 0.457655 0.660645 0.10422999999999993 0.03027000000000002
1 0.456025 0.737795 0.10423000000000004 0.03027000000000002
1 0.456025 0.3042 0.10423000000000004 0.03028000000000003
1 0.457655 0.259765 0.10422999999999993 0.03125000000000003
1 0.45928499999999994 0.186035 0.10422999999999999 0.03026999999999999
1 0.460095 0.141115 0.10260999999999998 0.03026999999999999
1 0.454395 0.064453 0.10422999999999999 0.031249999999999993
1 0.657165 0.302245 0.10261000000000009 0.03027000000000002
1 0.655535 0.2583 0.10260999999999998 0.03028000000000003
1 0.65472 0.186035 0.10097999999999996 0.03026999999999999
1 0.65635 0.141115 0.10098000000000007 0.03026999999999999
1 0.65228 0.0649415 0.10260000000000002 0.030272999999999994
1 0.655535 0.49609499999999995 0.10260999999999998 0.029289999999999983
1 0.65472 0.54297 0.10097999999999996 0.029299999999999993
1 0.657165 0.61328 0.10261000000000009 0.029299999999999993
1 0.655535 0.6591800000000001 0.10260999999999998 0.029299999999999993
1 0.65472 0.7387699999999999 0.10097999999999996 0.030279999999999974
1 0.32166 0.8456999999999999 0.07003999999999999 0.03320000000000001
1 0.5097700000000001 0.8491200000000001 0.09446000000000004 0.030279999999999974
1 0.6987 0.848145 0.09445999999999999 0.03027000000000002
1 0.32410000000000005 0.910155 0.07166 0.03321000000000007
1 0.322475 0.958985 0.07167000000000001 0.03320999999999996
1 0.5105850000000001 0.911135 0.09283000000000002 0.03125
1 0.513845 0.958985 0.09282999999999997 0.03125
1 0.701955 0.910155 0.09447000000000005 0.03125
1 0.700325 0.96045 0.09447000000000005 0.030279999999999974
2 0.90798 0.73779 0.14495999999999998 0.07324000000000008
3 0.388435 0.067871 0.021169999999999967 0.055664
3 0.391695 0.166995 0.021170000000000022 0.09960999999999999
3 0.391695 0.28613500000000003 0.021170000000000022 0.09961
3 0.385995 0.40625 0.01628999999999997 0.058599999999999985
3 0.391695 0.524415 0.021170000000000022 0.09960999999999998
3 0.390065 0.741695 0.021170000000000022 0.05957000000000001
3 0.391695 0.639645 0.021170000000000022 0.09960999999999998
3 0.57655 0.0673825 0.07817999999999992 0.06445300000000001
3 0.57003 0.166995 0.06840000000000002 0.11523
3 0.57003 0.283205 0.06840000000000002 0.11718999999999999
3 0.57655 0.40722499999999995 0.07817999999999992 0.07227
3 0.57899 0.74365 0.07654000000000005 0.07323999999999997
3 0.5716600000000001 0.52197 0.0683999999999999 0.12598000000000004
3 0.5716600000000001 0.6435550000000001 0.0683999999999999 0.11719000000000002
4 0.516285 0.065918 0.029309999999999947 0.055664
4 0.5195449999999999 0.166015 0.029310000000000058 0.10157
4 0.51954 0.40625 0.026059999999999972 0.056640000000000024
4 0.5219849999999999 0.2832 0.024430000000000063 0.10156000000000001
4 0.52117 0.52197 0.029320000000000013 0.10253999999999996
4 0.52117 0.63916 0.026059999999999972 0.10643999999999998
4 0.5179149999999999 0.74316 0.026050000000000018 0.056640000000000024
8 0.34446 0.402346 0.06678 0.771488
8 0.7329 0.40283399999999997 0.06513999999999998 0.764652
8 0.16693999999999998 0.403809 0.07980000000000001 0.766602
9 0.544785 0.104005 0.32085 0.014649999999999996
9 0.544785 0.027832 0.32085 0.014648000000000001
9 0.5456 0.361815 0.31922 0.014649999999999996
9 0.546415 0.44384500000000005 0.32085 0.014649999999999996
9 0.54723 0.70166 0.31922 0.014640000000000097
9 0.544785 0.779785 0.32085 0.01464999999999994
9 0.7263850000000001 0.1040015 0.04561000000000004 0.016597
9 0.7263850000000001 0.0273435 0.04235 0.015625
9 0.7263850000000001 0.362795 0.04235 0.014649999999999996
9 0.7272000000000001 0.44384999999999997 0.04398000000000002 0.012699999999999989
9 0.7288300000000001 0.7026399999999999 0.04071999999999998 0.01660000000000006
9 0.7263850000000001 0.780275 0.04561000000000004 0.01562999999999992
10 0.899025 0.0747075 0.14007000000000003 0.061524999999999996
10 0.908795 0.138185 0.15961000000000003 0.06346999999999998
10 0.90065 0.25928 0.14332 0.10839999999999997
10 0.899025 0.40234 0.14007000000000003 0.0625
10 0.90228 0.519045 0.14005999999999996 0.07715
10 0.7939750000000001 0.632325 0.047229999999999994 0.13183
10 0.91205 0.6293949999999999 0.16612000000000005 0.06738999999999995
10 0.82899 0.851075 0.03258000000000005 0.06347000000000003
10 0.857495 0.832035 0.027689999999999992 0.04296999999999995
10 0.920195 0.84619 0.13029000000000002 0.07323999999999997
5 0.721495 0.06543 0.03583000000000003 0.044922
5 0.721495 0.40380499999999997 0.03583000000000003 0.047850000000000004
5 0.723125 0.741695 0.03583000000000003 0.04784999999999995
