4 0.408203 0.921831 0.019531 0.026761
4 0.859375 0.922535 0.023438 0.039437
4 0.284180 0.942254 0.050781 0.109859
4 0.733887 0.939437 0.049805 0.107042
4 0.097168 0.915493 0.073242 0.157746
4 0.916504 0.910563 0.071289 0.164789
4 0.556641 0.609859 0.031250 0.014085
4 0.467285 0.609859 0.022461 0.014085
6 0.437988 0.885915 0.024414 0.222535
6 0.581543 0.885915 0.024414 0.225352
6 0.567383 0.565493 0.025391 0.212676
6 0.452148 0.564085 0.025391 0.215493
6 0.974121 0.509155 0.051758 0.440845
6 0.845215 0.510563 0.049805 0.443662
6 0.037598 0.511972 0.049805 0.446479
6 0.172363 0.509155 0.049805 0.446479
6 0.626465 0.504930 0.049805 0.446479
6 0.396973 0.504930 0.049805 0.446479
0 0.285156 0.821127 0.041016 0.095775
0 0.736328 0.816197 0.041016 0.094366
0 0.911621 0.377465 0.040039 0.076056
0 0.735352 0.375352 0.039062 0.077465
0 0.105957 0.376056 0.040039 0.078873
0 0.283691 0.374648 0.038086 0.078873
0 0.509766 0.367606 0.044922 0.081690
0 0.284180 0.249296 0.033203 0.047887
0 0.735840 0.248592 0.036133 0.049296
0 0.910645 0.245070 0.041992 0.047887
0 0.107422 0.243662 0.041016 0.047887
0 0.508789 0.240845 0.035156 0.047887
1 0.987305 0.742958 0.021484 0.026761
1 0.828613 0.739437 0.069336 0.033803
1 0.506348 0.739437 0.348633 0.033803
1 0.191895 0.739437 0.077148 0.033803
1 0.026367 0.739437 0.033203 0.033803
1 0.502441 0.226056 0.991211 0.159155
9 0.509277 0.892958 0.106445 0.202817
7 0.913574 0.652817 0.053711 0.142254
7 0.736816 0.651408 0.053711 0.142254
7 0.284668 0.651408 0.053711 0.142254
7 0.104004 0.651408 0.053711 0.142254
7 0.509766 0.600000 0.062500 0.239437
7 0.567871 0.391549 0.036133 0.073239
7 0.454102 0.391549 0.031250 0.073239
7 0.770996 0.234507 0.034180 0.122535
7 0.317383 0.233099 0.033203 0.122535
7 0.849609 0.231690 0.033203 0.122535
7 0.983398 0.230282 0.033203 0.122535
7 0.250000 0.230282 0.033203 0.122535
7 0.035156 0.227465 0.041016 0.116901
7 0.701172 0.228169 0.033203 0.121127
7 0.394043 0.224648 0.034180 0.122535
7 0.168945 0.223944 0.033203 0.121127
7 0.625977 0.221831 0.033203 0.122535
7 0.543457 0.221831 0.034180 0.122535
7 0.474609 0.221831 0.033203 0.122535
7 0.762695 0.044366 0.031250 0.060563
7 0.697266 0.044366 0.031250 0.060563
7 0.258301 0.046479 0.036133 0.067606
7 0.544434 0.042958 0.032227 0.063380
7 0.477539 0.041549 0.031250 0.066197
7 0.323730 0.042958 0.036133 0.069014
7 0.969727 0.045070 0.039062 0.076056
7 0.836426 0.043662 0.038086 0.076056
7 0.051758 0.042254 0.041016 0.073239
7 0.622559 0.038732 0.032227 0.071831
7 0.399414 0.038028 0.037109 0.073239
7 0.183594 0.038028 0.041016 0.073239
2 0.095703 0.814085 0.082031 0.042254
2 0.920898 0.807042 0.076172 0.036620
2 0.911621 0.559155 0.067383 0.042254
2 0.734375 0.557746 0.068359 0.042254
2 0.282715 0.557746 0.067383 0.042254
2 0.105957 0.557746 0.067383 0.042254
2 0.908203 0.319014 0.062500 0.029577
2 0.733398 0.319014 0.062500 0.029577
2 0.108398 0.319014 0.062500 0.029577
2 0.283203 0.317606 0.062500 0.029577
2 0.507812 0.310563 0.062500 0.029577
3 0.281250 0.721127 0.101562 0.078873
3 0.737305 0.723944 0.113281 0.090141
3 0.919922 0.720423 0.113281 0.088732
3 0.098145 0.716197 0.110352 0.085915
3 0.511719 0.707042 0.197266 0.070423
3 0.913574 0.460563 0.084961 0.090141
3 0.105469 0.460563 0.083984 0.090141
3 0.737793 0.459155 0.084961 0.090141
3 0.283203 0.459155 0.083984 0.090141
3 0.509766 0.433803 0.083984 0.050704
3 0.513184 0.110563 0.961914 0.071831
8 0.262207 0.800000 0.010742 0.056338
8 0.307129 0.797887 0.010742 0.054930
8 0.759766 0.796479 0.011719 0.054930
8 0.715820 0.796479 0.011719 0.054930
8 0.884277 0.375352 0.014648 0.080282
8 0.133301 0.374648 0.014648 0.081690
8 0.762207 0.373239 0.014648 0.081690
8 0.256836 0.373239 0.015625 0.081690
8 0.310059 0.372535 0.014648 0.083099
8 0.078125 0.373239 0.015625 0.084507
8 0.708984 0.371831 0.013672 0.084507
8 0.938477 0.371127 0.013672 0.088732
8 0.539062 0.365493 0.013672 0.085915
8 0.479004 0.364789 0.016602 0.087324
