0 0.49192 0.40527500000000005 0.68336 0.59375
1 0.339255 0.17773499999999998 0.06139 0.025389999999999996
1 0.340065 0.22900500000000001 0.06301000000000001 0.024410000000000015
1 0.340065 0.28076 0.06301000000000001 0.024419999999999997
1 0.34087500000000004 0.33203499999999997 0.06139 0.025389999999999968
1 0.340065 0.3833 0.06301000000000001 0.024419999999999997
1 0.34087500000000004 0.434085 0.06139 0.024410000000000043
1 0.339255 0.487795 0.06139 0.024409999999999987
1 0.34087500000000004 0.538085 0.06139 0.025390000000000024
1 0.34087500000000004 0.5908199999999999 0.06139 0.025399999999999978
1 0.34248500000000004 0.643065 0.06139 0.024410000000000043
1 0.613085 0.178225 0.07268999999999992 0.024409999999999987
1 0.613085 0.22998 0.07268999999999992 0.024419999999999997
1 0.61389 0.28125 0.07107999999999992 0.023440000000000016
1 0.6147 0.331545 0.07269999999999999 0.024409999999999987
1 0.61632 0.48535 0.07269999999999999 0.023440000000000016
1 0.6171249999999999 0.538085 0.07108999999999999 0.025390000000000024
1 0.6147 0.38427500000000003 0.07269999999999999 0.024409999999999987
1 0.6147 0.43506 0.07269999999999999 0.024419999999999997
1 0.6171249999999999 0.59033 0.07108999999999999 0.024419999999999997
1 0.6171249999999999 0.64209 0.07108999999999999 0.024419999999999997
1 0.47253500000000004 0.22900500000000001 0.08239000000000002 0.024410000000000015
1 0.474155 0.28076 0.08238999999999996 0.024419999999999997
1 0.473345 0.17724499999999999 0.08077000000000001 0.024410000000000015
1 0.474155 0.33252 0.08238999999999996 0.024419999999999997
1 0.474155 0.3833 0.08238999999999996 0.024419999999999997
1 0.474155 0.43506 0.08238999999999996 0.024419999999999997
1 0.474155 0.486815 0.08238999999999996 0.024410000000000043
1 0.47496 0.5371049999999999 0.08077999999999996 0.025389999999999913
1 0.473345 0.589845 0.08077000000000001 0.025389999999999913
1 0.47496 0.64209 0.08077999999999996 0.024419999999999997
1 0.753635 0.17871 0.08884999999999998 0.04102
1 0.75444 0.22949 0.08723999999999998 0.04102
1 0.75444 0.28076 0.08723999999999998 0.040039999999999965
1 0.75444 0.33252000000000004 0.08723999999999998 0.04004000000000002
1 0.75606 0.48682 0.08723999999999998 0.040039999999999965
1 0.75606 0.53955 0.08723999999999998 0.03808
1 0.75767 0.5908199999999999 0.08723999999999998 0.039059999999999984
1 0.75767 0.64209 0.08723999999999998 0.03808
1 0.474155 0.6757850000000001 0.08238999999999996 0.01366999999999996
1 0.33764 0.6757850000000001 0.06462000000000001 0.01366999999999996
1 0.202745 0.12744 0.06622999999999998 0.026359999999999995
1 0.202745 0.156735 0.06622999999999998 0.026369999999999977
1 0.20435999999999999 0.18506 0.06624 0.026359999999999995
1 0.20435999999999999 0.214355 0.06624 0.026370000000000005
1 0.202745 0.243655 0.06622999999999998 0.026370000000000005
1 0.202745 0.271975 0.06622999999999998 0.026370000000000005
1 0.202745 0.30127000000000004 0.06622999999999998 0.026359999999999995
1 0.202745 0.329105 0.06622999999999998 0.025389999999999968
1 0.202745 0.356935 0.06622999999999998 0.026370000000000005
1 0.202745 0.385255 0.06622999999999998 0.026370000000000005
1 0.20435999999999999 0.41308500000000004 0.06624 0.025389999999999968
1 0.20435999999999999 0.441405 0.06624 0.025390000000000024
1 0.202745 0.469725 0.06622999999999998 0.025390000000000024
1 0.202745 0.49804499999999996 0.06622999999999998 0.025389999999999968
1 0.20435999999999999 0.526365 0.06624 0.025390000000000024
1 0.202745 0.554685 0.06622999999999998 0.025390000000000024
1 0.20435999999999999 0.583005 0.06624 0.025390000000000024
1 0.202745 0.611815 0.06622999999999998 0.026370000000000005
1 0.202745 0.640135 0.06622999999999998 0.026370000000000005
1 0.20435999999999999 0.6674800000000001 0.06624 0.02636000000000005
1 0.20435999999999999 0.691895 0.06624 0.016610000000000014
1 0.52908 0.07421849999999999 0.059779999999999944 0.033202999999999996
1 0.52827 0.0253907 0.06461999999999996 0.039062599999999996
2 0.7706 0.40918 0.12278 0.04102
4 0.53393 0.17822 0.04361999999999999 0.04003999999999999
4 0.534735 0.22998000000000002 0.04847000000000001 0.04003999999999999
4 0.534735 0.279785 0.04522999999999999 0.03808999999999996
4 0.53635 0.54199 0.04200000000000004 0.03515999999999997
4 0.53716 0.5908199999999999 0.04361999999999999 0.039059999999999984
4 0.537965 0.6425799999999999 0.04522999999999999 0.039059999999999984
4 0.53635 0.675785 0.04845999999999995 0.025390000000000024
4 0.65428 0.17725000000000002 0.016159999999999952 0.034180000000000016
4 0.65347 0.22998000000000002 0.014539999999999997 0.03028
4 0.65509 0.28076 0.014539999999999997 0.030279999999999974
4 0.6558949999999999 0.333005 0.012929999999999997 0.03125
4 0.6567 0.487305 0.014539999999999997 0.03125
4 0.6558949999999999 0.539065 0.012929999999999997 0.03125
4 0.6567 0.591795 0.014539999999999997 0.03125
4 0.65832 0.643555 0.014539999999999997 0.03125
5 0.534735 0.333495 0.04522999999999999 0.036129999999999995
5 0.53635 0.410155 0.04200000000000004 0.08789000000000002
5 0.537965 0.487795 0.03876999999999997 0.036129999999999995
5 0.458805 0.04687478 0.035550000000000026 0.09179643999999999
6 0.19628 0.12744 0.050079999999999986 0.024419999999999997
6 0.195475 0.15625 0.051689999999999986 0.025399999999999978
6 0.192245 0.272465 0.04200999999999999 0.025390000000000024
6 0.202745 0.24365499999999998 0.06301000000000001 0.024409999999999987
6 0.202745 0.30078499999999997 0.06301000000000001 0.025389999999999968
6 0.202745 0.329105 0.06301000000000001 0.025389999999999968
6 0.202745 0.356935 0.06301000000000001 0.024410000000000043
6 0.452345 0.177735 0.03876999999999997 0.023430000000000006
6 0.448305 0.28076 0.030689999999999995 0.024419999999999997
6 0.448305 0.33203 0.027469999999999994 0.023440000000000016
6 0.45799500000000004 0.38378999999999996 0.04685 0.02343999999999996
6 0.45233999999999996 0.43457 0.03553999999999996 0.023440000000000016
6 0.31664000000000003 0.38378999999999996 0.012919999999999987 0.02343999999999996
6 0.33845000000000003 0.487305 0.05978 0.023430000000000006
6 0.32633500000000004 0.59033 0.032310000000000005 0.022460000000000035
6 0.34168 0.6425799999999999 0.05978 0.023440000000000016
6 0.32876 0.67578 0.04361999999999999 0.011720000000000064
6 0.591275 0.5898399999999999 0.01939000000000002 0.023440000000000016
6 0.587235 0.48584 0.011310000000000042 0.024419999999999997
6 0.5880449999999999 0.43457 0.016149999999999998 0.023440000000000016
6 0.5856250000000001 0.38427500000000003 0.011310000000000042 0.024409999999999987
6 0.58724 0.33252000000000004 0.014539999999999997 0.02245999999999998
6 0.58643 0.28076 0.012920000000000043 0.022460000000000035
6 0.584005 0.22949 0.011309999999999931 0.023440000000000016
2 0.645395 0.84473 0.41841 0.07421999999999995
7 0.40226 0.33203 0.035540000000000016 0.02734000000000003
7 0.407105 0.40918 0.10338999999999998 0.08007999999999998
7 0.411955 0.487795 0.051690000000000014 0.030269999999999964
7 0.61066 0.731935 0.21001999999999998 0.04784999999999995
7 0.6147 0.41162 0.08885999999999994 0.09082000000000001
7 0.6987099999999999 0.41113 0.02100000000000002 0.011720000000000008
7 0.7334400000000001 0.461425 0.022619999999999973 0.010749999999999982
7 0.73344 0.359375 0.019379999999999953 0.011709999999999998
7 0.6647799999999999 0.124025 0.059780000000000055 0.029289999999999983
7 0.7003250000000001 0.17822 0.017769999999999953 0.01074
7 0.70113 0.22998000000000002 0.016159999999999952 0.01074
7 0.70113 0.28222499999999995 0.016159999999999952 0.009770000000000001
7 0.70194 0.333005 0.014539999999999997 0.009770000000000001
7 0.70436 0.48828 0.016159999999999952 0.009759999999999991
7 0.70436 0.54004 0.016159999999999952 0.009759999999999991
7 0.705165 0.5917950000000001 0.017769999999999953 0.009769999999999945
7 0.70436 0.64307 0.016159999999999952 0.010739999999999972
7 0.7366699999999999 0.670895 0.022619999999999973 0.013670000000000071
7 0.32794999999999996 0.41015500000000005 0.04524 0.013670000000000015
7 0.397415 0.14697 0.04200999999999999 0.012700000000000017
7 0.42488000000000004 0.17822 0.016160000000000008 0.016600000000000004
7 0.42488000000000004 0.22998 0.016160000000000008 0.016600000000000004
7 0.426495 0.28076 0.016149999999999998 0.016600000000000004
7 0.303715 0.17822 0.016149999999999998 0.016600000000000004
7 0.303715 0.22949 0.016149999999999998 0.017579999999999985
7 0.30210000000000004 0.28174 0.016160000000000008 0.016600000000000004
7 0.30210000000000004 0.33301000000000003 0.016160000000000008 0.029300000000000048
7 0.301295 0.38427500000000003 0.017770000000000008 0.030269999999999964
7 0.30210000000000004 0.43555 0.016160000000000008 0.029299999999999993
7 0.30210000000000004 0.487795 0.016160000000000008 0.030269999999999964
7 0.301295 0.538575 0.017770000000000008 0.018549999999999955
7 0.302905 0.5908199999999999 0.017770000000000008 0.019540000000000002
7 0.303715 0.644535 0.016149999999999998 0.019530000000000047
7 0.425685 0.540035 0.017770000000000008 0.019529999999999936
7 0.426495 0.5917950000000001 0.016149999999999998 0.019529999999999936
7 0.426495 0.643555 0.016149999999999998 0.019530000000000047
7 0.6316649999999999 0.081543 0.061389999999999945 0.028319999999999998
7 0.7294 0.0888695 0.09531999999999996 0.035161
7 0.520195 0.963865 0.29724999999999996 0.04686999999999997
7 0.40307000000000004 0.6762699999999999 0.037160000000000026 0.01660000000000006
8 0.275445 0.40869 0.05976999999999999 0.5849599999999999
8 0.537965 0.40625 0.07755000000000001 0.5839799999999999
9 0.5274650000000001 0.0507815 0.05976999999999999 0.007813
9 0.399035 0.131835 0.21970999999999996 0.01562999999999999
9 0.415995 0.30664 0.18255 0.015620000000000023
9 0.41761 0.35791 0.18255999999999994 0.014639999999999986
9 0.41761 0.461425 0.18255999999999994 0.014649999999999996
9 0.416805 0.51416 0.18416999999999994 0.014640000000000097
9 0.5306949999999999 0.131835 0.04039000000000004 0.01756999999999999
9 0.5306949999999999 0.30713 0.04684999999999995 0.01856000000000002
9 0.532315 0.3584 0.04685000000000006 0.01758000000000004
9 0.533925 0.46191000000000004 0.04685000000000006 0.017579999999999985
9 0.532315 0.515135 0.04685000000000006 0.018550000000000066
9 0.79483 0.9018550000000001 0.15832000000000002 0.053710000000000035
9 0.79079 0.76953 0.13085999999999998 0.039059999999999984
9 0.58966 0.76953 0.27140000000000003 0.023440000000000016
9 0.545235 0.904295 0.34087 0.03125
9 0.57189 0.050781 0.029079999999999995 0.009765999999999997
9 0.487885 0.050781 0.01939000000000002 0.009765999999999997
9 0.26979 0.132325 0.03877999999999998 0.024409999999999987
9 0.30937000000000003 0.30713 0.030700000000000005 0.01856000000000002
9 0.310175 0.358395 0.032310000000000005 0.019529999999999992
9 0.310175 0.46191499999999996 0.032310000000000005 0.019529999999999992
9 0.30937000000000003 0.51416 0.030700000000000005 0.01856000000000002
9 0.360255 0.904785 0.025849999999999984 0.03809000000000007
9 0.440225 0.76953 0.02423000000000003 0.039059999999999984
1 0.268175 0.00537105 0.016149999999999998 0.0029297
1 0.26979 0.0014648299999999999 0.016160000000000008 0.0009765399999999999
