0 0.55909 0.504285 0.8394 0.98857
1 0.5575749999999999 0.080712 0.17574999999999996 0.049996
1 0.35606 0.08499999999999999 0.17271999999999998 0.05
1 0.36212 0.22643 0.17271999999999998 0.04999999999999999
1 0.5681849999999999 0.22786 0.17272999999999994 0.04999999999999996
1 0.55303 0.6464300000000001 0.17272000000000004 0.04999999999999993
1 0.5833349999999999 0.815715 0.17272999999999994 0.05429000000000006
1 0.368185 0.8142849999999999 0.17273 0.05429000000000006
1 0.325755 0.6499999999999999 0.17273 0.054279999999999995
1 0.565155 0.702145 0.17273 0.02143000000000006
1 0.3303 0.700715 0.17576 0.024290000000000034
1 0.551515 0.35928499999999997 0.16362999999999994 0.04143000000000002
1 0.31212 0.363575 0.16364 0.04143000000000002
1 0.56515 0.322145 0.16665999999999992 0.04143000000000002
1 0.35606 0.323575 0.16666000000000003 0.04142999999999997
1 0.78182 0.102857 0.18181999999999998 0.034286
1 0.78182 0.057857000000000006 0.18181999999999998 0.035714
1 0.786365 0.152145 0.17879 0.03571000000000002
1 0.7878799999999999 0.20071499999999998 0.18181999999999998 0.03570999999999999
1 0.79091 0.247855 0.1818200000000001 0.03570999999999999
1 0.795455 0.299285 0.17879 0.035709999999999964
1 0.792425 0.35143 0.17879 0.03428000000000003
1 0.8227249999999999 0.95 0.19091000000000002 0.03714000000000006
1 0.8227249999999999 0.899285 0.19091000000000002 0.03856999999999999
1 0.8196950000000001 0.84143 0.19091000000000002 0.03713999999999995
1 0.8227249999999999 0.79 0.19091000000000002 0.03714000000000006
2 0.83636 0.6028549999999999 0.18788000000000005 0.14856999999999998
5 0.35909 0.352145 0.08788000000000001 0.061429999999999985
5 0.59242 0.34857000000000005 0.08788000000000007 0.06
6 0.36515 0.086428 0.13635999999999998 0.044284000000000004
6 0.366665 0.227855 0.13939000000000001 0.044289999999999996
6 0.319695 0.36428499999999997 0.16061000000000003 0.03428999999999999
6 0.36818 0.324285 0.13029999999999997 0.037150000000000016
6 0.322725 0.649285 0.16061 0.047150000000000025
6 0.37576 0.815 0.15152 0.04999999999999993
6 0.33182 0.70143 0.16059999999999997 0.020000000000000018
8 0.207575 0.5085735 0.06362999999999999 0.971433
10 0.65303 0.147145 0.05152000000000001 0.06570999999999999
5 0.38029999999999997 0.6657150000000001 0.11818000000000001 0.10285
5 0.61667 0.6671400000000001 0.11818000000000006 0.10286000000000006
5 0.630305 0.815715 0.07272999999999996 0.051429999999999976
5 0.415155 0.8142849999999999 0.07272999999999996 0.051429999999999976
5 0.40606 0.0849985 0.07272 0.044283
5 0.40606 0.225 0.07272 0.044279999999999986
5 0.6090899999999999 0.22714499999999999 0.07272 0.04571
5 0.60606 0.082145 0.07272 0.044289999999999996
5 0.39697000000000005 0.320715 0.06666 0.035709999999999964
5 0.60909 0.322145 0.06665999999999994 0.03571000000000002
