0 0.536585 0.5188655 0.64227 0.9446490000000001
1 0.30996 0.0748425 0.07926 0.026415
1 0.310975 0.1113215 0.07723000000000002 0.026416999999999996
1 0.308945 0.150315 0.07722999999999997 0.02640999999999999
1 0.30691 0.18931 0.07724000000000003 0.02642
1 0.30691 0.22766999999999998 0.07724000000000003 0.025159999999999988
1 0.30488000000000004 0.26541000000000003 0.07724000000000003 0.025160000000000016
1 0.30488000000000004 0.302515 0.07724000000000003 0.02640999999999999
1 0.30488000000000004 0.342765 0.07724000000000003 0.02640999999999999
1 0.30284500000000003 0.380505 0.07722999999999997 0.02640999999999999
1 0.30284500000000003 0.41824 0.07722999999999997 0.02642
1 0.30284500000000003 0.455975 0.07722999999999997 0.02640999999999999
1 0.30284500000000003 0.492455 0.07722999999999997 0.02640999999999999
1 0.300815 0.5698099999999999 0.07723000000000002 0.02515999999999996
1 0.30284500000000003 0.6044 0.07722999999999997 0.02642
1 0.30284500000000003 0.6408799999999999 0.07722999999999997 0.02642
1 0.300815 0.67799 0.07723000000000002 0.02516000000000007
1 0.30183000000000004 0.71321 0.07519999999999999 0.02516000000000007
1 0.30284500000000003 0.749055 0.07722999999999997 0.026410000000000045
1 0.30183000000000004 0.784275 0.07519999999999999 0.026409999999999934
1 0.30284500000000003 0.821385 0.07722999999999997 0.025150000000000006
1 0.30284500000000003 0.857235 0.07722999999999997 0.026410000000000045
1 0.30183000000000004 0.89308 0.07519999999999999 0.02516000000000007
1 0.30488000000000004 0.92893 0.07724000000000003 0.02642
1 0.30488000000000004 0.9654100000000001 0.07724000000000003 0.02642
1 0.48984000000000005 0.11194749999999999 0.07724000000000003 0.03018499999999999
1 0.49187000000000003 0.0754715 0.07724000000000003 0.030188999999999994
1 0.48984000000000005 0.150945 0.07724000000000003 0.030189999999999995
1 0.487805 0.18805 0.07723000000000002 0.031439999999999996
1 0.48577000000000004 0.227045 0.07724000000000003 0.031450000000000006
1 0.48679 0.263525 0.07520000000000004 0.02893000000000001
1 0.485775 0.302515 0.07317000000000007 0.02893000000000001
1 0.48679 0.34087999999999996 0.07520000000000004 0.027679999999999982
1 0.485775 0.37861500000000003 0.07317000000000007 0.027670000000000028
1 0.485775 0.41635500000000003 0.07317000000000007 0.027670000000000028
1 0.48475500000000005 0.45408499999999996 0.07521000000000005 0.027670000000000028
1 0.48373999999999995 0.49245500000000003 0.07317999999999997 0.02893000000000001
1 0.50203 0.555345 0.06097999999999998 0.013830000000000009
1 0.49797 0.57799 0.060980000000000034 0.013840000000000074
1 0.492885 0.603145 0.05895000000000006 0.016349999999999976
1 0.48984000000000005 0.6647799999999999 0.06504000000000004 0.021380000000000066
1 0.48984000000000005 0.6956 0.06504000000000004 0.022639999999999993
1 0.487805 0.725155 0.06504999999999994 0.018869999999999942
1 0.49187000000000003 0.8163549999999999 0.06504000000000004 0.020130000000000092
1 0.49187000000000003 0.786795 0.06504000000000004 0.018869999999999942
1 0.492885 0.89937 0.06301000000000001 0.03269999999999995
1 0.48882499999999995 0.944655 0.06300999999999995 0.03271000000000002
1 0.63516 0.11194749999999999 0.022360000000000047 0.03018499999999999
1 0.63516 0.149685 0.022360000000000047 0.030190000000000022
1 0.634145 0.187425 0.02033000000000007 0.030189999999999995
1 0.63516 0.226415 0.022360000000000047 0.030189999999999995
1 0.634145 0.262895 0.02033000000000007 0.030190000000000022
1 0.63516 0.299375 0.022360000000000047 0.03019000000000005
1 0.63313 0.34213499999999997 0.022360000000000047 0.030189999999999995
1 0.63313 0.377355 0.022360000000000047 0.030189999999999995
1 0.632115 0.415725 0.02032999999999996 0.02893000000000001
1 0.632115 0.454715 0.02032999999999996 0.02893000000000001
1 0.63313 0.491825 0.022360000000000047 0.03019000000000005
1 0.621955 0.6440250000000001 0.024390000000000023 0.03019000000000005
1 0.626015 0.601885 0.024390000000000023 0.018869999999999942
1 0.626015 0.5773550000000001 0.024390000000000023 0.017610000000000015
1 0.629065 0.5540849999999999 0.02234999999999998 0.018870000000000053
1 0.623985 0.681765 0.024390000000000023 0.03019000000000005
1 0.621955 0.719495 0.024390000000000023 0.03018999999999994
1 0.621955 0.75849 0.024390000000000023 0.030180000000000096
1 0.621955 0.796225 0.024390000000000023 0.03019000000000005
1 0.621955 0.8339650000000001 0.024390000000000023 0.03019000000000005
1 0.621955 0.8729549999999999 0.024390000000000023 0.03019000000000005
1 0.621955 0.909435 0.024390000000000023 0.03018999999999994
1 0.621955 0.9459150000000001 0.024390000000000023 0.03019000000000005
6 0.49085500000000004 0.0754715 0.07927000000000001 0.032705000000000005
6 0.47561 0.11132 0.05284 0.033960000000000004
6 0.47561 0.1522 0.05284 0.03270000000000001
6 0.485775 0.30126 0.07317000000000007 0.026420000000000055
6 0.460365 0.41698 0.034550000000000025 0.03395999999999999
6 0.462395 0.455975 0.03454999999999997 0.03397
6 0.452235 0.37924500000000005 0.01829000000000003 0.03397
6 0.45325000000000004 0.34151 0.016259999999999997 0.03395999999999999
6 0.287605 0.67736 0.05081000000000002 0.031440000000000023
6 0.286585 0.715095 0.05285000000000001 0.03144999999999998
6 0.287605 0.749685 0.05081000000000002 0.03271000000000002
6 0.287605 0.786795 0.05081000000000002 0.03144999999999998
6 0.303865 0.9641500000000001 0.08333000000000002 0.031440000000000023
1 0.18699500000000002 0.101886 0.04064999999999999 0.017608
1 0.19207000000000002 0.160375 0.038620000000000015 0.016350000000000003
1 0.19512 0.22201500000000002 0.03658 0.016350000000000003
1 0.19512 0.27924499999999997 0.03658 0.01760999999999996
7 0.474595 0.7761 0.21341000000000004 0.06791999999999998
