1 0.500000 0.500000 1.000000 1.000000
0 0.462712 0.511299 0.891525 0.969868
6 0.530508 0.871940 0.114124 0.116761
6 0.305650 0.862524 0.114124 0.116761
2 0.716384 0.812618 0.126554 0.261770
2 0.180226 0.802260 0.118644 0.248588
2 0.185311 0.467043 0.067797 0.165725
2 0.432768 0.465160 0.074576 0.169492
2 0.719774 0.461394 0.072316 0.169492
2 0.197740 0.145009 0.049718 0.112994
2 0.464407 0.149718 0.056497 0.163842
2 0.402825 0.149718 0.057627 0.163842
2 0.727684 0.120527 0.049718 0.112994
3 0.464407 0.580038 0.885876 0.079096
11 0.424294 0.821092 0.089266 0.286252
4 0.177966 0.352166 0.132203 0.052731
4 0.427684 0.349341 0.127684 0.058380
4 0.715254 0.347458 0.135593 0.058380
4 0.192655 0.071563 0.093785 0.041431
7 0.428814 0.254237 0.150282 0.045198
10 0.238418 0.467043 0.038418 0.169492
10 0.122034 0.467985 0.047458 0.171375
10 0.366667 0.461394 0.044068 0.169492
10 0.780226 0.462335 0.048588 0.175141
10 0.654237 0.462335 0.047458 0.175141
10 0.489831 0.459510 0.039548 0.173258
10 0.346893 0.156309 0.051977 0.177024
10 0.518644 0.150659 0.051977 0.177024
