0 0.49999828 0.49175284999999996 0.99804344 0.9787943
1 0.0161131 0.1107175 0.024413800000000003 0.040045
1 0.01318355 0.21908 0.022460900000000002 0.02592
1 0.01171885 0.18551 0.017578299999999998 0.024740000000000012
1 0.01171855 0.29269999999999996 0.0195309 0.034160000000000024
1 0.01416035 0.39988500000000005 0.0224613 0.03650999999999999
1 0.00927735 0.48233499999999996 0.0126953 0.027090000000000003
1 0.0161134 0.597765 0.0224612 0.03651000000000004
1 0.016113250000000003 0.88221 0.0166015 0.03298000000000001
1 0.016601400000000002 0.812135 0.023437200000000002 0.027089999999999947
1 0.0131834 0.7779750000000001 0.0166012 0.02473000000000003
1 0.0151366 0.5182549999999999 0.022460800000000003 0.02590999999999999
1 0.0175782 0.70789 0.0234376 0.03298000000000001
1 0.083008 0.888695 0.03125 0.03886999999999996
1 0.0800785 0.788575 0.033202999999999996 0.04359000000000002
1 0.079102 0.690225 0.03125 0.03769
1 0.079102 0.588925 0.03125 0.03769
1 0.07666 0.48528 0.03418 0.04476000000000002
1 0.0776365 0.386335 0.032227 0.040049999999999975
1 0.0786135 0.28503999999999996 0.032227000000000006 0.04004000000000002
1 0.077637 0.18080000000000002 0.03418000000000001 0.04357999999999998
1 0.0800785 0.083626 0.029297000000000004 0.037688
1 0.172365 0.0818605 0.047850000000000004 0.04357900000000001
1 0.168455 0.18198 0.047850000000000004 0.04358000000000001
1 0.16748000000000002 0.28445 0.047859999999999986 0.04358000000000001
1 0.16748000000000002 0.38339 0.047859999999999986 0.04358000000000001
1 0.17334 0.88869 0.047860000000000014 0.04357999999999995
1 0.16504000000000002 0.48704000000000003 0.046880000000000005 0.04358000000000001
1 0.168455 0.58716 0.047850000000000004 0.04357999999999995
1 0.168455 0.6884600000000001 0.047850000000000004 0.04358000000000006
1 0.169435 0.78975 0.047850000000000004 0.04358000000000006
1 0.23877 0.0806815 0.026359999999999995 0.043577000000000005
1 0.236815 0.18080000000000002 0.026370000000000005 0.04357999999999998
1 0.236815 0.2821 0.026370000000000005 0.04358000000000001
1 0.233885 0.38456999999999997 0.026370000000000005 0.04358000000000001
1 0.234865 0.48587 0.026370000000000005 0.04358000000000001
1 0.234865 0.58598 0.026370000000000005 0.04358000000000006
1 0.236815 0.689635 0.026370000000000005 0.04359000000000002
1 0.236815 0.788575 0.026370000000000005 0.04359000000000002
1 0.23974499999999999 0.8881 0.026369999999999977 0.04475999999999991
1 0.325195 0.89046 0.04100999999999999 0.04712000000000005
1 0.32323999999999997 0.79034 0.04102 0.04711999999999994
1 0.32372999999999996 0.6914 0.04199999999999998 0.04712000000000005
1 0.32372999999999996 0.58775 0.04199999999999998 0.04712000000000005
1 0.322265 0.48645499999999997 0.041010000000000046 0.047109999999999985
1 0.324705 0.382805 0.04199000000000003 0.047109999999999985
1 0.32616999999999996 0.281505 0.04102 0.047109999999999985
1 0.32715000000000005 0.17903000000000002 0.04102 0.044759999999999994
1 0.327635 0.08009250000000001 0.04198999999999997 0.044755
1 0.408205 0.0777395 0.04100999999999999 0.044761
1 0.407225 0.17786000000000002 0.04100999999999999 0.044759999999999994
1 0.406735 0.28032999999999997 0.04198999999999997 0.044759999999999966
1 0.405275 0.381625 0.04100999999999999 0.04475000000000001
1 0.40332 0.48351 0.04102 0.04357999999999995
1 0.404295 0.58775 0.04100999999999999 0.04475999999999991
1 0.404295 0.6902200000000001 0.04100999999999999 0.04476000000000002
1 0.404785 0.79152 0.04198999999999997 0.04475999999999991
1 0.40625 0.8892800000000001 0.041019999999999945 0.04476000000000002
1 0.489745 0.89105 0.05174999999999996 0.04357999999999995
1 0.487305 0.79152 0.05079000000000006 0.04239999999999999
1 0.489745 0.689635 0.05174999999999996 0.04359000000000002
1 0.48926000000000003 0.58775 0.05078000000000005 0.04239999999999999
1 0.48828 0.48292 0.050779999999999936 0.04239999999999999
1 0.49022999999999994 0.38045 0.05077999999999999 0.04239999999999999
1 0.49219 0.28033 0.05078000000000005 0.04239999999999999
1 0.49219 0.17844500000000002 0.05078000000000005 0.04358999999999999
1 0.49414 0.0806815 0.05078000000000005 0.043577000000000005
1 0.572265 0.07950650000000001 0.04296999999999995 0.041227
1 0.569825 0.179625 0.04198999999999997 0.04122999999999999
1 0.572265 0.381035 0.04296999999999995 0.04122999999999999
1 0.5722700000000001 0.482335 0.05663999999999991 0.048290000000000055
1 0.566895 0.5865750000000001 0.04198999999999997 0.049470000000000014
1 0.564945 0.68728 0.04198999999999997 0.04830000000000001
1 0.5717749999999999 0.79034 0.053710000000000035 0.04239999999999999
1 0.5644549999999999 0.892815 0.042970000000000064 0.04241000000000006
1 0.569825 0.27856000000000003 0.043950000000000045 0.04358000000000001
1 0.6523399999999999 0.0818595 0.04491999999999996 0.04122100000000001
1 0.65039 0.179625 0.04491999999999996 0.04122999999999999
1 0.65088 0.27915 0.04200000000000004 0.04476000000000002
1 0.649905 0.381035 0.043950000000000045 0.045930000000000026
1 0.7417 0.08304049999999999 0.040039999999999965 0.045938999999999994
1 0.74463 0.17903000000000002 0.040040000000000076 0.044759999999999994
1 0.821775 0.08716 0.04198999999999997 0.04239999999999999
1 0.822755 0.183745 0.04198999999999997 0.04241
1 0.8237300000000001 0.28033 0.041999999999999926 0.04239999999999999
1 0.824705 0.38045 0.04198999999999997 0.04239999999999999
1 0.743655 0.37986 0.04199000000000008 0.04358000000000001
1 0.7431650000000001 0.27915 0.042970000000000064 0.04239999999999999
1 0.742185 0.48233000000000004 0.04296999999999995 0.04358000000000001
1 0.646485 0.48233000000000004 0.04296999999999995 0.04358000000000001
1 0.64795 0.58834 0.04200000000000004 0.04357999999999995
1 0.648925 0.689635 0.04198999999999997 0.04359000000000002
1 0.739745 0.6884600000000001 0.04198999999999997 0.04358000000000006
1 0.742185 0.58657 0.04296999999999995 0.04239999999999999
1 0.824215 0.48115 0.04296999999999995 0.04358000000000006
1 0.8237300000000001 0.58422 0.041999999999999926 0.04239999999999999
1 0.822755 0.6860999999999999 0.04198999999999997 0.04358000000000006
1 0.64795 0.78975 0.04200000000000004 0.04358000000000006
1 0.648435 0.89046 0.04296999999999995 0.04239999999999999
1 0.740725 0.78975 0.04198999999999997 0.04358000000000006
1 0.741215 0.8922300000000001 0.042970000000000064 0.04358000000000006
1 0.8208 0.887515 0.04200000000000004 0.04358999999999991
1 0.822265 0.7879849999999999 0.04296999999999995 0.04240999999999995
3 0.138185 0.0818615 0.02051 0.07891699999999999
3 0.13916 0.18198 0.02049999999999999 0.07891999999999999
3 0.134275 0.282095 0.020509999999999987 0.07891000000000001
3 0.134275 0.38339 0.020509999999999987 0.07891999999999999
3 0.13525500000000001 0.4894 0.02051 0.07891999999999999
3 0.134275 0.585985 0.020509999999999987 0.07891000000000004
3 0.136715 0.6860999999999999 0.019529999999999992 0.07891999999999999
3 0.139645 0.7909299999999999 0.019529999999999992 0.07891999999999999
3 0.14404499999999998 0.8969400000000001 0.02051 0.07891999999999999
3 0.364255 0.173145 0.03125 0.08481
3 0.36084 0.47938499999999995 0.030279999999999974 0.08481
3 0.363285 0.79152 0.03125 0.08479999999999999
3 0.446285 0.88928 0.03125 0.08479999999999999
3 0.444825 0.684925 0.030269999999999964 0.0836300000000001
3 0.444825 0.58186 0.030269999999999964 0.08479999999999999
3 0.444335 0.377505 0.03125 0.08363000000000004
3 0.446285 0.27444 0.03125 0.08480000000000001
3 0.449705 0.076563 0.030269999999999964 0.082454
3 0.436035 0.481155 0.03222999999999998 0.09305000000000002
3 0.519045 0.48056499999999996 0.04784999999999995 0.11070999999999998
3 0.6015600000000001 0.37749999999999995 0.02734000000000003 0.08598
3 0.6025400000000001 0.27444 0.02734000000000003 0.08480000000000001
3 0.600585 0.585985 0.027349999999999985 0.08599000000000001
3 0.59961 0.68728 0.02734000000000003 0.08597999999999995
3 0.59863 0.892225 0.02733999999999992 0.08599000000000001
3 0.6025400000000001 0.073617 0.02734000000000003 0.085986
3 0.521485 0.17079 0.044930000000000025 0.10599999999999998
3 0.438475 0.173145 0.035150000000000015 0.09423000000000001
3 0.43457 0.78563 0.03515999999999997 0.09422000000000008
3 0.520995 0.78799 0.04784999999999995 0.11072000000000004
3 0.6762699999999999 0.469375 0.030279999999999974 0.11661000000000005
4 0.352055 0.075383 0.014649999999999996 0.080094
4 0.351075 0.284455 0.014649999999999996 0.08126999999999998
4 0.35009500000000005 0.17668 0.014649999999999996 0.0801
4 0.349125 0.381035 0.014649999999999996 0.08127000000000001
4 0.347165 0.48292 0.014650000000000052 0.08010000000000006
4 0.347165 0.585985 0.014650000000000052 0.08126999999999995
4 0.347165 0.68728 0.014650000000000052 0.08128000000000002
4 0.35009500000000005 0.7956449999999999 0.014649999999999996 0.08127000000000006
4 0.351075 0.886925 0.014649999999999996 0.08009
5 0.851075 0.88516 0.014650000000000052 0.0482999999999999
5 0.852055 0.78622 0.014650000000000052 0.04830000000000001
5 0.85254 0.684925 0.015619999999999967 0.048289999999999944
5 0.8530249999999999 0.581275 0.01464999999999994 0.048289999999999944
5 0.8530249999999999 0.47997500000000004 0.01464999999999994 0.04829
5 0.8530249999999999 0.377505 0.01464999999999994 0.04829
5 0.8530249999999999 0.280915 0.01464999999999994 0.04829
5 0.85254 0.183155 0.015619999999999967 0.04829
5 0.853515 0.087752 0.015630000000000033 0.048296000000000006
5 0.77637 0.077737 0.03320000000000001 0.08244599999999999
5 0.7783199999999999 0.17255500000000001 0.03320000000000001 0.08126999999999998
5 0.777345 0.272085 0.03321000000000007 0.08244999999999997
5 0.780275 0.37455499999999997 0.03321000000000007 0.08244999999999997
5 0.7783199999999999 0.477035 0.03320000000000001 0.08245000000000008
5 0.77881 0.5795049999999999 0.0341800000000001 0.08245000000000002
5 0.7758799999999999 0.683155 0.03417999999999999 0.08245000000000002
5 0.77637 0.782095 0.03320000000000001 0.08245000000000002
5 0.777345 0.886335 0.03321000000000007 0.08126999999999995
5 0.677735 0.89046 0.017569999999999975 0.054180000000000006
5 0.677735 0.78975 0.017569999999999975 0.055359999999999965
5 0.6792 0.6902200000000001 0.01856000000000002 0.054180000000000006
5 0.675785 0.5912850000000001 0.019530000000000047 0.10364999999999991
5 0.679685 0.368665 0.019530000000000047 0.10364999999999996
5 0.6811499999999999 0.27620500000000003 0.01660000000000006 0.06007000000000001
5 0.68018 0.176675 0.016599999999999948 0.05889
5 0.683595 0.080094 0.01562999999999992 0.058892
5 0.603515 0.171965 0.044930000000000025 0.08481
5 0.6025400000000001 0.47879499999999997 0.04491999999999996 0.08363000000000004
5 0.59863 0.789755 0.04492000000000007 0.08362999999999998
5 0.52051 0.888695 0.04491999999999996 0.08362999999999998
5 0.5175799999999999 0.683155 0.04491999999999996 0.08480999999999994
5 0.51953 0.585395 0.04491999999999996 0.08481000000000005
5 0.521485 0.37927 0.044930000000000025 0.08479999999999999
5 0.523925 0.273265 0.043950000000000045 0.08481
5 0.521485 0.073616 0.044930000000000025 0.08362800000000001
5 0.19629000000000002 0.88575 0.03906000000000001 0.07774000000000003
5 0.19629000000000002 0.79034 0.03906000000000001 0.07774000000000003
5 0.19482 0.68669 0.04003999999999999 0.07774000000000003
5 0.19385000000000002 0.58657 0.04003999999999999 0.07774000000000003
5 0.19238 0.48528 0.039059999999999984 0.07774000000000003
5 0.19091999999999998 0.37809000000000004 0.04003999999999999 0.07773999999999998
5 0.19091999999999998 0.27915 0.04003999999999999 0.07774000000000003
5 0.194335 0.17786000000000002 0.039069999999999994 0.07774
5 0.194335 0.074203 0.039069999999999994 0.077734
7 0.30029 0.0318025 0.05176000000000003 0.040047
7 0.296875 0.1089495 0.05079 0.02944100000000001
7 0.29785 0.138395 0.05078000000000005 0.029450000000000004
7 0.29491999999999996 0.20965499999999998 0.05077999999999999 0.02826999999999999
7 0.293945 0.23733500000000002 0.05079 0.029450000000000004
7 0.293945 0.30801 0.05079 0.02944000000000002
7 0.2959 0.339225 0.05078000000000005 0.028270000000000017
7 0.29491999999999996 0.414015 0.05077999999999999 0.02945000000000003
7 0.29296999999999995 0.43933999999999995 0.05077999999999999 0.028260000000000007
7 0.29346 0.51649 0.05176000000000003 0.02943999999999991
7 0.29296999999999995 0.5459350000000001 0.05077999999999999 0.029450000000000087
7 0.29491999999999996 0.6248549999999999 0.05077999999999999 0.029450000000000087
7 0.29491999999999996 0.65371 0.05077999999999999 0.028259999999999952
7 0.29491999999999996 0.7202599999999999 0.05077999999999999 0.02944000000000002
7 0.29346 0.748525 0.05176000000000003 0.029449999999999976
7 0.29736 0.8298000000000001 0.05176000000000003 0.02944000000000002
7 0.29785 0.858655 0.05078000000000005 0.028269999999999906
7 0.29736 0.931095 0.05176000000000003 0.029449999999999976
7 0.30078000000000005 0.9729099999999999 0.05077999999999999 0.01884000000000008
7 0.2915 0.0712605 0.03417999999999999 0.024734999999999993
7 0.28906 0.173145 0.035160000000000025 0.02590999999999999
7 0.288085 0.27149500000000004 0.035150000000000015 0.024729999999999974
7 0.28467 0.378095 0.03417999999999999 0.02590999999999999
7 0.28271 0.48233 0.03417999999999999 0.024739999999999984
7 0.28271 0.58363 0.03417999999999999 0.024739999999999984
7 0.2832 0.688455 0.03515999999999997 0.02473000000000003
7 0.28711 0.78504 0.035160000000000025 0.024739999999999984
7 0.28955 0.88516 0.034180000000000044 0.024740000000000095
7 0.7050799999999999 0.47939 0.01758000000000004 0.03298000000000001
7 0.70703 0.37691 0.01758000000000004 0.03298000000000001
7 0.7050799999999999 0.17491 0.01758000000000004 0.031799999999999995
7 0.7050799999999999 0.58422 0.01758000000000004 0.03298000000000001
7 0.7041 0.78916 0.01758000000000004 0.03298000000000001
7 0.705565 0.13663 0.018550000000000066 0.023559999999999984
7 0.7041 0.21142499999999997 0.01758000000000004 0.024730000000000002
8 0.124022 0.496466 0.06835600000000001 0.962308
8 0.2793 0.49411299999999997 0.06835999999999998 0.962314
8 0.70703 0.498823 0.04491999999999996 0.959954
8 0.86719 0.4917545 0.04492000000000007 0.959951
9 0.947265 0.43345 0.09765000000000001 0.018839999999999968
9 0.946775 0.23734 0.09863 0.020019999999999982
9 0.94922 0.63192 0.09765999999999997 0.020020000000000038
9 0.944825 0.832155 0.09863 0.020029999999999992
9 0.890135 0.23557 0.014650000000000052 0.02592
9 0.8916 0.43404 0.015620000000000078 0.024739999999999984
9 0.894045 0.63133 0.014650000000000052 0.025920000000000054
9 0.888185 0.833925 0.014650000000000052 0.02590999999999999
10 0.924805 0.139578 0.07227000000000006 0.175504
10 0.927735 0.34040000000000004 0.07227000000000006 0.17431999999999997
10 0.92871 0.535925 0.07225999999999999 0.17433000000000004
10 0.92578 0.73498 0.07225999999999999 0.17432000000000003
10 0.9248000000000001 0.9022399999999999 0.06836000000000009 0.11072000000000004
8 0.049805 0.49293145 0.044922 0.9670171
7 0.041504 0.48233000000000004 0.030273999999999995 0.02238000000000001
7 0.0444335 0.27620999999999996 0.030272999999999998 0.02238000000000001
7 0.04834000000000001 0.6855100000000001 0.030274000000000002 0.023559999999999914
7 0.045898499999999995 0.7874 0.029296999999999997 0.022380000000000067
7 0.052734500000000004 0.88869 0.029296999999999997 0.022380000000000067
7 0.0449215 0.18080000000000002 0.029296999999999997 0.022379999999999983
7 0.0449215 0.08068349999999999 0.029296999999999997 0.022378999999999996
7 0.046387 0.5883400000000001 0.024413999999999998 0.022379999999999955
7 0.046387 0.38456999999999997 0.024413999999999998 0.02238000000000001
