7 0 0 0.0046604859375 0.99114994375 0.3282381921875 0.9894188828124999 0.3282381921875 0.99288100625 0.66751183125 0.9937465375000001 0.669926590625 0.9937465375000001 1 0.9937465375000001 1 0.017585614062499998 0.688752425 0.013901760937499999 0.6939900953125 0 0.31617647031249996 0 0.31617647031249996 0.0135542171875 0.0241596640625 0.015060240624999999 0.0101540625 0 0 0
4 0.14140625 0.9125 0.13046875 0.15078125
8 0.8296875 0.6765625 0.2203125 0.1453125
8 0.15625 0.671875 0.2296875 0.1453125
8 0.82734375 0.49453125 0.221875 0.1421875
8 0.15078125 0.49375 0.225 0.14140625
8 0.83125 0.309375 0.225 0.13828125
8 0.1546875 0.31015625 0.2296875 0.14140625
8 0.83359375 0.1453125 0.21796875 0.1
8 0.15859375 0.14609375 0.22421875 0.1
4 0.7921875 0.89453125 0.2453125 0.18671875