7 0.0166666671875 0.981632653125 0.997515528125 0.978642359375 0.997515528125 0.0005291 0.014596273437499998 0.0111111109375 0.0166666671875 0.981632653125
2 0.334375 0.2875 0.08671875 0.10546875
2 0.08203125 0.2921875 0.0765625 0.08671875
2 0.5921875 0.296875 0.08828125 0.09375
2 0.84609375 0.296875 0.084375 0.08828125
8 0.1703125 0.22109375 0.02421875 0.15390625
8 0.240625 0.22265625 0.03125 0.15234375
8 0.19296875 0.48671875 0.03203125 0.15
8 0.24140625 0.48828125 0.02578125 0.1484375
8 0.178125 0.76015625 0.0453125 0.1546875
8 0.21953125 0.75859375 0.02421875 0.15546875
8 0.7046875 0.93359375 0.08203125 0.06640625
8 0.19453125 0.9265625 0.07890625 0.0609375
8 0.45 0.9328125 0.0765625 0.05703125
8 0.4484375 0.76015625 0.0796875 0.15546875
8 0.70703125 0.76484375 0.078125 0.15703125
8 0.946875 0.76640625 0.0328125 0.1515625
8 0.9484375 0.4890625 0.0328125 0.15859375
8 0.8140625 0.496875 0.028125 0.1484375
8 0.75234375 0.49453125 0.02890625 0.1578125
8 0.7046875 0.49453125 0.03359375 0.1515625
8 0.5625 0.496875 0.0328125 0.15546875
8 0.496875 0.48671875 0.02734375 0.16015625
8 0.44765625 0.4828125 0.03203125 0.15234375
8 0.30546875 0.48515625 0.0328125 0.15234375
8 0.05546875 0.490625 0.0328125 0.1484375
8 0.42421875 0.21015625 0.0265625 0.1546875
8 0.49375 0.21171875 0.0328125 0.153125
8 0.6828125 0.22578125 0.02734375 0.15390625
8 0.75 0.228125 0.03125 0.14921875
8 0.94921875 0.21171875 0.03828125 0.159375
4 0.83046875 0.8015625 0.05078125 0.165625
4 0.5875 0.78515625 0.08125 0.17109375
4 0.346875 0.80078125 0.05546875 0.1671875
4 0.103125 0.7953125 0.0265625 0.16171875