7 0.23064504062500002 0 0.235825596875 0.48926781718749995 0.023416776562499998 0.4934437640625 0.0223806359375 0.51362750625 0.001657825 0.514323496875 0 0.996881959375 0.9973474796874999 0.996881959375 0.9973474796874999 0 0.23064504062500002 0
8 0.4171875 0.109375 0.1140625 0.08125
8 0.6515625 0.10703125 0.1171875 0.06953125
8 0.884375 0.109375 0.1078125 0.06953125
8 0.8109375 0.234375 0.10625 0.0734375
8 0.5796875 0.23203125 0.1078125 0.06640625
8 0.3515625 0.23515625 0.1 0.06953125
8 0.42109375 0.35390625 0.109375 0.07578125
8 0.65390625 0.35625 0.1125 0.071875
8 0.884375 0.35625 0.11640625 0.06796875
8 0.81875 0.475 0.12109375 0.07890625
8 0.5828125 0.47265625 0.109375 0.071875
8 0.34765625 0.47578125 0.11640625 0.0765625
8 0.42421875 0.59765625 0.109375 0.08515625
8 0.18515625 0.596875 0.11171875 0.07890625
8 0.65625 0.59453125 0.1171875 0.07734375
8 0.8828125 0.59609375 0.10234375 0.078125
8 0.58125 0.71796875 0.10703125 0.08125
8 0.34921875 0.7203125 0.109375 0.078125
8 0.1140625 0.71953125 0.11484375 0.084375
8 0.184375 0.8375 0.10390625 0.0828125
8 0.65390625 0.8375 0.11640625 0.08515625
8 0.4171875 0.8390625 0.10703125 0.0828125
8 0.8203125 0.71875 0.11171875 0.08125
8 0.88515625 0.8359375 0.1140625 0.0875
4 0.578125 0.95625 0.11171875 0.0875
8 0.346875 0.94296875 0.109375 0.0640625
8 0.11015625 0.94296875 0.11171875 0.065625