7 0.9565443265625 0.11569617031249999 0.8144293609375 0.11399974531249998 0.8137590078124999 0.081767675 0.226938228125 0 0.2278699515625 0.046990967187499996 0.2070889890625 0.035964206250000005 0.20373722187499999 0.1682853390625 0.1836266125 0.1699817640625 0.18496732031250002 0.3642224015625 0.0260935140625 0.3608295515625 0.0260935140625 0.42699011875000004 0 0.4263163078125 0.0013928453125 0.9945325640625 0.9994301999999999 0.9961484468749999 0.9984255515625 0.1736614421875 0.9565443265625 0.17252640156250001 0.9565443265625 0.11569617031249999
8 0.37265625 0.328125 0.04609375 0.0984375
8 0.578125 0.35546875 0.11484375 0.1671875
8 0.403125 0.6140625 0.12578125 0.1703125
8 0.58125 0.6125 0.12109375 0.17421875
8 0.8609375 0.61328125 0.1328125 0.171875
8 0.8640625 0.353125 0.13046875 0.165625
8 0.13125 0.6109375 0.11796875 0.1703125
2 0.10625 0.39296875 0.1609375 0.06875
2 0.58515625 0.146875 0.74296875 0.06015625
2 0.23053613125 0.04196434375 0.8132867140625001 0.1230746546875 0.8139342140625001 0.0821098515625 0.22869363125 0 0.23053613125 0.04196434375
4 0.4984375 0.87109375 0.0765625 0.1296875
5 0 0 0.002592125 0.057956196875 0.008196721875 0.0945961921875 0.0184718140625 0.1028697390625 0.0427583953125 0.11350715625 0.0436924953125 0.1395097328125 0.0343515015625 0.1572387625 0.025010509375 0.1619665046875 0.0007239265625 0.19387875625 0.0044603234375 0.21278972187499998 0.032483303125 0.1714219859375 0.038087898437500003 0.1714219859375 0.04462659375 0.224609075 0.039956096875 0.22579100937500002 0.024076409375 0.23761036406249997 0.003526225 0.244701975 0 0.2580873921875 0 0.3416206703125 0 0.380624534375 0.008196721875 0.400717434375 0.02874690625 0.3617135703125 0.0306151046875 0.343984540625 0.048362990625000005 0.323891640625 0.056769884375 0.3073445453125 0.0642426796875 0.2553393921875 0.0642426796875 0.2305187515625 0.0623744796875 0.1867871453125 0.0623744796875 0.169058115625 0.097870253125 0.1347819921875 0.1296296296875 0.1265084453125 0.1856755875 0.1194168328125 0.20155527499999998 0.10996135 0.254798934375 0.1194168328125 0.2828219140625 0.1513290859375 0.2846901125 0.164330375 0.313647190625 0.1832413390625 0.33513147499999996 0.1619665046875 0.334197375 0.1383277984375 0.33046097812499997 0.121780703125 0.3369996734375 0.0969600625 0.3444724671875 0.08986845 0.3239222828125 0.06977555156250001 0.314581290625 0.048500715625 0.322054084375 0.036681362499999995 0.322054084375 0.007132979687500001 0.31303442187499997 0 0 0
5 0.8825136609375 0.8640360734374999 0.885315959375 0.8545805906249999 0.8965251500000001 0.8474889781250001 0.9068002421875001 0.8403973671875 0.8909205546875001 0.8403973671875 0.88811825625 0.8297599484375 0.89745925 0.8226683375 0.9077343421874999 0.814394790625 0.89745925 0.814394790625 0.88811825625 0.803757371875 0.8871841578125 0.795483825 0.8815795625 0.7895741484375 0.8012470234375 0.803757371875 0.7993788234375 0.8805831671875 0.8049834203125 0.8794012312499999 0.8376768953125 0.8794012312499999 0.8516883843749999 0.8640360734374999 0.8694362718749999 0.8640360734374999 0.8825136609375 0.8640360734374999