7 1 0.0028931390625000003 0.9999746671875 0.0028676656250000002 0 0.003296325 0.036558075 0.0673008203125 0.005163934375 0.06799464375 0.001310315625 0.8412547984375 0.069116865625 0.852311678125 0.069116865625 0.9944715593750001 0.9340711640625001 0.9970304375 0.9324196515625 0.8558889031250001 1 0.8418531109374999 1 0.06764487500000001 0.9712637859375001 0.06764487500000001 1 0.0168700953125 1 0.0028931390625000003
2 0.503125 0.97421875 0.97578125 0.0421875
8 0.1484375 0.1796875 0.19921875 0.00703125
8 0.14609375 0.290625 0.20234375 0.01875
8 0.8578125 0.17734375 0.203125 0.0125
8 0.85703125 0.290625 0.19921875 0.01875
8 0.85625 0.403125 0.2046875 0.02265625
8 0.15234375 0.4046875 0.21484375 0.0203125
8 0.49569051562500005 0.5196733484375 0.2686654 0.5216399453125 0.249841709375 0.501973971875 0.0433515296875 0.50394056875 0.045062775 0.53196458125 0.49626092968749996 0.5334395296875 0.49569051562500005 0.5196733484375
8 0.958383228125 0.5015662625 0.7546059953124999 0.5004798375 0.7352786703125 0.52148405625 0.5075523625 0.5196733484375 0.5088128390625 0.53271045 0.958383228125 0.5323483078125 0.958383228125 0.5015662625
8 0.4949533546875 0.626849440625 0.2644575453125 0.6252810109375 0.25353932343749996 0.6106423249999999 0.0479128 0.6122107546875 0.045486528124999995 0.648284659375 0.496166490625 0.6493302796875 0.4949533546875 0.626849440625
8 0.9592567437499999 0.612878578125 0.7521381515625001 0.6116879453124999 0.732727978125 0.6258038203125 0.50769128125 0.6252810109375 0.5084749484375 0.6502690484375 0.95988545 0.6475595953125 0.9592567437499999 0.612878578125
8 0.044314515625 0.7643853890625001 0.4961459296875 0.766272821875 0.49468605312499997 0.7304115859375 0.0479642046875 0.7241201421875 0.044314515625 0.7643853890625001
8 0.72734375 0.746875 0.4390625 0.03828125
8 0.71640625 0.87578125 0.4109375 0.06171875
8 0.28828125 0.87421875 0.40859375 0.0671875
5 0.9991386734375001 0.541867371875 0.966718746875 0.537551146875 0.9206477968750001 0.521149496875 0.864561425 0.521149496875 0.8295074421875 0.5513630640625 0.8234981875 0.5884825890625 0.8124812218749999 0.5971150359374999 0.766410271875 0.5858928531250001 0.7493840515625 0.6135166859375001 0.7744226109375 0.6316448265625 0.8174889328124999 0.6273286031249999 0.8525429171875001 0.64114051875 0.8265028140625 0.6540891906249999 0.8174889328124999 0.654952434375 0.8059334015624999 0.6621352828125 0.7945573921875 0.6572327046875001 0.7734305171875 0.6495286515625 0.7636796515625 0.652330125 0.7539287859375 0.6376223890625 0.738489915625 0.6446260734375 0.7344270546875 0.6579330734375 0.7456538171875 0.651508265625 0.7430171031249999 0.6552959703125001 0.73862258125 0.665144009375 0.7280757265625 0.6696892562500001 0.740380390625 0.6939305796874999 0.75795848125 0.688627790625 0.758837384375 0.7007484500000001 0.7280757265625 0.71665681875 0.7222384734375 0.7370747015625 0.72192339375 0.76362438125 0.7430171031249999 0.774229959375 0.75880421875 0.757385384375 0.7734305171875 0.769291646875 0.7774933765625 0.771392753125 0.801870540625 0.7587861218749999 0.82218484375 0.7587861218749999 0.833560853125 0.7671905421874999 0.841686575 0.769291646875 0.8473745796875001 0.76298833125 0.86281345 0.771392753125 0.8733768875000001 0.76578980625 0.8945037625 0.7671905421874999 0.89858320625 0.7462009296875001 0.9302569359374999 0.7545839109375 0.9595095312499999 0.770692384375 0.98794955625 0.794504909375 0.9991386734375001 0.8045316124999999 0.9991386734375001 0.756685015625 0.9991386734375001 0.74467543125 0.9991386734375001 0.7369606875 0.9991386734375001 0.7248752609375 0.9991386734375001 0.7102001 0.9991386734375001 0.6704908406250001 0.9991386734375001 0.541867371875