7 0.029377903125 1 0.98803483125 0.9297937765625001 0.9903840125000001 0.41966892343750006 0.9808605296874999 0.3473832765625 0.9644382078125 0.29063742812500004 0.9281100390624999 0.22648994843749998 0.874996403125 0.1683838 0.8283043421875 0.12858943437499998 0.7824994937499999 0.0986893140625 0.7202812421875 0.06992464375 0.667605665625 0.051757484374999996 0.5874471812500001 0.0305624625 0.5190522140625 0.027405574999999998 0.5193645203125 0.0063481843750000004 0.465491771875 0.0055740140624999995 0.46498935 0.025079196874999998 0.45234291875 0.025079196874999998 0.32787540000000004 0.0422386484375 0.2480031953125 0.07061774062500001 0.1588125671875 0.1253959875 0.0822683703125 0.201293559375 0.039004259375 0.25805174218750004 0.0090521828125 0.3398891234375 0.00323433125 0.4018538078125 0.0048073234375 1 0.029377903125 1
8 0.68009740625 0.0899589046875 0.611587065625 0.070453796875 0.5695312125 0.0644004875 0.5715661734374999 0.2769389078125 0.7282581421875001 0.275593728125 0.722153259375 0.1094640125 0.68009740625 0.0899589046875
8 0.8177964093750001 0.1679793375 0.8035516843750001 0.155200128125 0.7974468031249999 0.27492113906250004 0.9127612390625 0.275593728125 0.8863067499999999 0.23322056249999998 0.8456075375 0.192192575 0.8177964093750001 0.1679793375
8 0.6482163562500001 0.41818279687500004 0.7282581421875001 0.423563515625 0.72961478125 0.29442624687499996 0.5756360953125 0.2957714265625 0.5715661734374999 0.3502512125 0.646181396875 0.3542867515625 0.6482163562500001 0.41818279687500004
8 0.928362603125 0.3092232265625 0.9195444390624999 0.2950988375 0.8049083250000001 0.29442624687499996 0.8015167234374999 0.421545746875 0.957530371875 0.42020056562499997 0.95617373125 0.375137040625 0.940572365625 0.33276387500000004 0.928362603125 0.3092232265625
8 0.87890625 0.55078125 0.15390625 0.13203125
8 0.6425058046875 0.6109144359374999 0.722153259375 0.6132338796875 0.72079661875 0.49418546093750004 0.5734165734375 0.4931884578125 0.56972058125 0.55773628125 0.6402073234375 0.5546975296875 0.6425058046875 0.6109144359374999
8 0.3531364125 0.35080104375 0.42729179375 0.35015321250000003 0.428598496875 0.29314399375 0.2691807625 0.29282007656250003 0.27212084375 0.41817557499999997 0.35150303437499997 0.417851659375 0.3531364125 0.35080104375
8 0.0379965015625 0.3887779203125 0.0362857171875 0.4188878 0.193250103125 0.41719146875 0.19196701562500001 0.2929352046875 0.0662244296875 0.2929352046875 0.057670510937499996 0.311170765625 0.0474058109375 0.34849005312500003 0.0379965015625 0.3887779203125
8 0.1171875 0.55234375 0.1609375 0.1265625
8 0.34978679375 0.7450074843750001 0.42593668281249997 0.7467121062500001 0.4229227875 0.6852118078125 0.2732292328125 0.6843636421875 0.2740846234375 0.8107403203124999 0.35106988125 0.8098921546875 0.34978679375 0.7450074843750001
8 0.11796875 0.746875 0.15625 0.12421875
4 0.425916659375 0.8798658203124999 0.3478624671875 0.8794878562499999 0.3487850453125 0.980114065625 0.42506126718750004 0.973588121875 0.425916659375 0.8798658203124999
8 0.3548305015625 0.5490089796875 0.42598509062499995 0.5490089796875 0.4226865328125 0.490136528125 0.2742514625 0.48966928593750003 0.2723665734375 0.6162917828125 0.3529456109375 0.6153573 0.3548305015625 0.5490089796875
8 0.651904928125 0.80738688125 0.727006346875 0.80738688125 0.7282375171875 0.6816475515625 0.5761879249999999 0.6792060109375 0.5761879249999999 0.744517215625 0.6494425875000001 0.746348371875 0.651904928125 0.80738688125
8 0.87890625 0.746875 0.15546875 0.12421875
2 0.3921875 0.3859375 0.07890625 0.0703125
2 0.39140625 0.5875 0.0796875 0.0703125
2 0.38515625 0.7828125 0.07890625 0.0671875
2 0.60625 0.58515625 0.07265625 0.0546875
2 0.61015625 0.7765625 0.0703125 0.05859375
2 0.61015625 0.38515625 0.06796875 0.0640625
5 0.883463196875 0.812231734375 0.91870656875 0.8228673671875001 0.9478206578125 0.8228673671875001 0.9378605734375001 0.8099526718750001 0.91027880625 0.800836415625 0.898786403125 0.787921721875 0.9225373703124999 0.7742473390625 0.947054496875 0.775766715625 0.9608453812500001 0.7696892109375 0.9478206578125 0.7636117078125 0.9501191390624999 0.7522163890625 0.9309651328124999 0.743100134375 0.9455221765624999 0.73778231875 0.966208503125 0.7271466890625 0.9370944140624999 0.7172707453125 0.9516514578124999 0.70435605 0.9623777015625 0.6876429171875 0.9493529781250001 0.6800460375 0.9562484203125001 0.6747282218749999 0.970039303125 0.6724491578125 0.9822978671874999 0.67017009375 0.9937902718749999 0.6610538390625 0.983064028125 0.6534569593749999 0.9761685859375 0.6496585203125 0.9715716234375 0.6443407046875 0.9861286687499999 0.6344647609375 0.9989350375000001 0.611674125 0.9989350375000001 0.596527434375 0.9815317078125 0.60027880625 0.9623777015625 0.6101547484375 0.9493529781250001 0.6063563078125 0.9401590546874999 0.6040772453125001 0.9508852984375 0.5942013015625001 0.9631438609374999 0.5888834875 0.9600792203124999 0.5828059828125001 0.955482259375 0.572930040625 0.9593130609375 0.561534721875 0.9692731437500001 0.5425425234375 0.980765546875 0.527348765625 0.9754024265625001 0.517472821875 0.961611540625 0.5265890765625 0.9447560156250001 0.5440619 0.9393928953125 0.572930040625 0.9233035296875001 0.589643175 0.9225373703124999 0.5805269203125001 0.92483585 0.55697659375 0.9148757671875 0.540263459375 0.9125772859374999 0.5364650203125 0.9202388890625001 0.5258293890625 0.9210050484375 0.518232509375 0.913343446875 0.5030387515625 0.9240696906249999 0.49468218437499994 0.9110449656249999 0.49468218437499994 0.8957217609375 0.5030387515625 0.8972540812500001 0.4893643703125 0.9087464859375001 0.48328686562499995 0.9125772859374999 0.4772093625 0.9018510421875 0.4680931078125 0.907214165625 0.4627752921875 0.9164080875 0.4589768515625 0.927900490625 0.454418725 0.9256020109374999 0.436945903125 0.9118111250000001 0.43466683906250003 0.898786403125 0.413395578125 0.9087464859375001 0.404279321875 0.8934232796874999 0.3822483734375 0.8826970375000001 0.42099245625000004 0.8750354343750001 0.4521396609375 0.8604783906250001 0.4589768515625 0.866607671875 0.48176749062499996 0.8719707937500001 0.4969612484375 0.871204634375 0.5075968796875 0.885761678125 0.5258293890625 0.8849955171874999 0.5357053328125 0.85511526875 0.5144340703125 0.8413243843749999 0.517472821875 0.8489859875000001 0.53266658125 0.854349109375 0.5364650203125 0.8597122296874999 0.549379715625 0.8574137500000001 0.561534721875 0.840558225 0.563054096875 0.8305981421874999 0.585085046875 0.8359612625 0.594960990625 0.8390259046875 0.6238291312500001 0.832896621875 0.6344647609375 0.8282996609375 0.6147128765625001 0.8152749359374999 0.589643175 0.8053148531250001 0.596480365625 0.8083794937500001 0.6109144359374999 0.8014840515625 0.62610819375 0.8045486937499999 0.6413019531249999 0.8152749359374999 0.6549763359375 0.8252350187499999 0.6747282218749999 0.824468859375 0.6967591703125 0.8229365390625001 0.7172707453125 0.8344289421875001 0.7522163890625 0.8267673390624999 0.7529760765625 0.7976532515625 0.7461388859375 0.7524497984375 0.743100134375 0.758579078125 0.744619509375 0.7807977265625 0.7514567015625 0.79152396875 0.7560148296875 0.79152396875 0.7674101484375 0.8068471734375 0.775766715625 0.8198718984375001 0.7833635937500001 0.8007178921874999 0.7924798484375 0.780031565625 0.80539454375 0.79152396875 0.810712359375 0.816041096875 0.8099526718750001 0.8344289421875001 0.8099526718750001 0.849752146875 0.8046348562500001 0.8620107109375 0.8076736078125 0.8696723125 0.8152704875 0.8727369546875 0.8172612765625 0.8774912531249999 0.8144327953125 0.883463196875 0.812231734375
5 0.203112909375 0.789441096875 0.19162050625 0.7780457796875 0.18625738281249998 0.7704489 0.15331249375 0.76057295625 0.17170033906249998 0.7461388859375 0.19008818593750001 0.7180304328125 0.1992821078125 0.709673865625 0.18702354375000002 0.7051157375 0.1709341796875 0.702836675 0.1801281015625 0.6997979234375 0.1939189859375 0.6846041640625 0.1762973 0.6876429171875 0.1655710578125 0.6838444765625 0.1854912234375 0.6640925906249999 0.19545130625 0.6504182078125 0.21077451093750002 0.6481391453125 0.22303307499999997 0.6496585203125 0.22073459374999999 0.6344647609375 0.21690379375000002 0.6230694437500001 0.22073459374999999 0.611674125 0.1778296203125 0.6192710031249999 0.1724665 0.6238291312500001 0.16480489843749999 0.6230694437500001 0.1571432953125 0.6093950609375 0.125730725 0.6033175578125001 0.13032768749999998 0.5934416140625001 0.13875545 0.573689728125 0.1548448140625 0.549379715625 0.16863569843749998 0.5205115734375 0.175531140625 0.5015193765625 0.1579094546875 0.51139531875 0.1402877703125 0.53494564375 0.1264968859375 0.5645734734375 0.12036760312499999 0.5683719125 0.116536803125 0.5653331609375 0.1157706421875 0.53418595625 0.11730296250000001 0.48252717812499996 0.116536803125 0.4680931078125 0.11117368125 0.45137997343749997 0.088188875 0.43846527812499997 0.0851242328125 0.4521396609375 0.08742271406249999 0.48328686562499995 0.0958504765625 0.4916434328125 0.1004474375 0.5007596875 0.0766964703125 0.4984806234375 0.0736318296875 0.5030387515625 0.0797611109375 0.5189921984375 0.08742271406249999 0.528868140625 0.0935519953125 0.545581275 0.08742271406249999 0.5372247078125 0.07286566875 0.53342626875 0.0659702265625 0.5387440828125001 0.0736318296875 0.5714106640625001 0.080527271875 0.584325359375 0.0766964703125 0.596480365625 0.06443790625 0.5919222390625001 0.050647021874999996 0.585844734375 0.0429854203125 0.584325359375 0.042219259375 0.60103849375 0.0498808609375 0.6329453859374999 0.0567763046875 0.6458600796875 0.058308625 0.6519375843749999 0.0460500609375 0.64661976875 0.0414530984375 0.6268678828125 0.0238314140625 0.6040772453125001 0.010806690625 0.5987594296875 0.006209728124999999 0.6169919390625 0.010040529687499999 0.6732088453125 0.0046774078125 0.7111932421875 0.013871331249999999 0.7734876515625 0.019234453125000002 0.7947589140625 0.03072685625 0.8076736078125 0.050647021874999996 0.8129914234375001 0.0690348671875 0.8190689265625 0.0820595921875 0.8274254937500001 0.063671746875 0.8289448687500001 0.039920779687500005 0.82666580625 0.0031450875 0.812231734375 0.000080446875 0.8213479906250001 0.020000614062499998 0.8395805 0.054477823437499996 0.85097581875 0.07516415 0.857053321875 0.08895503437499999 0.8578130109375 0.0981489578125 0.8585726984375001 0.10349155624999999 0.8578028359375001 0.1072949953125 0.852145875 0.1082458546875 0.851203046875 0.1579094546875 0.82666580625 0.18625738281249998 0.8091929828125 0.203112909375 0.789441096875
8 0.60859375 0.89921875 0.0375 0.0421875
8 0.3109375 0.934375 0.07421875 0.11015625