7 1 0.73137158125 0.9980209734375001 0.062942509375 0.7645162609375 0.067190596875 0.7673725874999999 0.0105494203125 0.508160934375 0.062942509375 0.5088742140625 0 0.26394499531250004 0.0615264796875 0.245378871875 0.001345228125 0.0118741578125 0.06030013125 0.0161586484375 0.9918578312499999 1 0.9794576296875 1 0.73137158125
8 0.12256702187499999 0.059200145312499994 0.022595585937500003 0.0861047046875 0.0233096671875 0.2121313265625 0.12399518437499998 0.190890884375 0.12256702187499999 0.059200145312499994
8 0.376780103125 0.063448234375 0.258956625 0.09035279375000001 0.264669278125 0.1717744875 0.376066021875 0.1944309578125 0.376780103125 0.063448234375
8 0.628850940625 0.059908160937499996 0.5010303171875 0.08681272031250001 0.5060288890625 0.1661103703125 0.628850940625 0.19372294375000002 0.628850940625 0.059908160937499996
8 0.8659260609375 0.09389286718749999 0.7663200125 0.09643160625 0.7653462640625001 0.1727041015625 0.86806830625 0.190890884375 0.8659260609375 0.09389286718749999
8 0.7438180921875001 0.240451915625 0.629565021875 0.21354735625000001 0.6274227765625 0.34099000625000003 0.7431040109375 0.326121696875 0.7438180921875001 0.240451915625
8 0.50243436875 0.240287325 0.381689646875 0.21711593437499999 0.376066021875 0.34453008125 0.49756563125 0.3242836171875 0.50243436875 0.240287325
8 0.23682009218750003 0.2319557390625 0.14184722656249998 0.2277076515625 0.142561309375 0.334617875 0.2361060109375 0.31904155 0.23682009218750003 0.2319557390625
8 0.12042477656249999 0.359398390625 0.02759415625 0.3827628765625 0.032592728125 0.5031253796875 0.1261374296875 0.48825707031250004 0.12042477656249999 0.359398390625
8 0.374637859375 0.3629384625 0.25967070625 0.3799308171875 0.265383359375 0.48046890781249996 0.3717815328125 0.49108912968749996 0.374637859375 0.3629384625
8 0.3748734125 0.668958059375 0.2638661671875 0.668958059375 0.264839915625 0.7954352359375 0.37749418437500004 0.7905793578125 0.3748734125 0.668958059375
8 0.123281103125 0.6680928109375001 0.030450482812500002 0.6772970015625 0.0397335453125 0.7919953875 0.1268515109375 0.7884553140625 0.123281103125 0.6680928109375001
8 0.6238523687499999 0.661720678125 0.52483056875 0.67668185625 0.522883071875 0.7964007109375 0.6274227765625 0.7919953875 0.6238523687499999 0.661720678125
8 0.501460621875 0.5270332890625 0.3794988546875 0.513183734375 0.38080909687500003 0.640236653125 0.501460621875 0.6313045500000001 0.501460621875 0.5270332890625
8 0.6259383734374999 0.3639842640625 0.501460621875 0.378350196875 0.5043818640625 0.4806905078125 0.6257338625 0.493556028125 0.6259383734374999 0.3639842640625
8 0.7371075796875 0.5279987640625 0.6305813609375 0.5157269171875 0.629976846875 0.6426451125 0.7371075796875 0.6409592953125001 0.7371075796875 0.5279987640625
8 0.8607735453125 0.6737854328124999 0.76339876875 0.6718544828125 0.7653462640625001 0.7973661859375001 0.8654344 0.7958848265625 0.8607735453125 0.6737854328124999
8 0.9836665078125 0.5261654953125 0.8767203203125 0.5159569109375 0.875059665625 0.6433995625 0.9816737218749999 0.65262021875 0.9836665078125 0.5261654953125
8 0.8644314718749999 0.38390393125 0.7614512734375001 0.38510851874999996 0.7647921656250001 0.4813794484375 0.8650957343749999 0.4948811234375 0.8644314718749999 0.38390393125
8 0.9584125453125001 0.2364640015625 0.8789171874999999 0.21906219375 0.8792613218750001 0.344969390625 0.959444953125 0.35827665625 0.9584125453125001 0.2364640015625
8 0.24063532968749998 0.5273091390625 0.136583425 0.524274790625 0.1419390375 0.6418558078125 0.243695678125 0.635028521875 0.24063532968749998 0.5273091390625