7 0.9926007046875001 1 0.9951752640624999 0.57264465 0.9381084953125001 0.5714809375 0.9355145515625001 0.47722036093750003 0.9953395468749999 0.42991653281250003 0.9953395468749999 0.24331448125000002 0.9355145515625001 0.23749592812500003 0.9372438484375 0.1874563609375 0.9953395468749999 0.1092666296875 0.9953395468749999 0 0 0.007816821875000001 0.0051533015625 0.99739910625 0.44653359843749996 1 0.9926007046875001 1
8 0.15078125 0.1828125 0.1625 0.13125
8 0.375 0.171875 0.059375 0.0796875
8 0.53828125 0.17890625 0.05234375 0.071875
8 0.7765625 0.18828125 0.1265625 0.1078125
8 0.77578125 0.50859375 0.1265625 0.1265625
8 0.5359375 0.4953125 0.0578125 0.07578125
8 0.3796875 0.4953125 0.0609375 0.0890625
8 0.15234375 0.50390625 0.16484375 0.13515625
8 0.1484375 0.7453125 0.16015625 0.05703125
4 0.8625 0.88984375 0.18203125 0.2015625
4 0.496875 0.82109375 0.065625 0.12421875