7 0.9965126421875 0.3419883453125 0.9663850578125001 0.3417107578125 0.96669204375 0.3185781359375 0.7750195015625 0.3207091796875 0.7869499375 0.2669869125 0.7915385671874999 0.08737120625 0.6610103421875 0.0807129234375 0.6607268171875 0.0673061765625 0.6154300828125 0.0647774484375 0.6139523890625 0.0363793984375 0.058550396875 0 0.06277245000000001 0.034229090625 0.0019731109375 0.031328320312500005 0 0.96667530625 0.9965126421875 0.9651675484375 0.9965126421875 0.3419883453125
2 0.614342775 0.036001395312500004 0.06612567968750001 0.0013057921875 0.068150840625 0.0372109203125 0.61704139375 0.0645353609375 0.614342775 0.036001395312500004
2 0.9685779453125001 0.31707375937500004 0.774504065625 0.3197917421875 0.7679354125 0.3430455890625 0.9679807953124999 0.341837596875 0.9685779453125001 0.31707375937500004
2 0.6228278656249999 0.30046386875 0.4514457015625 0.2956319015625 0.44965425000000003 0.3312676671875 0.6210364140625 0.33670363124999997 0.6228278656249999 0.30046386875
8 0.54609375 0.8921875 0.08203125 0.103125
8 0.2578125 0.89375 0.0921875 0.1078125
8 0.115625 0.89375 0.0859375 0.11015625
8 0.40546875 0.73046875 0.06953125 0.04765625
8 0.26171875 0.72890625 0.08203125 0.05625
8 0.1125 0.728125 0.08984375 0.05625
2 0.85703125 0.7875 0.14140625 0.03046875
8 0.80625 0.7546875 0.03671875 0.0390625
8 0.88671875 0.7546875 0.05546875 0.03828125
2 0.884375 0.69765625 0.053125 0.02734375
2 0.8109375 0.69375 0.05234375 0.03125
8 0.88359375 0.665625 0.046875 0.034375
8 0.80078125 0.6625 0.05 0.02890625
8 0.8 0.57578125 0.04765625 0.02734375
8 0.8890625 0.57265625 0.05390625 0.0296875
8 0.71015625 0.57890625 0.04453125 0.03359375
2 0.7 0.63203125 0.08671875 0.03828125
8 0.7109375 0.484375 0.05546875 0.0234375
8 0.80234375 0.4828125 0.05078125 0.0234375
8 0.7984375 0.38984375 0.0484375 0.0171875
8 0.71328125 0.39140625 0.0484375 0.0140625
8 0.56484375 0.42578125 0.07421875 0.0578125
8 0.54609375 0.58828125 0.07578125 0.053125
8 0.4046875 0.284375 0.06796875 0.01796875
8 0.25859375 0.29609375 0.08046875 0.05
8 0.1140625 0.28984375 0.07890625 0.05078125
8 0.11796875 0.43359375 0.08828125 0.0546875
8 0.25625 0.44140625 0.07734375 0.04921875
8 0.25859375 0.58359375 0.078125 0.05390625
8 0.11484375 0.58203125 0.08203125 0.053125
8 0.4046875 0.58671875 0.075 0.0515625
8 0.41015625 0.89296875 0.0796875 0.10703125
8 0.2609375 0.14296875 0.078125 0.04296875
8 0.11484375 0.1390625 0.07109375 0.040625
2 0.1140625 0.1875 0.08359375 0.0609375
2 0.2625 0.19296875 0.08359375 0.059375
2 0.11640625 0.33984375 0.0796875 0.05078125
2 0.2609375 0.34375 0.08203125 0.0484375
2 0.40703125 0.3109375 0.07265625 0.03828125
2 0.11484375 0.48671875 0.0875 0.05078125
2 0.259375 0.48984375 0.084375 0.0484375
2 0.56640625 0.47734375 0.084375 0.05
2 0.7609375 0.4171875 0.16328125 0.03515625
2 0.759375 0.51171875 0.16875 0.03125
2 0.8515625 0.603125 0.16328125 0.0296875
2 0.71171875 0.6046875 0.0515625 0.01875
2 0.54765625 0.6375 0.08203125 0.0453125
2 0.40703125 0.634375 0.07734375 0.046875
2 0.25625 0.63125 0.078125 0.04375
2 0.1109375 0.63125 0.075 0.046875
2 0.11328125 0.78125 0.09140625 0.05078125
2 0.2609375 0.78125 0.08203125 0.04921875
2 0.40703125 0.78046875 0.07890625 0.04921875
5 0.964626703125 0.9312384390625 0.9433623234375 0.9183335484375 0.909339315625 0.911881103125 0.8646841171874999 0.9161827328125 0.8563366374999999 0.9995590828124999 0.9991281609374999 0.9995590828124999 0.9943968359375001 0.9387662921875 0.964626703125 0.9312384390625
5 0.62109375 0.93671875 0.0609375 0.12578125
5 0.02734375 0.9328125 0.04375 0.1328125
5 0.595408859375 0.91304781875 0.5822490171875 0.9280223624999999 0.572379134375 0.938837309375 0.5608642734375 0.9429969046875 0.5575743125 0.961299125 0.537834546875 0.9696183156249999 0.49342007812500005 0.9696183156249999 0.4753252953125 0.9662906390625 0.4703903546875 0.9513160968750001 0.44407066874999995 0.9463245812500001 0.437490746875 0.9563076109375 0.42762086562499996 0.9596352859374999 0.3963662375 0.9588033671874999 0.370046553125 0.955475690625 0.36346663125 0.9463245812500001 0.3667565921875 0.9346777140625001 0.36346663125 0.920535090625 0.345371846875 0.9255266046875 0.3272770640625 0.93051811875 0.3338569859375 0.9496522578125 0.3338569859375 0.9637948812499999 0.323987103125 0.9662906390625 0.2812176140625 0.9687863968749999 0.300957378125 0.9629629625 0.284507575 0.9538118531249999 0.2203533421875 0.9488203390625 0.19403365625 0.9479884203125 0.1973236171875 0.9321819578125 0.198968596875 0.9180393328124999 0.1907436953125 0.8989051937499999 0.1742938921875 0.89724135625 0.1627790296875 0.9014009515625 0.1627790296875 0.91138398125 0.1644240109375 0.9246946859375 0.1561991078125 0.9421649859375 0.143039265625 0.9479884203125 0.1265894625 0.952148015625 0.096979815625 0.952148015625 0.08546495312499999 0.9496522578125 0.0443404453125 0.952979934375 0.045985425 0.9979035640625 0.595408859375 0.9979035640625 0.595408859375 0.91304781875
5 0.4159863671875 0.7477152484375 0.42866767031249997 0.72687189375 0.43342315937500003 0.713243546875 0.4381786484375 0.6940035265625 0.42866767031249997 0.68358185 0.4270825078125 0.6723585062499999 0.45085995156249997 0.657928490625 0.435008321875 0.6499118171875 0.41915669375000003 0.6491101484375 0.39537925 0.650713484375 0.381112784375 0.64430014375 0.355750178125 0.6362834703125 0.36367599375 0.622655121875 0.3652611546875 0.60582010625 0.36684631875 0.5945967609375 0.355750178125 0.580166746875 0.34465403906250003 0.5785634125 0.328802409375 0.5849767515625001 0.33672822343750003 0.596200096875 0.3224617578125 0.6106301109375 0.3462392015625 0.6186467859375 0.3208765953125 0.6282667953125001 0.2923436640625 0.6378868046874999 0.287588175 0.646705146875 0.2701513828125 0.66033349375 0.26381073125 0.669953503125 0.2812475234375 0.6731601734375 0.2939288265625 0.6907968578125 0.2970991515625 0.6980118640625 0.2939288265625 0.7036235375000001 0.2669810578125 0.6956068625 0.2416184515625 0.6907968578125 0.22576682187500002 0.6956068625 0.28600301250000004 0.72687189375 0.2970991515625 0.7332852328125 0.328802409375 0.7629469296875 0.3066101296875 0.755731921875 0.28600301250000004 0.7300785640624999 0.2574700796875 0.728475228125 0.2447887765625 0.73088023125 0.24954426562499998 0.7493185828125 0.2828326859375 0.7565335906249999 0.2844178484375 0.7669552671875 0.24320361406250002 0.7613435953125001 0.24320361406250002 0.767756934375 0.2542997546875 0.7845919515625 0.26222556875 0.8006252999999999 0.3192914328125 0.8270803265625 0.357335340625 0.83189033125 0.382697946875 0.832692 0.41757152968750005 0.8086419749999999 0.436593484375 0.782988615625 0.435008321875 0.7653519328125 0.4159863671875 0.7477152484375
5 0.0204882296875 0.638398290625 0.022944115625 0.6508184906250001 0.0266279453125 0.6588916218749999 0.0511868078125 0.6601336421874999 0.052414749999999996 0.66882778125 0.068378009375 0.677521921875 0.06592212343750001 0.6731748515625 0.062238295312500004 0.6607546515625 0.058554465624999996 0.6483344515625 0.048730920312499995 0.6359142515625 0.0389073765625 0.6340512203124999 0.0192602875 0.622873040625 0.037679432812500004 0.6185259703125 0.0671500671875 0.62535708125 0.08188538437500001 0.6328092015625 0.09784864374999999 0.64088233125 0.118723675 0.6526815218750001 0.138370765625 0.6520605109375001 0.135914878125 0.6452294015625 0.1064442453125 0.622873040625 0.09539275781249999 0.6147999109375 0.12117956249999999 0.613557890625 0.102760415625 0.6030007203125 0.1003045296875 0.5943065796875 0.11381190468749999 0.5880964796875 0.1125839609375 0.579402340625 0.101532471875 0.582507390625 0.0941648140625 0.588717490625 0.070833896875 0.5955486 0.061010351562499995 0.5899595093750001 0.0880251 0.582507390625 0.0941648140625 0.5750552703125 0.070833896875 0.5812653703125 0.0634662375 0.5831284 0.024172059375 0.5893385 0.0327676609375 0.5849914296875001 0.030311775000000003 0.573192240625 0.0217161734375 0.5719502203125 0.008208799999999999 0.5719502203125 0 0.6262307500000001 0.0045249703124999995 0.6278411203125 0.0204882296875 0.638398290625