7 0 0 0 1 0.9982342546874999 1 0.9982342546874999 0.0733694046875 0.9201597906250001 0.06960639375 0.9189942828125 0 0 0
8 0.2121991265625 0.16401353125 0.156696921875 0.1606971109375 0.13552863906249998 0.12172918125000001 0.13552863906249998 0.35636586718749996 0.2124572765625 0.35636586718749996 0.2121991265625 0.16401353125
8 0.271875 0.2171875 0.096875 0.27421875
8 0.16640625 0.534375 0.096875 0.26953125
8 0.228125 0.53515625 0.00859375 0.271875
8 0.3765625 0.53671875 0.09609375 0.2703125
8 0.5859375 0.53125 0.09921875 0.26953125
8 0.578125 0.26015625 0.08515625 0.1828125
8 0.79765625 0.5328125 0.09921875 0.26875
8 0.69375 0.215625 0.0953125 0.2609375
8 0.81796875 0.21484375 0.059375 0.2734375
8 0.3953125 0.21953125 0.06171875 0.2671875
8 0.43671875 0.2203125 0.00859375 0.27421875
2 0.58359375 0.309375 0.09765625 0.09921875
2 0.1640625 0.31015625 0.103125 0.09765625
4 0.846875 0.8640625 0.03984375 0.2453125
5 0.45676189687499996 0.7355678359375 0.4513288359375 0.71666424375 0.4454430203125 0.7050312625 0.4431792453125 0.6672240796875 0.45087608125 0.65268285625 0.4626477109375 0.6163297953125 0.4581201609375 0.6046968140625 0.451781590625 0.5727061203125 0.440462715625 0.5785226125 0.43502965624999995 0.5857932234375001 0.42642731093749997 0.56688963125 0.42099425 0.5727061203125 0.4078643546875 0.5581648984375 0.403789559375 0.57416024375 0.4065060890625 0.6192380390625 0.40062027499999997 0.6366875078125 0.39382895 0.6584993453125 0.399262009375 0.6774029374999999 0.3974509890625 0.7006688953125 0.3942817046875 0.742838446875 0.39563996874999996 0.76610440625 0.3988092546875 0.7922786109375 0.403789559375 0.8126363234375 0.4101281296875 0.8111822015625 0.41556119062499997 0.8271775484375 0.423258025 0.8460811406250001 0.424053996875 0.8460576859375 0.4288006234375 0.8338618203125 0.4318603703125 0.8329940375 0.43140761562499996 0.7980951000000001 0.443632 0.7544714265625 0.45676189687499996 0.7355678359375
5 0.6663874671875 0.712301875 0.6700095078125 0.6904900390625001 0.671820528125 0.6759488140625 0.680875628125 0.69485240625 0.6863086890625001 0.6919441625 0.6926472578125 0.70939363125 0.6953637890625 0.7050312625 0.69581654375 0.6919441625 0.69808031875 0.6614075890625 0.70260786875 0.6497746109375 0.6953637890625 0.6163297953125 0.6849504234375 0.6090591828125 0.6894779734375 0.6017885703125 0.68676144375 0.58143085625 0.6786118531249999 0.5901555921875 0.666840221875 0.5697978765625 0.6586906328125 0.58143085625 0.6586906328125 0.5610731421875 0.64737175625 0.5654355109375 0.635147371875 0.571252 0.627903290625 0.59597208125 0.616584415625 0.6250545296875 0.612056865625 0.6541369796875001 0.609793090625 0.6774029374999999 0.61341513125 0.6933982828125 0.6111513562499999 0.6992147734375 0.6088875812500001 0.7181183640625 0.6211119671875001 0.7341137125 0.6301670671874999 0.71666424375 0.637411146875 0.70939363125 0.6356001265625 0.75883379375 0.6365056375 0.7951868546874999 0.63831665625 0.838810528125 0.6414494296875 0.8308128546875 0.6469931734375 0.838726165625 0.6505410421875 0.7850079984375 0.6541630828125 0.7850079984375 0.6641236921875 0.7719208953125001 0.6654819578125 0.7413843250000001 0.662765428125 0.7079395078124999 0.6663874671875 0.712301875
5 0.894123240625 0.6759488140625 0.8968397703125 0.6657699578125 0.9117806859375 0.6614075890625 0.9298908859375 0.6046968140625 0.9348711906249999 0.5785226125 0.9262688453125 0.5727061203125 0.916760990625 0.53199069375 0.9086114000000001 0.5043623671875 0.8932177296875 0.5232659578125001 0.8728437546875 0.5363530609375 0.8660524296875 0.5450777953125 0.8470367187500001 0.5654355109375 0.84250916875 0.5683437546875 0.8302847828125 0.6032426937500001 0.8257572328125 0.6105133046875 0.8157966234374999 0.6221462859375 0.8076470328124999 0.6366875078125 0.7990446875 0.6570452234374999 0.8090052968749999 0.6788570609375 0.8216824375 0.6977606515625 0.8216824375 0.7210266109375 0.83798161875 0.7530173046875 0.8470367187500001 0.782099753125 0.8547335531250001 0.8068198343749999 0.8574500828125 0.8460811406250001 0.865135684375 0.8512746046874999 0.8635914859374999 0.8430087203125 0.8730847374999999 0.8399597546875001 0.8714854890625 0.8591682421875 0.880087834375 0.7646502828124999 0.8859736500000001 0.7297513453125 0.894123240625 0.6759488140625
5 0.2267623484375 0.6744946921875 0.23128989843749997 0.6337792640625 0.23310091875 0.59597208125 0.23581744843750002 0.556710775 0.22857336875 0.5494401625 0.22087653437500002 0.5625272640625 0.2177072484375 0.56688963125 0.2086521484375 0.5232659578125001 0.2009553125 0.5276283265624999 0.18420337656250002 0.5232659578125001 0.179223071875 0.54653191875 0.1760537875 0.5494401625 0.1593018515625 0.5407154296875001 0.149341240625 0.5261742046875 0.147077465625 0.5334448171874999 0.14345542656250002 0.5348989375000001 0.13213655156249998 0.52472008125 0.125345225 0.5378071828125 0.1262507359375 0.5756143671875 0.1271562453125 0.58870146875 0.12489247031249999 0.6032426937500001 0.1339475703125 0.6439581203125 0.14164440625000002 0.6584993453125 0.1583963421875 0.6788570609375 0.163376646875 0.6861276703125 0.165640421875 0.6919441625 0.15658532187500002 0.7064853859375 0.145266446875 0.6977606515625 0.1430026703125 0.73702195625 0.1525105265625 0.7486549375 0.1624711375 0.7341137125 0.1760537875 0.7399302015625 0.18329786718750002 0.7704667734374999 0.1946167421875 0.814090446875 0.1968805171875 0.8242693046875 0.200013290625 0.8674004515625 0.20760789062499999 0.8369107859374999 0.20752176718749998 0.8385812781249999 0.21182143281250002 0.8068198343749999 0.21453796406249998 0.7879162421875 0.2213292890625 0.7312054671875 0.2249513296875 0.6933982828125 0.2267623484375 0.6744946921875