7 0.1098726109375 0 0.1151804671875 0.044468225 0 0.046630996875000004 0.0120564140625 0.11833422499999999 0.00322485625 0.9899338015625 0.9907536265625 0.982590040625 0.999203821875 0.0629402984375 0.8878525937499999 0.0576957375 0.9181542046875 0 0.1098726109375 0
8 0.0796875 0.1890625 0.0671875 0.0921875
8 0.2 0.18828125 0.065625 0.10390625
8 0.31875 0.19296875 0.0671875 0.09375
8 0.4421875 0.190625 0.0625 0.0984375
8 0.5609375 0.1875 0.0671875 0.09609375
8 0.68125 0.18828125 0.065625 0.09453125
8 0.80078125 0.1859375 0.0609375 0.0921875
8 0.9265625 0.1859375 0.065625 0.09140625
8 0.92265625 0.32578125 0.065625 0.10234375
8 0.8015625 0.32890625 0.065625 0.09609375
8 0.6796875 0.328125 0.0671875 0.096875
8 0.55703125 0.321875 0.06875 0.103125
8 0.4375 0.32578125 0.0671875 0.1015625
8 0.3171875 0.3296875 0.06484375 0.096875
8 0.196875 0.32890625 0.07265625 0.0984375
8 0.07890625 0.3296875 0.06328125 0.09375
8 0.08125 0.47734375 0.065625 0.1046875
8 0.19296875 0.46875 0.06796875 0.096875
8 0.31875 0.46953125 0.07265625 0.1046875
8 0.43671875 0.46875 0.06796875 0.09921875
8 0.55703125 0.475 0.06640625 0.0984375
8 0.67890625 0.471875 0.065625 0.096875
8 0.80078125 0.4734375 0.0671875 0.1015625
8 0.91953125 0.47109375 0.071875 0.11015625
8 0.92578125 0.61796875 0.0625 0.0984375
8 0.921875 0.75703125 0.06171875 0.084375
8 0.8 0.75859375 0.06171875 0.0921875
8 0.7984375 0.61328125 0.06171875 0.09296875
8 0.68046875 0.609375 0.06796875 0.103125
8 0.68046875 0.75703125 0.06328125 0.09609375
8 0.55703125 0.6125 0.06953125 0.09140625
8 0.559375 0.75625 0.0671875 0.09921875
8 0.434375 0.61171875 0.06953125 0.08671875
8 0.4359375 0.759375 0.065625 0.09140625
8 0.315625 0.6125 0.0578125 0.0953125
8 0.3171875 0.7546875 0.06328125 0.08828125
8 0.19375 0.60625 0.0625 0.0921875
8 0.19609375 0.75234375 0.06640625 0.09921875
8 0.0796875 0.6125 0.06953125 0.10390625
8 0.0796875 0.75625 0.06484375 0.10078125
4 0.14375 0.92421875 0.175 0.12578125
4 0.37734375 0.91875 0.17421875 0.12890625
4 0.6171875 0.92421875 0.18515625 0.11640625
4 0.8640625 0.92421875 0.18515625 0.11875