7 0 0 0.0013763765625 0.9625244140625 0.11092772343749999 0.96484375 0.9966206515625 0.96484375 0.998157578125 0 0.6163954656249999 0.0026874390625 0.6156194953125 0.031454396875 0.521727153125 0.031454396875 0.5085356671875 0.0011733890625 0.37662080625 0.0011733890625 0.3758448375 0.032968446875 0.288160253125 0.032968446875 0.2718669671875 0 0 0
8 0.17421875 0.1390625 0.04921875 0.203125
8 0.0984375 0.12265625 0.0734375 0.071875
8 0.3234375 0.10625 0.1046875 0.08984375
8 0.565625 0.1140625 0.10546875 0.08515625
8 0.79921875 0.11484375 0.09921875 0.0828125
8 0.89609375 0.13984375 0.05 0.1875
8 0.95 0.37109375 0.05 0.19921875
8 0.803125 0.3359375 0.1 0.10234375
8 0.334375 0.34296875 0.0875 0.0890625
8 0.465625 0.37109375 0.04765625 0.196875
8 0.571875 0.34375 0.09453125 0.08125
8 0.7078125 0.37109375 0.05234375 0.19296875
8 0.80234375 0.56328125 0.10234375 0.11171875
8 0.896875 0.60703125 0.05 0.2015625
8 0.9140625 0.83046875 0.08984375 0.18046875
8 0.80546875 0.84140625 0.1140625 0.18515625
8 0.709375 0.8359375 0.0484375 0.19921875
8 0.56953125 0.79453125 0.1046875 0.10625
8 0.46875 0.83515625 0.04921875 0.20390625
8 0.3328125 0.79609375 0.0921875 0.10625
8 0.1765625 0.6046875 0.04921875 0.20625
8 0.08515625 0.56875 0.09140625 0.10703125
8 0.0890625 0.340625 0.0875 0.10234375
8 0.22734375 0.37109375 0.04453125 0.2015625
8 0.228125 0.8359375 0.05 0.20390625
8 0.41484375 0.60859375 0.05546875 0.1890625
8 0.33046875 0.5671875 0.0859375 0.10703125
8 0.56640625 0.56953125 0.096875 0.10078125
2 0.07734375 0.90234375 0.1140625 0.096875
2 0.07734375 0.6640625 0.11328125 0.08515625
2 0.07578125 0.196875 0.11875 0.07578125
2 0.32265625 0.19453125 0.10859375 0.0921875
2 0.56640625 0.1984375 0.109375 0.0828125
2 0.8015625 0.19765625 0.10625 0.08125
2 0.803125 0.42890625 0.103125 0.07734375
2 0.57109375 0.428125 0.0953125 0.090625
2 0.32578125 0.43203125 0.10546875 0.08359375
2 0.078125 0.43515625 0.11328125 0.08984375
2 0.3234375 0.665625 0.10859375 0.0875
2 0.56328125 0.66328125 0.10546875 0.08359375
2 0.565625 0.89609375 0.1109375 0.09140625
2 0.8046875 0.6640625 0.10546875 0.08671875
2 0.32578125 0.89375 0.10546875 0.08828125
8 0.08828125 0.79375 0.08515625 0.1171875
8 0.65703125 0.60546875 0.0515625 0.215625