7 0.3020820609375 0.9959496828125 0.3686590875 0.9963196640625 0.427372365625 0.9896210609375 0.462005459375 0.9852397093749999 0.520066821875 0.9886474281250001 0.55368129375 0.99448923125 0.6274090375 0.9963196640625 0.68610194375 0.9896210609375 0.747219165625 0.9808583562500001 0.8103736296875 0.9789110875 0.8888073999999999 0.9808583562500001 0.9493949390624999 0.9831935062499999 0.9493949390624999 0.3445885421875 0.9152915296874999 0.33972037187500004 0.898993603125 0.2233711109375 0.875565334375 0.21947657343750002 0.8786211953124999 0.20146434531250001 0.8490812046875 0.20535888125 0.8490812046875 0.1157845546875 0.8358391390625 0.114324103125 0.82667155625 0.09777232500000001 0.813429490625 0.0958250578125 0.8185225921875 0.018907971875 0.8012060468750001 0.0237761421875 0.8073177687499999 0.00771118125 0.7052705265625 0.004410940625 0.58454416875 0.0009969 0.5316817390625 0.003386728125 0.46810395312499997 0.0037281328125 0.40809795312499997 0.0006554953124999999 0.3866672375 0.0003140921875 0.27737059375 0.007483578124999999 0.2159358796875 0.0081663875 0.13735659218750002 0.007483578124999999 0.1337848078125 0.007483578124999999 0.1323560921875 0.0272850171875 0.08520852031250001 0.024553784375000002 0.09306645 0.11331885781249999 0.0630634484375 0.112977453125 0.0644921640625 0.221543965625 0.0394896640625 0.22188537031250002 0.0409183765625 0.34274243125 0.0130584484375 0.34581506875 0.0138124921875 0.97404291875 0.08511591874999999 0.9725824671875 0.19410829999999998 0.9774506359374999 0.263374484375 0.9837792578125001 0.3020820609375 0.9959496828125
2 0.257979421875 0.22714002500000002 0.38084885 0.223043175 0.4529989234375 0.2254330046875 0.5794401390624999 0.22338457968749997 0.5944416390625 0.22201896250000003 0.7208828546875 0.2257744078125 0.8894711421875 0.224750196875 0.8873280703124999 0.21109403124999998 0.809463140625 0.20904560625 0.6808788531250001 0.2083627984375 0.5930129234375 0.20392454375 0.48585935156250004 0.20699718125 0.38013449375 0.20563156562499998 0.233691278125 0.20733858593750001 0.105821346875 0.2093870109375 0.10082084843750001 0.2257744078125 0.1236802765625 0.2278228328125 0.257979421875 0.22714002500000002
2 0.595870353125 0.34902129843749996 0.9244746421875 0.3459486609375 0.9223315703124999 0.3234159890625 0.5951559953125 0.3254644140625 0.3758483515625 0.32717143437499996 0.2422635640625 0.326147221875 0.0722465625 0.3244402015625 0.0765327046875 0.34765568125 0.3787057796875 0.34970410625000004 0.595870353125 0.34902129843749996
2 0.2529789203125 0.45417376875000004 0.1590532734375 0.4539147734375 0.158683778125 0.49172822343749995 0.2565507078125 0.49309383906250004 0.2529789203125 0.45417376875000004
2 0.5378596265625 0.45495075781249994 0.5167408046874999 0.454281534375 0.43651944218749994 0.4554687515625 0.4376032953125 0.49121023125 0.5367757734375 0.48991524999999997 0.5378596265625 0.45495075781249994
2 0.8131580906250001 0.4528787875 0.7139856124999999 0.4536557765625 0.7194048734375 0.48810227656249994 0.8147838703125 0.4868072953125 0.8131580906250001 0.4528787875
2 0.8131580906250001 0.5647651609375 0.7188629484375 0.5673551234375 0.718321021875 0.6007656375 0.8131580906250001 0.5992116609375 0.8131580906250001 0.5647651609375
2 0.535691921875 0.56942709375 0.4338098125 0.56942709375 0.43543559062500004 0.604909578125 0.5351499953125 0.6041325890625 0.535691921875 0.56942709375
2 0.258767678125 0.568391109375 0.1595951984375 0.5658011468749999 0.158511346875 0.60206061875 0.25768382500000003 0.60465058125 0.258767678125 0.568391109375
2 0.256599971875 0.6831264406249999 0.1612209765625 0.68027748125 0.161762903125 0.7123930140625 0.2538903421875 0.71990390625 0.256599971875 0.6831264406249999
2 0.5318984390625 0.68468041875 0.4300163296875 0.68468041875 0.43110018125 0.7201629015625 0.5318984390625 0.7188679203125 0.5318984390625 0.68468041875
2 0.815601140625 0.6785544406249999 0.7202192625 0.6833086749999999 0.7184637671874999 0.71351204375 0.8150159765625 0.7098764531249999 0.815601140625 0.6785544406249999
2 0.8143099546875 0.7938395921875 0.720515715625 0.7976099984375 0.71788596875 0.8288205937500001 0.8138716640625001 0.82484071875 0.8143099546875 0.7938395921875
2 0.5354251921875 0.801753940625 0.433789675 0.7979320015625 0.4348571953125 0.8337961109375 0.534953040625 0.8335704609375 0.5354251921875 0.801753940625
2 0.25742834531250003 0.7985803015624999 0.15954100625 0.7949321546875 0.161337103125 0.825190315625 0.25742834531250003 0.8288384609375001 0.25742834531250003 0.7985803015624999
4 0.48203125 0.9265625 0.115625 0.11796875
4 0.8179720140625 0.8794077625 0.7154617640625001 0.883888690625 0.711086325 0.977689475 0.8154717640625 0.9714161750000001 0.8179720140625 0.8794077625
4 0.2532597453125 0.8795852671875 0.1563750578125 0.8715195953125001 0.1582502453125 0.9611381781249999 0.2563850578125 0.9671127515625001 0.2532597453125 0.8795852671875
8 0.484375 0.30078125 0.09453125 0.04609375
8 0.25390625 0.3 0.0375 0.04453125
8 0.75234375 0.29921875 0.0921875 0.04609375
8 0.71796875 0.184375 0.08359375 0.0375
8 0.4921875 0.18515625 0.08671875 0.03828125
8 0.2671875 0.18515625 0.07734375 0.0375
8 0.4984375 0.08125 0.08125 0.03125
8 0.69140625 0.084375 0.078125 0.0296875
8 0.3015625 0.08203125 0.06953125 0.03359375
2 0.3624517046875 0.019521784375 0.39433894999999997 0.0162198953125 0.46661670937500005 0.025109596875 0.533579928125 0.0225696828125 0.57928498125 0.0162198953125 0.6069205953125001 0.01850581875 0.6882330750000001 0.023585648437500002 0.8030271625 0.025617579687499996 0.8019642546875 0.00809216875 0.765825375 0.006822210937500001 0.6467796531250001 0.00174238125 0.5856624312500001 0.000472425 0.5365998140625 0.001476178125 0.4678429390625 0.0019817203125 0.3305858234375 0.0044914375 0.2377122140625 0.007926065625000001 0.1393104140625 0.0073976609375 0.134457890625 0.0263795546875 0.2566923359375 0.027395520312499998 0.3624517046875 0.019521784375
2 0.3491653515625 0.108926784375 0.38052114375 0.1058788875 0.40975112031250005 0.108926784375 0.48628051250000004 0.11121270781249999 0.5617469953125 0.1091807765625 0.5718446234375001 0.10613287812500001 0.5883197015625 0.10714884375 0.6605974609375 0.110958715625 0.706302515625 0.112482665625 0.8269425968749999 0.11273665625 0.82641114375 0.097751159375 0.8210966031250001 0.09673519375 0.7227775921874999 0.097751159375 0.6621918234375 0.0972431765625 0.5830051609375 0.0908933890625 0.535174290625 0.0954652359375 0.43791818749999994 0.095719228125 0.38530423125 0.0914013734375 0.3395991765625 0.0954652359375 0.2115187359375 0.0990211171875 0.11213681718749999 0.09749716875 0.11001100156250002 0.11400661406249998 0.23065108437499998 0.11375262187499999 0.3491653515625 0.108926784375
8 0.20546875 0.42734375 0.09921875 0.04609375
8 0.490625 0.425 0.10390625 0.04609375
8 0.7671875 0.42734375 0.090625 0.0484375
8 0.7640625 0.5390625 0.09296875 0.0484375
8 0.484375 0.5390625 0.1015625 0.05234375
8 0.20234375 0.5375 0.09609375 0.04921875
8 0.4875 0.65625 0.10390625 0.04609375
8 0.48203125 0.7703125 0.103125 0.0515625
8 0.75859375 0.76796875 0.0875 0.04375
8 0.76328125 0.65625 0.0875 0.04375
8 0.20625 0.65546875 0.09140625 0.05234375
8 0.20390625 0.76875 0.08671875 0.05