7 0 0.58530510625 0.0413165734375 0.61574650625 0.0813662671875 0.61505465625 0.0821836078125 0.6600249078125 0 0.6586561609375 0.000842609375 0.7322654015625 0.0418344296875 0.7523132078125 0.0864699671875 0.75 0.088291825 0.93582774375 0.0391016421875 0.93582774375 0.0467183140625 0.9939393937500001 0.3779603453125 0.9920357421875 0.8084725531249999 0.9928127421875 0.8112263625 0.9788267296875001 0.9094455671875 0.978049728125 0.9076096937499999 0.8824786328125 0.9952267296875 0.880933534375 0.9952267296875 0.8086635578125 0.9140352484375001 0.8078865578125001 0.9140352484375001 0.7488344984374999 0.9479988984375 0.7496115 0.9952267296875 0.7314887328124999 0.9952267296875 0.6610334109375 0.9140352484375001 0.6618104125000001 0.9140352484375001 0.6167443671874999 0.9498347703125001 0.61829836875 0.9952267296875 0.5856972984375 0.9952267296875 0.5149572640625 0.9094455671875 0.5134032640624999 0.9168811515625 0.1761735 0.9003265921875 0.17145135625000002 0.6946387859375001 0 0.494127621875 0.168926103125 0.3006845875 0.003056884375 0.100332871875 0.17477405625 0.0821190796875 0.17371079218750002 0.0805489265625 0.21931645312499998 0 0.21931645312499998 0.00208421875 0.297495503125 0.0462206171875 0.349384253125 0.07809690312499999 0.350767953125 0.0805489265625 0.364604953125 0 0.366338390625 0.003564353125 0.43827160468750004 0.044901492187499996 0.479203803125 0.080779009375 0.479203803125 0.0830009484375 0.5105853046875 0 0.510004665625 0 0.58530510625
8 0.61171875 0.25703125 0.0546875 0.04453125
8 0.61171875 0.38984375 0.05703125 0.04375
8 0.6109375 0.52421875 0.05078125 0.04765625
8 0.609375 0.65703125 0.05703125 0.04375
8 0.61015625 0.79375 0.05625 0.0421875
8 0.61171875 0.9234375 0.06171875 0.05
5 0.3731503578125 0.905151515625 0.3941527453125 0.9067676765625 0.418973746875 0.9067676765625 0.426610978125 0.8663636359375 0.42088305468750004 0.84050505 0.43615751718749995 0.8275757578125 0.4647971359375 0.8219191921875 0.47529832968749997 0.8170707078125 0.447613365625 0.8001010093750001 0.41992840156250005 0.79444444375 0.41992840156250005 0.7726262625 0.38365155156249997 0.7685858578125 0.352147971875 0.7726262625 0.3511933171875 0.7637373734375 0.338782815625 0.7516161609374999 0.29677804218750004 0.7524242421875 0.27100238593750003 0.756464646875 0.2299522671875 0.7588888890625001 0.1707637234375 0.7524242421875 0.1421241046875 0.755656565625 0.1230310265625 0.7645454546875 0.106801909375 0.7831313125 0.129713603125 0.80818181875 0.1421241046875 0.8162626265625 0.1115751796875 0.8267676765624999 0.0800715984375 0.84131313125 0.0724343671875 0.859090909375 0.07625298281250001 0.8744444437500001 0.12780429531249998 0.8922222218750001 0.168854415625 0.8922222218750001 0.1927207640625 0.8922222218750001 0.230906921875 0.905151515625 0.23949880625 0.9310101015625 0.2414081140625 0.97949495 0.2509546546875 0.9883838390624999 0.27100238593750003 0.99080808125 0.269093078125 0.9592929296875001 0.31109785156249997 0.90919191875 0.32732696875 0.88818181875 0.3731503578125 0.905151515625
2 0.79296875 0.3078125 0.0453125 0.06640625
2 0.790625 0.43515625 0.03828125 0.053125
2 0.9951830734374999 0.5857354031249999 0.9944554406250001 0.5167528953125 0.775438034375 0.5142892328124999 0.7575053390625001 0.5455684671875 0.75840256875 0.6048074734375 0.7812590953125 0.5869672328125 0.9951830734374999 0.5857354031249999
8 0.815625 0.509375 0.08125 0.0140625
2 0.99231801875 0.72987689375 0.991385740625 0.66437815625 0.7778937953125 0.6635890156250001 0.7527222546875 0.685684975 0.7527222546875 0.7496054296875 0.7853520281249999 0.7282986109375 0.99231801875 0.72987689375
8 0.81171875 0.6515625 0.0828125 0.01875
8 0.81484375 0.78828125 0.08359375 0.04296875
2 0.87890625 0.83828125 0.2328125 0.05625
2 0.236816684375 0.7271524765625 0.23776376093749998 0.679854096875 0.20935144218750001 0.658209075 0.00099443125 0.658209075 0 0.7158663234375 0.21029851875 0.708714125 0.236816684375 0.7271524765625
8 0.18359375 0.646875 0.09140625 0.0234375
2 0.23382233125 0.5975775718749999 0.23167864843750002 0.54556039375 0.20952724531250003 0.5135032953125 0.003019021875 0.5110838921874999 0 0.5685430953124999 0.20452531718750003 0.567939878125 0.23382233125 0.5975775718749999
2 0.2345368921875 0.46148611875 0.23882426093750003 0.4149125984375 0.2102418078125 0.367734228125 0 0.3663101609375 0.004344300000000001 0.421106490625 0.21310005312500002 0.4215659578125 0.2345368921875 0.46148611875
2 0.000853696875 0.2186221046875 0 0.2776265640625 0.21310005312500002 0.2788211453125 0.2381097 0.32781406875 0.23882426093750003 0.2788211453125 0.20666900156249998 0.22196516093750002 0.000853696875 0.2186221046875
5 0.0221047859375 0.8915343921875 0.025514262500000003 0.8982683984375001 0.0539265828125 0.9001924000000001 0.067564496875 0.8982683984375001 0.0823389015625 0.8828763828125 0.07438345156250001 0.8722943734375 0.08120240937499999 0.8443963437500001 0.08461188750000001 0.8232323234375001 0.0800659171875 0.8011063015625 0.0721104671875 0.790524290625 0.050517103125 0.778018278125 0.0414251625 0.78090428125 0.015285828125000001 0.784752284375 0.007330378125 0.7616642609375 0 0.8827020203125 0.01073985625 0.883838384375 0.0221047859375 0.8915343921875
5 0 0.967323840625 0.044957875 0.9636728734375 0.04639560625 0.9782767437500001 0.3684475375 0.9770597546875001 0.36988526875 0.93324814375 0.069399315625 0.9344651328125 0.069399315625 0.9162102953125 0 0.9151796984375 0 0.967323840625
8 0.2274088625 0.5273981640625001 0.22350913437500003 0.49504852499999996 0.1439546390625 0.495708721875 0.14005490781250002 0.5115534421875 0.21258988906249998 0.5122136390625001 0.2274088625 0.5273981640625001