7 0.0012004531250000001 0.9478079906250001 0.1202537421875 0.9576582484375 0.9823641546875 0.9989142234375 0.9833900828125 0.002081071875 0.00265555 0.0005074828125 0.0012004531250000001 0.9478079906250001
8 0.17265625 0.19921875 0.13125 0.134375
8 0.49765625 0.196875 0.12421875 0.13515625
8 0.821875 0.19921875 0.11796875 0.1328125
8 0.82421875 0.43203125 0.12578125 0.140625
8 0.49765625 0.4328125 0.1171875 0.13984375
8 0.178125 0.4296875 0.12734375 0.140625
8 0.496875 0.6671875 0.13203125 0.12890625
8 0.82265625 0.66640625 0.12421875 0.12734375
8 0.18046875 0.66796875 0.12421875 0.13515625
8 0.49296875 0.871875 0.13828125 0.08203125
8 0.82890625 0.87578125 0.1359375 0.08125
4 0.165625 0.88125 0.1328125 0.15234375
2 0.29777381875 0.302339975 0.314295603125 0.293406371875 0.3104828828125 0.2645439625 0.292054740625 0.24220995625000002 0.286971115625 0.21403474843749998 0.045498896875 0.2136911484375 0.044863443749999996 0.2236555515625 0.044863443749999996 0.23636875468750002 0.019445315625 0.2611079625 0.046769803124999995 0.2992475734375 0.052488882812500005 0.28309836875 0.292054740625 0.29031397187499997 0.29777381875 0.302339975
2 0.3657673125 0.292719171875 0.3822890953125 0.305432375 0.388643628125 0.28550356875 0.6250322203125 0.2875651703125 0.6282094859375 0.2975295734375 0.639012190625 0.29443717187499996 0.646002175 0.2600771625 0.6186776875 0.2360251546875 0.6224904078125 0.2157527484375 0.3822890953125 0.2157527484375 0.3810181890625 0.23980475625 0.3606836875 0.2597335625 0.3657673125 0.292719171875
2 0.98914690625 0.2648875640625 0.9535615265624999 0.2360251546875 0.9567387937499999 0.2157527484375 0.71907929375 0.21540914843749998 0.7082765906249999 0.24392795781249998 0.70891204375 0.249769159375 0.68667118125 0.291344771875 0.707005684375 0.3068067765625 0.7209856546875 0.2882523703125 0.959916059375 0.2892831703125 0.98914690625 0.2648875640625
2 0.050582523437500006 0.52980324375 0.29269019375 0.52671084375 0.2965029125 0.537362446875 0.3193792296875 0.516402840625 0.2965029125 0.4731092265625 0.288877475 0.45867802187500006 0.048040709375000004 0.45592922187499996 0.049947068750000004 0.4737964265625 0.021351675 0.5050640359375 0.050582523437500006 0.52980324375
2 0.6263031265625 0.53117764375 0.6523567078125 0.5105616375 0.6256676734375 0.477919628125 0.6256676734375 0.457990821875 0.3816536421875 0.457647221875 0.38419545624999996 0.4755144265625 0.3632255 0.5033460359374999 0.363860953125 0.519151640625 0.3835600015625 0.5342700453125 0.388643628125 0.52671084375 0.6205840484375 0.5260236421875 0.6263031265625 0.53117764375
2 0.9907800203124999 0.5047621312499999 0.9592806062499999 0.477576028125 0.9561033406250001 0.455242021875 0.7203502015625001 0.45455482031249994 0.7095474953124999 0.46658082500000003 0.71145385625 0.48513522968749995 0.687306634375 0.5225876421875 0.71018295 0.5342700453125 0.717172934375 0.5260236421875 0.9554678859375001 0.5260236421875 0.9907800203124999 0.5047621312499999
2 0.0607497734375 0.7699797171875 0.299680178125 0.7706669171875 0.32001468125 0.7483329109375 0.2990447265625 0.7194705015625 0.3047638046875 0.7098496984375 0.29396110000000003 0.7012596953125 0.056301601562500005 0.6985108953125 0.05947886718749999 0.7174089015625 0.024528940625000002 0.7510817109375 0.0607497734375 0.7699797171875
2 0.6250322203125 0.7184397015624999 0.6294803921875001 0.6981672953125 0.38673726875000003 0.6988544953125 0.388008175 0.7170653 0.36513185937500003 0.7514253109375 0.387372721875 0.768948915625 0.6205840484375 0.766543715625 0.6510858015625 0.7497073109375 0.6250322203125 0.7184397015624999
2 0.9567387937499999 0.7112241 0.9554678859375001 0.6985108953125 0.7298819984375 0.6988544953125 0.71018295 0.7012596953125 0.70891204375 0.723250103125 0.6911193531250001 0.7548613125 0.710818403125 0.766887315625 0.9516551671875 0.767918115625 0.9897823609374999 0.7500509109375 0.9567387937499999 0.7112241