7 0.0125662484375 0 0.0041727625 0.9934863375 0.1388372625 0.99613713125 0.9778172140624999 0.9934863375 0.9790162828125 0.8180805875000001 1 0.7373988703125 1 0.1794994 0.9778172140624999 0.1785394015625 0.9800116328125 0 0.0125662484375 0
8 0.19921875 0.6625 0.2625 0.05546875
8 0.49921875 0.6640625 0.2421875 0.0578125
8 0.79765625 0.66171875 0.26796875 0.05859375
8 0.778125 0.46640625 0.21484375 0.17421875
8 0.77734375 0.34765625 0.225 0.03359375
8 0.4953125 0.45546875 0.23359375 0.14453125
8 0.49453125 0.3515625 0.24375 0.03203125
8 0.21328125 0.446875 0.2078125 0.12890625
8 0.215625 0.34453125 0.21484375 0.0328125
5 0.9212690953125 0.041284403125 0.923619271875 0.07411878281249999 0.9341950640625001 0.06735876406249999 0.9600470031249999 0.0432158375 0.9670975328125 0.029695798437499997 0.9988249124999999 0.0316272328125 0.9988249124999999 0.0016900046875000002 0.900117509375 0.0023415734375 0.900117509375 0.009415740625 0.890716803125 0.025832931250000003 0.89659224375 0.034524384375 0.911868390625 0.0190729109375 0.9165687421875001 0.017141478125 0.9212690953125 0.0267986484375 0.9212690953125 0.041284403125
5 0.7356051703125 0.051907290625000005 0.7473560515625 0.045147271875 0.7473560515625 0.0499758578125 0.7473560515625 0.061564460937499996 0.7426556984375 0.07991308593749999 0.7532314921875 0.0905359734375 0.7661574625 0.0818445203125 0.76733255 0.08957025625000001 0.7638072859375 0.1030902953125 0.7696827265625 0.1011588609375 0.78025851875 0.0934331234375 0.7884841359375 0.08957025625000001 0.7990599296875 0.08474167031249999 0.8096357234375 0.08474167031249999 0.8284371328125 0.0905359734375 0.8331374859375 0.0760502171875 0.8390129265624999 0.06735876406249999 0.854289071875 0.07411878281249999 0.8448883671875 0.059633028125 0.82608695625 0.0441815546875 0.8213866046874999 0.028730082812500002 0.820211515625 0.0161757609375 0.8401880140625 0.0374215359375 0.8578143359375 0.011347175 0.8777908343749999 0.014244326562500001 0.8964089375000001 0.002366053125 0.7062279671875 0.0036214390625 0.69800235 0.006518590624999999 0.7015276140625 0.023901496875 0.7203290250000001 0.0248672140625 0.7203290250000001 0.030661515625000003 0.7179788484375 0.051907290625000005 0.7356051703125 0.051907290625000005
5 0 0.2642357234375 0.0033203078125 0.275414640625 0.0333807015625 0.2978731765625 0.040212609375 0.27766049375 0.0511436609375 0.26755415312499997 0.0812040546875 0.251833178125 0.0935014890625 0.23611220312499998 0.0812040546875 0.23049756875 0.070273003125 0.21926830156250002 0.042945371875 0.17435122812499998 0.037479845312499996 0.1586302546875 0.0361134640625 0.13168001093749998 0.02381603125 0.11259025468749999 0.0320143203125 0.07441074375 0.038846228125 0.111467328125 0.070273003125 0.1170819625 0.0853032 0.1417863515625 0.0935014890625 0.1417863515625 0.0948678703125 0.135048790625 0.09213510781249999 0.1170819625 0.0853032 0.10248391406249999 0.08666958125 0.0867629390625 0.0948678703125 0.1013609875 0.1044325421875 0.1294341578125 0.1044325421875 0.11371318281250001 0.1208291203125 0.10023806093750001 0.1331265546875 0.11595903593750001 0.1399584625 0.13617171875 0.14542398750000002 0.12494245 0.154988659375 0.09125464531250001 0.17001885625 0.10023806093750001 0.19051457968750002 0.114836109375 0.18641543437500002 0.10585269374999999 0.174118 0.08339415781250001 0.1754843828125 0.0541980625 0.1809499078125 0.0261248921875 0.20007925000000001 0.021633184375 0.20691115781249997 0.0182644046875 0.2342387890625 0.0148956234375 0.2943595765625 0.017141478125 0.31348891874999996 0.01938733125 0.31348891874999996 0.007035135937500001 0.3252798453125 0.0048461125 0 0 0 0.2642357234375
4 0.6203125 0.90546875 0.209375 0.178125