7 0.30099395625 1 0.7593083828125 0.9956913015625 0.7657620671875 0.8445741625000001 0.839224753125 0.8301165046874999 0.842465753125 0.983126709375 0.8764099984374999 0.9894725624999999 0.8756133890625 0.8224549812499999 0.99590144375 0.786030934375 0.9968454265625001 0.0079872484375 0.7489524578125 0.0006929453125 0.6700881046875 0.1819247890625 0.5203254937499999 0.1854783546875 0.5235119328125 0.0770946046875 0.5020034734375 0.07442943125 0.5035966921874999 0.0015813375 0.45818994375 0.0051349031250000005 0.1435291390625 0.0797597796875 0.0025292359375 0.07442943125 0.0033234437499999997 1 0.30099395625 1
8 0.62578125 0.6234375 0.1671875 0.10390625
4 0.7117176515625 0.9474512765625 0.713043103125 0.7981567296875001 0.5440480609375 0.799265353125 0.5447107859375 0.9762754703125 0.596072025 0.9788622578125 0.596072025 0.9485598984375001 0.7117176515625 0.9474512765625
8 0.878125 0.62421875 0.05703125 0.10078125
8 0.45859375 0.87421875 0.02890625 0.03203125
8 0.31953125 0.87578125 0.02578125 0.03125
8 0.8453125 0.38828125 0.09140625 0.0578125
8 0.59375 0.3875 0.090625 0.0578125
2 0.41171875 0.46171875 0.13828125 0.071875
2 0.20859375 0.46484375 0.05390625 0.07421875
2 0.090625 0.46328125 0.05625 0.07734375
8 0.3515625 0.19609375 0.165625 0.096875
8 0.07578125 0.18828125 0.10546875 0.0359375
8 0.88125 0.17734375 0.071875 0.05546875
2 0.59375 0.21015625 0.1453125 0.01484375