7 0.9866898421875 1 0.9844578296875 0.05822865625 0.8795260359375 0.052906109374999996 0.8808887859375 0.0080446484375 0.093218953125 0.006523920312500001 0.0864052 0.049104292187499995 0.0100911671875 0.052906109374999996 0.0097253859375 0.951556390625 0.979234259375 1 0.9866898421875 1
8 0.14921875 0.1859375 0.10703125 0.0734375
8 0.37890625 0.18671875 0.0953125 0.07421875
8 0.6046875 0.18671875 0.09921875 0.071875
8 0.828125 0.1859375 0.0890625 0.07265625
8 0.83359375 0.390625 0.09453125 0.09765625
8 0.609375 0.3828125 0.08671875 0.07421875
8 0.38125 0.38125 0.10078125 0.075
8 0.15859375 0.3921875 0.10078125 0.1046875
8 0.153125 0.5796875 0.09921875 0.096875
8 0.3765625 0.57265625 0.0875 0.08359375
8 0.60625 0.571875 0.10390625 0.08359375
8 0.83203125 0.58203125 0.0890625 0.09375
8 0.37734375 0.76875 0.09765625 0.0953125
8 0.60390625 0.76875 0.1046875 0.09375
8 0.825 0.76875 0.090625 0.09140625
4 0.83046875 0.94375 0.0953125 0.10390625
4 0.15234375 0.85390625 0.13046875 0.1953125
2 0.496875 0.44296875 0.42734375 0.05390625
2 0.4953125 0.24609375 0.88515625 0.05
2 0.4984375 0.63984375 0.42578125 0.05546875
8 0.80234375 0.04296875 0.08984375 0.0265625
8 0.609375 0.03984375 0.09296875 0.03359375
8 0.38515625 0.04296875 0.12265625 0.02578125
8 0.2 0.040625 0.0953125 0.02578125
8 0.15703125 0.73515625 0.140625 0.03828125
8 0.463969203125 0.8981970031250001 0.4728188734375 0.9130103546875 0.4740831109375 0.9207697296875 0.48419701875000004 0.94545865 0.47914006562499994 0.9609774 0.487989734375 0.9687367734375 0.5006321203125 0.9588612062499999 0.49810364218750003 0.9440478546875 0.5018963578125 0.9376992749999999 0.5031605953125 0.91653734375 0.5006321203125 0.9003131968750001 0.5233884125 0.8981970031250001 0.5271811265624999 0.9045455828125 0.5309738421875 0.9130103546875 0.5385592734375 0.9221805249999999 0.544880465625 0.9334668890625 0.54740894375 0.9426370578125001 0.54740894375 0.9630935921875 0.6573976921875 0.9637989906250001 0.6611904078124999 0.8918484234375 0.46776191875000006 0.8911430265625 0.463969203125 0.8981970031250001
8 0.4500625796875 0.9440478546875 0.4500625796875 0.9221805249999999 0.45132681874999997 0.9179481390625 0.45259105625 0.9059563781250001 0.4500625796875 0.89749160625 0.46776191875000006 0.8876160375 0.3312241625 0.8890268328125 0.3324884015625 0.9630935921875 0.4424771484375 0.9623881937500001 0.4500625796875 0.9440478546875