7 0.7222299578125 0.129051259375 0.6976276515625 0.12984305625 0.6950466734375 0.05122249062499999 0.688594228125 0.0238244140625 0.6692368906249999 0.0089341546875 0.6451477609375 0.0065517140625 0.6296618921875 0.013103428125 0.6150363484375 0.036927840625 0.6098743921875001 0.0655171390625 0.5956790125 0.1268650046875 0.544919775 0.12865183593750001 0.5479309156250001 0.07921617656249999 0.5414784703125 0.05122249062499999 0.5242719484375 0.023228803125 0.50018281875 0.005956103125 0.47910483125000003 0.0035736625 0.4537252109375 0.023228803125 0.4421108109375 0.04347955625 0.43565836406249997 0.076238125 0.4378091796875 0.12984305625 0.3900610828125 0.12984305625 0.3793070078125 0.0750469046875 0.3715640734375 0.06432591875 0.370273584375 0.0375234515625 0.3616703234375 0.0196551421875 0.32726555468749996 0 0.3050209171875 0.007078267187499999 0.291388696875 0.026543504687500004 0.287128628125 0.04482903125 0.287128628125 0.1309479578125 0.2594381828125 0.1244595453125 0.166142678125 0.15867117343749998 0 0.15775368437499998 0.0036124265625 0.9816100078125001 0.9964726625000001 0.9837496640625 0.9964726625000001 0.1697513015625 0.8166016890625001 0.16760919375 0.7222299578125 0.129051259375
8 0.67109375 0.4734375 0.06640625 0.1796875
8 0.84765625 0.48203125 0.1265625 0.19375
8 0.67421875 0.8265625 0.0625 0.1671875
4 0.49921875 0.85234375 0.08125 0.2640625
8 0.31484375 0.82265625 0.06796875 0.18046875
8 0.1359375 0.82734375 0.071875 0.17109375
8 0.134375 0.48515625 0.11953125 0.196875
8 0.31328125 0.4625 0.06015625 0.17734375
8 0.49453125 0.47421875 0.08359375 0.23046875
4 0.85546875 0.86484375 0.06640625 0.2390625
8 0.33203125 0.1328125 0.0578125 0.06640625
8 0.4890625 0.1265625 0.08046875 0.04140625
8 0.653125 0.13828125 0.059375 0.05546875
5 0.39928525000000004 0.8123192593749999 0.43919985156249997 0.80203714375 0.45590828906249997 0.79818135 0.4549800421875 0.7634792109374999 0.4586930296875 0.74420024375 0.4670472484375 0.7172096906250001 0.4698319875 0.6953601953125 0.4586930296875 0.6735107 0.4503388109375 0.6747959640625 0.43177387968750003 0.6747959640625 0.4206349203125 0.6670843765625001 0.4132089484375 0.6542317328125 0.42156316718750003 0.63623803125 0.42898913906249997 0.6246706515625 0.445697578125 0.6272411796874999 0.46890374062499995 0.605391684375 0.4754014671875 0.59510956875 0.4763297140625 0.5835421890625 0.4856121796875 0.5668337515624999 0.50510535625 0.5462695203125 0.5199573 0.5115673796875 0.5153160671875 0.5089968515625001 0.50139236875 0.5218494953125 0.4921099046875 0.534702140625 0.48282743906250003 0.5449842546875 0.4763297140625 0.5424137265625 0.48932516562500006 0.5154231734375 0.48932516562500006 0.4884326203125 0.4856121796875 0.48200629843750004 0.4698319875 0.4922884140625 0.452195303125 0.5167084390625 0.4494105640625 0.5089968515625001 0.43827160468750004 0.4948589421875 0.425276153125 0.5205642312500001 0.40299823593750006 0.5077115859375 0.39742875781250003 0.4922884140625 0.3890745375 0.466583125 0.3770073328125 0.4550157453125 0.3519446765625 0.465297859375 0.3519446765625 0.47557997500000004 0.3519446765625 0.534702140625 0.329666759375 0.53727266875 0.3092453359375 0.5141379078125 0.2934651453125 0.5115673796875 0.2888239125 0.5128526453125 0.287895665625 0.533416875 0.2832544328125 0.5424137265625 0.269330734375 0.5192789671875 0.260976515625 0.5089968515625001 0.25355054374999997 0.506426321875 0.244268078125 0.510282115625 0.2368421046875 0.5154231734375 0.2294161328125 0.5205642312500001 0.234057365625 0.5449842546875 0.2303443796875 0.5424137265625 0.21827717500000002 0.5321316109375 0.21177944843750002 0.5462695203125 0.21177944843750002 0.5694042796875001 0.2024969828125 0.568119015625 0.20342522968750001 0.5938243046875 0.2108512015625 0.6169590640625 0.2080664625 0.62852644375 0.21549243437499999 0.646520146875 0.23312911875000003 0.6452348812500001 0.24241158437500002 0.655516996875 0.25540703593749997 0.67736649375 0.27025898125 0.6979307234375 0.27954144687500004 0.7159244265625 0.25355054374999997 0.6979307234375 0.24241158437500002 0.6992159890625 0.2294161328125 0.71078336875 0.24241158437500002 0.73520339375 0.2563352828125 0.74034445 0.2405550921875 0.76862026875 0.262833009375 0.767335003125 0.27211547343750003 0.7596234171875 0.2906804046875 0.7493413015625 0.306460596875 0.745485509375 0.3417339640625 0.7480560374999999 0.3494429390625 0.7657911203125 0.35374456875 0.7762143 0.354729415625 0.7904697640625 0.3612271421875 0.78532870625 0.38443330468750003 0.8110339953124999 0.39928525000000004 0.8123192593749999
5 0.8998662046874999 0.817881353125 0.9082284250000001 0.815776178125 0.9219120593750001 0.8189339406249999 0.94547831875 0.8041977171875001 0.9606823578125001 0.7926192578125 0.9614425593749999 0.7736726875 0.9485191265624999 0.7768304500000001 0.9234324640624999 0.774725275 0.92039165625 0.7589364671875 0.9272334734375001 0.7578838796875 0.941677309375 0.7652519890625 0.9568813468749999 0.74735800625 0.9652435687500001 0.74630541875 0.9842486156250001 0.7420950703125 0.9956516453124999 0.7284114359375 0.9834884140625 0.7231485 0.9751261937500001 0.7126226265625 0.9599221546875001 0.702096753125 0.9743659906250001 0.6884131203125 0.9667639734375 0.6842027703125 0.9500395312500001 0.679992421875 0.9431977140625 0.6620984390625 0.9530803375 0.6578880890625001 0.959161953125 0.63683634375 0.95536094375 0.5884173296874999 0.9409171078125 0.6115742484375 0.9257130703125 0.6031535515625001 0.91811105 0.58315439375 0.9173508484375 0.5694707593749999 0.9059478203125 0.5589448859374999 0.8854223687499999 0.551576775 0.8762999453125 0.5389457296875 0.854254090625 0.52947244375 0.83068783125 0.5642078234375 0.8253664171875 0.5652604109375 0.802560359375 0.571575934375 0.7964787453125 0.5863121546875 0.79571854375 0.6147320109375001 0.8033205625000001 0.6378889296875 0.8116827828125001 0.6589406765625 0.8132031874999999 0.679992421875 0.8132031874999999 0.705254515625 0.8139633890625 0.7242010859375 0.7964787453125 0.7231485 0.8116827828125001 0.7368321328125 0.8238460125 0.731569196875 0.834488840625 0.7589364671875 0.8451316671875 0.7820933859375 0.85577449375 0.789461496875 0.8633765125 0.80209254375 0.8732591375000001 0.8241968749999999 0.8808611562499999 0.8241968749999999 0.886942771875 0.8210391140625 0.8998662046874999 0.817881353125
2 0.525 0.58984375 0.165625 0.08828125