7 0.9550245953125 0.064254859375 0.8791286015625 0.0631749453125 0.820098384375 0.057775378125 0.7877723125 0.06101511875 0.7680955734375 0.053455723437500005 0.75614898125 0.0415766734375 0.7449051296875 0.029697623437499997 0.72874209375 0.005939524999999999 0.5589428828125 0.043621018750000004 0.558536675 0.06109939062500001 0.5284772453125 0.06109939062500001 0.5061357796875 0.05610556875 0.49557435781250003 0.0492390671875 0.472420475 0.029263785937499998 0.4431734625 0.0005493203125 0.29125148749999996 0.0454937015625 0.29084527968749996 0.06234784375 0.272565896875 0.06297207187500001 0.24372509375 0.05610556875 0.2140718734375 0.0423725640625 0.165515321875 0.006988875 0.00043755625 0.055890623437499995 0 0.9656937078125001 0.9978291578125 0.9730556203124999 0.99859451875 0.0220912765625 0.9873506671875001 0.0232181421875 0.9550245953125 0.064254859375
4 0.603125 0.89453125 0.21484375 0.15625
4 0.8546875 0.89609375 0.1859375 0.153125
4 0.340625 0.89609375 0.19765625 0.15234375
8 0.54375 0.40390625 0.03671875 0.60625
8 0.8964372812500001 0.6870973015625 0.9176966640625001 0.6852823203125 0.9448614296875 0.6961722046875 0.9442708921875 0.6144980671875 0.7995889859374999 0.6244804625 0.8001795234375001 0.7097845609375 0.8970278203125 0.7016171484375 0.8964372812500001 0.6870973015625
8 0.943089815625 0.43299998124999994 0.79663629375 0.4529647703125 0.7984079093750001 0.523749025 0.9442708921875 0.5183040828125 0.943089815625 0.43299998124999994
8 0.9498873187499999 0.252997690625 0.8025540984375 0.2812988765625 0.801100153125 0.3364117078125 0.9508566171874999 0.33939077968750003 0.9498873187499999 0.252997690625
8 0.944071534375 0.10032025 0.854411515625 0.09510687500000001 0.7928611234375 0.10702316249999999 0.7928611234375 0.1524540109375 0.9445561828125 0.1524540109375 0.944071534375 0.10032025
8 0.71725591875 0.2574662984375 0.616933628125 0.2775750359375 0.6164489796875 0.33119833125000003 0.715801971875 0.3334326359375 0.71725591875 0.2574662984375
8 0.7182252171875 0.4339763171875 0.616933628125 0.45110598125 0.619356871875 0.5240932453125 0.71725591875 0.5211141734375 0.7182252171875 0.4339763171875
8 0.6765454234375 0.699113725 0.6935081296875001 0.6983689578125001 0.7191945140625 0.7058166375 0.7182252171875 0.610486334375 0.61547968125 0.6201683171875 0.6130564374999999 0.6857079015624999 0.6503743921875 0.6983689578125001 0.6765454234375 0.699113725
8 0.71793356875 0.0793210875 0.618119515625 0.11038055 0.6168757265625 0.14908541718749999 0.717622621875 0.1466962296875 0.71793356875 0.0793210875
8 0.43462983906249997 0.616255046875 0.3662653921875 0.6256456 0.36511961875 0.69724856875 0.43539368749999996 0.7072260296875 0.43462983906249997 0.616255046875
8 0.4315744453125 0.44252981562500004 0.36664731562499997 0.45250727812499997 0.36550154375 0.5153066015625 0.4331021421875 0.5182411484375 0.4315744453125 0.44252981562500004
8 0.43348406562499997 0.26645694375 0.3662653921875 0.2828904125 0.36550154375 0.33629918281250004 0.4331021421875 0.33395154374999997 0.43348406562499997 0.26645694375
8 0.4331021421875 0.0892102546875 0.36702924062500003 0.11209972812499999 0.36664731562499997 0.1455535734375 0.4308105953125 0.1461404828125 0.4331021421875 0.0892102546875
8 0.2796875 0.41328125 0.01953125 0.55078125
8 0.1552652203125 0.0966607484375 0.05629284062499999 0.1249307390625 0.0544532046875 0.14585053125 0.1541614390625 0.14641593125000002 0.1552652203125 0.0966607484375
8 0.156736928125 0.2674114875 0.062915528125 0.297943075 0.061811746875 0.3352594625 0.1563690015625 0.3346940625 0.156736928125 0.2674114875
8 0.1563690015625 0.446077821875 0.065123090625 0.46473601562500005 0.0625476015625 0.5252337921875 0.1571048546875 0.5263645921875 0.1563690015625 0.446077821875
8 0.158944490625 0.6253095562500001 0.1273027625 0.6309635546875 0.12656690937499998 0.703900128125 0.158944490625 0.709554125 0.158944490625 0.6253095562500001
5 0.4218103375 0.9671526281249999 0.4310826109375 0.9581533484375001 0.431570625 0.9236561078125 0.43547474062499997 0.9034077281249999 0.43889084062499994 0.87116030625 0.43645076875 0.871910246875 0.429130553125 0.871910246875 0.4301065828125 0.8411627078125001 0.4203462953125 0.810415165625 0.41741820937499996 0.810415165625 0.41302607968749994 0.8231641468750001 0.41302607968749994 0.8366630671875 0.41302607968749994 0.8524118062499999 0.414490121875 0.869660428125 0.40863395 0.8666606671875 0.40472983593749995 0.8539116874999999 0.40521785 0.8164146875 0.3988736625 0.8066654671875 0.3847212453125 0.8074154078125 0.3813051453125 0.826913846875 0.3754489734375 0.8344132468750001 0.3739849296875 0.8464122875 0.36959280156249996 0.8284137265625 0.3627606 0.8216642671875001 0.3617845703125 0.8314134875000001 0.36373662812499996 0.8509119265624999 0.3569044265625 0.8629109671874999 0.36080854218749997 0.8741600671875001 0.367152728125 0.8779097671875 0.37105684375000003 0.8831593484375 0.36959280156249996 0.890658746875 0.36373662812499996 0.9019078484374999 0.3593444984375 0.9131569468749999 0.3622725859375 0.93040556875 0.3778890453125 0.9424046078125 0.386673303125 0.9566534671875001 0.392529475 0.9596532281249999 0.388137346875 0.98290136875 0.41205005000000006 0.9836513078125 0.41156203593749996 0.9739020875 0.4218103375 0.9671526281249999
5 0.8009975015625 0.9731521484375 0.813685875 0.974652028125 0.817589990625 0.9514038875 0.814661903125 0.944654428125 0.80880573125 0.931905446875 0.8005094875 0.910907128125 0.7951413281249999 0.9004079671874999 0.8078297031250001 0.9004079671874999 0.8000214734375 0.8786597078125 0.7995334578125 0.87116030625 0.798069415625 0.8419126468749999 0.7878211125 0.8141648671875 0.7800128828124999 0.7991660671874999 0.772204653125 0.8096652265625 0.7546361359375 0.8336633062500001 0.7561001796875 0.8419126468749999 0.7624443656250001 0.8426625874999999 0.768788553125 0.8449124078124999 0.7609803234375 0.8501619874999999 0.7609803234375 0.8599112078125 0.7561001796875 0.864410846875 0.740971734375 0.8366630671875 0.73706761875 0.8299136062500001 0.7385316625 0.8486621062499999 0.73706761875 0.8741600671875001 0.7390196765625 0.8944084468750001 0.7463398921875 0.9199064078125 0.745851878125 0.9424046078125 0.7404837203125 0.9671526281249999 0.7224271890625 0.9836513078125 0.7936772859375 0.9836513078125 0.8009975015625 0.9731521484375
8 0.1625683140625 0.92125555625 0.16198753593749998 0.788274459375 0.12772166875 0.775779590625 0.129464 0.9266104984375 0.13991799375 0.9221480468750001 0.1625683140625 0.92125555625