7 1 0.09357318906249999 0.9479413328125 0.1192153390625 0.9484076765625 0.0758147359375 0.881720490625 0.010713828125 0.51766575 0.023280926562500002 0.3331134609375 0.024640176562499998 0.1660290828125 0.013766178125 0.1028936421875 0.0108408375 0.0973346203125 0.010571942187499999 0.06960885 0.010571942187499999 0.0700711375 0.1374283515625 0 0.132980990625 0 0.9899399624999999 1 0.9899399624999999 1 0.09357318906249999
8 0.18203125 0.3046875 0.046875 0.028125
8 0.2734375 0.31171875 0.05078125 0.0328125
8 0.46015625 0.31015625 0.04765625 0.028125
8 0.55390625 0.3078125 0.05234375 0.03046875
8 0.64765625 0.3046875 0.053125 0.03125
8 0.74296875 0.29921875 0.0515625 0.0328125
8 0.83515625 0.321875 0.04765625 0.08515625
8 0.74140625 0.4796875 0.0515625 0.040625
8 0.646875 0.484375 0.053125 0.0484375
8 0.55546875 0.48828125 0.05390625 0.05
8 0.46640625 0.4859375 0.05 0.0390625
8 0.46328125 0.6671875 0.053125 0.059375
8 0.553125 0.66484375 0.05078125 0.059375
8 0.64765625 0.66328125 0.05234375 0.06015625
8 0.18125 0.48125 0.05078125 0.04375
8 0.275 0.48359375 0.05078125 0.04296875
8 0.18046875 0.66015625 0.0515625 0.05390625
8 0.27578125 0.6609375 0.05078125 0.053125
8 0.18125 0.83671875 0.046875 0.065625
8 0.27578125 0.840625 0.0484375 0.05859375
8 0.46171875 0.84296875 0.04375 0.06171875
8 0.553125 0.83984375 0.0484375 0.0625
8 0.64765625 0.83671875 0.04921875 0.0625
8 0.74140625 0.8359375 0.05078125 0.06484375
8 0.74140625 0.66171875 0.05546875 0.0609375
8 0.7421875 0.1140625 0.053125 0.04765625
8 0.46015625 0.12734375 0.05078125 0.0421875
8 0.8921952671875 0.1194100859375 0.8909868375000001 0.13758723281250002 0.9271098953125 0.12453854687499999 0.8916166828125001 0.09050833750000001 0.8921952671875 0.1194100859375
8 0.9375206593750001 0.3186330140625 0.8969543546875001 0.289592015625 0.8966484140625001 0.3378015875 0.9366735890625 0.3274119203125 0.9375206593750001 0.3186330140625
8 0.9364531250000001 0.481797565625 0.896740846875 0.45963469999999995 0.89573180625 0.5127854562499999 0.9366735890625 0.5051299125 0.9364531250000001 0.481797565625
8 0.9368801390625 0.646490590625 0.8958868203125 0.6315879734375 0.895120734375 0.6905034484375 0.936979125 0.6894098 0.9368801390625 0.646490590625
8 0.36875 0.48515625 0.0515625 0.04375
8 0.9171875 0.82890625 0.04375 0.08515625
2 0.0578125 0.35078125 0.08984375 0.06640625
2 0.159375 0.35703125 0.08671875 0.06953125
2 0.259375 0.35859375 0.0796875 0.0671875
2 0.36015625 0.3609375 0.07578125 0.059375
2 0.45546875 0.36171875 0.084375 0.0640625
2 0.65234375 0.35625 0.084375 0.0609375
2 0.7515625 0.35234375 0.08515625 0.06015625
2 0.0578125 0.53671875 0.090625 0.06328125
2 0.1609375 0.53984375 0.08515625 0.0671875
2 0.259375 0.54296875 0.08359375 0.065625
2 0.359375 0.54296875 0.08203125 0.0625
2 0.45625 0.54296875 0.08203125 0.06328125
2 0.553125 0.5421875 0.08125 0.0625
2 0.4546875 0.725 0.08203125 0.0609375
2 0.35859375 0.725 0.08203125 0.0625
2 0.2609375 0.725 0.0828125 0.06328125
2 0.1625 0.72421875 0.0859375 0.06328125
2 0.0578125 0.72421875 0.09296875 0.06484375
2 0.553125 0.72578125 0.08125 0.06484375
2 0.65078125 0.54140625 0.0859375 0.06328125
2 0.75078125 0.5421875 0.08515625 0.06796875
2 0.65078125 0.7234375 0.0828125 0.06171875
2 0.75078125 0.72109375 0.0859375 0.06015625
2 0.05703125 0.909375 0.09140625 0.0671875
2 0.16171875 0.90703125 0.0828125 0.065625
2 0.27265625 0.90625 0.05390625 0.059375
2 0.359375 0.90703125 0.08359375 0.06015625
2 0.4640625 0.9078125 0.0671875 0.06328125
2 0.55234375 0.90546875 0.08046875 0.0609375
2 0.65078125 0.90625 0.08203125 0.06015625
2 0.75 0.90390625 0.08359375 0.059375
2 1 0.0981273734375 0.8847522046874999 0.147348928125 0.8847522046874999 0.2154792203125 1 0.16977349218749999 1 0.0981273734375
2 0.9825462609375 0.3129760203125 0.8812079921875 0.3446331125 0.880157853125 0.4163461203125 0.9825462609375 0.3858049546875 0.9825462609375 0.3129760203125
2 0.9798552828125 0.5010978546875 0.8782544796874999 0.5180129625000001 0.8800265859374999 0.598359721875 0.981627390625 0.5782730328125 0.9798552828125 0.5010978546875
2 0.9839902 0.6808208703124999 0.8794358843750001 0.697735978125 0.8764823734375 0.7675107953125 0.9845809015625001 0.7601104359375 0.9839902 0.6808208703124999
2 0.9863530078125 0.8700586343750001 0.8848217 0.8782363421875001 0.887115015625 0.9377190625 0.98576230625 0.943005034375 0.9863530078125 0.8700586343750001
2 0.55703125 0.35625 0.084375 0.0609375