7 0 0 0 0.9984779296875 0.016082875 0.9984779296875 0.0168111015625 0.601471334375 0.092006909375 0.6485830265625 0.092006909375 0.9892367906249999 0.9087376046875001 0.9874248015625 0.9087376046875001 0.6485830265625 0.982444384375 0.5978473578125 0.982444384375 0.9946727546874999 0.999374609375 0.9984779296875 0.999374609375 0 0 0
8 0.1515625 0.72265625 0.08359375 0.13046875
8 0.296875 0.7203125 0.10703125 0.12421875
8 0.43671875 0.72109375 0.1140625 0.12734375
8 0.56953125 0.71953125 0.11484375 0.12734375
8 0.70703125 0.71875 0.1 0.12734375
8 0.83359375 0.72109375 0.1109375 0.13046875
2 0.1046875 0.20078125 0.18671875 0.06484375
2 0.27734375 0.2 0.140625 0.065625
2 0.42734375 0.1984375 0.140625 0.065625
2 0.57578125 0.19609375 0.140625 0.065625
2 0.72578125 0.3640625 0.140625 0.065625
2 0.89609375 0.20234375 0.18046875 0.0671875
2 0.89609375 0.20234375 0.18046875 0.0671875
2 0.89375 0.37265625 0.18046875 0.0671875
2 0.7265625 0.19765625 0.140625 0.065625
2 0.7265625 0.5359375 0.140625 0.065625
2 0.575 0.36953125 0.140625 0.065625
2 0.42734375 0.3671875 0.140625 0.065625
2 0.27890625 0.36484375 0.140625 0.065625
2 0.10625 0.36953125 0.18671875 0.06484375
2 0.5765625 0.5375 0.140625 0.065625
2 0.42890625 0.53515625 0.140625 0.065625
2 0.28046875 0.53359375 0.140625 0.065625
2 0.1078125 0.5375 0.18671875 0.06484375
8 0.83203125 0.915625 0.1125 0.15078125
8 0.70546875 0.91328125 0.1 0.1609375
8 0.56875 0.915625 0.11171875 0.1625
8 0.4375 0.91328125 0.1109375 0.15625
8 0.29921875 0.91640625 0.1 0.1625
8 0.15703125 0.9109375 0.08359375 0.1484375
5 0.24735115312499997 0.9290472718749999 0.25596160625 0.9235325265625001 0.2459916078125 0.9036794390624999 0.24553842499999998 0.8783116062499999 0.237834334375 0.8871352 0.2333025171875 0.8650762125 0.2333025171875 0.8551496703125 0.2518829703125 0.8529437718749999 0.2618529703125 0.843017228125 0.2763547875 0.8165464437500001 0.260493425 0.8308847859374999 0.24010024375 0.8341936328124999 0.2333025171875 0.8209582421875 0.2387406984375 0.8110316984375 0.24281933437499997 0.803311053125 0.24010024375 0.7977963078125 0.2387406984375 0.7900756624999999 0.24508524375000001 0.7768402703125 0.25369569687500004 0.766913728125 0.25686797031249997 0.7481635890625 0.24825751562499998 0.7514724375 0.2410066078125 0.7536783359375 0.24825751562499998 0.7371340953125001 0.24916387968749998 0.7261046046875 0.2432725171875 0.7250016546875 0.2396470625 0.7261046046875 0.2387406984375 0.707354465625 0.24463206249999997 0.6919131765625 0.24916387968749998 0.6753689359374999 0.2514297890625 0.6665453421875001 0.241912971875 0.6753689359374999 0.2337556984375 0.6654423921875 0.2396470625 0.657721746875 0.25097660624999996 0.6312509656249999 0.2396470625 0.6389716109375 0.2360216078125 0.640074559375 0.242366153125 0.6268391671875 0.24553842499999998 0.6147067265625 0.2382875171875 0.621324421875 0.23284933593749998 0.62573621875 0.24010024375 0.6125008265624999 0.24553842499999998 0.58492709375 0.247804334375 0.5716917031250001 0.241912971875 0.5761035 0.23058342656250003 0.5871329937499999 0.22695797187500003 0.5871329937499999 0.2255984265625 0.5716917031250001 0.23013024375 0.5650740078125 0.2391938796875 0.54742681875 0.23013024375 0.54852976875 0.22605160781250003 0.537500275 0.2237856984375 0.5198530875 0.21925388125 0.5088235937500001 0.216987971875 0.515441290625 0.216987971875 0.538603225 0.21245615468749998 0.54852976875 0.21336251874999998 0.5805152984374999 0.21517524531249999 0.5970595375000001 0.21064342812499998 0.5893388921875 0.2024861546875 0.5705887546875 0.195235246875 0.6025742828125 0.1965947921875 0.6268391671875 0.1993138828125 0.670957140625 0.20747115468750002 0.706251515625 0.2024861546875 0.7161780609374999 0.1988607015625 0.6875013796875 0.190250246875 0.6996338203125 0.182092975 0.6941190749999999 0.17665479374999998 0.7040456171875 0.18526524687499998 0.74044294375 0.1929693375 0.765810778125 0.18571842968750002 0.7647078281249999 0.17756115625 0.7636048796875 0.17665479374999998 0.7878697640625 0.174842065625 0.7988992578125 0.189797065625 0.8341936328124999 0.2024861546875 0.861767365625 0.1879843390625 0.8496349234375 0.1784675203125 0.8352965828125001 0.15082343125 0.795590409375 0.18526524687499998 0.8816204531249999 0.20837751875000002 0.8992676421875 0.21019024531250002 0.9147089312500001 0.18571842968750002 0.9058853375 0.16169979375000001 0.8716939109374999 0.153995703125 0.8694880109374999 0.187077975 0.937870865625 0.20384570000000002 0.937870865625 0.20883069999999998 0.95331215625 0.2096375609375 0.9984779296875 0.22605160781250003 0.9897094828125 0.22922388124999998 0.9610328015625 0.232396153125 0.9323561203124999 0.2355684265625 0.920223678125 0.24735115312499997 0.9290472718749999
4 0.3046875 0.93359375 0.0453125 0.10546875
4 0.43671875 0.93203125 0.04375 0.10859375
4 0.56875 0.93671875 0.0453125 0.1125
4 0.7 0.93359375 0.0453125 0.1109375
4 0.83125 0.934375 0.04296875 0.109375
2 0.89609375 0.53984375 0.18203125 0.0578125