7 0.0041710109375 0.9985401453125 0.9981684984375001 0.9988764046874999 0.9981684984375001 0.0005006125000000001 0 0 0.0041710109375 0.9985401453125
8 0.5046875 0.31640625 0.06953125 0.065625
8 0.8609375 0.1703125 0.06953125 0.059375
8 0.86640625 0.45625 0.075 0.07421875
8 0.8625 0.6046875 0.06953125 0.07265625
8 0.8625 0.75 0.06953125 0.0734375
8 0.73046875 0.74609375 0.07265625 0.06171875
8 0.51015625 0.46015625 0.0671875 0.06796875
8 0.509375 0.60546875 0.0609375 0.0703125
8 0.5109375 0.7484375 0.05859375 0.06875
8 0.2921875 0.4484375 0.0703125 0.04375
8 0.28984375 0.596875 0.06953125 0.04921875
8 0.290625 0.74375 0.0671875 0.06328125
8 0.1494729765625 0.6208438421875 0.17283396875 0.6208438421875 0.1737684078125 0.569250171875 0.1233086640625 0.569823434375 0.1202839875 0.641246496875 0.15040741562499998 0.6409080484375 0.1494729765625 0.6208438421875
8 0.50703125 0.17109375 0.06171875 0.05859375
8 0.709375 0.93828125 0.48125 0.1046875
4 0.36015625 0.94140625 0.07734375 0.10625
8 0.15006606718749999 0.46790826562500004 0.1793366453125 0.464829921875 0.1785003421875 0.425837565625 0.1249770015625 0.4278897953125 0.12581330468750002 0.4930480734375 0.1509023703125 0.4940741875 0.15006606718749999 0.46790826562500004
8 0.1559201828125 0.7777948796875 0.1759914359375 0.7762557078125 0.1793366453125 0.71212354375 0.12163179375 0.7131496578125 0.117647059375 0.7861037671875 0.15508388125 0.7854907390625 0.1559201828125 0.7777948796875
8 0.1584290890625 0.30629521406250004 0.1793366453125 0.30578215625 0.1776072484375 0.28954191875 0.12565599375 0.28859658593750004 0.12414069999999999 0.34374839687500003 0.154247578125 0.34272228125000004 0.1584290890625 0.30629521406250004
8 0.15098181875 0.1525391203125 0.17356197812500002 0.1520260625 0.1769071875 0.14792160468749999 0.12589275312499998 0.145869375 0.12505645 0.201792621875 0.1520146515625 0.20191011250000002 0.15098181875 0.1525391203125
2 0.37168615156249996 0.23805859062499998 0.370013546875 0.19085731875 0.3047819765625 0.150325790625 0.1509023703125 0.1523780203125 0.149229765625 0.2026576375 0.30896348749999997 0.201631521875 0.37168615156249996 0.23805859062499998
2 0.49921875 0.075 0.9984375 0.025
2 0.7770128703125 0.2452673453125 0.772736990625 0.19105495625 0.7331404234375001 0.1493431015625 0.5774718156249999 0.1473352859375 0.576046521875 0.2015476765625 0.7348628390624999 0.2025289703125 0.7770128703125 0.2452673453125
2 0.7784381625 0.3912910421875 0.7734496375 0.3370786515625 0.732116134375 0.302977309375 0.5831729875 0.3025401125 0.5774718156249999 0.35981287968750003 0.7377989656249999 0.3597984140625 0.7784381625 0.3912910421875
2 0.7777255171874999 0.539063525 0.7770128703125 0.48878590468749994 0.737104659375 0.46692607031250005 0.58174769375 0.4660516765625 0.5820105828125001 0.5133583015625 0.7392425984375001 0.5110829359375 0.7777255171874999 0.539063525
2 0.3715169390625 0.5333799671875 0.369379 0.4896602984375 0.325459440625 0.46542782968749996 0.15952850624999998 0.46446749218749994 0.1505964859375 0.5102085421875 0.3116546234375 0.5110829359375 0.3715169390625 0.5333799671875
2 0.375080171875 0.6802780578125 0.374367525 0.6365583874999999 0.3238940546875 0.6200422546875 0.1477459 0.6199449140625 0.153447071875 0.6649761734374999 0.3109419765625 0.6645389765624999 0.375080171875 0.6802780578125
2 0.7755875765625 0.683338434375 0.7763002234374999 0.6356839937500001 0.7335414265625 0.6190705203125 0.5774718156249999 0.6216937 0.5788971078125 0.6649761734374999 0.7392425984375001 0.6636645828125001 0.7755875765625 0.683338434375
2 0.3733610859375 0.3874683109375 0.36978991250000004 0.33739163125 0.30856979687499997 0.3042158296875 0.1565398390625 0.305467746875 0.1529686640625 0.3580482625 0.3146918078125 0.357422303125 0.3733610859375 0.3874683109375
2 0.7774164609375 0.824925475 0.7764820218749999 0.7807842234375 0.7475143906249999 0.7744783296875 0.5737086046875 0.7739050671875 0.5774463625 0.8157532671875 0.74377663125 0.8163265296875 0.7774164609375 0.824925475
2 0.37350503125 0.8228068953125 0.3716090671875 0.7820969140625 0.3073932875 0.77562485625 0.15975181249999998 0.77562485625 0.15507961406249998 0.8174730562500001 0.3148688046875 0.8146067421875 0.37350503125 0.8228068953125
8 0.7695312046875 0.48304682187500003 0.7683756828125 0.42810760937500003 0.6846003625 0.42562648437500006 0.685178125 0.46638783593750005 0.7383321203125 0.4660333890625 0.7695312046875 0.48304682187500003
8 0.76778525625 0.184670153125 0.7670080968749999 0.14064809375 0.6911056890625 0.139694546875 0.69162379375 0.14907108593750001 0.733849365625 0.14954785937499998 0.76778525625 0.184670153125
2 0.503125 0.22109375 0.06953125 0.03984375
2 0.8609375 0.21953125 0.07421875 0.0390625
2 0.50390625 0.3625 0.07265625 0.0390625
2 0.8609375 0.51328125 0.07734375 0.03515625
2 0.51015625 0.51171875 0.06875 0.03515625
2 0.51015625 0.6578125 0.06328125 0.03515625
2 0.86328125 0.6578125 0.07109375 0.0328125
2 0.509375 0.8 0.0609375 0.0359375
2 0.86328125 0.80234375 0.071875 0.03203125
2 0.1359375 0.80234375 0.04453125 0.03359375
2 0.13671875 0.6578125 0.0375 0.034375
2 0.1359375 0.51171875 0.0328125 0.03671875
2 0.13828125 0.2203125 0.03046875 0.0375
8 0.86875 0.33046875 0.078125 0.10625
4 0.840625 0.94140625 0.10859375 0.11171875
8 0.7328125 0.59296875 0.084375 0.06328125
8 0.72890625 0.2953125 0.090625 0.03984375