7 0 0 0.0018302859375 0.9987957671875 0.9850597609375 0.9987957671875 0.9850597609375 0 0 0
8 0.221875 0.14296875 0.01796875 0.15859375
8 0.27421875 0.14140625 0.01796875 0.16171875
8 0.6859375 0.14140625 0.02265625 0.16171875
8 0.7375 0.13984375 0.02265625 0.1640625
8 0.95234375 0.1421875 0.01875 0.15859375
8 0.11796875 0.38046875 0.01796875 0.184375
8 0.159375 0.38515625 0.015625 0.190625
8 0.20546875 0.3828125 0.0171875 0.1921875
8 0.2484375 0.38125 0.01875 0.18828125
8 0.321875 0.384375 0.01640625 0.19140625
8 0.459375 0.38359375 0.0171875 0.18671875
8 0.49921875 0.38515625 0.01953125 0.190625
8 0.7453125 0.3828125 0.01875 0.1859375
8 0.1 0.6359375 0.015625 0.190625
8 0.14375 0.6359375 0.015625 0.1890625
8 0.18515625 0.6359375 0.01328125 0.1890625
4 0.19609375 0.896875 0.17734375 0.20390625
8 0.2296875 0.63515625 0.0140625 0.19609375
8 0.27421875 0.63671875 0.0140625 0.18671875
8 0.3234375 0.63515625 0.01640625 0.1875
8 0.3984375 0.63671875 0.0203125 0.19140625
8 0.4484375 0.63671875 0.01640625 0.1921875
8 0.5 0.63515625 0.01640625 0.18828125
8 0.54765625 0.61640625 0.01484375 0.15234375
8 0.80703125 0.63515625 0.02109375 0.1890625
8 0.321875 0.8890625 0.0140625 0.18984375
8 0.371875 0.8859375 0.01640625 0.19453125
8 0.421875 0.88671875 0.02421875 0.1921875
8 0.49765625 0.8875 0.02265625 0.1921875
8 0.546875 0.88671875 0.02109375 0.19453125
8 0.5953125 0.88671875 0.021875 0.19140625
8 0.63359375 0.8890625 0.021875 0.1890625
8 0.6 0.615625 0.02109375 0.1578125
8 0.65390625 0.61875 0.0234375 0.14375
8 0.77890625 0.8578125 0.0234375 0.134375
8 0.81953125 0.86015625 0.025 0.134375
8 0.86015625 0.8578125 0.02421875 0.134375