7 0.573534 0 0.5646307140625 0.07926345625 0.5539523265625 0.0804899390625 0.5548348375 0.0334747875 0.5399203984375001 0.036336579687499995 0.5392143890625001 0.048192575 0.5356895890625 0.092865853125 0.4919698421875 0.092865853125 0.493754321875 0.0225990453125 0.4843858046875 0.0287990578125 0.483592625 0.07977281562500001 0.452167990625 0.08120706250000001 0.4523227921875 0.0460680125 0.45061997812500004 0.03674540625 0.43637827187499995 0.033159790625000005 0.4362234703125 0.0790556921875 0.406346846875 0.08120706250000001 0.40572764375 0.0510878765625 0.39922599375 0.04893650625 0.3917955390625 0.00447485 0.3285478625 0 0.3279423125 0.034597946875 0.3114602109375 0.0403245046875 0.3118722640625 0.0813648296875 0.2710790625 0.07850155156250001 0.2712850890625 0.028871390625 0.26592840624999997 0.017418278125 0.25294875 0.018372703125 0.253360803125 0.0823192546875 0.21730620625000002 0.0813648296875 0.216688128125 0.037461225 0.21071336562499998 0.027916965625 0.1859902140625 0.023144834375 0.1866082921875 0.0536864703125 0.1742467171875 0.048914340625000004 0.14705125 0.008828440625 0.08613119687500001 0.0026105218749999997 0.08521490781249999 0.082553359375 0.0726922875 0.08396827812499999 0.0726922875 0.11509646250000001 0.0340554203125 0.11651138125 0.03436085 0.1334903890625 0.07231355 0.18254233125 0.0721722609375 0.23294126718750002 0.0010646578125000001 0.2436906921875 0.00044205156250000003 0.9416803671875 0.9977337109375 0.957567803125 0.9977337109375 0.2310876453125 0.9132407468749999 0.23082175624999998 0.9128722453125 0.14973433125 0.9311131078124999 0.1330900703125 0.9311131078124999 0.113458378125 0.913335828125 0.11390085624999999 0.912801325 0.0812162625 0.8937730500000001 0.0817114828125 0.8933831109374999 0.019363471875 0.8828771359375001 0.026316246874999998 0.88306474375 0 0.8190406843750001 0 0.79526480625 0.054127340625 0.7821323375 0.04369818125 0.7778173828125 0.06108011249999999 0.7776297765625 0.07933114375 0.7736900359375001 0.0836766265625 0.77406525 0.039352695312500005 0.748175525 0.035876309375 0.7447986046875 0.044567275 0.7451738171875 0.0828075296875 0.7109793921875001 0.0836640125 0.7108299015624999 0.017181559375 0.7011129625 0.0185666109375 0.69842211875 0.0344946984375 0.6987211015625 0.07950886093750001 0.659365171875 0.081289053125 0.6595138781250001 0.035133404687499994 0.6374025171875 0.0344652859375 0.6369650109375 0 0.573534 0
5 0.3876332359375 0.85388696875 0.3860028125 0.9010932984375 0.38844844843750004 0.9879529453125 0.39205343125000003 0.9895013125000001 0.39130168906249996 0.9407466140625 0.393747325 0.8784342593750001 0.3994538078125 0.8576634750000001 0.40516029062500003 0.8425574484375 0.41372001562499994 0.8029041343750001 0.42064931562499996 0.759474309375 0.4165732578125 0.6688381578125 0.4035298671875 0.636737853125 0.389671265625 0.6235200812499999 0.3758126640625 0.6556203859374999 0.3684757578125 0.6896089421875 0.35543236718750004 0.73492701875 0.3574703984375 0.7915746140625 0.366030121875 0.8274514249999999 0.37010618125 0.86143998125 0.37785069375 0.8519987171875 0.3876332359375 0.85388696875
5 0.5938818343750001 0.8633282359375001 0.5971426828124999 0.85388696875 0.6081480421875 0.8331161843749999 0.6183381906250001 0.7670273234375 0.617930584375 0.708491475 0.6089632546875 0.6329613468749999 0.5816536578125 0.6084140546875 0.555974484375 0.6556203859374999 0.547414759375 0.6990502078125 0.547822365625 0.7651390703125001 0.55230603125 0.8274514249999999 0.5567896953125 0.848222209375 0.571871115625 0.8595517296875 0.575947175 0.8652164875 0.5812460515625 0.91242281875 0.5845068984374999 0.9879529453125 0.5849145046875 0.9895013125000001 0.58787384375 0.9895013125000001 0.5938818343750001 0.8633282359375001
5 0.671418728125 0.9329171687500001 0.679840746875 0.8939017765624999 0.685965853125 0.8773497906250001 0.6821376625 0.8347875437500001 0.67550213125 0.812324134375 0.6665696859375 0.8111418499999999 0.6527881984375 0.812324134375 0.6471735187500001 0.8324229734375 0.64640788125 0.8643446593749999 0.6484495828125 0.8915372078124999 0.6512569218750001 0.9080891921875001 0.6558507515625001 0.9163651843749999 0.66146543125 0.9329171687500001 0.6624862828125 0.9506514390625 0.6627414953125 0.9825731234375 0.6688666 0.9895013125000001 0.6688666 0.9849376921875 0.671418728125 0.9329171687500001
5 0.8690683171875 0.9280637140625 0.8775790593749999 0.896522590625 0.8724726140625 0.8649814703125 0.8639618718750001 0.8345668156249999 0.8520468328125 0.8075315703125 0.8399433421875001 0.80793395 0.8240829671875 0.8323138796875 0.8131405859375 0.8570961890625 0.8124110921875 0.898775528125 0.8155722265625001 0.9190519625 0.821894490625 0.9449607421874999 0.828703084375 0.961857771875 0.8583690984375 0.956225428125 0.862989215625 0.9449607421874999 0.8690683171875 0.9280637140625
8 0.04921875 0.34140625 0.0109375 0.084375
8 0.07734375 0.3390625 0.01015625 0.07109375
8 0.10546875 0.33984375 0.009375 0.07890625
8 0.17421875 0.38828125 0.0140625 0.178125
8 0.16015625 0.5921875 0.0140625 0.17734375
8 0.11953125 0.6015625 0.0109375 0.16328125
8 0.11796875 0.80078125 0.0125 0.178125
8 0.1609375 0.7984375 0.01171875 0.171875
8 0.21640625 0.7984375 0.01328125 0.178125
8 0.2171875 0.59375 0.0109375 0.1703125
8 0.2171875 0.38984375 0.0140625 0.184375
8 0.25859375 0.3890625 0.0125 0.17890625
8 0.25859375 0.59140625 0.01171875 0.17421875
8 0.259375 0.8 0.0109375 0.17109375
8 0.31484375 0.59453125 0.0125 0.16640625
8 0.30078125 0.80078125 0.01171875 0.1734375
8 0.31171875 0.20703125 0.01171875 0.05546875
8 0.234375 0.20546875 0.0046875 0.0578125
8 0.371875 0.38984375 0.0125 0.16875
8 0.41328125 0.3890625 0.01171875 0.171875
8 0.428125 0.59375 0.0125 0.175
8 0.46875 0.38984375 0.0125 0.17734375
8 0.45625 0.59453125 0.01328125 0.171875
8 0.428125 0.8015625 0.01328125 0.17421875
8 0.47109375 0.803125 0.01171875 0.17109375
8 0.49921875 0.80234375 0.0140625 0.17421875
8 0.5125 0.596875 0.0125 0.175
8 0.5125 0.3875 0.0125 0.17265625
8 0.42109375 0.20390625 0.00625 0.0546875
8 0.45234375 0.2046875 0.00546875 0.053125
8 0.478125 0.20234375 0.009375 0.06171875
8 0.5296875 0.20859375 0.01328125 0.0609375
8 0.5625 0.2046875 0.01015625 0.0578125
8 0.55390625 0.38984375 0.0140625 0.1765625
8 0.55390625 0.58359375 0.01171875 0.14375
8 0.35703125 0.5921875 0.01171875 0.17578125
8 0.35546875 0.796875 0.0109375 0.178125
8 0.5546875 0.86015625 0.01328125 0.06015625
8 0.6109375 0.38046875 0.01171875 0.17734375
8 0.65390625 0.38671875 0.01328125 0.18125
8 0.653125 0.59765625 0.01171875 0.171875
8 0.59765625 0.571875 0.0125 0.1078125
8 0.709375 0.3875 0.0125 0.1734375
8 0.71015625 0.59765625 0.01328125 0.1796875
8 0.71015625 0.80234375 0.0109375 0.178125
8 0.6671875 0.76328125 0.01328125 0.1015625
8 0.75234375 0.3890625 0.01171875 0.1765625
8 0.93203125 0.35234375 0.0109375 0.10234375
8 0.903125 0.390625 0.01171875 0.16875
8 0.88984375 0.5984375 0.01015625 0.17421875
8 0.890625 0.803125 0.01171875 0.17265625
8 0.9328125 0.56640625 0.0125 0.0921875
8 0.9328125 0.7703125 0.01171875 0.09375
8 0.6578125 0.20625 0.0125 0.04765625
8 0.73671875 0.2078125 0.0046875 0.05546875
8 0.1171875 0.1453125 0.0546875 0.18828125
8 0.8484375 0.15234375 0.053125 0.1921875
8 0.60625 0.15 0.05390625 0.178125
8 0.36015625 0.15078125 0.05234375 0.18125
5 0.11858356875 0.699475065625 0.11858356875 0.6301837265625 0.124929178125 0.6133858265625001 0.135807365625 0.5797900265625 0.1371671390625 0.54199475 0.1290084984375 0.4937007875 0.1140509921875 0.4475065609375 0.10679886718750001 0.3992125984375 0.095467421875 0.3509186359375 0.08322946249999999 0.344619421875 0.062379603125 0.3824146984375 0.04651558125 0.37821522343749997 0.0379036828125 0.40131233593750004 0.029291784375 0.43910761093749995 0.01886685625 0.5062992125 0.0102549578125 0.5503937015625 0.007082153125 0.5671916015625 0.002549575 0.6259842515625 0.0020963171875 0.6679790031249999 0.0120679890625 0.7603674546875 0.0215864015625 0.7939632546875 0.03926345625 0.8002624671874999 0.0505949015625 0.8086614171875001 0.05966005625 0.7876640421875 0.062379603125 0.8170603671875 0.06328611875 0.89685039375 0.062524725 0.997375328125 0.071444759375 0.9955380578125 0.075070821875 0.7855643046874999 0.0913881015625 0.8065616796875 0.0986402265625 0.7750656171875 0.11858356875 0.699475065625
5 0.8175070828125 0.7981627296875 0.8265722375 0.7792650921875001 0.838356940625 0.7729658796875001 0.858753540625 0.7645669296875 0.8664589234375001 0.735170603125 0.864192634375 0.6469816265625 0.8623796031250001 0.5818897640625 0.8691784703125001 0.5272965875 0.8655524078125 0.4412073484375 0.8592067984374999 0.42230971093749997 0.8583002828125 0.3908136484375 0.8338243625 0.39291338593749997 0.8301983 0.37191601093750004 0.814334278125 0.3740157484375 0.7957507078125 0.39291338593749997 0.78033994375 0.43280839843749996 0.7635694046875 0.4811023625 0.7567705375 0.529396325 0.7467988671875 0.5671916015625 0.7477053828125 0.5986876640625 0.7581303109374999 0.659580053125 0.7690084984375 0.720472440625 0.7853257796875 0.7435695531250001 0.79529745 0.7603674546875 0.7984702546875 0.7519685046875 0.801643059375 0.8002624671874999 0.8052691218750001 0.8359580046874999 0.8052691218750001 0.8947506562499999 0.80436260625 0.9850393703125 0.8156940515625 0.9913385828125 0.8156940515625 0.8464566921875001 0.8175070828125 0.7981627296875
8 0.315625 0.3375 0.01171875 0.07421875