7 0 0 0.0062965078125 0.9855000640625 0.544975059375 0.9831020593750001 0.8781993625 0.9870987343750001 0.8822880046874999 0.8344257578125 0.999427590625 0.8186320015625 0.999427590625 0 0 0
8 0.1078125 0.2546875 0.0875 0.115625
8 0.2203125 0.26640625 0.03515625 0.07890625
8 0.1375 0.415625 0.03125 0.07734375
8 0.190625 0.38359375 0.02109375 0.04453125
8 0.22734375 0.11640625 0.01875 0.03515625
8 0.178125 0.090625 0.02265625 0.0390625
8 0.05703125 0.5640625 0.03046875 0.078125
8 0.10390625 0.53359375 0.01484375 0.040625
8 0.0765625 0.70234375 0.06953125 0.12109375
8 0.0890625 0.91328125 0.11484375 0.1296875
4 0.18671875 0.9171875 0.065625 0.1390625
4 0.478125 0.89453125 0.0640625 0.14296875
8 0.665625 0.70546875 0.0859375 0.12734375
8 0.53046875 0.68359375 0.021875 0.04453125
8 0.57265625 0.72890625 0.021875 0.04296875
8 0.5484375 0.55703125 0.05390625 0.0859375
8 0.67890625 0.540625 0.021875 0.04375
8 0.64609375 0.41796875 0.03359375 0.0796875
8 0.69921875 0.38671875 0.0203125 0.03984375
8 0.540625 0.421875 0.01875 0.03984375
8 0.56328125 0.25546875 0.0671875 0.11640625
8 0.646875 0.27421875 0.0171875 0.03984375
8 0.68671875 0.23828125 0.01875 0.03828125
8 0.66875 0.103125 0.07265625 0.10078125
8 0.540625 0.11171875 0.02890625 0.075
8 0.1908986828125 0.6512981203125 0.1895518375 0.71238611875 0.26699552187500003 0.7134393593749999 0.26834236875 0.6702564640625 0.1908986828125 0.6512981203125
8 0.2905653390625 0.38272157500000004 0.2892184921875 0.41063247187499996 0.31750227343750004 0.4206382640625 0.31750227343750004 0.3958870921875 0.2905653390625 0.38272157500000004
2 0.3921875 0.13671875 0.20390625 0.0453125
2 0.3921875 0.2859375 0.215625 0.0578125
2 0.86796875 0.13828125 0.19609375 0.0421875
2 0.8671875 0.4390625 0.21015625 0.05
2 0.86484375 0.28984375 0.20703125 0.05390625
2 0.38671875 0.43984375 0.209375 0.05078125
2 0.3203125 0.58828125 0.3390625 0.05078125
2 0.8625 0.58828125 0.2171875 0.0515625
2 0.8671875 0.7453125 0.2109375 0.0609375
2 0.3234375 0.7390625 0.32890625 0.0515625
8 0.0765625 0.10859375 0.0265625 0.078125