7 0.4593908625 0 0.46374184218750003 0.054502370312500006 0.0025380703125 0.053640671875000004 0.0054387234375 0.9963377859375001 0.9992748375 0.9821995734375 0.9873096453124999 0.0484704875 0.9699057281250001 0.047608789062500004 0.9742964437499999 0 0.4593908625 0
2 0.8390625 0.3921875 0.19140625 0.0578125
2 0.83125 0.2078125 0.19140625 0.0578125
2 0.8359375 0.75546875 0.19140625 0.0578125
5 0.9797637437500001 0.9778393875000001 0.9787127828125 0.9728440390624999 0.9766108609374999 0.9678486906250001 0.9713560546875 0.9609800875 0.9597954828124999 0.9572335765625001 0.9461329890625001 0.9572335765625001 0.9272156890625001 0.9697219468749999 0.9104003109375001 0.967224271875 0.9061964671875 0.9616045062499999 0.9061964671875 0.9441207875 0.91355319375 0.9266370687500001 0.9198589609375001 0.8922940515625 0.9082983890625 0.8610731265625 0.9061964671875 0.8373452218749999 0.907247428125 0.8242324328124999 0.9104003109375001 0.8073731328125 0.9051455046875001 0.7992556937499999 0.8872791671875 0.7861429046875 0.86731090625 0.7686591859374999 0.8610051390625 0.7699080234375 0.8462916843749999 0.7780254640625001 0.8368330343749999 0.807997553125 0.8242214999999999 0.8254812703125 0.8137118890625 0.839842896875 0.8063551609375 0.8673173109375 0.8063551609375 0.87730800625 0.8063551609375 0.9022847468749999 0.8021513171875 0.919768465625 0.7947945890625 0.94287195 0.7947945890625 0.9553603203125001 0.7968965125 0.9634777609375 0.7979474734374999 0.9759661312500001 0.7905907453125 0.982834734375 0.7874378625 0.9965719421875001 0.9992748375 0.9995691515624999 0.9992748375 0.9807374703124999 0.9797637437500001 0.9778393875000001
4 0.67109375 0.9046875 0.1546875 0.17109375
8 0.24765625 0.7203125 0.3265625 0.08828125
8 0.24453125 0.5453125 0.32578125 0.084375
8 0.2453125 0.371875 0.32578125 0.07578125
8 0.59296875 0.70859375 0.12890625 0.08515625
8 0.7875 0.5453125 0.13515625 0.078125
8 0.59609375 0.3421875 0.128125 0.075
8 0.59453125 0.1625 0.128125 0.075
8 0.540625 0.54375 0.1140625 0.025
8 0.246875 0.2015625 0.32578125 0.07578125
4 0.1859375 0.90859375 0.1953125 0.1734375
8 0.82734375 0.7046875 0.165625 0.04453125