7 0.987480103125 1 0.990675990625 0.61088395625 0.9706409890625001 0.61088395625 0.9270708531249999 0.6313278812500001 0.9241661765625 0.44830607499999997 0.9844381999999999 0.3786993765625 0.9851643687499999 0.2998442375 0.92393125625 0.300651659375 0.9150933312499999 0.31472156406249996 0.8388662421875 0.3154620859375 0.843285203125 0.1283570296875 0.6134991921874999 0.1300849125 0.6106350609375 0.0026775234375 0.0787725578125 0.0034110921875 0.07855107812499999 0.2876984125 0.059126059375 0.288318453125 0.0128760125 0.23933531718749998 0 0.2380952375 0 0.9995563515624999 0.31140159375 1 0.987480103125 1
4 0.4421875 0.91171875 0.1140625 0.1609375
2 0.7921875 0.7515625 0.31328125 0.0734375
8 0.55625 0.69140625 0.09765625 0.18984375
8 0.2625 0.69375 0.2234375 0.18359375
8 0.553125 0.18125 0.08671875 0.17109375
8 0.30390625 0.1765625 0.19296875 0.1625
8 0.49453125 0.48046875 0.2078125 0.175
8 0.2015625 0.48046875 0.11328125 0.184375
2 0.76171875 0.58828125 0.2640625 0.06171875
2 0.3453125 0.0328125 0.52109375 0.06015625