7 0 0.10841430781250001 0.0166781734375 0.99036783125 0.9480369515625 0.9943052390625 0.9618937640624999 0.0330296125 0.565318309375 0.0294478578125 0.5238479859375 0.0060744109375 0.47900482968749997 0.0060744109375 0.434681690625 0.0248460296875 0 0.026374517187500002 0 0.10841430781250001
8 0.20625 0.20625 0.18828125 0.090625
8 0.78828125 0.20625 0.20234375 0.09453125
8 0.7953125 0.4171875 0.17578125 0.09453125
8 0.20390625 0.41640625 0.17578125 0.096875
8 0.79296875 0.62265625 0.184375 0.09140625
8 0.21171875 0.62265625 0.19375 0.09140625
4 0.42640154218750004 0.983533171875 0.5888257234375 0.983533171875 0.591363603125 0.794125009375 0.104091059375 0.7982969953125 0.096477425 0.9334693406250001 0.4213257875 0.9343037375 0.42640154218750004 0.983533171875
4 0.7890625 0.88515625 0.203125 0.1890625
2 0.2046875 0.26953125 0.2015625 0.034375
2 0.79453125 0.26953125 0.2125 0.03203125
2 0.80625 0.48046875 0.20625 0.03203125
2 0.2140625 0.48046875 0.19453125 0.028125
2 0.50703125 0.7015625 0.94765625 0.06484375