7 0.76512605 0.8445031265624999 0.7862385328125 0.9904327734375 0.9214941015625 0.9989680078125 0.9426867171875 0.8090000546875 0.992 0.7438750890625 0.992 0.029967693750000003 0.9780112484375 0.0296067859375 0.9780112484375 0.020668275 0.9447154109375001 0.020668275 0.9429156359374999 0.0036038453125000003 0.0577179046875 0 0.0550573875 0.0162163828125 0.0032869343750000003 0.0197445609375 0.0057142859375 0.729188165625 0.0523809515625 0.803147575 0.0638269984375 0.9923263359375 0.126736565625 0.9923263359375 0.1938401046875 0.9875924296875 0.2088235296875 0.8445031265624999 0.76512605 0.8445031265624999
8 0.1125 0.134375 0.04140625 0.13515625
8 0.1796875 0.13828125 0.04296875 0.13515625
8 0.30625 0.13671875 0.03828125 0.1375
8 0.3703125 0.1171875 0.04765625 0.09140625
8 0.4328125 0.13671875 0.04140625 0.134375
8 0.49609375 0.13671875 0.04296875 0.13046875
8 0.75 0.0890625 0.2921875 0.04140625
8 0.1125 0.30703125 0.0390625 0.12578125
8 0.1796875 0.28828125 0.03828125 0.096875
8 0.24609375 0.30703125 0.046875 0.1265625
8 0.3046875 0.30625 0.0421875 0.128125
8 0.43515625 0.30390625 0.0375 0.1265625
8 0.49921875 0.3046875 0.046875 0.13046875
8 0.56171875 0.30546875 0.04609375 0.1296875
8 0.6234375 0.3046875 0.040625 0.1203125
8 0.6875 0.3078125 0.0421875 0.13046875
8 0.75234375 0.28984375 0.03515625 0.09453125
8 0.8171875 0.303125 0.04375 0.1296875
8 0.87890625 0.30703125 0.0453125 0.11796875
8 0.8765625 0.46953125 0.0421875 0.12421875
8 0.81171875 0.46640625 0.04609375 0.121875
8 0.6875 0.4546875 0.04453125 0.109375
8 0.62421875 0.46875 0.04140625 0.13203125
8 0.56015625 0.46328125 0.04765625 0.128125
8 0.49453125 0.46796875 0.0484375 0.1234375
8 0.36875 0.45390625 0.0453125 0.1078125
8 0.30546875 0.46640625 0.0484375 0.12734375
8 0.24375 0.46484375 0.04140625 0.1234375
8 0.11796875 0.46484375 0.04609375 0.1296875
8 0.115625 0.62890625 0.0453125 0.13046875
8 0.24140625 0.62109375 0.05078125 0.11953125
8 0.303125 0.62890625 0.05078125 0.13515625
8 0.49296875 0.628125 0.04375 0.12890625
8 0.5609375 0.63125 0.0453125 0.1265625
8 0.75546875 0.62890625 0.04140625 0.1296875
8 0.87890625 0.63359375 0.040625 0.12265625
2 0.76875 0.134375 0.33828125 0.0515625
2 0.20672268906250002 0.35203059531249997 0.20504201718749998 0.311054453125 0.18823529375 0.2807017546875 0.1277310921875 0.2807017546875 0.1260504203125 0.3353366109375 0.19915966406250002 0.33457779374999996 0.20672268906250002 0.35203059531249997
2 0.3942857140625 0.5055899562499999 0.3952380953125 0.49613003125 0.3949579828125 0.45219449999999994 0.325210084375 0.45295331718750004 0.326435246875 0.5125382171874999 0.3942857140625 0.5167698656249999 0.3942857140625 0.5055899562499999
2 0.27310924375 0.6950160859375 0.2697479 0.6373459593749999 0.256302521875 0.6221696109375 0.194117646875 0.6221696109375 0.1890756296875 0.6790809203125 0.25798319375 0.678322103125 0.27310924375 0.6950160859375
2 0.728571428125 0.6252048796875 0.5991596640625 0.626722515625 0.592436975 0.6312754203125001 0.5932773109375 0.6805985546875 0.7294117640625 0.6798397375 0.728571428125 0.6252048796875
2 0.7966386562500001 0.3360954296875 0.7949579828125 0.2822193890625 0.7342857140625 0.28285173750000003 0.721008403125 0.308778 0.7218487390625 0.3489953265625 0.731932771875 0.336854246875 0.7966386562500001 0.3360954296875
5 0.756875834375 0.8433542624999999 0.7451268359375 0.8520345671875 0.7419225640625 0.8645727843750001 0.7301735640625 0.88579130625 0.7248331109375 0.8992940015625001 0.7194926578125 0.9147256546874999 0.7194926578125 0.927263871875 0.718424565625 0.9369086546875 0.718424565625 0.945588959375 0.7814419218750001 0.949446871875 0.7654205609375 0.8443187406250001 0.756875834375 0.8433542624999999
2 0.36328125 0.13984375 0.075 0.05390625
5 0.5304761906250001 0.969986240625 0.5342857140625 0.9553663578125 0.531428571875 0.944186446875 0.5276190484375001 0.9364465093750001 0.5314547843749999 0.89386106875 0.504193971875 0.8824996921875 0.489515071875 0.88628681875 0.47903014375 0.907116009375 0.4857142859375 0.93988648125 0.48857142812500004 0.9484864125 0.4923809515625 0.9760061921875 0.5142857140625 0.9785861718750001 0.526666665625 0.9742862046875 0.5304761906250001 0.969986240625
5 0.5866666656249999 0.9364465093750001 0.5828571421875 0.9278465765625 0.57904761875 0.9209666328124999 0.5761904765625 0.9072067421875 0.5676190484375 0.9037667703125001 0.5638095234375 0.9192466453125 0.553333334375 0.925266596875 0.5542857140625 0.9424664609375 0.5542857140625 0.9510663906250001 0.56095238125 0.95708634375 0.5838095234375 0.95622635 0.5866666656249999 0.9493464062499999 0.5866666656249999 0.9364465093750001
8 0.56015625 0.1390625 0.04375 0.12734375