7 0.04660918125 0 0.0396178046875 0.0681623765625 0.010487065625 0.0689400421875 0.0046609187500000005 0.9788086171874999 0.08506175625 0.985029940625 0.178429415625 0.9951007078125 0.994290375 0.9951007078125 0.9857842 0.0681623765625 0.9415054765624999 0.0666070453125 0.94479565 0 0.04660918125 0
8 0.24375 0.61640625 0.07265625 0.053125
8 0.43515625 0.61640625 0.05546875 0.04609375
8 0.609375 0.61640625 0.06171875 0.0484375
8 0.79296875 0.6171875 0.0546875 0.05234375
8 0.79140625 0.86015625 0.0625 0.10625
8 0.6078125 0.8875 0.0546875 0.0484375
8 0.42734375 0.78984375 0.0703125 0.08515625
8 0.240625 0.8859375 0.06953125 0.04609375
8 0.078125 0.3921875 0.0640625 0.071875
8 0.1609375 0.39296875 0.07109375 0.0671875
8 0.2390625 0.39296875 0.06796875 0.06796875
8 0.32734375 0.39375 0.07109375 0.06484375
8 0.41015625 0.39375 0.07109375 0.06484375
8 0.49609375 0.39453125 0.07109375 0.06875
8 0.58203125 0.39296875 0.06796875 0.0671875
8 0.6671875 0.39296875 0.07421875 0.0671875
8 0.7515625 0.3921875 0.06796875 0.06640625
8 0.83828125 0.39296875 0.06640625 0.06953125
8 0.078125 0.1921875 0.0578125 0.05390625
8 0.16171875 0.19140625 0.06796875 0.05546875
8 0.2421875 0.19453125 0.065625 0.05234375
8 0.32890625 0.19453125 0.07578125 0.0546875
8 0.415625 0.19296875 0.07890625 0.053125
8 0.496875 0.1921875 0.071875 0.05234375
8 0.58203125 0.19453125 0.0703125 0.05546875
8 0.6671875 0.19453125 0.07421875 0.05234375
8 0.75234375 0.19453125 0.065625 0.05234375
8 0.83828125 0.19453125 0.06484375 0.053125
2 0.50234375 0.2484375 0.91484375 0.05078125
2 0.50625 0.453125 0.91796875 0.05625
2 0.24765625 0.66796875 0.07109375 0.0484375
2 0.43671875 0.66875 0.07890625 0.05703125
2 0.61953125 0.66875 0.065625 0.059375
2 0.7953125 0.66953125 0.06875 0.05703125