7 0.0112232640625 0.9916656937500001 0.9912481671875 0.9982601093750001 0.9912481671875 0.0057480078125 0.01030975 0.0057480078125 0.0112232640625 0.9916656937500001
8 0.18828125 0.659375 0.14921875 0.13203125
8 0.3421875 0.89140625 0.14921875 0.1234375
8 0.65703125 0.89453125 0.1421875 0.12734375
8 0.821875 0.8953125 0.07734375 0.06171875
8 0.1875 0.89609375 0.071875 0.0625
8 0.37265625 0.6359375 0.0671875 0.05859375
8 0.6515625 0.6359375 0.06875 0.0609375
8 0.81484375 0.65625 0.13671875 0.12421875
8 0.840625 0.37421875 0.06953125 0.0609375
8 0.65 0.4 0.140625 0.12734375
8 0.33203125 0.3953125 0.1609375 0.13515625
8 0.17109375 0.3734375 0.0703125 0.0609375
8 0.21171875 0.15625 0.14453125 0.12734375
8 0.3734375 0.109375 0.06953125 0.0640625
8 0.8109375 0.15546875 0.14296875 0.1265625
8 0.64609375 0.11015625 0.07421875 0.06484375