7 0 0.021827403125 0.00051516875 0.033898175 0.0434819203125 0.10381078437499999 0.046039465625 0.295571084375 0.0373438140625 0.2945723328125 0.03836683125 0.39045248125 0 0.391728259375 0.0008940093749999999 0.41824378749999996 0.0008940093749999999 0.4513881984375 0.0002376484375 0.538668478125 0.0008940093749999999 0.572917703125 0.0002376484375 0.878951090625 0.0401654984375 0.87476103125 0.0394286 0.91049939375 0.99594866875 0.8999425499999999 0.9948170109375001 0.29560947031249996 0.7712523234375 0.2912600171875 0.7703073234375 0.1270809921875 0.80813016875 0.0365251734375 0.807679896875 0.008391326562499999 0 0.0099271703125 0 0.021827403125
8 0.13984375 0.21171875 0.109375 0.14609375
8 0.14375 0.5171875 0.10625 0.1578125
8 0.3703125 0.8203125 0.06484375 0.15
8 0.48828125 0.5171875 0.0703125 0.14609375
8 0.6125 0.81796875 0.06484375 0.15625
8 0.490625 0.82109375 0.07109375 0.159375
8 0.61015625 0.515625 0.06484375 0.1421875
8 0.8078125 0.509375 0.0640625 0.140625
8 0.81015625 0.80625 0.06171875 0.15
8 0.915625 0.51015625 0.059375 0.1546875
8 0.915625 0.79609375 0.0578125 0.13359375
8 0.365625 0.2125 0.06328125 0.14453125
8 0.4890625 0.2140625 0.06328125 0.14375
8 0.61171875 0.21484375 0.0625 0.14296875
8 0.02578125 0.66015625 0.0171875 0.07890625
4 0.028125 0.82421875 0.0265625 0.08828125
8 0.02734375 0.49375 0.02265625 0.084375
8 0.36953125 0.51640625 0.06640625 0.14453125
5 0.43068601093750003 0.7629456546875 0.42502772499999997 0.75189751875 0.41371115625000005 0.74084938125 0.40975035625 0.7430590078125 0.43464680937500005 0.719857921875 0.42785686875 0.7143338531250001 0.41654029843749996 0.7043905296874999 0.40805287031250004 0.684503884375 0.42106692656250005 0.675665375 0.43804178125000004 0.6624076109375 0.46010909218749996 0.6281583859375 0.45671412031249997 0.6093765531249999 0.44370006562500003 0.6049572984375 0.4261593828125 0.6060621125 0.41993526875000003 0.5950139765625 0.419369440625 0.57623214375 0.424461896875 0.5519262421875 0.43408098125 0.514362578125 0.43012018281250003 0.49337111718750004 0.4171061265625 0.5066288828125 0.40182875781250005 0.5220962734375 0.4035262421875 0.497790371875 0.4148428125 0.47900854062500003 0.40805287031250004 0.46575077656249997 0.39956544374999997 0.4458641296875 0.3978679578125 0.39393788750000003 0.38938053125 0.3630031046875 0.380893103125 0.3574790359375 0.3661815640625 0.367422359375 0.35656247812499997 0.367422359375 0.3520358515625 0.3431164578125 0.34411425156250003 0.2746180109375 0.34241676718749997 0.23484471718750002 0.351470021875 0.18070884843749999 0.3418509375 0.174079965625 0.3254419125 0.21827251250000002 0.32600774062500004 0.27019875625 0.3237444265625 0.30665760625 0.322046940625 0.34201164375 0.33223185312500003 0.39283307343749996 0.3231785984375 0.385099378125 0.307901228125 0.3784704953125 0.2999796296875 0.391728259375 0.315822828125 0.45028338437500004 0.30337460156249996 0.438130434375 0.2943213453125 0.43150155156250003 0.286399746875 0.43481599375 0.3045062578125 0.46796040312500004 0.3175203140625 0.497790371875 0.3197836265625 0.5176770187499999 0.2999796296875 0.5176770187499999 0.28696557500000003 0.50552406875 0.277346490625 0.514362578125 0.28583391874999997 0.54087810625 0.301677115625 0.579546584375 0.3344951671875 0.6182150625 0.34071928125 0.6447305921875001 0.34071928125 0.6712461203125 0.33223185312500003 0.6723509328125 0.31921779843750003 0.6369968953125 0.2999796296875 0.6182150625 0.2897947171875 0.5961187890625 0.26885906406250004 0.5950139765625 0.26206912187500003 0.5961187890625 0.26376660625000004 0.6137958078125 0.2852680890625 0.6513594734375 0.305637915625 0.6690364921875 0.31865197031250003 0.6811894421875 0.3231785984375 0.7010760890625 0.306769571875 0.7010760890625 0.2903605453125 0.7032857156250001 0.29601883125 0.7309060578125 0.3090328859375 0.7353253125 0.3011112875 0.749687890625 0.3101645421875 0.7585263999999999 0.3231785984375 0.75300233125 0.3226127703125 0.767364909375 0.337324309375 0.7629456546875 0.3475092234375 0.767364909375 0.34826506875 0.7692529859375 0.35589953125 0.7729796703125 0.35589953125 0.77670635625 0.36108910625 0.7717841640625 0.380893103125 0.7795178593750001 0.4108820140625 0.7717841640625 0.43068601093750003 0.7629456546875
5 0.2790439765625 0.67014130625 0.273385690625 0.6624076109375 0.2694248921875 0.65798835625 0.2648982640625 0.6182150625 0.2643324359375 0.6005380437500001 0.2603716359375 0.597223603125 0.25754249375 0.5850706531250001 0.2586741515625 0.5596599390625 0.2564108375 0.5475069875 0.24905506718749998 0.537563665625 0.2507525515625 0.5232010875 0.258108321875 0.50552406875 0.25527917968749997 0.4900566765625 0.2547133515625 0.47679891249999995 0.24339678125000003 0.473484471875 0.23660683906250002 0.48784704999999995 0.23321186875 0.4900566765625 0.2179345 0.47017003125 0.20209130156250002 0.47900854062500003 0.2037887875 0.514362578125 0.20944707187499997 0.5276203421875 0.2201978140625 0.5508214296875 0.2218953 0.558555125 0.2105787296875 0.556345496875 0.2066179296875 0.5751273296875 0.20548627343749998 0.5894899078125 0.1998279875 0.6071669265625 0.1998279875 0.6226343171875001 0.1930380453125 0.632577640625 0.1794581625 0.6336824546875001 0.1624833078125 0.625948759375 0.17889233437500002 0.6535691015625 0.1766290203125 0.6601979828125 0.1619174796875 0.678979815625 0.17040490625 0.7154386671874999 0.1969988453125 0.726486803125 0.20944707187499997 0.7364301265625001 0.22246112812500002 0.760736028125 0.23321186875 0.7795178593750001 0.23756537031249997 0.7748430140625 0.24339678125000003 0.7717841640625 0.2586741515625 0.719857921875 0.2728198625 0.6922375796875 0.2790439765625 0.67014130625