7 0.970374059375 0.0115009515625 0.9473126093750001 0.0115009515625 0.9057751703125 0.07837388906250001 0.074103334375 0.0817927515625 0.0240907375 0.0115009515625 0.0082803390625 0.0115009515625 0.015027865625000001 0.9818081359375 0.9885731312500001 0.9818081359375 0.9851578312499999 0.287779178125 0.9676198015624999 0.28948860781249997 0.970374059375 0.0115009515625
8 0.27265625 0.4953125 0.33984375 0.096875
8 0.753125 0.4828125 0.2625 0.1078125
8 0.29765625 0.1984375 0.39609375 0.159375
8 0.728125 0.203125 0.2671875 0.15234375
4 0.7421875 0.8609375 0.39375 0.25078125
8 0.39609375 0.8375 0.1046875 0.15
8 0.27421875 0.834375 0.03125 0.1484375
8 0.18828125 0.8359375 0.02578125 0.14296875
8 0.1078125 0.83671875 0.02734375 0.14375
2 0.48125 0.26328125 0.86171875 0.05703125