7 0.014453478124999999 0.9974994562499999 0.9945799453124999 0.9957599484375 0.98253538125 0.0042400515625000005 0.023486901562500002 0.00250054375 0.014453478124999999 0.9974994562499999
8 0.146875 0.0875 0.09609375 0.03125
8 0.32265625 0.0875 0.09140625 0.03671875
8 0.50078125 0.0859375 0.0859375 0.034375
8 0.68125 0.0875 0.08984375 0.03671875
8 0.8578125 0.0875 0.0921875 0.03515625
4 0.1453125 0.9375 0.10234375 0.1109375
4 0.4984375 0.9359375 0.15 0.1125
8 0.8578125 0.18359375 0.09296875 0.04296875
8 0.14609375 0.18203125 0.0953125 0.0375
8 0.3234375 0.1828125 0.09296875 0.04375
8 0.503125 0.18125 0.08984375 0.04296875
8 0.68046875 0.18125 0.09140625 0.0421875
8 0.68203125 0.28671875 0.0921875 0.0390625
8 0.86015625 0.28984375 0.0953125 0.03671875
8 0.14765625 0.28515625 0.0953125 0.0375
8 0.3234375 0.2875 0.09609375 0.03984375
8 0.50390625 0.38671875 0.0921875 0.0375
8 0.6828125 0.3859375 0.0921875 0.0390625
8 0.8609375 0.3890625 0.0953125 0.03671875
8 0.1484375 0.38515625 0.0953125 0.0375
8 0.32421875 0.3875 0.09609375 0.03984375
8 0.50390625 0.38671875 0.0921875 0.0375
8 0.50390625 0.2875 0.0921875 0.0390625
8 0.50390625 0.48828125 0.0921875 0.0375
8 0.6828125 0.48828125 0.0921875 0.0390625
8 0.8609375 0.49140625 0.0953125 0.03671875
8 0.1484375 0.48671875 0.0953125 0.0375
8 0.32421875 0.4890625 0.09609375 0.03984375
8 0.5078125 0.59375 0.0921875 0.0375
8 0.6859375 0.59296875 0.0921875 0.0390625
8 0.8640625 0.59609375 0.0953125 0.03671875
8 0.15234375 0.5921875 0.0953125 0.0375
8 0.328125 0.59375 0.09609375 0.03984375
8 0.50703125 0.6953125 0.0921875 0.0375
8 0.68515625 0.69609375 0.09375 0.0421875
8 0.8625 0.6984375 0.09765625 0.03984375
8 0.1515625 0.69375 0.0953125 0.0375
8 0.32734375 0.6953125 0.09609375 0.03984375
8 0.321875 0.7984375 0.09609375 0.03984375
8 0.5015625 0.79765625 0.0921875 0.0375
8 0.68046875 0.796875 0.0921875 0.0390625
8 0.85859375 0.8 0.0953125 0.03671875
8 0.14609375 0.79609375 0.0953125 0.0375
2 0.14765625 0.12578125 0.09921875 0.040625
2 0.3265625 0.12578125 0.1046875 0.0375
2 0.5046875 0.12578125 0.09921875 0.03984375
2 0.68125 0.12578125 0.09375 0.040625
2 0.8625 0.128125 0.09921875 0.03984375
2 0.14921875 0.4171875 0.10390625 0.02109375
2 0.3296875 0.4171875 0.10546875 0.01953125
2 0.50625 0.4171875 0.103125 0.02109375
2 0.684375 0.4171875 0.09453125 0.02109375
2 0.86328125 0.41953125 0.10390625 0.021875
2 0.14453125 0.3140625 0.10390625 0.02109375
2 0.32421875 0.3140625 0.10546875 0.01953125
2 0.5015625 0.3140625 0.103125 0.02109375
2 0.6796875 0.3140625 0.09453125 0.02109375
2 0.85859375 0.315625 0.10390625 0.021875
2 0.14609375 0.2125 0.10390625 0.02109375
2 0.32578125 0.2125 0.10546875 0.01953125
2 0.503125 0.2125 0.103125 0.02109375
2 0.68125 0.2125 0.09453125 0.02109375
2 0.86328125 0.52109375 0.10390625 0.021875
2 0.1484375 0.51875 0.10390625 0.02109375
2 0.32890625 0.51875 0.10546875 0.01953125
2 0.50546875 0.51875 0.103125 0.02109375
2 0.68359375 0.51875 0.09453125 0.02109375
2 0.86328125 0.52109375 0.10390625 0.021875
2 0.86328125 0.21328125 0.10078125 0.015625
2 0.86328125 0.628125 0.10390625 0.021875
2 0.684375 0.6265625 0.09453125 0.02109375
2 0.50625 0.6265625 0.103125 0.02109375
2 0.14921875 0.6265625 0.10390625 0.02109375
2 0.3296875 0.6265625 0.10546875 0.01953125
2 0.86484375 0.73125 0.10390625 0.021875
2 0.6859375 0.72890625 0.09453125 0.02109375
2 0.5078125 0.72890625 0.103125 0.02109375
2 0.15078125 0.72890625 0.10390625 0.02109375
2 0.33125 0.72890625 0.10546875 0.01953125
2 0.8609375 0.83203125 0.10625 0.02578125
2 0.68359375 0.83046875 0.09921875 0.0265625
2 0.503125 0.83046875 0.10390625 0.02578125
2 0.14609375 0.83046875 0.1046875 0.02578125
2 0.32421875 0.83125 0.1015625 0.0265625
8 0.28828125 0.93828125 0.184375 0.12265625
4 0.3546875 0.95625 0.05546875 0.0828125
8 0.77890625 0.93984375 0.28828125 0.11953125
4 0.7734375 0.953125 0.06171875 0.08359375
4 0.6625 0.95703125 0.0609375 0.084375