7 0.003074503125 0.006458453124999999 0.0073645078125 0.9048583000000001 0.0388245390625 0.9077501453125001 0.037394537500000005 0.9925775984375 0.9993994 0.9995951421875 0.9993994 0.0093450375 0.003074503125 0.006458453124999999
8 0.12265625 0.15078125 0.0609375 0.05078125
8 0.4203125 0.1546875 0.06484375 0.05078125
8 0.5765625 0.15078125 0.06171875 0.0375
8 0.80625 0.1578125 0.04921875 0.04765625
8 0.87890625 0.30234375 0.05703125 0.04296875
8 0.65 0.30625 0.05078125 0.0515625
8 0.421875 0.29609375 0.06171875 0.0390625
8 0.178125 0.30625 0.06796875 0.0515625
8 0.18125 0.4546875 0.06015625 0.05078125
8 0.4203125 0.60703125 0.05625 0.0484375
8 0.18203125 0.6078125 0.06484375 0.05625
8 0.58046875 0.4578125 0.059375 0.05
8 0.88046875 0.459375 0.06328125 0.053125
8 0.58671875 0.609375 0.07109375 0.05703125
8 0.8109375 0.6078125 0.04921875 0.05703125
4 0.1625 0.946875 0.15078125 0.0890625
8 0.34140625 0.45546875 0.046875 0.05546875
8 0.125 0.76640625 0.06875 0.05234375
8 0.41328125 0.76328125 0.071875 0.0515625
8 0.58203125 0.765625 0.078125 0.06015625
8 0.88671875 0.7609375 0.0625 0.05546875
5 0.803564434375 0.8885759546875001 0.8322888109375001 0.8885759546875001 0.8544849187500001 0.8885759546875001 0.8518736125 0.8824150671875 0.8022587812499999 0.881534940625 0.791813553125 0.8832951937500001 0.770923096875 0.8903362078124999 0.7774513640625 0.8586516453125 0.7774513640625 0.8410491109375 0.7813683250000001 0.8172856890625001 0.791813553125 0.802323534375 0.7852852859375 0.7996831546875 0.7761457109375 0.789121634375 0.761783521875 0.798803028125 0.76047786875 0.8234465765625 0.7513382953125001 0.8366484765625 0.7461156812499999 0.8419292374999999 0.747421334375 0.8243267031249999 0.735670453125 0.8208061953125 0.7278365328125 0.8216863234374999 0.723919571875 0.8348882234375001 0.7343648 0.8428093640625001 0.7408930671875 0.8542510125 0.7513382953125001 0.8868157015625 0.7526439484375 0.9061784906250001 0.756560909375 0.92730153125 0.76047786875 0.9449040656250001 0.7448100281250001 0.9325822921875 0.7304478390625 0.922900896875 0.7082517296875 0.9088188703125001 0.687361275 0.9008977296875 0.665165165625 0.8947368421874999 0.6664708187499999 0.897377221875 0.6847499671875 0.9008977296875 0.714779996875 0.9202605171875 0.738281759375 0.94578419375 0.7539496015625 0.957225840625 0.756560909375 0.9660271078125 0.712168690625 0.936982925 0.687361275 0.9281816578125 0.6729990859375 0.925541278125 0.669082125 0.9325822921875 0.6951951953125 0.9431438125 0.71347434375 0.951064953125 0.7408930671875 0.9677873609375001 0.7487269875 0.9757085015625 0.7551697953125001 0.9995951421875 0.7761457109375 0.9995951421875 0.7735344046875 0.9924309093750001 0.7774513640625 0.9563457140624999 0.7748400578125 0.909698996875 0.7852852859375 0.8947368421874999 0.803564434375 0.8885759546875001
8 0.1828125 0.146875 0.05546875 0.0421875
8 0.34453125 0.14921875 0.0484375 0.0453125
8 0.65078125 0.14921875 0.0515625 0.04921875
8 0.88125 0.15859375 0.0671875 0.06171875
8 0.1140625 0.30625 0.0609375 0.05859375
8 0.34375 0.2984375 0.046875 0.04375
8 0.80859375 0.3015625 0.053125 0.0484375
8 0.8078125 0.453125 0.04765625 0.05390625
8 0.65 0.45390625 0.0515625 0.04921875
8 0.41953125 0.45546875 0.06328125 0.05703125
8 0.11015625 0.4546875 0.0578125 0.05234375
8 0.8875 0.61328125 0.05 0.05390625
8 0.653125 0.6125 0.0546875 0.05703125
8 0.34609375 0.60703125 0.0484375 0.05546875
8 0.1125 0.609375 0.059375 0.0578125
8 0.18671875 0.7640625 0.06015625 0.0609375
8 0.34921875 0.7625 0.05390625 0.05546875