7 0 0 0.0032149078125 0.9888423749999999 0.5176002609375 0.991469759375 0.5263186578125 0.8688584890625 0.9975094875 0.865979184375 0.995161290625 0 0 0
8 0.28359375 0.103125 0.09375 0.08046875
8 0.10546875 0.09609375 0.06875 0.096875
8 0.6 0.1078125 0.084375 0.08828125
8 0.89296875 0.09765625 0.06484375 0.09453125
8 0.89375 0.23359375 0.06796875 0.09453125
8 0.71875 0.2390625 0.09921875 0.09453125
8 0.4 0.23671875 0.090625 0.0859375
8 0.10546875 0.23671875 0.0640625 0.096875
8 0.10390625 0.371875 0.06796875 0.09453125
8 0.28359375 0.37265625 0.0875 0.090625
8 0.58515625 0.37265625 0.09140625 0.08828125
8 0.89609375 0.37109375 0.06328125 0.10625
8 0.89609375 0.509375 0.0625 0.1
8 0.71953125 0.50625 0.09921875 0.09296875
8 0.403125 0.50625 0.0875 0.09921875
8 0.10703125 0.50859375 0.0640625 0.09921875
8 0.10546875 0.64765625 0.0625 0.09296875
8 0.28828125 0.6390625 0.078125 0.09375
8 0.58671875 0.63828125 0.078125 0.0921875
8 0.89609375 0.6484375 0.0703125 0.09765625
8 0.721875 0.775 0.09765625 0.0890625
8 0.8984375 0.7828125 0.06328125 0.09921875
8 0.40546875 0.77421875 0.09921875 0.0875
8 0.103125 0.78125 0.06875 0.09453125
5 0.7949321968749999 1 0.8076134046875 0.9524420499999999 0.8401571546875 0.9245808203125 0.82034685 0.916626653125 0.7970021984375 0.89786620625 0.7694130640625 0.8791057609375 0.72060151875 0.8825167515624999 0.6696677328125 0.892749721875 0.6229784296875 0.89786620625 0.5678001609375001 0.9029826921874999 0.5486999906250001 0.9285651187499999 0.514744134375 0.9507365546875001 0.54657775 0.986551953125 0.5996337781250001 0.9967849234375 0.783665825 1 0.7949321968749999 1
5 0.998263028125 1 0.998263028125 0.9199469625000001 0.9870788171875 0.9044223046875001 0.9319005484374999 0.9317102265624999 0.8937002093749999 0.972642109375 0.9064336562499999 0.9965190406250001 0.9965423609374999 1 0.998263028125 1
2 0.4296875 0.1 0.11015625 0.0984375
2 0.746875 0.096875 0.1234375 0.10859375
2 0.58984375 0.23359375 0.11875 0.11015625
2 0.27109375 0.23515625 0.12109375 0.10546875
2 0.43125 0.371875 0.12109375 0.1078125
2 0.7453125 0.3703125 0.11953125 0.109375
2 0.58984375 0.51171875 0.115625 0.109375
2 0.26796875 0.51171875 0.11328125 0.10625
2 0.74765625 0.64609375 0.12421875 0.1140625
2 0.42890625 0.6484375 0.125 0.11796875
2 0.26875 0.78984375 0.125 0.1125
2 0.58515625 0.78828125 0.13046875 0.1078125