7 0.9992452828125 0.027898178125 0.0003582515625 0.031059393749999997 0 0.9987484359375 0.9992452828125 0.9987484359375 0.9992452828125 0.027898178125
2 0.23678925468749998 0.690195371875 0.14596738125 0.8174731124999999 0.147886153125 0.9299017828125 0.22719539531250002 0.81429116875 0.23678925468749998 0.690195371875
2 0.5783377109375001 0.7059536453125 0.4913463375 0.824897646875 0.4919859296875 0.9489934453125001 0.5783306687499999 0.8164124640624999 0.5783377109375001 0.7059536453125
2 0.9448161171875 0.7008018500000001 0.859750559375 0.82065505625 0.8584713781250001 0.9383869656250001 0.9384202109374999 0.821715703125 0.9448161171875 0.7008018500000001
8 0.3015625 0.6328125 0.0390625 0.1390625
8 0.43203125 0.65703125 0.0875 0.14375
8 0.6046875 0.6359375 0.0546875 0.1265625
8 0.403125 0.31171875 0.08828125 0.15
8 0.25625 0.2546875 0.06875 0.121875
8 0.11640625 0.64609375 0.08046875 0.13046875
8 0.08828125 0.3046875 0.08828125 0.1578125
8 0.75078125 0.659375 0.07578125 0.13359375
8 0.57421875 0.25390625 0.07421875 0.11875
8 0.72578125 0.31015625 0.08515625 0.14609375
8 0.89296875 0.25390625 0.078125 0.12265625
8 0.9109375 0.64765625 0.01953125 0.16015625
8 0.38828125 0.9125 0.04609375 0.08046875
8 0.70859375 0.91015625 0.0453125 0.059375
5 0.1899622640625 0.9125156453125 0.1778867921875 0.95957446875 0.183924528125 0.9795995 0.19358490625 0.9836045062500001 0.218943396875 0.99161451875 0.266641509375 0.9956195250000001 0.309509434375 0.99161451875 0.388 0.9946182734375 0.42784905625 0.993617021875 0.434490565625 0.9806007515624999 0.4350943390625 0.9625782234375 0.4181886796875 0.9505632046875 0.3994716984375 0.9325406765625001 0.392226415625 0.9565707140624999 0.3819622640625 0.9555694625 0.37230188750000004 0.9525657078125 0.370490565625 0.9405506890625001 0.366867925 0.9165206515625 0.34754717031250004 0.8964956187500001 0.3324528296875 0.9005006265625 0.314943396875 0.9195244062500001 0.31071698125 0.93554443125 0.301660378125 0.94755945 0.2956226421875 0.94755945 0.2889811328125 0.9395494375 0.2684528296875 0.953566959375 0.25818867968750003 0.9555694625 0.247924528125 0.9285356703125001 0.2334339625 0.909511890625 0.2231698109375 0.8994993734375001 0.205056603125 0.9015018781249999 0.1899622640625 0.9125156453125
5 0.7502641515625 0.9886107640624999 0.7581132078125 0.9655819781250001 0.744226415625 0.9515644562500001 0.7333584906249999 0.9485607015624999 0.718867925 0.9515644562500001 0.7073962265625 0.9395494375 0.703773584375 0.9225281609374999 0.6910943390625001 0.9155194 0.6814339625 0.8994993734375001 0.6590943390625 0.8994993734375001 0.6572830187500001 0.9115143937499999 0.644 0.94755945 0.6337358484375 0.9525657078125 0.6264905656249999 0.9465581984375 0.6168301890625 0.9465581984375 0.6083773578125 0.9555694625 0.5926792453124999 0.9525657078125 0.58241509375 0.94755945 0.5727547171875 0.9315394250000001 0.56128301875 0.905506884375 0.548 0.8974968703125 0.538339621875 0.9025031296874999 0.525660378125 0.9245306640625 0.5184150937500001 0.949561953125 0.511773584375 0.981602003125 0.680226415625 0.9987484359375 0.7334528296875 0.9987484359375 0.7502641515625 0.9886107640624999