7 0.928272059375 0.16227369375 0.9296231546874999 0.12323163906250001 0.8751289609375 0.122373571875 0.875579325 0.0837605515625 0.769293128125 0.0824734515625 0.7665909359375 0.0485798 0.6427404937500001 0.0464346328125 0.64287196875 0.009108712500000001 0.37026501562499997 0.009108712500000001 0.368216159375 0.0482452984375 0.245495446875 0.045736543750000004 0.2465488421875 0.08537488125 0.136468890625 0.0843713796875 0.138549075 0.1227377828125 0.08375944375 0.123563871875 0.08488472968750001 0.16207291875000002 0.0063744 0.16376498281250002 0.007873321875 0.9926875796875001 0.9952112312500001 0.9987020078125 0.9961192125 0.266959946875 0.99767334375 0.16640680000000002 0.928272059375 0.16227369375
8 0.43828125 0.13515625 0.06875 0.04921875
8 0.57421875 0.1359375 0.06796875 0.05078125
8 0.72578125 0.2109375 0.06328125 0.0625
8 0.58671875 0.3 0.07890625 0.0703125
8 0.428125 0.41796875 0.07421875 0.071875
8 0.265625 0.41796875 0.07421875 0.0765625
8 0.4265625 0.2984375 0.08203125 0.07109375
8 0.2828125 0.20859375 0.06953125 0.06171875
8 0.909375 0.3 0.0625 0.0671875
8 0.9109375 0.41953125 0.071875 0.07734375
8 0.74765625 0.41953125 0.0765625 0.07734375
8 0.5875 0.41875 0.08125 0.07890625
8 0.10390625 0.3 0.06328125 0.06953125
8 0.10234375 0.4171875 0.07109375 0.0796875
8 0.10390625 0.53671875 0.06484375 0.075
8 0.26875 0.53671875 0.0703125 0.07734375
8 0.10546875 0.653125 0.06796875 0.07890625
8 0.26484375 0.653125 0.07734375 0.07890625
8 0.26640625 0.77265625 0.07578125 0.0765625
8 0.103125 0.77265625 0.06875 0.07734375
8 0.425 0.53671875 0.0796875 0.08359375
8 0.5859375 0.53671875 0.0796875 0.08359375
8 0.42890625 0.6359375 0.07890625 0.0453125
8 0.5859375 0.634375 0.08203125 0.04296875
8 0.909375 0.5375 0.06328125 0.0796875
8 0.746875 0.5359375 0.07578125 0.0796875
8 0.746875 0.653125 0.0765625 0.0796875
8 0.9125 0.65390625 0.0734375 0.08046875
8 0.9125 0.775 0.07109375 0.07578125
8 0.75 0.7734375 0.078125 0.0734375
8 0.915625 0.92265625 0.11015625 0.084375
8 0.58515625 0.771875 0.07890625 0.07265625
8 0.42734375 0.771875 0.08125 0.075
4 0.584375 0.93828125 0.11875 0.1125
4 0.746875 0.93828125 0.1125 0.11015625
2 0.4265625 0.146875 0.08125 0.03359375
2 0.57109375 0.14453125 0.07890625 0.03515625
2 0.4203125 0.31484375 0.09375 0.04375
2 0.5828125 0.31484375 0.08984375 0.04296875
2 0.73046875 0.225 0.08515625 0.0375
2 0.9171875 0.31484375 0.09140625 0.04296875
2 0.7484375 0.43828125 0.09296875 0.04609375
2 0.271875 0.22578125 0.0828125 0.03984375
2 0.253125 0.4375 0.09140625 0.04296875
2 0.08671875 0.31328125 0.08828125 0.04140625
2 0.0875 0.4359375 0.09140625 0.04609375
2 0.4203125 0.4375 0.0921875 0.04609375
2 0.58515625 0.43828125 0.08984375 0.04140625
2 0.41953125 0.80390625 0.09453125 0.04921875
2 0.58359375 0.80390625 0.08984375 0.04921875
2 0.58359375 0.6828125 0.09453125 0.04375
2 0.4203125 0.6828125 0.09375 0.04765625
2 0.253125 0.80546875 0.09453125 0.0484375
2 0.0875 0.8046875 0.090625 0.0484375
2 0.08671875 0.68046875 0.090625 0.046875
2 0.0859375 0.56171875 0.08984375 0.0484375
2 0.74921875 0.56015625 0.0921875 0.04609375
2 0.74921875 0.68046875 0.090625 0.0453125
2 0.74921875 0.8015625 0.090625 0.04609375
2 0.9171875 0.43671875 0.0890625 0.04296875
2 0.915625 0.55703125 0.08984375 0.0421875
2 0.91484375 0.68125 0.0890625 0.0484375
2 0.9171875 0.80390625 0.09140625 0.04765625
2 0.41953125 0.559375 0.09296875 0.04453125
2 0.58359375 0.5609375 0.09609375 0.0484375
2 0.253125 0.55859375 0.08828125 0.04609375
8 0.42109375 0.9234375 0.11953125 0.09609375