7 0 0.8320102968749999 0.0810444875 0.83912390625 0.0782263953125 0.8587008671874999 0.1049982703125 0.8613704515625 0.1078163625 0.9921801374999999 0.900729828125 0.9995817656250001 0.9053364421874999 0.8667096234375 0.9532440093749999 0.8640400375 0.9574711468749999 0.843573215625 0.9900060203125 0.8408696750000001 0.9900060203125 0.008744914062500001 0 0.008744914062500001 0 0.8320102968749999
2 0.19453125 0.36171875 0.3328125 0.0765625
2 0.6796875 0.36796875 0.584375 0.07578125
2 0.196875 0.16328125 0.33203125 0.0734375
2 0.6765625 0.5765625 0.571875 0.078125
2 0.19375 0.58203125 0.3296875 0.0765625
2 0.2015625 0.7640625 0.33125 0.075
2 0.675 0.76171875 0.57109375 0.0703125
8 0.80078125 0.51328125 0.2625 0.05
8 0.48515625 0.5109375 0.153125 0.0484375
8 0.16328125 0.5140625 0.1546875 0.05390625
8 0.803125 0.70234375 0.2625 0.05234375
8 0.49140625 0.7 0.1484375 0.05234375
8 0.1609375 0.70078125 0.153125 0.05
8 0.80078125 0.22421875 0.25703125 0.21328125
8 0.48828125 0.22265625 0.16171875 0.21484375
8 0.16015625 0.3140625 0.1515625 0.02265625
5 0.9993377484374999 0.87641154375 0.99271523125 0.8697197828125001 0.9728476828125 0.8747386031250001 0.9635761593750001 0.8780844828125 0.9543046359374999 0.8805938937500001 0.9476821187500001 0.8872856546874999 0.9384105953124999 0.8856127140625001 0.9357615890625001 0.8730656625 0.9251655624999999 0.8663739015624999 0.9092715234375 0.8713927234375 0.9105960265625 0.8864491843750001 0.9092715234375 0.9483479718750001 0.9728476828125 0.9575491421875 0.9768211921875001 0.9424926812500001 0.9993377484374999 0.9455182109375 0.9993377484374999 0.87641154375