7 0.50078125 0.49609375 0.9984375 0.9734375
2 0.28828125 0.253125 0.16171875 0.0703125
8 0.48515625 0.1875 0.11953125 0.12421875
8 0.74921875 0.18984375 0.11953125 0.1203125
2 0.7359375 0.48671875 0.1796875 0.06953125
8 0.484375 0.41171875 0.11484375 0.12109375
2 0.1265625 0.48671875 0.16796875 0.06875
8 0.153125 0.42734375 0.10703125 0.0296875
2 0.28125 0.7140625 0.17890625 0.075
8 0.2984375 0.65078125 0.13203125 0.053125
8 0.54921875 0.64375 0.12109375 0.11953125
8 0.75 0.64765625 0.11640625 0.12109375
4 0.8890625 0.8890625 0.14296875 0.146875
8 0.48359375 0.8765625 0.11875 0.11640625
8 0.11640625 0.8890625 0.1453125 0.14453125
5 0.316733375 0.9045006359375 0.32019704375 0.92040394375 0.3240455671875 0.938295165625 0.327124384375 0.9526081421875 0.3278940890625 0.9629452921875 0.304418103125 0.95976463125 0.2944119453125 0.9565839687500001 0.2944119453125 0.9454516546875 0.292487684375 0.9363072515624999 0.28748460625 0.92358460625 0.284790640625 0.9017175578125001 0.28594519687500003 0.8778625953124999 0.28094211874999997 0.8691157765625 0.2713208125 0.87587468125 0.27863300468749996 0.8925731546875 0.2759390390625 0.9001272265625 0.271705665625 0.8933683203125 0.2678571421875 0.8862118328124999 0.2643934734375 0.8671278625 0.25669642812500004 0.8540076328125 0.24669027031250002 0.8718988546875 0.23899322656250002 0.8889949109374999 0.2309113296875 0.9009223921875 0.230141625 0.911657125 0.23322044375 0.921994275 0.225138546875 0.9335241734374999 0.21744150312500002 0.9454516546875 0.221290025 0.9534033078125 0.21975061562499998 0.95976463125 0.21590209374999997 0.9637404578125001 0.205511084375 0.97010178125 0.200123153125 0.9510178109374999 0.2005080046875 0.945054071875 0.2020474140625 0.921994275 0.20935960625 0.9029103046875001 0.21359297968750002 0.890187659375 0.22013546874999998 0.86553753125 0.2097444578125 0.85321246875 0.194735221875 0.8536100515625 0.1912715515625 0.8715012718749999 0.189347290625 0.8858142499999999 0.1916564046875 0.8953562343750001 0.19088670000000002 0.9239821890625001 0.1897321421875 0.945054071875 0.19088670000000002 0.9601622140625 0.1870381765625 0.970896946875 0.16818041875 0.9788486000000001 0.157789409375 0.9748727734375 0.1543257390625 0.9641380406250001 0.15548029531250002 0.9593670484375 0.1543257390625 0.94425890625 0.1539408859375 0.9331265906249999 0.160098521875 0.922789440625 0.157789409375 0.9088740453125 0.1620227828125 0.892175571875 0.17356834999999998 0.8786577609374999 0.178571428125 0.8667302796874999 0.16664100937499998 0.8667302796874999 0.1558651484375 0.874681934375 0.143165025 0.890982825 0.130849753125 0.8945610687500001 0.13008005 0.8905852421875 0.1131465515625 0.8790553437499999 0.11006773437499999 0.88939249375 0.10891317656249999 0.9009223921875 0.1066040640625 0.9112595421874999 0.10237068906249999 0.919608778125 0.08851600937500001 0.94783715 0.093903940625 0.93392175625 0.0958282015625 0.914440203125 0.10198583750000001 0.9076812984375 0.098137315625 0.8941634859375001 0.091209975 0.8933683203125 0.08620689687500001 0.8985368953125 0.08274322656250001 0.9088740453125 0.081973521875 0.922789440625 0.0777401484375 0.9386927484375001 0.0715825125 0.9430661578124999 0.0615763546875 0.9275604328125 0.0561884234375 0.9223918578125 0.055803571875 0.905693384375 0.058112684375 0.8929707375 0.054264162500000004 0.8782601781249999 0.0457974140625 0.8830311703125 0.0369458125 0.8913804078125 0.034251846875000005 0.9033078874999999 0.027709359375 0.91523536875 0.028863915624999997 0.9045006359375 0.025015393749999996 0.8993320609375001 0.022706281249999998 0.8881997453125001 0.015778940625 0.8897900765625 0.013084974999999999 0.89972964375 0.0100061578125 0.9025127218750001 0.00115455625 0.9009223921875 0 0.9978454687499999 0.673000234375 0.9993638671875 0.9993842359375 0.9993638671875 0.9993842359375 0.9171686203125 0.9968869734375 0.917609084375 0.98776455 0.9158420515625 0.9805273046874999 0.8980957078125 0.9808583609375001 0.9138280109375 0.9639745218750001 0.9186161046875 0.96596085625 0.9097239328125 0.958346575 0.8926236015625 0.9507322953124999 0.8786013296874999 0.9464285718750001 0.8608169859375 0.94477329375 0.8608169859375 0.921268340625 0.8618430046875 0.9272273421874999 0.871077184375 0.9411316796874999 0.8840734359375 0.9364969015625 0.9015157734375 0.9315310671875 0.914512025 0.9186198953125 0.922378178125 0.917957784375 0.9316123562499999 0.92292361875 0.941188540625 0.924909953125 0.9504227203125 0.9285515656250001 0.9617089390625001 0.9146472265625001 0.9740211765625 0.8865074953125 0.9706011109375 0.8805484937499999 0.9569208453125 0.8904801625 0.9459766343749999 0.9023981671874999 0.94255656875 0.9037223890625 0.93742646875 0.9043845015624999 0.9302443296874999 0.9067018906250001 0.911091959375 0.9123298375 0.9042518265625 0.9196130625000001 0.8953596546875 0.91597145 0.8929656078124999 0.91199878125 0.886125475 0.9060397796874999 0.8888615281250001 0.8931286078125 0.8888615281250001 0.8901491078125 0.8943336343749999 0.8881627734374999 0.900489753125 0.8795553249999999 0.912117978125 0.878893215625 0.90835590625 0.8653199328125 0.8707351781250001 0.86234043125 0.883389421875 0.863995709375 0.8991217265625 0.8663130984375 0.9117759718749999 0.860023040625 0.9189581109375 0.8527398171874999 0.917932090625 0.8527398171874999 0.9097239328125 0.8524087609375 0.8991217265625 0.8467808140624999 0.883389421875 0.8454565921875 0.8618430046875 0.8342006984375001 0.8577389249999999 0.8385044234375 0.8762072828124999 0.8414839234375 0.8936496203125 0.8414839234375 0.9080138984375001 0.8351938656250001 0.9114339656249999 0.8262553640625001 0.9063038656250001 0.8166547484375 0.89741169375 0.8110268015625 0.8854414625 0.7994398546875 0.8772333031249999 0.7861976265624999 0.864921065625 0.7812317921874999 0.8693671500000001 0.7789144015625 0.88578346875 0.7789144015625 0.8987797203125 0.7862256828125 0.91052098125 0.7799636796875 0.9196856 0.7648305093750001 0.922381075 0.7543938375 0.922381075 0.7481318359375 0.91483374375 0.7369520484375001 0.9167069281250001 0.7314959156249999 0.9163043125 0.7272089546875 0.9110703125 0.7170761359375 0.9014075437500001 0.7061638718750001 0.89617354375 0.692133815625 0.9034206203125 0.68706740625 0.9102650828125001 0.6866776828125001 0.9195252359375001 0.6827804453125 0.943682159375 0.6757654171875 0.943682159375 0.672257903125 0.9364350828125 0.6710887328124999 0.9138886203125001 0.6617353625 0.8989918515624999 0.6601764671875 0.9062389281250001 0.6578381249999999 0.9191226203125 0.6543306109375 0.9352272359375 0.6551100578125 0.954552775 0.6508230968750001 0.9597867750000001 0.6484847546875 0.9521370828125001 0.6403005546875 0.95535800625 0.634064975 0.9460978515624999 0.6352341453125 0.9420716984374999 0.638741659375 0.9344220046875 0.63601359375 0.9303958515625 0.6317266328125 0.9239540046875 0.6313369078125 0.8993944656249999 0.638741659375 0.8881212359375 0.634844421875 0.867990465625 0.6270499468749999 0.862756465625 0.6137993390625 0.8744323125 0.613409615625 0.8901343125000001 0.6079534828125001 0.895770928125 0.60834320625 0.904628465625 0.615358234375 0.90664154375 0.6169171296875 0.912278159375 0.6118507203125 0.9223435437499999 0.61224044375 0.93281154375 0.6056151390625 0.9316036984375 0.6028870734375 0.921940928125 0.597430940625 0.9167069281250001 0.5939234265625 0.9042258515625001 0.593533703125 0.8925500046874999 0.59236453125 0.883692465625 0.5900261890625 0.8607433890625 0.587687846875 0.859132928125 0.5795036484375 0.8776532359375 0.5814522671875 0.8937578515625001 0.5872981234375 0.923551390625 0.5853495046875 0.9332141593750001 0.5763858578125001 0.9372403125 0.568201659375 0.9420716984374999 0.575606409375 0.9444873906250001 0.585739228125 0.9444873906250001 0.568201659375 0.9452926203124999 0.56079690625 0.954552775 0.55495105 0.9432795437499999 0.5576791171875 0.9263696984375 0.5623558015625 0.9138886203125001 0.55728939375 0.9074467734375 0.5533921562499999 0.8989918515624999 0.5510538125 0.8808741578125 0.538582653125 0.8744323125 0.5288395578125 0.8655747734375 0.5175375703125 0.8571198499999999 0.5183170171875 0.8869133890625 0.522603978125 0.9001996968749999 0.522603978125 0.9295906203125 0.5190964640625 0.9469030828125 0.5116917125 0.9557606203125 0.510912265625 0.9650207749999999 0.5124711609375 0.9726704671874999 0.5042869609375 0.9779044671875001 0.49844110468749997 0.975488775 0.4957130390625 0.96944954375 0.49337469531249994 0.96421554375 0.4918158015625 0.9573710828124999 0.4886980109375 0.9460978515624999 0.4859699453125 0.9163043125 0.48441105 0.894160465625 0.4836316015625 0.87805585 0.4758371265625 0.8555093890625001 0.46999127031250004 0.864366928125 0.47310906093750005 0.8828872359375 0.468432375 0.8933552359375 0.46100164218749995 0.8837998296875 0.4312397375 0.908184903125 0.42816091875 0.882739609375 0.4148193765625 0.8625954203124999 0.39121510625 0.8583545375 0.3830049265625 0.863655640625 0.3696633828125 0.88061916875 0.3696633828125 0.9103053437499999 0.3706896546875 0.934690415625 0.3696633828125 0.9590754875 0.358374384375 0.971798134375 0.3419540234375 0.9760390156250001 0.336822659375 0.9643765906249999 0.3470853859375 0.932569975 0.3460591140625 0.9113655640625 0.3327175703125 0.885920271875 0.3198121921875 0.8794529265625 0.316733375 0.8881997453125001 0.316733375 0.9045006359375