7 0.9849677265624999 0.046123028125 0.7381692046875 0.050349071875 0.50513386875 0 0.5069034546875 0.0596463640625 0.29289634531250003 0.055420321875 0.28426702656249997 0.0359805265625 0.013306409375 0.0444326109375 0.015032273437499999 0.9944469796875 0.94182113125 0.9986730234375001 0.9990680328125 0.9995435875 0.9990680328125 0.8694245046875 0.9849677265624999 0.046123028125
8 0.36953125 0.7765625 0.15234375 0.0984375
8 0.58359375 0.63203125 0.1453125 0.10546875
4 0.43046875 0.94375 0.29375 0.10625
8 0.28818944375 0.8887805484375001 0.580064390625 0.8879299609375 0.574557315625 0.9950002078125 0.9429664765625001 0.991660096875 0.9472026890624999 0.86510933125 0.28494168124999997 0.86787546875 0.28818944375 0.8887805484375001
8 0.12578125 0.63671875 0.1203125 0.10078125
8 0.4046875 0.4875 0.1640625 0.09453125
8 0.49646982343749996 0.365130078125 0.60519924375 0.3789607625 0.60096303125 0.3022004625 0.4032731796875 0.29874279062500003 0.4032731796875 0.378269228125 0.48658533125 0.381035365625 0.49646982343749996 0.365130078125
8 0.39765625 0.19921875 0.21171875 0.0828125
2 0.40078125 0.08125 0.2203125 0.0421875
2 0.4015625 0.21953125 0.2171875 0.0328125