7 0.9909529656249999 1 0.9909529656249999 0.0929613953125 0.9394105328125001 0.08818994687500001 0.9394105328125001 0.008909598437500001 0.8674182640625 0.008909598437500001 0.8326266125 0.090826034375 0.5618281765625001 0.096098209375 0.562526109375 0.008909598437500001 0.4417835078125 0.008909598437500001 0.4417835078125 0.090826034375 0.1626098625 0.0842358140625 0.1319007609375 0.0117433921875 0.0022594984374999997 0.008909598437500001 0.0069676765625 1 0.9909529656249999 1
4 0.49921875 0.91640625 0.0640625 0.1671875
8 0.384375 0.26484375 0.0734375 0.14140625
8 0.3609375 0.44375 0.02578125 0.1421875
8 0.459375 0.26484375 0.02578125 0.13828125
8 0.5078125 0.26640625 0.0234375 0.1421875
8 0.59921875 0.26328125 0.1046875 0.13671875
8 0.50234375 0.046875 0.025 0.07578125
8 0.690625 0.2859375 0.0234375 0.09765625
8 0.73203125 0.2875 0.02109375 0.0953125
8 0.7671875 0.28828125 0.009375 0.096875
8 0.27578125 0.434375 0.0921875 0.05
8 0.065625 0.43671875 0.0453125 0.06328125
8 0.13046875 0.4921875 0.02109375 0.05625
8 0.17578125 0.46015625 0.021875 0.109375
8 0.409375 0.44375 0.0234375 0.14453125
8 0.4828125 0.44296875 0.07265625 0.14375
8 0.825 0.43359375 0.02109375 0.05078125
8 0.72890625 0.434375 0.07421875 0.05390625
8 0.64140625 0.44453125 0.0234375 0.1390625
8 0.5984375 0.44375 0.0234375 0.140625
8 0.55703125 0.44375 0.02265625 0.14140625
8 0.1609375 0.609375 0.046875 0.0578125
8 0.2328125 0.60703125 0.00859375 0.0625
8 0.2671875 0.634375 0.02578125 0.1140625
8 0.3109375 0.6359375 0.025 0.115625
8 0.38515625 0.62265625 0.07265625 0.1375
8 0.45703125 0.62265625 0.025 0.14140625
8 0.5984375 0.621875 0.10703125 0.13828125
8 0.690625 0.6328125 0.0234375 0.1109375
8 0.7328125 0.63359375 0.0234375 0.11484375
8 0.76640625 0.63515625 0.00859375 0.11171875
8 0.725 0.77578125 0.08984375 0.0703125
8 0.82578125 0.8078125 0.021875 0.12578125
8 0.27421875 0.7765625 0.0890625 0.059375
8 0.0671875 0.78125 0.04453125 0.065625
5 0.83125 0.978125 0.315625 0.04375
5 0.1640625 0.97265625 0.3234375 0.04453125
8 0.50703125 0.621875 0.02578125 0.14921875
2 0.03125 0.31171875 0.02578125 0.05625
2 0.03125 0.31171875 0.02578125 0.05625
2 0.07890625 0.309375 0.02578125 0.05625
2 0.15078125 0.3078125 0.06796875 0.05546875
2 0.053125 0.4890625 0.06796875 0.05546875
2 0.26640625 0.4875 0.1109375 0.05546875
2 0.14921875 0.66484375 0.0703125 0.0546875
2 0.03046875 0.66875 0.0265625 0.05234375
2 0.07734375 0.66875 0.0265625 0.05234375
2 0.05390625 0.84609375 0.06875 0.06015625
2 0.12890625 0.84375 0.0265625 0.05234375
2 0.17109375 0.84453125 0.0265625 0.05234375
2 0.265625 0.84296875 0.11015625 0.05859375
2 0.22421875 0.66640625 0.02734375 0.0578125
2 0.73203125 0.48828125 0.1078125 0.05859375
2 0.22421875 0.3078125 0.0265625 0.0515625
2 0.26796875 0.30703125 0.02578125 0.05625
2 0.30859375 0.30859375 0.02578125 0.05625
2 0.84765625 0.30625 0.06640625 0.05546875
2 0.82421875 0.48515625 0.02265625 0.0578125
2 0.86875 0.484375 0.02265625 0.0578125
2 0.9421875 0.4859375 0.06640625 0.05546875
2 0.91953125 0.3078125 0.021875 0.05078125
2 0.96328125 0.30546875 0.021875 0.05078125
2 0.84765625 0.66640625 0.0671875 0.05546875
2 0.96484375 0.6625 0.02265625 0.0578125
2 0.91875 0.6671875 0.0203125 0.0515625
2 0.94140625 0.8421875 0.0703125 0.0515625
2 0.7328125 0.83984375 0.1078125 0.0546875
8 0.07890625 0.259375 0.02265625 0.0484375
8 0.1609375 0.2578125 0.05078125 0.05
8 0.23203125 0.25859375 0.01015625 0.04296875
8 0.2671875 0.2578125 0.02578125 0.046875
8 0.30859375 0.259375 0.025 0.0421875
8 0.83828125 0.25625 0.05078125 0.04140625
8 0.92109375 0.259375 0.021875 0.04765625
8 0.93203125 0.43359375 0.04453125 0.0546875
8 0.83828125 0.6109375 0.04765625 0.06875
8 0.91953125 0.6078125 0.02265625 0.06484375
2 0.8703125 0.84296875 0.028125 0.0578125
8 0.9296875 0.778125 0.04765625 0.07109375
8 0.17421875 0.78046875 0.02421875 0.06328125
8 0.07890625 0.61484375 0.02578125 0.06484375