7 0.9710384140625001 0.20802264531249998 0.712907759375 0.2083978640625 0.7146752921874999 0.2042656921875 0.5103068625 0.20425662031249997 0.51203358125 0.0190925625 0.46755257656250004 0.0182806890625 0.4702758875 0.0065163093749999994 0.2551342765625 0.006101095312500001 0.2551342765625 0.016204621875 0.026376106249999996 0.016204621875 0.022509003125 0.988163875 0.9710384140625001 0.988163875 0.9710384140625001 0.20802264531249998
8 0.15390625 0.15546875 0.19375 0.096875
8 0.36015625 0.31171875 0.1875 0.0953125
8 0.821875 0.3140625 0.2109375 0.09453125
8 0.5859375 0.465625 0.21875 0.10546875
8 0.15390625 0.465625 0.19140625 0.1078125
8 0.35078125 0.61875 0.1953125 0.10859375
8 0.81796875 0.61796875 0.21328125 0.109375
8 0.58515625 0.771875 0.22265625 0.121875
8 0.15546875 0.7703125 0.1921875 0.1140625
4 0.25703125 0.9265625 0.33046875 0.109375
4 0.81328125 0.9296875 0.15234375 0.109375