7 0.9943390781250001 0.2964863125 0.5009091921875 0 0.00710319375 0.27566165625 0.00710319375 0.9969520281250001 0.9943390781250001 0.987486275 0.9943390781250001 0.2964863125
8 0.3796875 0.26171875 0.08828125 0.084375
8 0.5421875 0.2640625 0.0359375 0.07578125
8 0.70390625 0.26953125 0.084375 0.0796875
8 0.73203125 0.53671875 0.04140625 0.08671875
8 0.56640625 0.53515625 0.0921875 0.0828125
8 0.37734375 0.5328125 0.09140625 0.08046875
8 0.16171875 0.5515625 0.11171875 0.053125
8 0.165625 0.81328125 0.11171875 0.0828125
8 0.37734375 0.81015625 0.1015625 0.090625
8 0.54453125 0.81015625 0.04140625 0.0890625
8 0.709375 0.8109375 0.08671875 0.0859375
8 0.1103521921875 0.29793675625 0.21907738906250002 0.29793675625 0.2183007796875 0.239831596875 0.1103521921875 0.29793675625
2 0.37890625 0.3546875 0.08828125 0.1015625
2 0.5421875 0.35390625 0.04375 0.10390625
2 0.7078125 0.359375 0.08671875 0.10546875
2 0.734375 0.6296875 0.04375 0.09921875
2 0.56953125 0.6265625 0.09453125 0.10546875
2 0.37890625 0.6234375 0.09453125 0.1046875
2 0.165625 0.63203125 0.12109375 0.10859375
2 0.16328125 0.90703125 0.11328125 0.10078125
2 0.37890625 0.9 0.1015625 0.09375
2 0.5453125 0.90390625 0.04375 0.1046875
2 0.71015625 0.90390625 0.08828125 0.0984375
5 0.9555438828125 0.10387103281250001 0.9536338453125 0.1138996140625 0.9488587531249999 0.12016747812499999 0.9364435109375 0.1276889140625 0.919253175 0.13521034999999998 0.9135230640625001 0.13521034999999998 0.9068379328124999 0.1189139046875 0.9211632125 0.10387103281250001 0.9249832874999999 0.072531715625 0.9249832874999999 0.0512209796875 0.9173431390625 0.031163817187499998 0.9077929515625 0.018628090625 0.8982427656249999 0.018628090625 0.8829624671875 0.02991024375 0.8810524296875 0.0462066890625 0.87341228125 0.05748884375 0.8619520578125 0.039938825 0.8504918343750001 0.039938825 0.8447617234375 0.044953115625 0.8409416484375001 0.0712781421875 0.829481425 0.0599959890625 0.8275713874999999 0.078799578125 0.811336071875 0.110138896875 0.801785884375 0.11766033281249999 0.7979658109375001 0.1276889140625 0.7903256609375 0.15150679375 0.7788654375 0.1627889484375 0.9992932859374999 0.2953537609375 0.9992932859374999 0.2568069 0.9956546656249999 0.054981696875 0.9861044796874999 0.0599959890625 0.96509406875 0.07754600625 0.9603189765625 0.08256029687500001 0.9555438828125 0.10387103281250001