7 0.998721459375 0.710109059375 0.8904161328125 0.710109059375 0.8904161328125 0.6827665921875 0.998721459375 0.6469410359375 0.998721459375 0.6319877218750001 0.9698323656250001 0.62964408125 0.9698323656250001 0.542929396875 0.998721459375 0.5286205234375 0.998721459375 0.5108996484375 0.998721459375 0.46793291249999996 0.8881142125 0.48121353906250003 0.998721459375 0.4122260640625 0.998721459375 0.3944988546875 0.9732852453125 0.39684249375 0.9721342859375 0.31559630312500003 0.998721459375 0.2966909390625 0.998721459375 0.23903739218750003 0.9272468484375 0.249193165625 0.998721459375 0.1750755453125 0.998721459375 0.160134840625 0.9721342859375 0.1640409078125 0.9732852453125 0.0726389421875 0.998721459375 0.0452404296875 0.998721459375 0.028109778125000002 0.9399074078125 0.0374843390625 0.934152609375 0.0140479375 0.8420758171875 0.028109778125000002 0.8558873359374999 0.01951643125 0.8483498265625 0.003071890625 0.5428262421875 0.05310860625 0.0766874828125 0.0546710328125 0.0433096453125 0.06404559374999999 0.0433096453125 0.07810743437499999 0.006478928125 0.0734201546875 0.00339435625 0.563334690625 0.00532796875 0.9905646640624999 0.046762525 0.9710343296874999 0.11351819999999999 0.9686906890625 0.18602867343750001 0.9671282625 0.2263122703125 0.9944707296875 0.8996238125 0.9936895171875 0.9076805312499999 0.781980690625 0.998721459375 0.7591437859375 0.998721459375 0.710109059375
8 0.9724422890625 0.0668893203125 0.6866151765625 0.109008825 0.68567495625 0.20026775156249998 0.970561846875 0.165168165625 0.9724422890625 0.0668893203125
8 0.4844677125 0.109008825 0.3377002671875 0.1097643859375 0.336031375 0.1601721796875 0.48205941250000006 0.14204802968750002 0.4844677125 0.109008825
8 0.659348775 0.1077324765625 0.5107938937500001 0.10645612812500001 0.50625834375 0.1397825109375 0.660630840625 0.119392840625 0.659348775 0.1077324765625
8 0.32184579375 0.1499773453125 0.3161681953125 0.10964700000000001 0.0764119 0.10645612812500001 0.07067757031250001 0.1596058 0.3001502 0.12052560000000001 0.32184579375 0.1499773453125
8 0.05290638125 0.1051797796875 0.0359824078125 0.109008825 0.033161745312500004 0.1983532296875 0.055727043750000003 0.19899140312500002 0.05290638125 0.1051797796875
8 0.3218095203125 0.2902503296875 0.3218095203125 0.2296237703125 0.06983035625 0.225794725 0.060428146875 0.31194825625 0.3058257671875 0.27748684375 0.3218095203125 0.2902503296875
8 0.650617490625 0.2304032625 0.3318591453125 0.22417308593750002 0.3326935921875 0.2700498421875 0.6547897203125 0.24059809687499997 0.650617490625 0.2304032625
8 0.8850017578125 0.2289855953125 0.6772129687499999 0.2232420265625 0.6810323375 0.2673043390625 0.88582516875 0.2504089453125 0.8850017578125 0.2289855953125
8 0.9668009640624999 0.309395559375 0.68567495625 0.3406661 0.68285429375 0.4223524125 0.9715020687499999 0.396187265625 0.9668009640624999 0.309395559375
8 0.6621694359375 0.343218796875 0.334032390625 0.3361988796875 0.3310247 0.3816266421875 0.655624165625 0.3567059359375 0.6621694359375 0.343218796875
8 0.2898420140625 0.3304553109375 0.0547868234375 0.3291789625 0.055076871875 0.38392135625 0.2814956015625 0.3563614375 0.2898420140625 0.3304553109375
8 0.2879615734375 0.5557308437499999 0.062308589062499996 0.55445449375 0.059894292187499996 0.6095390015625 0.2842484140625 0.593189896875 0.2879615734375 0.5557308437499999
8 0.30958665 0.447879384375 0.05854770625 0.44468851249999997 0.0585178859375 0.4927596828125 0.30695910625 0.4698709359375 0.30958665 0.447879384375
8 0.6565281125 0.4472412109375 0.3406139359375 0.44468851249999997 0.3420574515625 0.49322679999999997 0.654501534375 0.4726736390625 0.6565281125 0.4472412109375
8 0.9696216265625001 0.5391383109375 0.6809738515625 0.5614744125 0.684734734375 0.6450752468750001 0.9743227296875 0.6291208890625 0.9696216265625001 0.5391383109375
8 0.8925235234375 0.4408594671875 0.6855581453124999 0.44700989843750005 0.6844266921875 0.49155230312500003 0.8869566203125 0.4731209640625 0.8925235234375 0.4408594671875
8 0.6565281125 0.5601980640625001 0.335863625 0.5530178109375 0.33792823437499997 0.6058020640625 0.6538133312500001 0.59038719375 0.6565281125 0.5601980640625001
8 0.889348575 0.6720730265625 0.685211659375 0.66222294375 0.6821637890625001 0.715800265625 0.8835622640624999 0.708120540625 0.889348575 0.6720730265625
8 0.6523175578125 0.6655063046875 0.3417585515625 0.6648496328125 0.33724003125 0.7160417421874999 0.6524369265625001 0.708567865625 0.6523175578125 0.6655063046875
8 0.320474134375 0.7554703843749999 0.3175717140625 0.670103009375 0.058288804687499994 0.6641929609375 0.055386384375 0.7535003687499999 0.309831925 0.7436502875000001 0.320474134375 0.7554703843749999
8 0.7875 0.803125 0.196875 0.0609375
8 0.60234375 0.80234375 0.11484375 0.05234375
8 0.4265625 0.80078125 0.17578125 0.06015625
8 0.184375 0.80390625 0.25546875 0.05625
8 0.68671875 0.9390625 0.4015625 0.10234375
8 0.09261620000000001 0.9680011000000001 0.182447909375 0.9685604859374999 0.2294241234375 0.9948516921874999 0.320079978125 0.9931735312500001 0.32502484374999996 0.8919244187500001 0.099209353125 0.8919244187500001 0.09261620000000001 0.9680011000000001
4 0.39609375 0.940625 0.0984375 0.10078125
2 0.9924091234375 0.710436334375 0.8850494812499999 0.7109034515625 0.67514761875 0.7179102109375 0.675835821875 0.7557467109375 0.9958501375000001 0.747805715625 0.9924091234375 0.710436334375
2 0.9910327171875 0.470338053125 0.6772122281249999 0.492292565625 0.67514761875 0.5319975343750001 0.9930973249999999 0.513779959375 0.9910327171875 0.470338053125
2 0.9930973249999999 0.2367794125 0.67514761875 0.270878975 0.6730830109375 0.3124524125 0.9944737312499999 0.27928708593749996 0.9930973249999999 0.2367794125
2 0.0433774234375 0.079360890625 0.057829682812500005 0.0779595390625 0.6730830109375 0.07889377343750001 0.9325354765625 0.0382545703125 0.931159071875 0.0153658234375 0.6372964640625 0.055070792187499995 0.07847576875 0.056005026562500004 0.042689221875 0.065347371875 0.0433774234375 0.079360890625
2 0.67170660625 0.11953297656249999 0.3269169890625 0.160639296875 0.3255405828125 0.1989429140625 0.6648245765625 0.162507765625 0.67170660625 0.11953297656249999
2 0.3021416875 0.16110641406249998 0.32141136718749996 0.19707444375 0.32141136718749996 0.160639296875 0.2959478625 0.1214014453125 0.06952913125 0.162507765625 0.030301570312499998 0.16157353125 0.0282369625 0.19987714843749999 0.055076871875 0.2012785 0.3021416875 0.16110641406249998
2 0.30695910625 0.2802213203125 0.32141136718749996 0.301708715625 0.32141136718749996 0.265740684375 0.2987006734375 0.23771364843749998 0.06608811718749999 0.2722803265625 0.027548759375 0.271813209375 0.0254841515625 0.3124524125 0.0605824953125 0.31058394375 0.30695910625 0.2802213203125
2 0.2842484140625 0.3965335234375 0.28562481875 0.35682855468749997 0.057829682812500005 0.385789825 0.0316779765625 0.384855590625 0.026172353125 0.4231592078125 0.0543886703125 0.4222249734375 0.2842484140625 0.3965335234375
2 0.30695910625 0.511911490625 0.3193467578125 0.5301290640625 0.3200349609375 0.49509526875 0.2980124703125 0.4712722875 0.06333530625 0.49602950312500005 0.0282369625 0.4927596828125 0.0234195421875 0.5329317687499999 0.061270696874999996 0.533866003125 0.30695910625 0.511911490625
2 0.6510605203125001 0.47314075625 0.328981596875 0.49743085468750003 0.3296698 0.5329317687499999 0.655877940625 0.513779959375 0.6510605203125001 0.47314075625
2 0.28493661718749996 0.6291579281249999 0.2828720078125 0.593189896875 0.055765075 0.610940353125 0.027548759375 0.6095390015625 0.0254841515625 0.645039915625 0.061270696874999996 0.6455070328125 0.28493661718749996 0.6291579281249999
2 0.6703302 0.5917885453125 0.32141136718749996 0.60813765 0.32209956875 0.6455070328125 0.66895379375 0.6300921625 0.6703302 0.5917885453125
2 0.655877940625 0.7118376859375 0.32485238125000004 0.7188444453125 0.3269169890625 0.753878240625 0.653125128125 0.747805715625 0.655877940625 0.7118376859375
2 0.666323459375 0.3540852296875 0.32236201875 0.3855721015625 0.323493471875 0.424738696875 0.6651920078125 0.3947877703125 0.666323459375 0.3540852296875
2 0.6572718421875 0.23965733125000002 0.32915073281249996 0.27114420156249996 0.3257563765625 0.3103107984375 0.6538774859375 0.2811278453125 0.6572718421875 0.23965733125000002