7 0 0.9917192421875001 0.9883249624999999 0.9917192421875001 0.9883249624999999 0.14618316874999998 0.5012977484375 0.14399635625 0.499073525 0.0107691953125 0.0052957921875000005 0.013066215624999999 0 0.9526368046875 0 0.9917192421875001
4 0.13203125 0.9421875 0.16640625 0.09453125
4 0.3234375 0.93828125 0.0921875 0.0921875
4 0.43359375 0.93828125 0.05 0.08984375
8 0.575 0.91953125 0.05390625 0.071875
8 0.67890625 0.9234375 0.1015625 0.0703125
8 0.80703125 0.92109375 0.09921875 0.06796875
8 0.9125 0.9234375 0.053125 0.0734375
8 0.909375 0.8 0.04765625 0.09609375
8 0.8078125 0.7984375 0.1046875 0.096875
8 0.6515625 0.79921875 0.05 0.09296875
8 0.575 0.7984375 0.05390625 0.0953125
8 0.41953125 0.8015625 0.046875 0.09609375
8 0.3453125 0.8 0.05234375 0.09921875
8 0.190625 0.8015625 0.1 0.09609375
8 0.08359375 0.79921875 0.05 0.0953125
8 0.9078125 0.6640625 0.046875 0.0953125
8 0.80703125 0.66328125 0.1015625 0.0953125
8 0.65 0.66484375 0.04765625 0.09765625
8 0.57109375 0.66328125 0.05546875 0.096875
8 0.42265625 0.66328125 0.046875 0.0984375
8 0.3453125 0.66484375 0.046875 0.0953125
8 0.18828125 0.66484375 0.10078125 0.09765625
8 0.08515625 0.66328125 0.0453125 0.10078125
8 0.91015625 0.528125 0.05 0.09765625
8 0.80625 0.5265625 0.10625 0.0953125
8 0.64921875 0.5296875 0.04453125 0.09453125
8 0.575 0.5296875 0.05 0.09453125
8 0.42421875 0.52890625 0.04296875 0.09609375
8 0.34453125 0.52890625 0.05078125 0.09609375
8 0.1875 0.52890625 0.1015625 0.096875
8 0.08515625 0.52578125 0.04765625 0.09609375
8 0.18828125 0.390625 0.09921875 0.096875
8 0.084375 0.390625 0.0453125 0.0953125
8 0.42265625 0.39140625 0.04921875 0.0953125
8 0.34609375 0.3890625 0.053125 0.0953125
8 0.65078125 0.38984375 0.05078125 0.090625
8 0.57421875 0.39140625 0.0515625 0.096875
8 0.80546875 0.390625 0.11015625 0.096875
8 0.9125 0.38984375 0.04921875 0.09453125
8 0.91328125 0.2546875 0.04453125 0.09296875
8 0.8078125 0.25390625 0.10703125 0.0953125
8 0.65 0.25390625 0.0515625 0.09140625
8 0.57265625 0.253125 0.0515625 0.0953125
8 0.42265625 0.25390625 0.04765625 0.09453125
8 0.34609375 0.2546875 0.05 0.09375
8 0.1875 0.25390625 0.10390625 0.0953125
8 0.084375 0.253125 0.0515625 0.0921875
8 0.1890625 0.11796875 0.096875 0.09375
8 0.08515625 0.11796875 0.046875 0.09296875
8 0.34609375 0.11796875 0.0484375 0.09296875
8 0.4234375 0.1171875 0.04765625 0.09140625