7 0.6841898453125 0 0.6063094484375 0.137125159375 0.6010799796875 0.1352050875 0.4999613 0.000170090625 0.3673097015625 0.13518025 0.29698505000000003 0.03459768125 0.1986790359375 0.1325887234375 0.0153258046875 0.08984539687500001 0.014310559375 0.1007797359375 0.0185745875 0.10376182812500001 0.018168490625 0.11221109062500001 0.002497734375 0.10994275 0.001796059375 0.2954364546875 0.016531246875 0.3005890578125 0.016531246875 0.4637548171875 0 0.47387095312499994 0 0.65115886875 0.01424203125 0.655657071875 0.0170136484375 0.8235675203125 0 0.8285649625 0 0.8408854625 0.0183761015625 0.844063228125 0.0189989375 0.9980430734375 0.3410733265625 0.993980696875 0.345805359375 0.977433721875 0.39785770781249996 0.972469628125 0.4134058125 0.998944790625 0.623643225 0.9890166046875001 0.6270232484375 0.9691602328125001 0.7047637703125 0.9641961390624999 0.7047637703125 0.9873619078125 0.8332046343749999 0.990671303125 0.8359086515625 0.9641961390624999 0.9231132375 0.9625414421875 0.9244652468749999 0.992326 0.9765175968750001 0.9956353968749999 0.9744895828125 0.850022 0.9759129765625 0.83631376875 0.9744895828125 0.8103092546875 0.9711095609375 0.6779334390625 0.99476971875 0.653112975 0.9967977328125001 0.47275092656249995 0.9751655875 0.4777150203125 0.979221615625 0.30893585625000003 0.9969194140625 0.29073418125 0.9969194140625 0.13198366718750001 0.9880096734375 0.12030031875 0.981249628125 0.09878925 0.8267062671875 0.14101072812499998 0.7283954078125 0 0.7038367625 0 0.6841898453125 0
4 0.49375 0.91796875 0.9515625 0.14375
8 0.0734375 0.403125 0.040625 0.1171875
8 0.16640625 0.575 0.0359375 0.1078125
8 0.07421875 0.7421875 0.0390625 0.11328125
2 0.31640625 0.2421875 0.06953125 0.0828125
8 0.15390625 0.23515625 0.03828125 0.10859375
2 0.146875 0.41640625 0.06875 0.07890625
8 0.22890625 0.38671875 0.01640625 0.040625
8 0.27890625 0.40703125 0.0171875 0.10625
8 0.22421875 0.575 0.01171875 0.10546875
8 0.33671875 0.7421875 0.0375 0.1078125
8 0.32890625 0.584375 0.0390625 0.12109375
8 0.3359375 0.4078125 0.040625 0.11484375
8 0.27109375 0.21875 0.015625 0.040625
8 0.22421875 0.2375 0.0140625 0.10546875
8 0.41875 0.575 0.05078125 0.109375
8 0.4734375 0.74375 0.01640625 0.11171875
8 0.471875 0.5515625 0.015625 0.04140625
2 0.44296875 0.42109375 0.06796875 0.07890625
8 0.4015625 0.38828125 0.0046875 0.0390625
8 0.4203125 0.23984375 0.0484375 0.11171875
8 0.471875 0.2203125 0.01640625 0.0390625
8 0.56328125 0.41171875 0.0484375 0.103125
8 0.5140625 0.390625 0.01640625 0.03984375
8 0.5625 0.7421875 0.0484375 0.11171875
8 0.5140625 0.7125 0.0171875 0.04140625
8 0.7515625 0.7421875 0.0390625 0.1140625
8 0.7421875 0.41171875 0.015625 0.109375
8 0.77109375 0.390625 0.01640625 0.0390625
8 0.675 0.240625 0.040625 0.1078125
8 0.62734375 0.2203125 0.01640625 0.0390625
8 0.58828125 0.22265625 0.00859375 0.03984375
8 0.62734375 0.3921875 0.015625 0.03515625
8 0.64296875 0.5734375 0.0390625 0.11328125
8 0.62421875 0.71640625 0.0171875 0.04140625
8 0.834375 0.578125 0.01640625 0.11484375
8 0.809375 0.55625 0.0046875 0.03828125
8 0.93515625 0.409375 0.0375 0.109375
8 0.83671875 0.240625 0.01640625 0.10625
8 0.8109375 0.21796875 0.00390625 0.0375
8 0.884375 0.2171875 0.0125 0.0328125
8 0.88359375 0.56328125 0.0140625 0.03515625
5 0.27577304375 0.8244816343749999 0.282612103125 0.8209573421874999 0.3047042828125 0.8056761015625 0.3055154875 0.7758915421875 0.299296246875 0.7752296640624999 0.2833425390625 0.763315840625 0.29253619999999997 0.7348550406250001 0.2987554421875 0.7408119531249999 0.30497468437499997 0.752063896875 0.31038272031249997 0.7646395984375001 0.32125839843750004 0.78908998125 0.33586155 0.8204580671875 0.3471864421875 0.8408837984374999 0.3585113359375 0.8547441156250001 0.368942159375 0.8634980000000001 0.371326346875 0.8664159609375 0.36804808906250003 0.9379060171875 0.36685599375 0.9685446140625 0.370134253125 0.9787574796875 0.3722204171875 0.956143278125 0.3743065828125 0.884653221875 0.3760947234375 0.8693339234374999 0.3817571703125 0.8598505484375 0.390304484375 0.8466905406249999 0.4073037453125 0.8240763390625 0.41654247343749995 0.7996530015625 0.414694728125 0.781561640625 0.395847721875 0.798748434375 0.39991276249999996 0.7842753453125 0.40545600000000004 0.7616611421874999 0.417281571875 0.7164327390625 0.4265203015625 0.6929139703125 0.4209770640625 0.6630632234375 0.40952104062499994 0.6377353171875 0.3991736640625 0.6060754359375 0.4006518609375 0.58707950625 0.403608253125 0.56084703125 0.394739075 0.52918715 0.3884567390625 0.532805421875 0.3781235765625 0.5259080890625001 0.370661525 0.5337360828125 0.34454435 0.5859227031249999 0.3274882359375 0.6094066812500001 0.3344172828125 0.6224533343750001 0.345077353125 0.643327984375 0.3349502859375 0.6537653078125001 0.32482321718749996 0.6237580015625 0.307767103125 0.6224533343750001 0.307767103125 0.5598293921875 0.30510208437499997 0.5219940937499999 0.290177984375 0.49851011562499997 0.28378194218749997 0.49068212187500004 0.28751296718749997 0.45806548437499994 0.281649928125 0.44632349531250004 0.2629948015625 0.43327684062499994 0.260329784375 0.460674815625 0.2549997484375 0.49851011562499997 0.24807070156250002 0.501119446875 0.23048158437500002 0.4763308015625 0.21768949843750002 0.4972054484375 0.22408554062500002 0.5219940937499999 0.23847663749999998 0.542868740625 0.24540568437500002 0.5454780718750001 0.25073571875 0.5859227031249999 0.23954264531249997 0.578094709375 0.2262175546875 0.5650480546875001 0.22355253749999998 0.596360025 0.22515154843750002 0.61462534375 0.23101458749999998 0.6159300078125 0.2400756484375 0.6289766640625001 0.22675055937500002 0.6511559765625 0.22461854374999998 0.665507296875 0.22568455156249997 0.6837726140625 0.22515154843750002 0.7072565921875 0.21768949843750002 0.7163892515625 0.2075624296875 0.730740571875 0.20916144062500003 0.7607478765625 0.21928850781250003 0.7972785109375 0.23314660156250003 0.8142391609375 0.24593868749999998 0.8377231406250001 0.2512687234375 0.8272858171875 0.252867734375 0.805106503125 0.2651268171875 0.8155438281249999 0.2619287953125 0.8455511328125 0.2635278046875 0.9016517484375 0.2656598203125 0.949924371875 0.2592637765625 0.9903690031249999 0.27055376249999996 0.9961806937500001 0.27145363749999996 0.8306491421875 0.27577304375 0.8244816343749999
5 0.679284809375 1 0.687534471875 0.994390775 0.6870524515625 0.8917419640625001 0.695246803125 0.8669646656250001 0.704887215625 0.8480867218749999 0.709707421875 0.8292087796875001 0.7188658125 0.809150965625 0.7193478343749999 0.772574953125 0.71404560625 0.748977525 0.73139835 0.680544984375 0.7150096484375 0.6758255 0.73139835 0.6486884578125001 0.7342904734375 0.643968971875 0.7241680406250001 0.6392494859375 0.7188658125 0.6392494859375 0.716455709375 0.60385334375 0.7256141015625001 0.5719968171875001 0.73621855625 0.5366006750000001 0.7280242046875001 0.5401402890625 0.7241680406250001 0.54250003125 0.7270601640625001 0.528341575 0.7256141015625001 0.5153629890625 0.713081565625 0.5377805453125 0.7019950921875 0.557838359375 0.6966928640625001 0.5307013171875 0.70103105 0.48468633437499997 0.703441153125 0.4575492921875 0.7092254 0.4386713484375 0.6966928640625001 0.4315921203125 0.695246803125 0.40681482031250005 0.682714265625 0.43277199218750007 0.6677716265625 0.488225946875 0.6615053578125 0.5118233765625 0.6701817296875 0.54250003125 0.6643974828125 0.5861552734375 0.6566851515625001 0.6085728296874999 0.6499368624999999 0.6368897437500001 0.645598678125 0.6557676859375 0.637886346875 0.672285884375 0.6499368624999999 0.68172485625 0.6504188828124999 0.6958833125 0.647526759375 0.7253800984375001 0.642706553125 0.74307816875 0.6566851515625001 0.7607762390625 0.645598678125 0.7772944374999999 0.6470447390625 0.8032516093750001 0.6446346359375 0.8209496796875 0.6562031312500001 0.8374678812499999 0.664879503125 0.8551659515625 0.66728960625 0.8764036359375 0.6793401218749999 0.8893822218749999 0.6788593625 1 0.679284809375 1
2 0.03984375 0.23671875 0.06953125 0.0828125
2 0.6828125 0.4203125 0.06875 0.07890625
2 0.54609375 0.24453125 0.06953125 0.0828125
2 0.76953125 0.24375 0.06953125 0.0828125
2 0.96015625 0.24765625 0.06953125 0.0828125
2 0.87265625 0.421875 0.06953125 0.0828125
2 0.9578125 0.5984375 0.06875 0.07890625
2 0.76953125 0.59296875 0.06875 0.07890625
2 0.53671875 0.59453125 0.06875 0.07890625
2 0.0375 0.59296875 0.06875 0.07890625
2 0.13828125 0.76875 0.06875 0.07890625
2 0.4140625 0.76484375 0.06875 0.07890625
5 0.906504065625 0.871519028125 0.9124432484374999 0.8602119265624999 0.9183824312500001 0.8585966265625 0.926301340625 0.8585966265625 0.9335603421875 0.8602119265624999 0.940159434375 0.863442528125 0.9507179812500001 0.8553660265625 0.9507179812500001 0.8424436249999999 0.94081934375 0.829521225 0.94807834375 0.8165988234375 0.9559972546875001 0.824675325 0.9559972546875001 0.840828325 0.9559972546875001 0.8553660265625 0.962596346875 0.8505201265625001 0.9705152578125 0.861827228125 0.97579453125 0.8650578281250001 0.9817337140625 0.852135428125 0.9876728968749999 0.8489048265625 0.9988913531250001 0.8537507265625001 0.995942821875 0.5779468234375 0.9965325281249999 0.5389734109375001 0.9876869375 0.5346430328125 0.9812001703125001 0.5129911375 0.9682266359374999 0.498556540625 0.9635089875 0.51010421875 0.972944284375 0.5288691937500001 0.9782516390625 0.546190709375 0.9806104640625 0.569286065625 0.9652781046875001 0.598155259375 0.9640986937499999 0.606816015625 0.9705854593750001 0.6125898546874999 0.9564325140625 0.6270244515625001 0.9534839828124999 0.6371286703125 0.9582016328125 0.6501198078125 0.951125159375 0.658780565625 0.949945746875 0.69486705625 0.9552531015625 0.6991974375 0.9505354531249999 0.713632034375 0.9517148656250001 0.7280666296875 0.9481766281249999 0.7381708484375 0.9416898625 0.75982274375 0.9340236828125 0.7526054453125 0.9363825078125 0.73095355 0.9316648578125 0.7179624125 0.9239986796874999 0.70208435625 0.928126621875 0.6688847828125 0.9293060343749999 0.6443459687499999 0.91456338125 0.6371286703125 0.91574279375 0.6097029359375 0.91338396875 0.5995987171875 0.906307496875 0.5822772015625 0.8933339625000001 0.5837206625 0.8892060203125001 0.5995987171875 0.883308959375 0.6125898546874999 0.8803604281249999 0.6270244515625001 0.86974571875 0.6342417499999999 0.86738689375 0.6443459687499999 0.8844883703124999 0.658780565625 0.8691560125000001 0.6558936453124999 0.8679766000000001 0.6732151609375 0.870335425 0.6862063 0.8756427796875 0.7064147359375 0.8709251312499999 0.7150754921875 0.8520545359374999 0.7280666296875 0.8432089453125 0.748275065625 0.8532339484374999 0.745388146875 0.8614898343749999 0.735283928125 0.86974571875 0.7410577671875 0.8550030671875 0.7540489046875 0.8502854171875001 0.7569358234375 0.8390810015625 0.7655965828125 0.836132471875 0.7728138812500001 0.8496957125 0.7699269609375 0.8532339484374999 0.793022315625 0.84556776875 0.7829180984375 0.8544133609375001 0.808900371875 0.8597207156250001 0.8175611296874999 0.8597207156250001 0.8435434046875001 0.8650280703125001 0.856534540625 0.86738689375 0.8709691390625001 0.8650280703125001 0.8868471953125001 0.8679766000000001 0.9012817921874999 0.879770721875 0.9056121703125 0.8926459718749999 0.9005944296875 0.9071639749999999 0.8925179296874999 0.906504065625 0.871519028125
8 0.15859375 0.703125 0.03671875 0.0578125
8 0.0609375 0.54140625 0.0296875 0.0359375
8 0.67578125 0.36640625 0.05 0.0328125
8 0.54453125 0.196875 0.0484375 0.021875
8 0.7578125 0.5375 0.04140625 0.0390625
8 0.94140625 0.5390625 0.03359375 0.034375
8 0.5828125 0.55234375 0.01328125 0.0390625
8 0.540625 0.534375 0.03046875 0.03515625
8 0.85859375 0.36875 0.03828125 0.03046875
8 0.453125 0.36484375 0.05078125 0.0328125
8 0.33046875 0.19140625 0.04375 0.01796875
8 0.165625 0.3640625 0.0375 0.028125
8 0.0609375 0.18828125 0.0296875 0.01796875