7 0.2296360453125 0 0.03496038125 0.2161453125 0.0023557359375 0.21973426875 0 0.7835464890625 0 0.89342798125 0.0140002515625 0.8989443390625 0.0178817578125 0.9976406515624999 0.8170799109375 1 0.9965295968750001 1 0.9965295968750001 0.24970458281250002 0.9755479421875 0.24880889687500002 0.7346769531249999 0.0172885203125 0.5053988359375 0.23409009531249997 0.450281459375 0.2331928578125 0.23471173437499998 0 0.2296360453125 0
8 0.24453125 0.2953125 0.06875 0.109375
8 0.359375 0.5796875 0.06328125 0.1671875
8 0.1140625 0.578125 0.07109375 0.17109375
8 0.60078125 0.5953125 0.06328125 0.1625
8 0.86796875 0.596875 0.06796875 0.16171875
4 0.796875 0.9015625 0.078125 0.184375
4 0.284375 0.88984375 0.0796875 0.1921875
8 0.59921875 0.85078125 0.07109375 0.1296875
8 0.359375 0.840625 0.03984375 0.10234375
8 0.91640625 0.84921875 0.03203125 0.09921875
8 0.11171875 0.8421875 0.06875 0.14921875