7 0.9464640781250001 0.39965829531249997 0.9448733515625 0.3336678046875 0.9984278312500001 0.2667733359375 0.9984278312500001 0.0082352515625 0.73860906875 0.00642729375 0.7317159171875 0.035354631250000004 0.710506221875 0.035354631250000004 0.5037116968750001 0.1411202109375 0.4660644875 0.0326426921875 0.06308028437499999 0.036258610937500005 0.0646710109375 0.0986331828125 0.0058141078125 0.0986331828125 0.0031628953124999996 0.33637974375 0.074745615625 0.402370234375 0.074745615625 0.46022490937500005 0.004753621875 0.4566089921875 0.0021024109375 0.9754931203125 0.0694431921875 0.9827249546875001 0.9984551250000001 0.9990689015625 0.9957766187500001 0.39965829531249997 0.9464640781250001 0.39965829531249997
8 0.05234375 0.2203125 0.0328125 0.19765625
2 0.04140625 0.4984375 0.0671875 0.07734375
8 0.1125 0.45546875 0.059375 0.1546875
8 0.15234375 0.2375 0.05546875 0.15078125
8 0.1515625 0.6796875 0.0546875 0.15625
8 0.1140625 0.90546875 0.0609375 0.15625
8 0.26953125 0.9015625 0.0375 0.15
8 0.36953125 0.9 0.0609375 0.1578125
8 0.271875 0.678125 0.03671875 0.146875
8 0.39296875 0.67421875 0.059375 0.153125
8 0.3703125 0.4546875 0.0578125 0.15546875
8 0.2484375 0.45703125 0.0375 0.15234375
8 0.27109375 0.23671875 0.03828125 0.14765625
8 0.37109375 0.234375 0.05859375 0.15
8 0.93046875 0.69921875 0.121875 0.084375
2 0.9967433296875001 0.9892578796875 0.998091846875 0.9283341374999999 0.7614270015625 0.9283341374999999 0.7223199890625 0.9214371109374999 0.7229942484375 0.9743143203125 0.7654725546875001 0.9950054015625 0.9967433296875001 0.9892578796875
8 0.81171875 0.87421875 0.0734375 0.1140625
8 0.6799447859375001 0.9839650656250001 0.6771794718749999 0.8224960515624999 0.6374280734375 0.8219067484375 0.6388107296875 0.9798399453125001 0.6799447859375001 0.9839650656250001
4 0.5378767453125 0.80599556875 0.4887924109375 0.8112992953125 0.486718425 0.9704110984375 0.538222409375 0.976304128125 0.5378767453125 0.80599556875
2 0.7428502078125 0.7492166953125 0.8269399140625 0.7477387609374999 0.8265064625 0.6538899234375 0.740682946875 0.656106825 0.7268124796875 0.67088616875 0.727679384375 0.757345334375 0.7428502078125 0.7492166953125
2 0.8777970375 0.49827949218749995 0.8773221250000001 0.40355031874999997 0.856425965625 0.4019310171875 0.837689709375 0.40426731718750003 0.8015361421874999 0.40426731718750003 0.7799650140625001 0.40435997187500006 0.73864760625 0.40597927343749995 0.7168016203125 0.45455833593749995 0.7168016203125 0.5339041375 0.73864760625 0.49585053749999997 0.8777970375 0.49827949218749995
2 0.7294751484375 0.277197196875 0.742078603125 0.25050136093750003 0.8474893031249999 0.24854800625 0.8482531484375 0.152833665625 0.74131475625 0.15608925468749998 0.72832938125 0.2010163953125 0.7294751484375 0.277197196875
2 0.95859375 0.44765625 0.075 0.0953125
2 0.94375 0.19921875 0.10234375 0.09296875
8 0.88359375 0.6265625 0.0296875 0.06328125
8 0.8234375 0.62421875 0.00703125 0.06015625
8 0.5621966765625 0.6196916015625 0.5033190796875 0.6315006578125 0.5033190796875 0.7532247812499999 0.5627295046875 0.7445950859375 0.5621966765625 0.6196916015625
8 0.6128154234375 0.759583503125 0.651711934375 0.7545873640625 0.65197835 0.6101535171875 0.6141474953125 0.61832901875 0.6128154234375 0.759583503125
8 0.5054503953125 0.5756347359375 0.5640615765625 0.562463096875 0.5619302609375 0.4230253890625 0.50518398125 0.443009946875 0.5054503953125 0.5756347359375
8 0.638924040625 0.5488372625 0.67835338125 0.539753371875 0.6786197953124999 0.39077758125 0.641588184375 0.40712858281250003 0.638924040625 0.5488372625
8 0.6130818390624999 0.343087159375 0.6509126921874999 0.32991552031250004 0.6495806187500001 0.1872984515625 0.6144139109375 0.2072830078125 0.6130818390624999 0.343087159375
8 0.504651153125 0.3826020796875 0.5637951625000001 0.36216332812499996 0.5635287484375 0.2227256203125 0.5035854953125 0.2490689015625 0.504651153125 0.3826020796875