7 0.857656146875 0.0048713234375 0.6997194437500001 0.007628676562500001 0.692819296875 0.0443933828125 0.5916171375 0.046231617187500004 0.5936830750000001 0 0.4068465296875 0.0021139703125 0.4053131625 0.0499080875 0.30871110156250003 0.048988970312500005 0.2987442234375 0.0122242640625 0.13927415468749998 0.011305146875 0.13927415468749998 0.05082720625 0.0063313171875 0.05082720625 0.0097047234375 0.980055146875 0.996517775 0.9895123874999999 0.996517775 0.042555146875 0.8584228296875 0.0453125 0.857656146875 0.0048713234375
4 0.5015625 0.90859375 0.059375 0.153125
8 0.17890625 0.9109375 0.1390625 0.1390625
8 0.18125 0.50546875 0.14375 0.1453125
8 0.17734375 0.7078125 0.15625 0.14765625
8 0.49765625 0.50625 0.1390625 0.14921875
8 0.87578125 0.49921875 0.04921875 0.14609375
8 0.76953125 0.5015625 0.04296875 0.14375
8 0.821875 0.70625 0.15078125 0.159375
8 0.82109375 0.90625 0.14453125 0.1375
8 0.825 0.234375 0.14921875 0.2671875
8 0.5046875 0.30625 0.14140625 0.1484375
8 0.178125 0.24296875 0.1453125 0.26484375