7 0.8963914703125001 0.7403709390625 0.98961881875 0.738948625 0.9917216921875 0.1245093015625 0.851530190625 0.0107242421875 0.0061754359374999995 0.1515332546875 0.005474478125 0.33501166250000003 0 0.3498226859375 0.0012687328124999999 0.9921203843749999 0.91251349375 0.9650964328124999 0.9104106203125 0.9124708421875001 0.89849434375 0.8996700234375 0.8963914703125001 0.7403709390625
8 0.06796875 0.296875 0.0359375 0.165625
8 0.203125 0.29609375 0.03515625 0.159375
8 0.4890625 0.29140625 0.03828125 0.159375
8 0.5953125 0.29140625 0.03671875 0.165625
8 0.803125 0.290625 0.03828125 0.15703125
8 0.9296875 0.28671875 0.03359375 0.16328125
8 0.79296875 0.55625 0.02734375 0.16171875
8 0.62421875 0.56015625 0.0390625 0.171875
8 0.5140625 0.5546875 0.0390625 0.1703125
8 0.17265625 0.5625 0.0328125 0.153125
8 0.07109375 0.56015625 0.03515625 0.15625
8 0.2375 0.8203125 0.0328125 0.15703125
8 0.13203125 0.8203125 0.03671875 0.1640625
8 0.71328125 0.82265625 0.0390625 0.1703125
8 0.5625 0.81953125 0.0390625 0.1625
8 0.878125 0.82734375 0.0265625 0.17578125