7 0.1839910734375 0.973525790625 0.995830396875 0.98865069375 0.995830396875 0.255451684375 0.870763421875 0.0105086171875 0.70789145 0.242365875 0.5506767140625 0.0132287328125 0.409940884375 0.2347180453125 0.40149673437500005 0.200767128125 0.36177795625 0.1943002875 0.2924811140625 0.055374881249999994 0.2284998078125 0.2081646421875 0.216677175 0.177606690625 0.18607742031250002 0.1794042171875 0.1777320328125 0.14165615781250002 0.1043018921875 0.0105086171875 0.00804248125 0.3303964515625 0.0058726796875 0.9390694953125 0.0578962390625 0.9481549875 0.1839910734375 0.973525790625
4 0.4819792609375 0.78487109375 0.481559784375 0.980031125 0.5356723375 0.980031125 0.5352528609375 0.7859553171875 0.4819792609375 0.78487109375
8 0.46822058593750004 0.29653884375 0.427933178125 0.3146900921875 0.42626993593750007 0.497157896875 0.46822058593750004 0.49047059531250004 0.46822058593750004 0.29653884375
8 0.6205083171875 0.2910755578125 0.5664154265625 0.279869103125 0.5668283484375001 0.4730470390625 0.620921240625 0.47998436875 0.6205083171875 0.2910755578125
8 0.78127874375 0.290865015625 0.7333067296875 0.2985460125 0.7316086046875 0.48563315781250005 0.782340071875 0.4801467328125 0.78127874375 0.290865015625
8 0.17792206875 0.314311515625 0.1525705265625 0.3000149078125 0.15318510937500002 0.48547366875 0.17792206875 0.49738750937500004 0.17792206875 0.314311515625
8 0.2791745875 0.3047804421875 0.24060951562500002 0.3178856671875 0.238612121875 0.5009616609374999 0.28086469062499997 0.49301910156249995 0.2791745875 0.3047804421875
8 0.1788439421875 0.5466313765625 0.15180229843749998 0.5371003062499999 0.15149500625 0.7320901390625 0.177768421875 0.7400327 0.1788439421875 0.5466313765625
8 0.0516016609375 0.558716896875 0.029240301562499998 0.5757934 0.026191025 0.7820250109375 0.049568809375 0.7675756625 0.0516016609375 0.558716896875
4 0.149370346875 0.783983446875 0.1486043453125 0.9700925781249999 0.1853724296875 0.9634929624999999 0.185117096875 0.7905830593750001 0.149370346875 0.783983446875
4 0.9609375 0.88359375 0.02734375 0.20546875
8 0.40283753593749994 0.5534650234375 0.40098004375 0.73896058125 0.43914308437500005 0.7341595187500001 0.43762331718749997 0.5508462625 0.40283753593749994 0.5534650234375
8 0.655384971875 0.536736153125 0.6044389406249999 0.5313111265625 0.6036757046875 0.734503015625 0.655766590625 0.737955303125 0.655384971875 0.536736153125
8 0.820029453125 0.5299120265624999 0.7606411671875 0.5362922593749999 0.7607863703125 0.7378325234374999 0.8210458796875001 0.736331290625 0.820029453125 0.5299120265624999
8 0.95971670625 0.294067934375 0.92563320625 0.28130045625 0.9246452796875 0.48174987187499996 0.960704634375 0.4894103578125 0.95971670625 0.294067934375
8 0.9353372734375001 0.5358752515625 0.8985200843750001 0.52828569375 0.8982942125 0.7326199156250001 0.9373701234375 0.7384580359374999 0.9353372734375001 0.5358752515625
2 0.995830396875 0.8925121171875 0.14504593125 0.8498816390625 0.146436828125 0.963125815625 0.995830396875 0.98865069375 0.995830396875 0.8925121171875
2 0.365625 0.82734375 0.02578125 0.0828125
8 0.221875 0.6484375 0.0203125 0.18359375
4 0.32734375 0.82734375 0.02890625 0.0734375
4 0.59296875 0.825 0.0375 0.096875
4 0.67265625 0.82890625 0.02421875 0.09453125
4 0.728125 0.834375 0.0296875 0.09453125