7 0.5190349359375 0.0889028078125 0.505456378125 0.0790615828125 0.5088928359375 0.0032525765625 0.084079984375 0.0032525765625 0.0851161390625 0.08775229531249999 0.06425673125 0.088835625 0.055912967187499996 0.08179398125000001 0.0085881875 0.0799296390625 0.007803121875000001 0.9966956234375 0.9735227421875001 0.999490834375 0.9882045156249999 0.0869293 0.5190349359375 0.0889028078125
8 0.86875 0.22421875 0.1328125 0.0921875
8 0.71015625 0.22421875 0.0875 0.08515625
8 0.27734375 0.225 0.1859375 0.09140625
8 0.1046875 0.36796875 0.0921875 0.08984375
8 0.53828125 0.3703125 0.17265625 0.09140625
8 0.8671875 0.3671875 0.13984375 0.0890625
8 0.71171875 0.5140625 0.07734375 0.0890625
8 0.546875 0.509375 0.17734375 0.0921875
8 0.28671875 0.51171875 0.17890625 0.0875
8 0.1078125 0.5109375 0.0921875 0.0890625
8 0.5390625 0.65703125 0.16953125 0.0890625
8 0.8703125 0.6578125 0.140625 0.09375
8 0.71328125 0.65859375 0.096875 0.09296875
8 0.11328125 0.62890625 0.07734375 0.03203125
8 0.28359375 0.79765625 0.16875 0.090625
8 0.53671875 0.80390625 0.1796875 0.0890625
8 0.71640625 0.796875 0.078125 0.08515625
4 0.384375 0.9546875 0.14609375 0.08984375
4 0.6890625 0.95390625 0.2890625 0.08984375
5 0.15818004218749998 1 0.148483075 0.967067665625 0.181650571875 0.9343899140625 0.1367769 0.933629965625 0.1289727828125 0.9123514296874999 0.1094624921875 0.8857532609375 0.1328748421875 0.8424362406249999 0.1711115296875 0.7624539140625 0.24580807500000001 0.76018085625 0.3158360859375 0.7770014859375001 0.3228388859375 0.7629085265625 0.34618155625 0.75427090625 0.18511713125 0.7288126578125 0.16936599375 0.7155585984374999 0.1956213328125 0.7142650875000001 0.283889678125 0.6876221124999999 0.2676944109375 0.665543278125 0.2167949953125 0.6524762125 0.1404458703125 0.636705615625 0.069880771875 0.6267926703125 0.012040526562499999 0.6141761921875 0 0.7327207734375001 0 0.754320625 0.0060579453125 0.8979124234375 0.0489805875 0.9131113781250001 0.054833675000000005 0.9503488156250001 0.1094624921875 0.9647878234375 0.1289727828125 0.9959456781249999 0.15687825312499998 1 0.15818004218749998 1
2 0.28984375 0.04296875 0.40546875 0.0765625
5 0.9124909234375 0.9656030781249999 0.8950617281250001 0.9746548984375 0.89796659375 0.9803122875 0.924110384375 0.9837067203125001 0.9386347140625 0.9916270656249999 0.9386347140625 0.997284453125 0.9986928109375001 0.9953648718749999 0.9986928109375001 0.9525203671875 0.947349309375 0.9441050015625001 0.9386347140625 0.9497623890625 0.9124909234375 0.9497623890625 0.8660130718750001 0.9508938671875 0.9124909234375 0.9656030781249999