7 0.06467308125 0 0.0628829609375 0.0337639734375 0.0009902828125 0.0317278515625 0 0.7937429687499999 0.06675125312499999 0.8247968968749999 0.0621093015625 0.9856504390625 0.9991721859375 0.9764878953125 0.9991721859375 0.2312178140625 0.4497121984375 0.2282135078125 0.4528068328125 0.08975729375 0.3885931796875 0.0907753546875 0.386272203125 0 0.06467308125 0
8 0.1609375 0.13359375 0.0625 0.14609375
8 0.1625 0.328125 0.059375 0.1453125
8 0.16171875 0.51875 0.0609375 0.146875
8 0.16171875 0.70859375 0.06328125 0.14609375
8 0.8953125 0.68515625 0.0734375 0.0609375
8 0.73359375 0.68359375 0.07265625 0.05546875
8 0.575 0.6828125 0.06875 0.05859375
4 0.571875 0.884375 0.071875 0.0984375
4 0.73203125 0.90234375 0.07109375 0.14296875
4 0.8953125 0.89921875 0.0734375 0.1203125
8 0.7359375 0.50078125 0.06875 0.04921875
8 0.5765625 0.4984375 0.06953125 0.04921875
8 0.89453125 0.5015625 0.0734375 0.04765625
8 0.7265625 0.315625 0.05390625 0.03671875
8 0.56015625 0.3140625 0.03984375 0.0390625
8 0.89296875 0.315625 0.06953125 0.034375
2 0.72890625 0.3734375 0.53828125 0.08203125
2 0.73046875 0.56640625 0.5390625 0.0828125
2 0.7265625 0.74375 0.53828125 0.08203125