7 0 0.3730967203125 0.0019584765625 0.9758917874999999 0.018639045312499998 0.99718820625 0.98977570625 0.9455000218749999 0.99064945 0.7522350140625 0.9940352078125001 0.7500736828125001 0.9940352078125001 0.2485746921875 0.9286136265625 0.0338357953125 0.9006538187500001 0.027979279687500004 0.8983544921875 0.0035771328125000002 0.103799296875 0.0035771328125000002 0.038268496875 0.06702271562499999 0 0.31769844062499997 0 0.3730967203125
8 0.5843062578125 0.1724612125 0.569585571875 0.1745831375 0.5710101546875 0.24036283906250003 0.5881051453125 0.23717994999999997 0.5843062578125 0.1724612125
8 0.2125 0.44140625 0.01796875 0.0875
8 0.30390625 0.671875 0.015625 0.0875
2 0.50703125 0.66796875 0.08828125 0.08828125
8 0.4890625 0.4359375 0.0171875 0.08359375
2 0.56171875 0.434375 0.0921875 0.0859375
8 0.57890625 0.66875 0.01875 0.08671875
8 0.3671875 0.63125 0.03203125 0.1625
8 0.659375 0.6390625 0.03203125 0.14375
8 0.69453125 0.39921875 0.0296875 0.153125
8 0.7953125 0.4015625 0.0265625 0.15390625
8 0.959375 0.66484375 0.0171875 0.08046875
8 0.87109375 0.4375 0.0171875 0.08125
4 0.6796875 0.85859375 0.15859375 0.13984375
8 0.51953125 0.603125 0.0640625 0.0421875
8 0.87109375 0.60546875 0.05390625 0.04609375
8 0.2203125 0.5984375 0.01796875 0.05703125
8 0.26796875 0.60625 0.02109375 0.046875
8 0.30625 0.60625 0.01484375 0.0453125
2 0.034707040625000005 0.48358859218749994 0.05607577968750001 0.47563136874999995 0.0575003625 0.3928762609375 0.020461215625 0.40401637187499995 0.0033662234375000004 0.4215222609375 0.005503096875 0.5026859234375001 0.013338301562499998 0.48836292343750004 0.034707040625000005 0.48358859218749994
2 0.285535565625 0.1699054984375 0.1914095078125 0.16857447187500002 0.18545216250000002 0.2471050171875 0.276599546875 0.24843604375 0.285535565625 0.1699054984375
2 0.333194328125 0.392186875 0.24204694375 0.3908558484375 0.2432384125 0.4840276859375 0.3361730015625 0.482696659375 0.333194328125 0.392186875
2 0.23125 0.67265625 0.09375 0.0875
2 0.890625 0.6640625 0.08984375 0.0875
2 0.94453125 0.4390625 0.0890625 0.08515625
2 0.9223757890625001 0.17922268125000002 0.8365900156249999 0.173898575 0.847908971875 0.245773990625 0.9330990109374999 0.2471050171875 0.9223757890625001 0.17922268125000002
2 0.5500417015625 0.1712365234375 0.46187298906249996 0.16857447187500002 0.4600857859375 0.245773990625 0.5518289046875 0.245773990625 0.5500417015625 0.1712365234375
8 0.7671875 0.6296875 0.03125 0.16328125
8 0.36640625 0.39921875 0.0359375 0.16953125
8 0.09921875 0.4015625 0.0265625 0.1609375
8 0.65390625 0.19140625 0.025 0.11484375