7 0.956414371875 0.013289006249999999 0.03524440625 0.0117273609375 0.033460921875 0.025782175 0.0061736015625000005 0.025782175 0.012902828124999998 0.9919184828125 0.9858624515625 0.9919184828125 0.99092480625 0.0273438203125 0.956414371875 0.0273438203125 0.956414371875 0.013289006249999999
8 0.2171875 0.19609375 0.05390625 0.075
8 0.4984375 0.38046875 0.0546875 0.13046875
8 0.83828125 0.37578125 0.0546875 0.1328125
8 0.878125 0.76171875 0.05078125 0.12109375
8 0.5390625 0.584375 0.04609375 0.14609375
8 0.759375 0.57734375 0.05234375 0.15546875
8 0.34765625 0.5890625 0.046875 0.1390625
8 0.30390625 0.3921875 0.03515625 0.0984375
8 0.1390625 0.7609375 0.0578125 0.1328125
4 0.453125 0.9125 0.07109375 0.1234375