7 0.99118214375 0.32393150625 0.4213018375 0.32393150625 0.3519143390625 0.09835576406249999 0.1829385921875 0.00381941875 0.0068889500000000005 0.10332715156250001 0.007342334375 0.999784409375 0.35822229375000003 0.999784409375 0.417359365625 0.9263411453125 0.99118214375 0.9287635515625 0.99118214375 0.32393150625
8 0.2953125 0.2375 0.07109375 0.12578125
8 0.29609375 0.58671875 0.075 0.08515625
8 0.575 0.49375 0.0703125 0.0828125
8 0.46796875 0.6 0.03515625 0.02890625
8 0.71796875 0.43984375 0.121875 0.13828125
8 0.70234375 0.61796875 0.0921875 0.10859375
8 0.5734375 0.68984375 0.0671875 0.08046875
8 0.7 0.78515625 0.0890625 0.05078125
8 0.82109375 0.78046875 0.03828125 0.04609375
8 0.6765625 0.8984375 0.046875 0.05625
4 0.478125 0.846875 0.1 0.1296875
8 0.4 0.7890625 0.0109375 0.06875
4 0.56015625 0.8515625 0.06171875 0.140625
8 0.50625 0.39609375 0.0484375 0.05703125