7 0.046293596874999995 0.0037832937499999997 0.019700551562499998 0.0037832937499999997 0.027365857812499998 0.9811770859375001 0.9904618624999999 0.99748789375 0.9887541750000001 0.0037832937499999997 0.4815531203125 0.12975731875000002 0.046293596874999995 0.0037832937499999997
4 0.803125 0.90703125 0.1703125 0.16171875
8 0.203125 0.90546875 0.22421875 0.15546875
8 0.78828125 0.80390625 0.121875 0.0421875
8 0.54296875 0.90859375 0.1234375 0.1640625
2 0.0880146046875 0.47875096875 0.27775195625000004 0.4745195578125 0.2769868859375 0.39224211875 0.1522804828125 0.3983541578125 0.1522804828125 0.3207782859375 0.15304555312499998 0.31090499375 0.091074884375 0.31090499375 0.0880146046875 0.47875096875
2 0.6128526015625 0.4740494015625 0.6082621828125 0.3903614921875 0.4774352171875 0.389891334375 0.4751400078125 0.3047929546875 0.4177597609375 0.309494521875 0.42082004062499995 0.4745195578125 0.6128526015625 0.4740494015625
2 0.71460690625 0.4768703421875 0.9158203078125 0.47734050000000006 0.912760028125 0.29821075937499997 0.8507893609374999 0.29915107343749997 0.845433871875 0.38518976718750003 0.7169021171875001 0.38613008125000003 0.71460690625 0.4768703421875
2 0.9075551609374999 0.7103510890625 0.9089346781250001 0.5422221375 0.83367809375 0.54237288125 0.82756995625 0.6334092953125 0.7184322562500001 0.631551928125 0.7167060671875001 0.7088377718750001 0.9075551609374999 0.7103510890625
2 0.4953645765625 0.7122204812499999 0.6151478109374999 0.7095979578125 0.6105573921875 0.631081771875 0.4812605671875 0.6339027125000001 0.48202563749999994 0.5483341765625 0.42235017968750005 0.5483341765625 0.4154645515625 0.7091278 0.4953645765625 0.7122204812499999
2 0.0941351640625 0.5441027640625 0.088779675 0.711948740625 0.275456746875 0.7105382703124999 0.2744093703125 0.6305606984375001 0.16006891406249998 0.6305606984375001 0.15610583281249998 0.5459833921875 0.0941351640625 0.5441027640625
8 0.21328125 0.58984375 0.10859375 0.08203125
8 0.54453125 0.58984375 0.11953125 0.08984375
8 0.77421875 0.5875 0.1125 0.08828125
8 0.7734375 0.3453125 0.1171875 0.0875
8 0.54453125 0.3453125 0.1234375 0.0875
8 0.221875 0.35078125 0.1234375 0.08828125