7 0.06716452187500001 0.9961430921875 0.12470128750000001 0.9961430921875 0.1370174625 0.983704753125 0.8116498171875 0.983704753125 0.82543658125 0.9961430921875 0.8787123265625001 0.9961430921875 0.872242646875 0.7402042875 0.9920036765625 0.7397117546875001 0.9920036765625 0.0060619375000000005 0.046844890625 0.0060619375000000005 0.0432674640625 0.030010381250000003 0.010179228125 0.027888703124999997 0.0091911765625 0.8726529984375 0.06716452187500001 0.9961430921875
4 0.4765625 0.859375 0.67421875 0.24921875
8 0.25390625 0.440625 0.040625 0.18515625
8 0.62265625 0.55625 0.071875 0.07421875
8 0.41171875 0.55390625 0.0421875 0.06796875
8 0.41484375 0.3375 0.04140625 0.0734375
8 0.640625 0.33828125 0.11015625 0.06953125
8 0.8875 0.33828125 0.03828125 0.06328125
8 0.32421875 0.13515625 0.02890625 0.06171875
8 0.6953125 0.1328125 0.09921875 0.06484375
8 0.15234375 0.13125 0.034375 0.06875
8 0.89140625 0.13203125 0.03828125 0.06796875
2 0.66640625 0.6234375 0.171875 0.0609375
2 0.41015625 0.6234375 0.04375 0.0625
2 0.2765625 0.62578125 0.1125 0.05546875
2 0.41171875 0.40546875 0.03984375 0.06640625
2 0.63984375 0.4078125 0.11953125 0.07109375
2 0.890625 0.403125 0.040625 0.0640625
2 0.88984375 0.19609375 0.03515625 0.0625
2 0.696875 0.19375 0.109375 0.0609375
2 0.50859375 0.2 0.046875 0.06484375
2 0.3203125 0.19921875 0.03828125 0.065625
2 0.1515625 0.19609375 0.03828125 0.06171875