7 0.22999509062499998 0 0.22999509062499998 0.006615262500000001 0 0.007826109375 0.0055754265625 0.9976307343749999 0.9977324265625 0.9984669593750001 0.9977324265625 0.0074644609375 0.8003950718749999 0.0074644609375 0.8003950718749999 0 0.22999509062499998 0
8 0.6546875 0.8828125 0.3859375 0.2046875
4 0.21640625 0.9296875 0.15078125 0.12890625
8 0.71953125 0.65703125 0.24609375 0.0875
8 0.28125 0.65546875 0.2421875 0.0859375
8 0.72890625 0.4984375 0.23046875 0.078125
8 0.2984375 0.5 0.25 0.07578125
8 0.73203125 0.34375 0.21328125 0.0640625
8 0.3046875 0.3421875 0.2078125 0.0625
8 0.725 0.18125 0.21484375 0.06875
8 0.296875 0.18203125 0.21484375 0.06953125