7 0.8169584953125 0.051548339062500004 0.8299286640625001 0.00906344375 0.21222438437500002 0.00906344375 0.22843709531249998 0.0685422953125 0.2268158234375 0.13368580000000002 0 0.13368580000000002 0.0063229578125 0.9966012078125001 0.9987029828124999 0.9974399437500001 0.9987029828124999 0.1327416921875 0.8104734109375 0.13557401875 0.8169584953125 0.051548339062500004
2 0.5046875 0.484375 0.86875 0.05234375
8 0.39921875 0.26328125 0.09765625 0.07734375
8 0.60703125 0.2609375 0.0953125 0.071875
8 0.8125 0.26015625 0.1015625 0.075
8 0.19140625 0.2609375 0.0921875 0.078125
8 0.60859375 0.42265625 0.1078125 0.06640625
8 0.8140625 0.4234375 0.11171875 0.0671875
8 0.3921875 0.4234375 0.109375 0.07109375
8 0.1875 0.42265625 0.1140625 0.071875
8 0.60625 0.61015625 0.10625 0.0875
8 0.81640625 0.609375 0.11796875 0.0859375
8 0.3984375 0.60703125 0.11015625 0.084375
8 0.1921875 0.60859375 0.115625 0.08203125
8 0.6375 0.1046875 0.08046875 0.0546875
8 0.40546875 0.10625 0.08828125 0.05546875
4 0.8109375 0.88359375 0.11640625 0.228125
8 0.60546875 0.8125 0.10546875 0.0890625
4 0.396875 0.88125 0.1109375 0.2265625
8 0.1921875 0.8125 0.1015625 0.08046875
8 0.7359375 0.103125 0.0875 0.05859375
8 0.5171875 0.10859375 0.1 0.0578125
8 0.29375 0.1046875 0.0765625 0.05703125