7 0.9900455562499999 0.09019465156249999 0.973866196875 0.089231909375 0.975959371875 0.0037885671875 0.02621798125 0.0037885671875 0.024677090625000002 0.09115739375000001 0.010308278125 0.093152409375 0.0115795140625 0.9922838015625001 0.038545114062500004 0.99035831875 0.05780625625 0.983619125 0.9906619125 0.9906307812499999 0.9900455562499999 0.09019465156249999
8 0.825 0.08046875 0.14765625 0.0171875
8 0.6109375 0.0828125 0.10859375 0.0234375
8 0.38671875 0.08203125 0.1015625 0.025
8 0.17578125 0.0859375 0.15078125 0.0125
8 0.2176380703125 0.2538340296875 0.19702151406249999 0.2078660765625 0.056748081250000006 0.2043300796875 0.055939589062499996 0.308894546875 0.21723382343750003 0.3139459703125 0.2176380703125 0.2538340296875
8 0.36796875 0.2921875 0.24921875 0.04375
8 0.63203125 0.2921875 0.246875 0.0375
8 0.9435379218750001 0.21033180312500002 0.8037755890625 0.209322765625 0.7844120625000001 0.25119084375 0.7825468718749999 0.31177069999999996 0.944902253125 0.314327984375 0.9435379218750001 0.21033180312500002
8 0.215596540625 0.4402315578125 0.197715096875 0.40947161249999997 0.1059856140625 0.40976179999999995 0.1036633484375 0.51393935 0.2169899 0.5151001015625 0.215596540625 0.4402315578125
8 0.3640625 0.4859375 0.25078125 0.0609375
8 0.63359375 0.4875 0.2453125 0.0671875
8 0.944178696875 0.519568775 0.9420907109375 0.41207435625000005 0.8049945796875001 0.4128391515625 0.78479738125 0.438077384375 0.783780834375 0.5183827890625 0.944178696875 0.519568775
8 0.9439268203125 0.720286725 0.948211075 0.6132154296875 0.8111149421875 0.6109210453125 0.7890816359375 0.6323353046875 0.7921418171875 0.718757134375 0.9439268203125 0.720286725
8 0.36796875 0.6796875 0.24140625 0.07890625
8 0.21640828750000002 0.6304381296875 0.1943823328125 0.6093040671875001 0.059276696875 0.60979555625 0.058293395312499996 0.7169403437499999 0.21876821093749999 0.7203807734375001 0.21640828750000002 0.6304381296875
4 0.3640625 0.90859375 0.06015625 0.13515625
8 0.653125 0.6875 0.2828125 0.06796875
2 0.2921875 0.078125 0.0796875 0.028125
2 0.49609375 0.0828125 0.11171875 0.03359375
2 0.70703125 0.08046875 0.078125 0.034375
8 0.08125 0.46328125 0.05390625 0.10546875