7 0.9721183953124999 0.8124285640625001 0.9929807374999999 0.8058229656250001 0.9929807374999999 0.714823296875 0.9728077171875 0.713688353125 0.9721183953124999 0.6092734156249999 0.9929807374999999 0.6080466625 0.9929807374999999 0.5093982609375 0.9748756843749999 0.5105332046875 0.9707397500000001 0.3096479484375 0.8977419187500001 0.30901451562500004 0.9004288656250001 0.232471690625 0.8135900749999999 0.1401103515625 0.7023287671875 0.2004596078125 0.7010745828125 0.1273569046875 0.6937084109375 0.12804994218750002 0.43078206406249997 0.0098390546875 0.32973642187499996 0.11064269374999999 0.3204978796875 0.11610912343749999 0.320786584375 0.2042849984375 0.1507581484375 0.1128897640625 0.06642212343750001 0.2025145125 0.0604115125 0.20439138906249998 0.06134419375 0.26393957343749996 0.006738306249999999 0.2650330015625 0.006040390625 0.4940221703125 0.0043047890625 0.5093370671875 0.005851420312499999 0.5568712328125 0.0067552046874999995 0.5939449046874999 0.0052944968750000005 0.80919261875 0.1447920140625 0.9546952640624999 0.14563922499999998 0.992718353125 0.5031034375 0.9900247500000001 0.7076024140625 0.8984422578125001 0.970050428125 0.8839300953125001 0.9721183953124999 0.8124285640625001
8 0.16640625 0.490625 0.1109375 0.15078125
8 0.20390625 0.7015625 0.11484375 0.159375
8 0.4125 0.28828125 0.10859375 0.14375
8 0.44921875 0.50546875 0.11171875 0.14765625
8 0.44921875 0.7078125 0.11015625 0.14765625
4 0.22578125 0.91875 0.13359375 0.15625
8 0.60546875 0.2875 0.10859375 0.14921875
8 0.5686206171875 0.4931434 0.656620759375 0.49137645937499996 0.65479324375 0.43711849375 0.5522746781250001 0.43135914687500004 0.5522746781250001 0.49293986562500003 0.5624996265625 0.49338289218750003 0.5686206171875 0.4931434
8 0.5627566234375 0.70485674375 0.656909621875 0.7058874578125 0.6566554953125 0.6360795 0.5554729578125001 0.6334444546875 0.5535168796875001 0.7034195671875 0.5615190140624999 0.704297915625 0.5627566234375 0.70485674375
8 0.76875 0.4890625 0.05625 0.0828125
8 0.7703125 0.6796875 0.06015625 0.08515625
8 0.8859375 0.52109375 0.06953125 0.1265625
8 0.8890625 0.71484375 0.078125 0.140625
2 0.92734375 0.75546875 0.11484375 0.0734375
2 0.928125 0.55 0.11015625 0.0796875
2 0.62109375 0.74375 0.1203125 0.07890625
2 0.61953125 0.53125 0.11953125 0.07890625
4 0.46015625 0.9140625 0.06328125 0.15