7 1 0.9385714484375001 0.9850591453125 0.0081627671875 0.08396505625 0.0081627671875 0.013573028125 0.0111476609375 0.006353331249999999 0.8662585281249999 0.029817342187500002 0.87158869375 0.059959568750000004 0.8825679890625 0.0561511515625 1 1 1 1 0.9385714484375001
8 0.49140625 0.93046875 0.85703125 0.1296875
4 0.78828125 0.93125 0.28125 0.1234375
8 0.1796875 0.11953125 0.21171875 0.13125
8 0.7015625 0.1421875 0.37265625 0.03828125
8 0.7015625 0.3328125 0.375 0.0484375
8 0.184375 0.31875 0.22109375 0.128125
8 0.71015625 0.5203125 0.3953125 0.0703125
8 0.1890625 0.5203125 0.22109375 0.1265625
8 0.50859375 0.74375 0.84140625 0.18125
2 0.715625 0.19140625 0.42421875 0.0609375
2 0.72109375 0.5890625 0.4421875 0.06328125
2 0.71484375 0.39140625 0.43671875 0.05859375