7 0 0.71895474375 0.0024494234375 0.72737608125 0.0039095859375 0.9951745750000001 0.9671087828125 0.9953550312500001 0.9642927546875001 0.7338725390625 0.999408634375 0.7100458187500001 0.999408634375 0.686773209375 0.9649967609375001 0.6477944515625 0.9642927546875001 0.1897940625 0.743234490625 0.1897940625 0.742530484375 0.1183330078125 0.7699867640625 0.0338790359375 0.7699867640625 0.004644968750000001 0.2038241671875 0.020236470312499998 0.20322184999999998 0.0401950375 0.22950478593749998 0.10419719375 0.22804462343749998 0.193463359375 0.0068299125 0.18841055625 0.0082900765625 0.6364256484374999 0 0.6481947906250001 0 0.71895474375
8 0.30625 0.12734375 0.15234375 0.12734375
8 0.6625 0.12578125 0.15390625 0.1203125
8 0.10703125 0.43515625 0.075 0.2078125
8 0.26171875 0.43984375 0.0765625 0.21640625
8 0.4046875 0.4453125 0.053125 0.21953125
8 0.48359375 0.44140625 0.04453125 0.21015625
8 0.56171875 0.44765625 0.046875 0.20546875
8 0.70703125 0.4421875 0.075 0.20859375
8 0.86875 0.44140625 0.07734375 0.22109375
4 0.871875 0.8609375 0.0765625 0.24453125
4 0.71484375 0.8609375 0.07734375 0.2421875
8 0.5609375 0.81796875 0.07890625 0.1640625
8 0.4078125 0.81953125 0.0765625 0.159375
4 0.253125 0.86328125 0.07265625 0.23984375
4 0.09765625 0.859375 0.0703125 0.234375
2 0.4875 0.18203125 0.8765625 0.03046875