7 0.543763571875 1 0.9911392578125 0.9987357828125001 0.9911392578125 0.8327852640625 0.942983725 0.831921334375 0.9445789390625 0.651359778125 0.9653167265624999 0.653087640625 0.9911392578125 0.4579814921875 0.9911392578125 0.252223709375 0.9405909031249999 0.253951571875 0.938334671875 0.009567121875 0.49233566875 0.009567121875 0.489942846875 0.1597831046875 0.3679089484375 0.1589191734375 0.365516128125 0.5459602109375 0.12304354531249999 0.5442323484375 0.12144833125000001 0.624577921875 0.07119907812500001 0.6271697140625 0.06800865 0.8345131265625 0.00210635625 0.8370325015625 0.002961703125 0.9989200859375 0.117245525 1 0.543763571875 1
8 0.82109375 0.11484375 0.05703125 0.08671875
8 0.67265625 0.11875 0.05703125 0.08125
8 0.55703125 0.11640625 0.0578125 0.08671875
8 0.840625 0.3515625 0.09140625 0.1234375
8 0.67265625 0.35078125 0.05859375 0.13828125
8 0.5625 0.35234375 0.053125 0.1265625
8 0.82578125 0.49609375 0.059375 0.09765625
8 0.6703125 0.496875 0.05859375 0.0875
8 0.5671875 0.49921875 0.071875 0.08671875
8 0.44453125 0.5 0.05234375 0.08359375
8 0.83828125 0.69921875 0.04140625 0.04921875
8 0.5671875 0.6984375 0.05625 0.04453125
4 0.5625 0.9296875 0.05078125 0.13515625
4 0.44765625 0.92890625 0.05390625 0.12578125
5 0.23848697031250002 1 0.295252503125 0.9827498515625 0.3129413703125 0.9496557250000001 0.303292896875 0.920045190625 0.29203634375 0.9043690249999999 0.3113332921875 0.8590823249999999 0.3000767390625 0.8590823249999999 0.28077979218750004 0.8625659171875 0.28882018593750003 0.843406159375 0.29203634375 0.8137956265625 0.2872121078125 0.7981194609375 0.267915159375 0.8103120328125 0.2711313171875 0.79463586875 0.26630708125 0.7667671296874999 0.2421858953125 0.7754761109375 0.227713184375 0.7754761109375 0.2068081578125 0.7737343140624999 0.1875112109375 0.7737343140624999 0.1875112109375 0.8172792187500001 0.197159684375 0.8346971796875 0.18590313125 0.8625659171875 0.1794708140625 0.911336209375 0.16017386718749999 0.866049509375 0.1473092359375 0.8486315484375 0.14570115625 0.8120538296875001 0.12446998437500001 0.7764115296874999 0.116755734375 0.7510909640625 0.1048106515625 0.7437099203125 0.0935767484375 0.7642434875 0.07883225 0.7923820828125 0.0862022328125 0.8294717921875 0.041176021875 0.8486315484375 0.023487153125 0.8643077140625 0.023487153125 0.8956600437500001 0.0303860390625 0.91558349375 0.050045370312500004 0.9330750515625 0.0774280109375 0.9543691234375 0.09263455000000001 0.96359009375 0.099066865625 0.9966842203124999 0.16982234062499998 0.9932006281250001 0.174646578125 0.9740408703125001 0.193943525 0.9461721328125 0.21163239531250003 0.9304959671875 0.2196727890625 0.94094674375 0.22128086875 0.9810080546875 0.22128086875 0.9932006281250001 0.2350911171875 1 0.23848697031250002 1
5 0.5421475234375001 0.90291694375 0.5235209859375 0.8194110671875 0.5150955578125 0.79355398125 0.4961383453125 0.792793478125 0.4890809171875 0.8018927671875 0.4890809171875 0.8558884484375 0.4890809171875 0.909884128125 0.49229707500000003 0.9377528671875 0.4971213125 0.94820364375 0.4955132328125 0.9934903437499999 0.5469717609375 0.9969739359374999 0.5469717609375 0.9673634015625 0.5421475234375001 0.90291694375
2 0.390625 0.76328125 0.08203125 0.07265625
2 0.215625 0.75703125 0.103125 0.07109375
2 0.54453125 0.7609375 0.103125 0.07890625
2 0.8390625 0.75703125 0.08515625 0.06796875