7 0.023397240625 0 0.0246244921875 0.9847257140625001 0.86379105625 0.9873147781249999 0.8596975609375 0.792271971875 0.981642790625 0.7906265703125 0.988782846875 0.11749664687500001 0.9009676234375 0.1181952828125 0.8942069796875 0 0.023397240625 0
8 0.6171875 0.33359375 0.1453125 0.01796875
8 0.32734375 0.33671875 0.06640625 0.01796875
8 0.621875 0.6390625 0.14140625 0.053125
8 0.49140625 0.6390625 0.04375 0.05
8 0.6296875 0.48671875 0.15703125 0.03203125
8 0.49375 0.4875 0.04140625 0.03046875
4 0.27421875 0.8734375 0.2 0.09765625
4 0.68828125 0.93359375 0.2375 0.1203125
2 0.46875 0.21015625 0.7453125 0.0546875
2 0.46015625 0.3796875 0.7453125 0.0546875
2 0.45859375 0.53671875 0.7453125 0.0546875
2 0.4703125 0.6953125 0.7453125 0.0546875