7 0.8141622343750001 0.9535172781249999 0.8956117015625 0.9411651171875001 0.9180518624999999 0.9172328078125 0.9929137499999999 0.9153012 0.995990953125 0.0072950890625 0.001953125 0.013024214062500001 0.010176809375 0.9879306390625 0.180019946875 0.9813096375000001 0.1805280359375 0.98838896875 0.20578457343749998 0.988257728125 0.2091090421875 0.980537628125 0.805019946875 0.9836256671875001 0.8141622343750001 0.9535172781249999
4 0.29609375 0.91015625 0.0984375 0.1421875
8 0.51015625 0.89140625 0.28046875 0.16171875
4 0.75859375 0.909375 0.103125 0.140625
8 0.9549296421875001 0.9170756140625 0.9557187828125 0.8115207921875 0.819986459375 0.8107877718750001 0.82156474375 0.9537265937500001 0.8925874703125001 0.9434643203125 0.9154725703125 0.9163425953125 0.9549296421875001 0.9170756140625
8 0.88203125 0.7015625 0.12265625 0.16640625
8 0.73125 0.70234375 0.11953125 0.16015625
8 0.5796875 0.67578125 0.11953125 0.10625
8 0.425 0.7015625 0.125 0.16328125
8 0.26953125 0.67265625 0.1265625 0.11484375
8 0.11640625 0.70078125 0.12265625 0.1640625
8 0.1701755640625 0.4521495265625 0.0576468953125 0.452815296875 0.058363637499999996 0.5373680984375 0.1708923078125 0.5273815468749999 0.1701755640625 0.4521495265625
8 0.26875 0.515625 0.11171875 0.12578125
8 0.425 0.51484375 0.10859375 0.12109375
8 0.5734375 0.515625 0.1140625 0.12265625
8 0.72578125 0.4984375 0.1125 0.07734375
8 0.87890625 0.52109375 0.1015625 0.12421875
8 0.875 0.328125 0.09765625 0.08359375
8 0.72421875 0.3484375 0.10546875 0.1125
8 0.56796875 0.35 0.1046875 0.11484375
8 0.415625 0.32734375 0.1015625 0.08828125
8 0.2625 0.34765625 0.10234375 0.10859375
8 0.1109375 0.34453125 0.10234375 0.11484375
8 0.1078125 0.1765625 0.08828125 0.11015625
8 0.26015625 0.15625 0.09453125 0.07421875
8 0.41015625 0.15546875 0.09765625 0.06875
8 0.715625 0.17578125 0.0890625 0.109375
8 0.8671875 0.175 0.0890625 0.10859375
4 0.11796875 0.9203125 0.11484375 0.11640625
8 0.75703125 0.8265625 0.09375 0.025
8 0.29375 0.825 0.09921875 0.0265625
5 0.523848684375 0.8704835390625 0.523026315625 0.8521503328125 0.51480263125 0.7940951796875 0.5254934203125 0.7345122609375 0.523848684375 0.7070124515625 0.5328947375 0.6940264296875001 0.5485197375 0.6833320609375 0.5797697375 0.6734015734375001 0.632401315625 0.6367351625000001 0.65707236875 0.6367351625000001 0.6817434203125 0.626804675 0.6891447375 0.60847146875 0.7286184203125 0.6069437015625 0.76644736875 0.6436101140625 0.7870065796875 0.6336796265625 0.8059210515625 0.626804675 0.81332236875 0.6168741890625 0.8256578937500001 0.6015965171875 0.833881578125 0.593193796875 0.86019736875 0.5748605921875 0.8684210515625 0.5549996187499999 0.82894736875 0.5320831109374999 0.8560855265624999 0.521388740625 0.8774671062499999 0.5076388359374999 0.875 0.47861125937500004 0.882401315625 0.45187533437500005 0.8972039484375 0.4411809640625 0.92269736875 0.435833778125 0.9342105265624999 0.42972271093750003 0.9284539484375 0.40680620312500004 0.9235197359375 0.388472996875 0.913651315625 0.37395920781249997 0.9013157906249999 0.3785425109375 0.8922697359375 0.3632648375 0.8610197359375 0.3296539609375 0.8486842093750001 0.3105568703125 0.8297697359375 0.3013902671875 0.8256578937500001 0.3013902671875 0.8092105265624999 0.312848521875 0.789473684375 0.3113207546875 0.8009868421874999 0.30368191875 0.79769736875 0.28916813124999996 0.7870065796875 0.27465434218749996 0.78125 0.26854327499999997 0.77878289375 0.25479336875 0.7746710515624999 0.24180734843749999 0.75246710625 0.2242380265625 0.7228618421874999 0.20361316875000002 0.70230263125 0.19521044999999998 0.6998355265625 0.186043846875 0.6907894734375 0.19139103125 0.6702302625 0.1975021015625 0.666940790625 0.1791688953125 0.65871710625 0.155488503125 0.6529605265625 0.1295164609375 0.6373355265625 0.11041937187499999 0.6110197375 0.1027805359375 0.6003289484375001 0.1073638375 0.5904605265625 0.112711021875 0.5740131578125001 0.12569704375 0.5715460515624999 0.1150026734375 0.56496710625 0.09285004999999999 0.555098684375 0.0729890765625 0.541940790625 0.07375295937500001 0.5246710515624999 0.0882667484375 0.51644736875 0.0936139328125 0.51480263125 0.0798640296875 0.4884868421875 0.0829195625 0.473684209375 0.0936139328125 0.4473684203125 0.12340539375 0.4259868421875 0.16159957187500001 0.421875 0.17611336093750002 0.40542763125 0.1845160796875 0.398848684375 0.182224428125 0.395559209375 0.16694675781249999 0.390625 0.1577801546875 0.3807565796875 0.16312733906250002 0.3692434203125 0.17611336093750002 0.365953946875 0.1608356890625 0.354440790625 0.1486135515625 0.320723684375 0.1417385984375 0.3240131578125 0.11347490625000001 0.3001644734375 0.1050721875 0.2993421046875 0.126460928125 0.290296053125 0.1417385984375 0.2787828953125 0.1363914140625 0.270559209375 0.1272248109375 0.265625 0.1088916046875 0.2475328953125 0.1088916046875 0.23355263124999998 0.114238790625 0.22203947343750002 0.140974715625 0.203125 0.17611336093750002 0.1990131578125 0.19139103125 0.1907894734375 0.1967382171875 0.2088815796875 0.22500190937500003 0.213815790625 0.2517378359375 0.22039473593749997 0.2563211359375 0.23601973593749997 0.2570850203125 0.2286184203125 0.27236269218750003 0.2245065796875 0.2853487125 0.23355263124999998 0.29757085 0.2286184203125 0.3029180359375 0.23273026406250003 0.3212512421875 0.23766447343750002 0.3357650296875 0.2475328953125 0.357917653125 0.265625 0.38312581093750003 0.2689144734375 0.40604231874999996 0.25082236875 0.4014590171875 0.23355263124999998 0.37625085937499997 0.20148026406250003 0.3571537703125 0.195723684375 0.36479260625 0.2055921046875 0.39152853125 0.21546052656249998 0.41444503906249996 0.3009868421875 0.49847223281249997 0.319078946875 0.5106943703125 0.3240131578125 0.526735925 0.3240131578125 0.5496524328125 0.320723684375 0.5672217546875 0.3125 0.5771522421874999 0.31167763125 0.597013215625 0.335526315625 0.6099992359375 0.359375 0.617638071875 0.3782894734375 0.6184019562499999 0.39144736875 0.6497211828125 0.40378289375 0.672637690625 0.40378289375 0.6986097328125 0.40378289375 0.7108318687499999 0.395559209375 0.7146512875 0.37582236875 0.723817890625 0.367598684375 0.7390955609375001 0.4103618421875 0.75360935 0.4317434203125 0.7482621640625 0.4375 0.7604843015625 0.460526315625 0.7887479953125001 0.4728618421875 0.8147200375000001 0.48601973750000005 0.84985868125 0.495065790625 0.9965243296875 0.5288228562499999 0.9992743109375001 0.5246710515624999 0.89874723125 0.523848684375 0.8704835390625