7 0.2478310546875 0.9966431703125 0.7377650203125 0.9929133546875001 0.75742671875 0.9969135796874999 0.98360035625 0.9969135796874999 0.9867256640625 0.8917155093750001 0.935457078125 0.8875587156250001 0.92949778125 0.3627634375 0.9087574421875001 0.36461058281250003 0.9867256640625 0.28778545312500003 0.9867256640625 0.19545246562500002 0.9250283078124999 0.1964916671875 0.9243839843749999 0.1798843453125 0.9794881078125 0.10760016718750001 0.9803105578125001 0.0835054375 0.9257732187500001 0.0811406234375 0.9257732187500001 0.007357524999999999 0.092961325 0.010475120312499999 0.07135886875 0.427193746875 0.138400971875 0.5155256265625 0.0117658890625 0.5144864296875 0.006551501562500001 0.6059359015625 0.0862571125 0.665170221875 0.08674772187499999 0.9910484500000001 0.1114783578125 0.990115996875 0.11756094218749999 0.9969135796874999 0.2384610328125 0.9969135796874999 0.2478310546875 0.9966431703125
8 0.39375 0.68671875 0.1140625 0.05
8 0.271875 0.68828125 0.12890625 0.053125
8 0.7171875 0.6890625 0.11875 0.05078125
2 0.228125 0.55078125 0.4265625 0.06796875
8 0.26015625 0.490625 0.16015625 0.05
8 0.51953125 0.15625 0.02421875 0.0453125
8 0.671875 0.15703125 0.02265625 0.04296875
5 0.545523 1 0.546993378125 0.9569233484374999 0.5581349078125 0.9547029046875 0.577234671875 0.9680255796875 0.66000031875 0.970246025 0.664775259375 0.9369393359375 0.6631836125 0.8947508671875 0.6775084359375 0.8436806109375 0.6472671421875 0.817035259375 0.6233924359375 0.8014921390625 0.6536337296875 0.7903899109375 0.6775084359375 0.7903899109375 0.6854666703125 0.7504218859375 0.70615808125 0.72599698125 0.67910008125 0.703792521875 0.640900553125 0.7126743062500001 0.6456754953125 0.683808509375 0.629759025 0.6460609296875 0.574051378125 0.6194155765625 0.5565432609375 0.6194155765625 0.5135687921875001 0.610533796875 0.5008224484375 0.621621 0.49753265 0.64112625625 0.46581938125000005 0.6393995921875 0.46163702031250003 0.6839381484375 0.48173585 0.76818545 0.446719615625 0.7881694625 0.449902909375 0.83923971875 0.44512796874999994 0.8769873 0.43557808593749997 0.901412203125 0.45945279218749996 0.930278 0.5040189093749999 0.9347188921875 0.5263019671875 0.9769073640625001 0.5238189984375 1 0.545523 1
5 0.748379775 0.8717472125000001 0.742622628125 0.8751893140625 0.729463434375 0.877484053125 0.729463434375 0.8866629937500001 0.7286409843749999 0.9004314109375 0.7237062875 0.9038735156250001 0.7154817921875 0.9141998234375001 0.7154817921875 0.9233787687499999 0.7179491390625 0.9337050796874999 0.7195940390625 0.9440313921874999 0.7237062875 0.9532103359375 0.7286409843749999 0.9681261171875001 0.7278185359375 0.9864840062500001 0.752492021875 0.9968103171875 0.7508471234375 0.8946945703125 0.748379775 0.8717472125000001
2 0.953125 0.23203125 0.0515625 0.0609375