7 0.9865417671875001 0.0390385109375 0.9611176921875 0.0390385109375 0.9611176921875 0.001533365625 0.077376896875 0.001533365625 0.077376896875 0.039829925 0.022460898437499998 0.03745568125 0.015342156249999999 0.36747562500000003 0.005172528125 0.99031901875 0.9972808953125 0.99031901875 0.9972808953125 0.3856781640625 0.9926435437500001 0.38330391875 0.9865417671875001 0.0390385109375
8 0.50546875 0.52890625 0.13671875 0.096875
8 0.83203125 0.53125 0.1171875 0.09765625
8 0.8296875 0.70234375 0.11328125 0.0984375
8 0.5078125 0.6921875 0.121875 0.09140625
8 0.17890625 0.70390625 0.115625 0.10859375
8 0.18125 0.53203125 0.121875 0.1015625
8 0.81953125 0.33984375 0.05703125 0.04453125
8 0.43671875 0.09921875 0.01640625 0.04453125
4 0.82109375 0.91875 0.1 0.13359375
4 0.50234375 0.9109375 0.10546875 0.1421875
5 0.4081546859375 0.890606259375 0.4099061234375 0.8797023218750001 0.3923917609375 0.8606204343750001 0.41340899531249997 0.8456275218749999 0.42391761250000004 0.82245665625 0.42742048437499996 0.800648784375 0.395894634375 0.7815668953125 0.3731259640625 0.7488550875 0.3275886234375 0.73795115 0.30306851562500003 0.7365881578125 0.2943113359375 0.77338894375 0.26628835624999997 0.785655871875 0.2908084625 0.8088267359374999 0.30657138906250003 0.840175553125 0.3104984546875 0.854527709375 0.28380271874999996 0.8592574421875 0.29956564375 0.8810653140625 0.3013170796875 0.8987842109375 0.32366309531250004 0.899281778125 0.3375206125 0.90197780625 0.3241467265625 0.9901864578125 0.34510298437500003 0.9846527093749999 0.3345943671875 0.9573928687500001 0.3468544203125 0.91241413125 0.37662883593749996 0.9015101953125001 0.4081546859375 0.890606259375
2 0.51875 0.76171875 0.2734375 0.02578125
5 0 0.655636653125 0.00888635 0.6702036312499999 0.032530737500000004 0.6763370953125001 0.0473084796875 0.6709703140625 0.06307140624999999 0.6533366046875 0.0758787828125 0.64030299375 0.0798195140625 0.6349362125 0.059130675 0.6349362125 0.040412199999999995 0.625736015625 0.0256344578125 0.62420265 0.024649275000000002 0.6142357703125 0.0394270171875 0.606568940625 0.051249212499999995 0.6142357703125 0.059130675 0.6196025515625 0.07193805156250001 0.6104023546875 0.0679973203125 0.5927686453125001 0.076863965625 0.5697681546875 0.0827750625 0.55673454375 0.0620862234375 0.56746810625 0.045338114062500004 0.5690014718749999 0.0335159203125 0.558267909375 0.0256344578125 0.55673454375 0.03647146875 0.5467676640625 0.06011585781249999 0.5398675171875 0.076863965625 0.533734053125 0.08671579375 0.517633709375 0.09361207499999999 0.5076668296875 0.06307140624999999 0.519167075 0.06011585781249999 0.5115002453125 0.0660269546875 0.5076668296875 0.072923234375 0.5038334156250001 0.07390841718749999 0.4938665359375 0.0561751265625 0.49463321875000005 0.040412199999999995 0.49309985312500004 0.0473084796875 0.4892664375 0.0660269546875 0.4831329734375 0.0748936 0.4708660453125 0.06898250312500001 0.46243253125 0.0827750625 0.444798821875 0.0817898796875 0.43866535781250005 0.084745428125 0.4302318453125 0.076863965625 0.414898184375 0.059130675 0.4171982328125 0.051249212499999995 0.42026496562500004 0.034501103125 0.3941977421875 0.022678909375 0.3750306671875 0 0.3624905578125 0 0.655636653125
5 0.9196878937499999 0.0867578515625 0.917717528125 0.07525760625 0.9167323453125 0.0583905796875 0.9167323453125 0.0484237 0.909836065625 0.04305691875 0.879295396875 0.069124140625 0.8586065578125 0.07909102031250001 0.8556510093749999 0.08522448437499999 0.8704287515625 0.0806243859375 0.8664880203124999 0.09442468125 0.8517102781249999 0.11282507343749999 0.8556510093749999 0.12279195312499999 0.8743694828124999 0.11589180624999999 0.8901324078125 0.10439156093749999 0.9029397859375001 0.0974914125 0.9157471625 0.09519136406249999 0.9147619796875001 0.09979146250000001 0.887176859375 0.11665848906250001 0.879295396875 0.13122546562499998 0.8704287515625 0.136592246875 0.894073140625 0.1480924921875 0.90392496875 0.1557593234375 0.9088508828125 0.16725956875 0.9147619796875001 0.17569308125 0.9315100875000001 0.163426153125 0.92756935625 0.1749263984375 0.9384063687499999 0.177226446875 0.936436003125 0.1818265453125 0.9502285625000001 0.184893278125 0.9521989281250001 0.1749263984375 0.9600803906250001 0.1680262515625 0.9669766703124999 0.163426153125 0.974858134375 0.1572926890625 0.9797840484375 0.1503925421875 0.990621059375 0.1557593234375 0.9866803281250001 0.179526496875 0.974858134375 0.1871933265625 0.971902584375 0.1994602546875 0.9797840484375 0.19486015625 0.9669766703124999 0.20329367031249998 0.9630359390625 0.209427134375 0.9689470359374999 0.214793915625 0.967961853125 0.2239941125 0.967961853125 0.2331943078125 0.9975173390625001 0.2278275265625 0.9993694828124999 0.22676546874999998 0.9993694828124999 0.106691609375 0.9935766078125001 0.106691609375 0.9837247796874999 0.10822497499999999 0.9502285625000001 0.1005581453125 0.9384063687499999 0.0936579984375 0.9196878937499999 0.0867578515625
8 0.18359375 0.89140625 0.1078125 0.10546875
4 0.61640625 0.9328125 0.04609375 0.10546875
4 0.39375 0.93359375 0.04453125 0.09296875