7 0.78313184375 0.6277372265625 0.78313184375 0.6056873484375 0.7643134125 0.6056873484375 0.762602646875 0.5653892953125 0.7825615875 0.544860096875 0.78313184375 0.49087591249999996 0.76374315625 0.490115571875 0.7631729015625 0.48099148437499994 0.803090784375 0.4201642328125 0.8065123171874999 0.3806265203125 0.23112454375000002 0.3821472015625 0.23112454375000002 0.543339415625 0.249942975 0.5653892953125 0.249942975 0.7531934296875 0.228843521875 0.7562347921875 0.2271327546875 0.8961374703124999 0.8065123171874999 0.8938564484375 0.80936359375 0.6307785890625001 0.78313184375 0.6277372265625
8 0.515625 0.48125 0.1296875 0.0796875
8 0.675 0.4546875 0.053125 0.07109375
8 0.6390625 0.58359375 0.03203125 0.04375
8 0.51640625 0.58515625 0.1296875 0.05078125
8 0.36328125 0.4703125 0.07734375 0.0234375
8 0.309375 0.6140625 0.07734375 0.0703125
8 0.309375 0.71796875 0.07734375 0.06484375
4 0.653125 0.84453125 0.06875 0.0953125
8 0.5609375 0.81875 0.0328125 0.04453125
8 0.48125 0.82421875 0.05234375 0.07109375
8 0.7609375 0.82109375 0.03671875 0.04609375
8 0.3125 0.8296875 0.05 0.075
8 0.44921875 0.70078125 0.0546875 0.06953125
8 0.58203125 0.71015625 0.03203125 0.0421875
8 0.68515625 0.70078125 0.05390625 0.06796875
2 0.7625 0.51328125 0.04140625 0.04453125
2 0.76328125 0.6203125 0.04375 0.0265625
2 0.2984375 0.6296875 0.0984375 0.0421875
2 0.3015625 0.740625 0.10078125 0.02890625
2 0.36171875 0.4953125 0.09453125 0.02265625