7 0.5858000859375 0.0402298859375 0.044949817187500005 0.020141532812499998 0.012572426562499999 0.21619445 0.0025695015625 0.999166734375 0.99367049375 0.9979878359375001 0.9947704937499999 0.20694745937499998 0.9676104671875001 0.0089655171875 0.5858000859375 0.0402298859375
8 0.29453125 0.11015625 0.07265625 0.0359375
8 0.19140625 0.1984375 0.0765625 0.03046875
8 0.41953125 0.115625 0.071875 0.0328125
8 0.55390625 0.0984375 0.071875 0.028125
8 0.6640625 0.11328125 0.0703125 0.0296875
8 0.808843953125 0.0840922703125 0.7370957265625 0.0903754625 0.7376540765625 0.12627941874999998 0.80968148125 0.1199962265625 0.808843953125 0.0840922703125
8 0.9285541359374999 0.074483853125 0.8600613640624999 0.07803572343750001 0.8600613640624999 0.1153303828125 0.9307635796874999 0.1100025734375 0.9285541359374999 0.074483853125
8 0.9396013578125 0.150849103125 0.8628231703125 0.1567688890625 0.8617184484375 0.18222397343750002 0.9379442734375001 0.1721603359375 0.9396013578125 0.150849103125
8 0.811453590625 0.170976378125 0.7407513734375 0.1792640796875 0.7407513734375 0.21537478124999998 0.811453590625 0.20827103593750002 0.811453590625 0.170976378125
8 0.6962520578125 0.17794267187499999 0.626298953125 0.1866770890625 0.6283364234375 0.2205229640625 0.698289528125 0.2168836234375 0.6962520578125 0.17794267187499999
8 0.5879266203125 0.18631315625 0.5220484546875 0.18594922187500001 0.517294359375 0.2194311609375 0.5865683078124999 0.22197870000000003 0.5879266203125 0.18631315625
8 0.4566059703125 0.201550803125 0.3887180859375 0.1992963578125 0.38833561875 0.21651211875 0.4571796703125 0.21979131093749998 0.4566059703125 0.201550803125
8 0.44360209375000004 0.27594748125 0.375140509375 0.271848490625 0.3753317421875 0.299311728125 0.44360209375000004 0.3017711234375 0.44360209375000004 0.27594748125
8 0.335937646875 0.2921384953125 0.265563728125 0.28988405 0.26422509375000003 0.31447799375 0.3355551796875 0.3175522375 0.335937646875 0.2921384953125
8 0.3358118875 0.38453071250000004 0.2642908484375 0.383114996875 0.263913428125 0.41365397968749995 0.33430220781250003 0.41527193906250004 0.3358118875 0.38453071250000004
8 0.40859375 0.40625 0.0703125 0.0328125
8 0.41015625 0.50234375 0.07109375 0.034375
8 0.2984375 0.51484375 0.071875 0.05703125
8 0.1875 0.50703125 0.0765625 0.0390625
8 0.1859375 0.615625 0.07265625 0.0359375
8 0.29921875 0.61484375 0.07109375 0.03515625
8 0.29921875 0.721875 0.07109375 0.0375
8 0.409375 0.61640625 0.07421875 0.03671875
8 0.4109375 0.725 0.06953125 0.03671875
8 0.56171875 0.72421875 0.065625 0.0359375
8 0.671875 0.7203125 0.06796875 0.03984375
8 0.78203125 0.72734375 0.07265625 0.03515625
8 0.93828125 0.71640625 0.075 0.03515625
8 0.8984375 0.60625 0.07578125 0.0359375
8 0.559375 0.61015625 0.075 0.0359375
8 0.66796875 0.62265625 0.0625 0.03515625
8 0.6703125 0.515625 0.07109375 0.04453125
8 0.559375 0.52265625 0.071875 0.01640625
8 0.7828125 0.515625 0.0734375 0.028125
8 0.6703125 0.41171875 0.06875 0.0296875
8 0.29921875 0.83203125 0.07421875 0.0390625
8 0.41328125 0.83125 0.0734375 0.03671875
8 0.671875 0.83359375 0.07265625 0.03828125
8 0.78203125 0.834375 0.071875 0.0359375
8 0.89921875 0.834375 0.07578125 0.0375
8 0.7828125 0.625 0.0734375 0.05546875
8 0.93984375 0.5 0.07265625 0.0328125
8 0.55546875 0.30625 0.07578125 0.06328125
8 0.671875 0.303125 0.06953125 0.03125
8 0.7828125 0.29765625 0.0734375 0.03203125
8 0.93984375 0.275 0.07890625 0.02890625
8 0.8984375 0.3859375 0.0734375 0.028125
2 0.4984375 0.9421875 0.99453125 0.059375
8 0.7796875 0.40078125 0.07578125 0.0296875
5 0.21171171093750002 0.867931034375 0.21010295937499998 0.8231034484374999 0.2084942078125 0.80586206875 0.1875804375 0.78 0.14897039843749998 0.769655171875 0.1119691125 0.769655171875 0.10714285781249999 0.8248275859374999 0.121621621875 0.8851724140625 0.1554054046875 0.8886206890624999 0.1565264078125 0.8874368546875001 0.16472386875 0.8891939375 0.16827541875000002 0.8834482765624999 0.1795366796875 0.8731034484375 0.20045045 0.8731034484375 0.21171171093750002 0.867931034375
5 0.5703096171875 0.8705996046875001 0.5703096171875 0.8464616734374999 0.5316995796875 0.8068065000000001 0.52204706875 0.8102547765624999 0.49308954062500004 0.8292202937500001 0.47056701875 0.8447375359375 0.4689582671875 0.8619789140625 0.48665453437500006 0.8740478796875 0.49148078906250003 0.8964616734374999 0.523655821875 0.918875465625 0.549395846875 0.9205996046875 0.5638746109375 0.8947375359375 0.5703096171875 0.8705996046875001
2 0.56464798125 0.465517240625 0.6123146968750001 0.4680715203125 0.6123146968750001 0.4125159640625 0.5180344125 0.4130243796875 0.506852090625 0.4240102171875 0.51042709375 0.4757343546875 0.5193646015625 0.465517240625 0.56464798125 0.465517240625
2 0.9435983609375 0.40102171249999996 0.8601816093749999 0.40740740625000005 0.8577982734375 0.417624521875 0.8589899421875 0.461047253125 0.944790028125 0.4572158359375 0.9435983609375 0.40102171249999996
2 0.9847109015625 0.568326946875 0.9864984031249999 0.511494253125 0.9006983171874999 0.5134099609375 0.8971233140624999 0.524904215625 0.8977191484375 0.574074075 0.9048691546875001 0.568326946875 0.9847109015625 0.568326946875
2 0.944790028125 0.6781609203125 0.9465775296875 0.621328225 0.86077744375 0.623243934375 0.857202440625 0.6347381859375 0.8577982734375 0.6839080453124999 0.86494828125 0.6781609203125 0.944790028125 0.6781609203125
2 0.979348396875 0.7318007671875 0.8959316453125 0.7381864625000001 0.8935483109375 0.7484035765625 0.8947399781250001 0.791826309375 0.9805400640625 0.787994890625 0.979348396875 0.7318007671875
2 0.67578125 0.7671875 0.103125 0.05390625
2 0.4109375 0.32578125 0.103125 0.05390625
2 0.41015625 0.54296875 0.096875 0.0515625
2 0.940625 0.3140625 0.08828125 0.05
2 0.9015625 0.2046875 0.10234375 0.05703125
2 0.5625 0.6546875 0.096875 0.0515625
2 0.55 0.13203125 0.09140625 0.0453125
8 0.55546875 0.3984375 0.071875 0.03046875
5 0.3111926671875 0.8774156874999999 0.3062426625 0.8713527843750001 0.3126069546875 0.8652898828125 0.321092678125 0.856195528125 0.321092678125 0.8486169 0.319678390625 0.8327017812499999 0.320385534375 0.825881015625 0.3133140984375 0.8220917015625 0.3041212328125 0.826638878125 0.296342653125 0.820575975 0.2814926390625 0.8160287984375 0.275835490625 0.820575975 0.2666426234375 0.827396740625 0.248964034375 0.828912465625 0.23552830781249998 0.8327017812499999 0.25037832187500003 0.8516483515625 0.251085465625 0.8569533921874999 0.248256890625 0.86453201875 0.25037832187500003 0.8721106484375 0.2638140484375 0.8758999624999999 0.27159262968750003 0.8827207265625001 0.282906925 0.8895414921875 0.294221221875 0.8827207265625001 0.3041212328125 0.8812050015624999 0.3133140984375 0.8827207265625001 0.3111926671875 0.8774156874999999