7 0.997262590625 0.85313209375 0.997262590625 0.800027315625 0.9595275484375 0.7883634359375 0.960240878125 0.7289220078125 0.997262590625 0.7085306828125 0.997262590625 0.6801268046875 0.9609542046874999 0.678352434375 0.95810089375 0.6304444171875 0.997262590625 0.5955681703125 0.997262590625 0.5639055046875 0.960240878125 0.5612439499999999 0.960240878125 0.520433415625 0.997262590625 0.4723267765625 0.997262590625 0.44236109375000005 0.95810089375 0.44147390625 0.95810089375 0.41663271249999995 0.997262590625 0.35616359375 0.997262590625 0.32718522031249997 0.9678121640624999 0.32718522031249997 0.9652842312500001 0.3083208546875 0.996462078125 0.24019953593749999 0.996462078125 0.205614865625 0.9720253859374999 0.2035188265625 0.9696584078124999 0.175896425 0.88546969375 0.1779100375 0.8862792015625001 0.006753015625 0.7203780156249999 0.005668315625 0.5831112171874999 0.0160437171875 0.43001235 0 0.28900782343750003 0.0212493609375 0.11918485000000001 0.022529442187500002 0.00288184375 0.0417306703125 0.0059839625 0.9913313984375 0.018552793749999998 0.9955307359375001 0.09175472343749999 0.9955307359375001 0.979744009375 0.9818992156249999 0.9817360765625001 0.863278421875 0.997262590625 0.85313209375
5 0.8327729734375 0.853229125 0.849450315625 0.8706524625000001 0.8547870640624999 0.8590369046875 0.8534528765625 0.8407838828124999 0.8828049953124999 0.812574671875 0.8941455859375 0.8009591125 0.8774682468749999 0.7876841906250001 0.878135340625 0.7619640249999999 0.8934784921875 0.7553265625 0.9094887390625 0.7445406875 0.9201622374999999 0.7362438609375 0.9061532703124999 0.7312657640625 0.9088216453125 0.721309571875 0.9068203640625001 0.7022268687500001 0.8948126796875 0.7063752812499999 0.8808037140625 0.7063752812499999 0.8861404625 0.6989081374999999 0.8774682468749999 0.672358290625 0.8621250937499999 0.6507865390625 0.86479346875 0.6333632031249999 0.8861404625 0.6175992296875 0.8861404625 0.6076430375 0.874132778125 0.6101320859375 0.85612125 0.612621134375 0.8474490343750001 0.616769546875 0.8281033203125 0.609302403125 0.83077169375 0.5993462093749999 0.8514515953125 0.584411921875 0.8354413484375 0.57611509375 0.8180969156250001 0.579433825 0.7974170125 0.5628401703125 0.793414453125 0.5661589015625 0.80075248125 0.588560334375 0.7954157328125 0.6084727203125 0.783408046875 0.5935384296875 0.7787383921875 0.6101320859375 0.7660636140625 0.6234070093749999 0.7774042062500001 0.6375116140625 0.7673978015625 0.6507865390625 0.7620610515624999 0.6632317796875 0.7673978015625 0.6765067046875 0.7627281453125 0.683144165625 0.7433824312499999 0.6698692421875 0.725370903125 0.662402096875 0.7166986875 0.6914409921875 0.7093606578125 0.700567503125 0.724703809375 0.717990840625 0.728706371875 0.7237986203125 0.7513875546875 0.732095446875 0.728706371875 0.7345844953125 0.698687159375 0.724628303125 0.6913491296875 0.72711735 0.698020065625 0.756985928125 0.7173657812500001 0.7735795828125 0.728039278125 0.7926622875 0.7240367156249999 0.807596575 0.7166986875 0.820041815625 0.7387127765625 0.8341464234375 0.782740953125 0.8449322968749999 0.80608923125 0.853229125 0.809592425 0.8573988734375 0.81700288125 0.8553507421875001 0.8187640093749999 0.8590369046875 0.8327729734375 0.853229125
8 0.16875 0.128125 0.03515625 0.0734375
8 0.2671875 0.12734375 0.03046875 0.078125
8 0.321875 0.121875 0.02265625 0.0671875
8 0.3859375 0.11328125 0.028125 0.071875
8 0.534375 0.1140625 0.02578125 0.071875
8 0.6890625 0.1015625 0.02578125 0.07265625
8 0.03359375 0.35078125 0.02109375 0.0703125
8 0.16796875 0.278125 0.02265625 0.0796875
8 0.2359375 0.2765625 0.0375 0.08203125
8 0.31796875 0.27734375 0.028125 0.08203125
8 0.3828125 0.27578125 0.028125 0.08125
8 0.5421875 0.27578125 0.0359375 0.07890625
8 0.70703125 0.27578125 0.02578125 0.08203125
8 0.6203125 0.275 0.01953125 0.084375
8 0.90625 0.278125 0.02734375 0.0796875
8 0.8359375 0.39296875 0.01328125 0.08203125
8 0.740625 0.39609375 0.03828125 0.08203125
8 0.6609375 0.39296875 0.02578125 0.0828125
8 0.50078125 0.39453125 0.040625 0.084375
8 0.4203125 0.39375 0.02578125 0.0828125
8 0.35625 0.3953125 0.02890625 0.0796875
8 0.38203125 0.51171875 0.02734375 0.08515625
8 0.31953125 0.5125 0.02890625 0.08203125
8 0.2390625 0.51171875 0.03828125 0.08359375
8 0.16796875 0.51171875 0.0296875 0.08203125
8 0.20078125 0.39375 0.0265625 0.08125
8 0.05859375 0.4546875 0.0234375 0.06484375
8 0.54453125 0.5125 0.0359375 0.0859375
8 0.628125 0.51328125 0.03671875 0.08203125
8 0.7078125 0.5109375 0.025 0.0828125
8 0.90859375 0.51328125 0.034375 0.08125
8 0.74375 0.625 0.0375 0.07109375
8 0.6609375 0.628125 0.0265625 0.08125
8 0.50078125 0.63046875 0.040625 0.090625
8 0.41796875 0.63046875 0.0328125 0.08203125
8 0.35859375 0.62890625 0.0234375 0.08359375
8 0.2 0.63125 0.0234375 0.08359375
8 0.0296875 0.56171875 0.02109375 0.071875
8 0.14375 0.6328125 0.01015625 0.078125
8 0.05546875 0.66328125 0.021875 0.075
8 0.03046875 0.7703125 0.0203125 0.075
8 0.1515625 0.74765625 0.028125 0.08359375
8 0.1984375 0.7484375 0.01640625 0.07734375
8 0.25703125 0.7484375 0.02578125 0.08515625
8 0.30390625 0.7484375 0.01796875 0.08203125
8 0.36328125 0.7484375 0.028125 0.08046875
8 0.41015625 0.7484375 0.01796875 0.08515625
8 0.45703125 0.75078125 0.01015625 0.08046875
8 0.51171875 0.74921875 0.02890625 0.08359375
8 0.5609375 0.7484375 0.021875 0.0828125
8 0.66875 0.74765625 0.021875 0.08359375
8 0.6203125 0.7484375 0.0296875 0.084375
4 0.77265625 0.915625 0.3765625 0.1203125
4 0.42648400468750003 0.9669404374999999 0.50468480625 0.9615370750000001 0.50034031875 0.8615748999999999 0.2968734171875 0.8642765812500001 0.296149334375 0.982249959375 0.42648400468750003 0.9831505203124999 0.42648400468750003 0.9669404374999999
2 0.5296875 0.18359375 0.8875 0.03046875