7 0.72796424375 1 0.734132065625 0.9828802734375 0.7828978484375 0.9869819953125001 0.7855578000000001 0.9656530375000001 0.8041774625 0.9377613218749999 0.838756834375 0.911510296875 0.899049075 0.90084581875 0.9664345203125 0.90084581875 0.9913905125 0.9068706390625 0.9809477390625 0.0104669890625 0.13564291875 0.0115923328125 0.13652956875 0.1198778125 0.06825747343750001 0.1461288375 0.06825747343750001 0.2798449984375 0.0086094875 0.2788513140625 0.007449178125 0.5225442828125 0.1001768953125 0.5710673109375 0.1054967984375 0.768770346875 0.1294363640625 0.7720517250000001 0.13032301562499998 0.8089672296874999 0.145396075 0.8089672296874999 0.146686159375 0.994900696875 0.7159242531250001 1 0.72796424375 1
2 0.271875 0.446875 0.16796875 0.08125
8 0.64609375 0.28359375 0.053125 0.23515625
8 0.8625 0.36171875 0.09609375 0.08984375
2 0.8390625 0.2015625 0.22421875 0.075
2 0.88984375 0.69140625 0.15390625 0.08125
4 0.30625 0.90234375 0.215625 0.178125
4 0.5796875 0.9046875 0.20625 0.17578125
4 0.7870754468750001 0.9909145421875 0.8024695359375 0.9511844078125 0.8243453453124999 0.9256971515625001 0.8964544984374999 0.9062068968749999 0.9418265484375 0.9062068968749999 0.941016334375 0.8117541218750001 0.7376523203125 0.8117541218750001 0.7392727515625 0.9886656671875 0.7870754468750001 0.9909145421875
8 0.66171875 0.61953125 0.0765625 0.0671875
2 0.29375 0.69375 0.215625 0.08203125
8 0.8296875 0.62109375 0.0390625 0.06015625