7 0.012072434375 0 0.0119405828125 1 0.9912136953124999 1 0.9935166546875 0 0.012072434375 0
8 0.047948140625 0.099893965625 0.083584921875 0.10091808437500001 0.0825211375 0.041519240624999995 0.03837408125 0.042543359375 0.036778403125 0.1357380953125 0.0468843578125 0.1326657421875 0.047948140625 0.099893965625
8 0.172942821875 0.097845728125 0.20166500312500002 0.098869846875 0.2006012203125 0.041519240624999995 0.1564541625 0.041519240624999995 0.1601774078125 0.1306175046875 0.172942821875 0.1295933859375 0.172942821875 0.097845728125
8 0.2999461765625 0.0971262 0.32233265 0.0971262 0.3234709453125 0.043064246875000003 0.2790774296875 0.0408725453125 0.2798362921875 0.1285405765625 0.2984284484375 0.1321934109375 0.2999461765625 0.0971262
8 0.4255380890625 0.0985873328125 0.44375081562499996 0.10077903437499999 0.44375081562499996 0.0437948140625 0.4001161625 0.0445253796875 0.4001161625 0.130732278125 0.42439979375 0.130732278125 0.4255380890625 0.0985873328125
8 0.54865695 0.0991343078125 0.566354121875 0.1003092921875 0.5657438734375 0.0450850171875 0.522721440625 0.0450850171875 0.5208906984375 0.1314463828125 0.549267196875 0.13262136875 0.54865695 0.0991343078125
8 0.6727858703125 0.0973989796875 0.6884063968749999 0.098025565625 0.6867792578125 0.047898681250000005 0.641870246875 0.046018925 0.6425211015625 0.1293548671875 0.6721350140625 0.13374096875000002 0.6727858703125 0.0973989796875
8 0.7977049828125 0.0997109015625 0.8080961656250001 0.0991392609375 0.81047129375 0.0448333765625 0.76653143125 0.0431184546875 0.765640759375 0.13172279375 0.7988925453125 0.1288645890625 0.7977049828125 0.0997109015625
8 0.928171675 0.124654759375 0.928171675 0.102261803125 0.934989346875 0.09994528750000001 0.9353903859375 0.0451211484375 0.888067725 0.0474376640625 0.887666684375 0.125426928125 0.928171675 0.124654759375
8 0.0826788171875 0.24592429531249999 0.039350920312499996 0.24479183437500002 0.037194328124999995 0.3323687453125 0.048565449999999996 0.33350120625 0.047781234374999995 0.3093420578125 0.0820906546875 0.3078321125 0.0826788171875 0.24592429531249999
8 0.172205109375 0.30666038906250004 0.201770365625 0.307394915625 0.2011981359375 0.2449603328125 0.1575178515625 0.2456948578125 0.156564134375 0.3323687453125 0.17201436406249998 0.33457232187499997 0.172205109375 0.30666038906250004
8 0.2966277265625 0.306680165625 0.323740759375 0.3070236171875 0.323919134375 0.24314231249999999 0.2778983296875 0.24005128125000003 0.27825507968749996 0.329347725 0.2968061015625 0.33072151875 0.2966277265625 0.306680165625
8 0.422469478125 0.3066581859375 0.446941309375 0.3053022546875 0.44658919687500004 0.24564123750000003 0.40063849218750003 0.24428530468749998 0.3999342671875 0.3324208984375 0.42352581718750004 0.3341158140625 0.422469478125 0.3066581859375
8 0.5488779296875 0.30801411875 0.56560328125 0.3083531015625 0.5670117328125001 0.24665818593750002 0.5212370843749999 0.24360733906249998 0.520532859375 0.3324208984375 0.5479976484375 0.3307259828125 0.5488779296875 0.30801411875
8 0.6760127875 0.30704254531249997 0.6873802046875 0.30757637656250003 0.6868256953125 0.24671957656250001 0.643574059375 0.24565191562500002 0.6430195515625 0.3348017859375 0.675458278125 0.33640328125 0.6760127875 0.30704254531249997
8 0.798116375 0.3084724984375 0.8094837921875 0.309006328125 0.8089292859375 0.2481495328125 0.7656776484375001 0.2470818671875 0.765123140625 0.33623174218749996 0.7975618671875 0.337833234375 0.798116375 0.3084724984375
8 0.920678671875 0.312383840625 0.9320460890625 0.312917675 0.9314915812500001 0.252060875 0.8882399453125001 0.25099321093750004 0.8876854359375 0.340143084375 0.9201241640625 0.3417445796875 0.920678671875 0.312383840625
8 0.920678671875 0.5131661125 0.9320460890625 0.5136999421875 0.9314915812500001 0.4528431421875 0.8882399453125001 0.45177547812499996 0.8876854359375 0.540925353125 0.9201241640625 0.542526846875 0.920678671875 0.5131661125
8 0.798116375 0.5092547656249999 0.8094837921875 0.5097886 0.8089292859375 0.4489318 0.7656776484375001 0.44786413593749996 0.765123140625 0.5370140109375 0.7975618671875 0.5386155046875001 0.798116375 0.5092547656249999
8 0.6760127875 0.5078248140625 0.6873802046875 0.5083586437500001 0.6868256953125 0.447501846875 0.643574059375 0.44643418281249997 0.6430195515625 0.5355840578125 0.675458278125 0.5371855484375 0.6760127875 0.5078248140625
8 0.5488779296875 0.512707728125 0.56560328125 0.5130467125 0.5670117328125001 0.45135179687500004 0.5212370843749999 0.44830094843749996 0.520532859375 0.5371145078125 0.5479976484375 0.53541959375 0.5488779296875 0.512707728125
8 0.422469478125 0.511351796875 0.446941309375 0.5099958640625 0.44658919687500004 0.45033484687499997 0.40063849218750003 0.448978915625 0.3999342671875 0.5371145078125 0.42352581718750004 0.5388094234375 0.422469478125 0.511351796875
8 0.2966277265625 0.5113737796875 0.323740759375 0.5117172265625001 0.323919134375 0.447835921875 0.2778983296875 0.4447448921875 0.27825507968749996 0.5340413390625 0.2968061015625 0.535415128125 0.2966277265625 0.5113737796875
8 0.172205109375 0.511354003125 0.201770365625 0.512088525 0.2011981359375 0.4496539453125 0.1575178515625 0.45038846718750003 0.156564134375 0.537062359375 0.17201436406249998 0.5392659328125 0.172205109375 0.511354003125
8 0.0826788171875 0.4506179046875 0.039350920312499996 0.44948544687499997 0.037194328124999995 0.537062359375 0.048565449999999996 0.5381948203125 0.047781234374999995 0.514035671875 0.0820906546875 0.5125257249999999 0.0826788171875 0.4506179046875
8 0.9200015328125 0.7191635015625 0.9313689484375001 0.7196973359375 0.9308144421875 0.6588405359375 0.8875628062500001 0.657772871875 0.8870082968749999 0.7469227453125 0.919447025 0.748524240625 0.9200015328125 0.7191635015625
8 0.7974392359375 0.7165559421875 0.808806653125 0.7170897734375 0.8082521437500001 0.6562329734375 0.765000509375 0.6551653078124999 0.764446 0.7443151828125 0.7968847265625 0.7459166781250001 0.7974392359375 0.7165559421875
8 0.675335646875 0.7164297687500001 0.6867030640625 0.7169635999999999 0.6861485546874999 0.6561068 0.64289691875 0.6550391359375001 0.6423424125 0.7441890109375 0.6747811390625 0.7457905046875 0.675335646875 0.7164297687500001
8 0.5482007906249999 0.7226164640625 0.5649261421875 0.722955446875 0.56633459375 0.6612605328125001 0.5205599453125 0.6582096843749999 0.5198557203124999 0.74702324375 0.547320509375 0.745328328125 0.5482007906249999 0.7226164640625
8 0.42179233906249997 0.7212605328125 0.4462641703125 0.7199046 0.4459120578125 0.6602435828125001 0.39996135312500003 0.6588876515625001 0.399257128125 0.74702324375 0.422848678125 0.748718159375 0.42179233906249997 0.7212605328125
8 0.2959505859375 0.7225862953125 0.3230636203125 0.7229297421875 0.3232419953125 0.6590484375 0.2772211890625 0.65595740625 0.27757794062499996 0.7452538546875 0.2961289609375 0.746627646875 0.2959505859375 0.7225862953125
8 0.17152796875 0.7238702984375001 0.20109322500000001 0.7246048234375 0.2005209953125 0.662170240625 0.15684071093750002 0.662904765625 0.1558869953125 0.7495786578125 0.17133722499999998 0.75178223125 0.17152796875 0.7238702984375001
8 0.0820016765625 0.6644379828125 0.0386737796875 0.663305525 0.0365171890625 0.7508824374999999 0.047888309375 0.7520148984375 0.0471040953125 0.7278557484375 0.081413515625 0.726345803125 0.0820016765625 0.6644379828125
8 0.9237947125 0.9156536781250001 0.9351621296875001 0.9161875078125 0.9346076234374999 0.8553307078125 0.8913559875000001 0.854263046875 0.890801478125 0.94341291875 0.92324020625 0.9450144140625 0.9237947125 0.9156536781250001
8 0.8012324171874999 0.913046115625 0.812599834375 0.9135799484374999 0.812045325 0.8527231484375 0.768793690625 0.851655484375 0.76823918125 0.9408053593749999 0.8006779078124999 0.9424068546875001 0.8012324171874999 0.913046115625
8 0.679128828125 0.9129199421875 0.6904962453125 0.9134537765624999 0.6899417359375 0.8525969765625 0.6466901 0.8515293125 0.64613559375 0.9406791859375 0.67857431875 0.94228068125 0.679128828125 0.9129199421875
8 0.551993971875 0.919106640625 0.5687193234375 0.9194456234375 0.570127775 0.8577507078125001 0.5243531265625 0.8546998609375001 0.5236489015625 0.9435134203125 0.551113690625 0.9418185046875 0.551993971875 0.919106640625
8 0.425585521875 0.9177507078125 0.4500573515625 0.9163947765625 0.4497052390625 0.8567337593750001 0.4037545359375 0.8553778265625 0.403050309375 0.9435134203125 0.426641859375 0.9452083359375001 0.425585521875 0.9177507078125
8 0.2997437671875 0.919076471875 0.3268568015625 0.9194199187500001 0.32703517656250003 0.8555386140625 0.2810143703125 0.8524475828125 0.281371121875 0.9417440312500001 0.2999221421875 0.9431178203125 0.2997437671875 0.919076471875
8 0.17464401093749998 0.9203604750000001 0.2042092671875 0.921095 0.2036370375 0.8586604171875001 0.159956753125 0.8593949421874999 0.1590030359375 0.9460688312500001 0.17445326562500002 0.9482724062500001 0.17464401093749998 0.9203604750000001
8 0.08511771875 0.860928159375 0.041789821875 0.8597956984374999 0.03963323125 0.9473726140625001 0.05100435156250001 0.9485050718749999 0.0502201375 0.9243459250000001 0.08452955625 0.9228359765624999 0.08511771875 0.860928159375