7 0.0020476890625 0.9612107468750001 0.990909090625 0.9679012828125 0.9895403999999999 0.0022941125 0.0057936078125 0 0.0020476890625 0.9612107468750001
8 0.70859375 0.1515625 0.06171875 0.0984375
8 0.57734375 0.1515625 0.0515625 0.09375
8 0.5625 0.37578125 0.0578125 0.090625
8 0.70390625 0.384375 0.06171875 0.09375
8 0.59296875 0.60703125 0.05390625 0.09140625
8 0.70078125 0.60859375 0.05390625 0.0890625
8 0.4390625 0.60234375 0.0765625 0.13203125
8 0.434375 0.36640625 0.11796875 0.0671875
8 0.4046875 0.15859375 0.06953125 0.10546875
8 0.23515625 0.18046875 0.1015625 0.140625
8 0.09296875 0.36328125 0.11328125 0.0765625
8 0.228125 0.8296875 0.05078125 0.08046875
8 0.09140625 0.83203125 0.06796875 0.12578125
8 0.2859375 0.5984375 0.11484375 0.08125
8 0.146875 0.60390625 0.0546875 0.08046875
4 0.55625 0.8625 0.1140625 0.1640625
4 0.77734375 0.8625 0.0984375 0.171875
8 0.86796875 0.59609375 0.115625 0.08359375
8 0.815625 0.3640625 0.11171875 0.07421875
8 0.90390625 0.1375 0.1046875 0.05234375
8 0.415625 0.81484375 0.07109375 0.05
8 0.2484375 0.3796875 0.053125 0.0875
2 0.38448737187500004 0.6718549453125 0.32966781875 0.6392242593749999 0.20632382656249998 0.6413996390625 0.20632382656249998 0.7208009734374999 0.3316256609375 0.7197132859375001 0.38252953125 0.75451935 0.38448737187500004 0.6718549453125
2 0.892076278125 0.48767055625 0.89222084375 0.401020253125 0.7662663968750001 0.3966694953125 0.75451935 0.41733559531250003 0.7532141218749999 0.5108768968749999 0.7688768515625 0.486947725 0.892076278125 0.48767055625
2 0.491516021875 0.39775718437499996 0.3636037328125 0.39775718437499996 0.367620303125 0.4926804265625 0.4908634078125 0.497824621875 0.491516021875 0.39775718437499996
2 0.9881550609374999 0.24983140937499998 0.986849834375 0.16281624687500001 0.8628532265625 0.16172855625 0.849800953125 0.19109617343750002 0.8511061812499999 0.2650590609375 0.8648110687499999 0.24656833906250003 0.9881550609374999 0.24983140937499998
2 0.14889381875000002 0.5065261359375001 0.14563075 0.45322935 0.14954643437499998 0.43582631875000005 0.1156105203125 0.3999325625 0.0053188015625 0.40319563281250004 0.0014031187500000001 0.49347386406249993 0.126006903125 0.48767055625 0.14889381875000002 0.5065261359375001
2 0.9522613062499999 0.7197132859375001 0.9516086921875001 0.63813656875 0.823696403125 0.6392242593749999 0.8112967421875 0.6588026703125001 0.8119493578125001 0.7273271125 0.8256542453125 0.71753790625 0.9522613062499999 0.7197132859375001
5 0 0 0.004987765625 0.302371540625 0.01941778125 0.3096911140625 0.03196561875 0.330604178125 0.05141476874999999 0.3483802828125 0.066472175 0.3682476953125 0.0884308921875 0.38706945312499996 0.095959596875 0.395434678125 0.0984691640625 0.4069368640625 0.087176109375 0.4247129671875 0.0984691640625 0.44980864531250003 0.1254470171875 0.46967605625 0.141131815625 0.47804128125 0.1662274921875 0.45921952343749994 0.168737059375 0.43621515312500003 0.186304034375 0.425758621875 0.199479265625 0.4079825171875 0.22520233437499998 0.3985716390625 0.24527887499999998 0.3745216140625 0.24778844218749999 0.3462889765625 0.23649538906249998 0.33478679218749996 0.24967061875000002 0.306554153125 0.2490432265625 0.289823703125 0.2797854328125 0.263682371875 0.287314134375 0.25008888125 0.3036263265625 0.2218562453125 0.326212434375 0.19362360625 0.341897234375 0.16957358281249998 0.36699291093749997 0.1392496390625 0.3751490046875 0.0963778578125 0.361973775 0.09428655 0.341897234375 0.12774745468749998 0.33436852968749997 0.1329757203125 0.3023715421875 0.10788004375 0.313664596875 0.0880126328125 0.339387665625 0.0576886890625 0.369502478125 0.011679945312499999 0.36288384218749997 0 0 0