7 0 0 0 0.9991721859375 0.0319366703125 0.99753345 0.6971585109375 0.994999325 0.6971585109375 0.9460062171875 0.7995003296875 0.946850925 0.953013065625 0.9789498578125 0.9560231187499999 0.8066292734375 0.9970501468749999 0.8050734125 0.9970501468749999 0 0 0
8 0.5078125 0.09140625 0.92109375 0.09296875
8 0.8879332359375001 0.2547849109375 0.886757996875 0.183546684375 0.41666197968749996 0.183216878125 0.0582137671875 0.1614496421875 0.057038528125 0.2554445234375 0.8879332359375001 0.2547849109375
8 0.9197626546875 0.3663110734375 0.9301868234375 0.27407560625 0.585994484375 0.2907853625 0.107671784375 0.2917747828125 0.1088470265625 0.3663110734375 0.9197626546875 0.3663110734375
8 0.87636446875 0.406368834375 0.4086189296875 0.406368834375 0.043119276562499996 0.3895486984375 0.046644996875 0.471340734375 0.8775397078125 0.4720003484375 0.87636446875 0.406368834375
8 0.939558103125 0.488820484375 0.5963880125000001 0.5056406203125 0.122766275 0.5053108140625 0.1239415125 0.5739105875 0.939558103125 0.57424039375 0.939558103125 0.488820484375
8 0.7140834046875 0.662274709375 0.897420853125 0.6619449015625001 0.903297053125 0.6012604875 0.43790199375 0.6025797140625 0.0759280625 0.587408609375 0.0759280625 0.6550189640624999 0.708207203125 0.6553487703124999 0.7140834046875 0.662274709375
8 0.34765625 0.73671875 0.6609375 0.08671875
8 0.34296875 0.840625 0.6515625 0.0890625
4 0.378125 0.95078125 0.60625 0.090625
5 0 0.9486682765625 0.09746804375 0.9518487859375 0.122050146875 0.9509864796875 0.15277777812499999 0.9483995593750001 0.21423303906250002 0.9380518765625 0.24496067031250002 0.93546495625 0.30641592968750003 0.9337403421875001 0.260324484375 0.9285665015625 0.1835054078125 0.93546495625 0.1343412 0.940638796875 0.16199606718749998 0.9259795796875 0.22959685312500003 0.921668046875 0.20501475 0.9113203640625 0.223451328125 0.9087334437499999 0.2511061953125 0.8957988406249999 0.254178959375 0.8914873078125 0.22959685312500003 0.8828642390624999 0.1988692234375 0.894936534375 0.16199606718749998 0.9078711359374999 0.1343412 0.9104580578125001 0.0636676484375 0.9190811265625 0.02986725625 0.9156318984375 0.02372173125 0.9061465234374999 0.045231070312499996 0.9026972953125 0.0667404125 0.8914873078125 0.091322515625 0.8828642390624999 0.1497050140625 0.8776903968750001 0.1650688296875 0.8707919421874999 0.14663225 0.8621688734375 0.1251229109375 0.857857340625 0.1189773828125 0.8518211921875001 0.1005408046875 0.8544081125 0.0728859375 0.867342715625 0.042158309375 0.876828090625 0.014503442187500002 0.890625 0 0.8932119203125 0 0.923392659375 0 0.9486682765625