7 0.5798965468749999 0.9489307234375 0.9157119937499999 0.9387010671875 0.9195542765625 0.8065680140625 0.9901216265624999 0.7918191484375 0.9901216265624999 0.7213208812499999 0.94568179375 0.7213208812499999 0.9218596453125001 0.7306980671875001 0.9241650140625 0.665057775 0.9901216265624999 0.6466262390625 0.9901216265624999 0.5746958156249999 0.9180173625 0.5721384015625001 0.91724890625 0.5499741484375 0.9901216265624999 0.5002265453125 0.9901216265624999 0.428923221875 0.943376425 0.428923221875 0.91878581875 0.4485300609375 0.9163929046874999 0.3733600578125 0.9695039421875 0.37351258593750003 0.9901216265624999 0.35951640625 0.9901216265624999 0.28229815625 0.9210911875000001 0.28229815625 0.9210911875000001 0.2345597625 0.9695039421875 0.2362647046875 0.9901216265624999 0.21476520625 0.9901216265624999 0.13823050312500001 0.9180173625 0.139082975 0.9187579875 0.0076276359375 0.075789146875 0.0076276359375 0.0803998859375 0.133968146875 0.0085184734375 0.136384515625 0.010470351562499999 0.20472326562499998 0.027376392187499998 0.233707290625 0.0504300859375 0.23285481875 0.048893171875 0.28229815625 0.012775721875000002 0.2831506265625 0.009701896875000001 0.3513483328125 0.06349384375 0.43062816406250004 0.009701896875000001 0.42807075 0.008933440625 0.495415984375 0.02583948125 0.515022825 0.0803998859375 0.515022825 0.07886297187499999 0.5883353578125 0.06810458281250001 0.5738433453125 0.0085184734375 0.5752349375 0.009701896875000001 0.63777869375 0.079631428125 0.6872220312499999 0.077326059375 0.7187634671875001 0.0085184734375 0.72044105625 0.010470351562499999 0.7895185875 0.07708853593750001 0.8081179625000001 0.08577907968750001 0.9787672203125 0.42697372343750006 0.9813246328125 0.47231265 0.9429634234375 0.56299050625 0.9352911828125 0.5798965468749999 0.9489307234375
8 0.159375 0.29765625 0.153125 0.11484375
8 0.3015625 0.2578125 0.1328125 0.04453125
8 0.23359375 0.1203125 0.265625 0.03125
8 0.83125 0.26171875 0.159375 0.040625
8 0.8125 0.43515625 0.1203125 0.11953125
8 0.82109375 0.54609375 0.146875 0.05703125
8 0.64765625 0.5765625 0.0328125 0.109375
8 0.56171875 0.54609375 0.03515625 0.0546875
8 0.43125 0.5453125 0.03203125 0.05625
8 0.225 0.68828125 0.28828125 0.065625
8 0.4359375 0.68515625 0.03515625 0.065625
8 0.5609375 0.6890625 0.04296875 0.0625
8 0.64375 0.6921875 0.0359375 0.06171875
8 0.81015625 0.71875 0.115625 0.10703125
8 0.646875 0.40546875 0.03515625 0.04375
8 0.559375 0.40625 0.0390625 0.04140625
8 0.43125 0.4078125 0.028125 0.04375
8 0.225 0.40234375 0.2765625 0.05078125
4 0.82578125 0.89765625 0.08125 0.09921875
4 0.41796875 0.91328125 0.08515625 0.1390625
8 0.62109375 0.89609375 0.3265625 0.09921875
8 0.2296875 0.91328125 0.2875 0.13515625
8 0.8890625 0.89609375 0.04765625 0.09765625
2 0.9903088046875 0.19569970781249998 0.988666228125 0.13830175 0.7619908015625 0.134657434375 0.747207621875 0.169278425 0.747207621875 0.2294096203125 0.766097240625 0.19752186562500001 0.9903088046875 0.19569970781249998
2 0.9894875171875 0.341472303125 0.9870236531250001 0.2822521859375 0.498357425 0.283163265625 0.4885019703125 0.3095845484375 0.490965834375 0.3678935859375 0.5008212875 0.346027696875 0.9894875171875 0.341472303125
8 0.64296875 0.26015625 0.03515625 0.04453125
8 0.56171875 0.25859375 0.0359375 0.04375
8 0.64296875 0.11796875 0.0359375 0.03828125
8 0.5609375 0.11796875 0.03515625 0.040625
2 0.5443495406250001 0.20116618125 0.6806833109375 0.20207725937499998 0.683147175 0.14012390624999999 0.5492772671874999 0.139212828125 0.5344940874999999 0.16745626875 0.5353153749999999 0.2175655984375 0.5443495406250001 0.20116618125
2 0.303125 0.3078125 0.1375 0.05625
2 0.9903088046875 0.48360058281249996 0.9903088046875 0.42802478125 0.94021025 0.431669096875 0.914750328125 0.45171282812499997 0.913107753125 0.500911078125 0.9369250984375 0.4845116625 0.9903088046875 0.48360058281249996
2 0.634375 0.4625 0.19140625 0.0625
2 0.80625 0.6046875 0.36796875 0.059375
2 0.9443166890624999 0.7724125359375 0.99441524375 0.77423469375 0.9903088046875 0.72048105 0.9467805515625001 0.7195699703125 0.9196780546875001 0.7332361515625 0.9180354796874999 0.7787900875 0.9443166890624999 0.7724125359375
2 0.675 0.75390625 0.2796875 0.06484375
2 0.1890625 0.7515625 0.365625 0.065625
8 0.2766097234375 0.571064140625 0.36530880468750004 0.5701530609375001 0.36613009218750003 0.519132653125 0.0942838375 0.5209548109375 0.0901773984375 0.6302842562500001 0.2774310125 0.6311953359375 0.2766097234375 0.571064140625
2 0.32578125 0.60078125 0.096875 0.059375
2 0.46304205 0.1966107875 0.46304205 0.13739067031250002 0.4129434953125 0.13739067031250002 0.40883705625 0.1720116625 0.41047963281250005 0.2175655984375 0.41704993437500004 0.1993440234375 0.46304205 0.1966107875
2 0.41622864687499994 0.3432944609375 0.4622207625 0.34238338125 0.4622207625 0.27951895000000004 0.4129434953125 0.27951895000000004 0.40801576875 0.3196064140625 0.40801576875 0.3587827984375 0.41622864687499994 0.3432944609375
8 0.4328125 0.259375 0.0359375 0.03515625
8 0.43359375 0.11796875 0.03515625 0.034375
2 0.45625 0.459375 0.109375 0.06484375
2 0.503125 0.60546875 0.1875 0.0671875
2 0.4359375 0.7515625 0.05390625 0.0640625
5 0.2544349546875 0.8033892125 0.24293692500000003 0.8243440234375001 0.2363666234375 0.8334548109375 0.22979632031250002 0.8188775515625 0.22322601875 0.8043002921875001 0.2191195796875 0.797922740625 0.2100854140625 0.793367346875 0.2068002625 0.8115889218750001 0.196944809375 0.817966471875 0.18544678125 0.8188775515625 0.17148488906249998 0.822521865625 0.15998685937499998 0.8234329453125 0.15670170781249998 0.840743440625 0.1665571609375 0.851676384375 0.17312746406249999 0.8553207 0.1755913265625 0.86625364375 0.178055190625 0.8708090374999999 0.1903745078125 0.8708090374999999 0.2092641265625 0.86625364375 0.214191853125 0.860787171875 0.22979632031250002 0.8644314874999999 0.251971090625 0.8452988343750001 0.252792378125 0.8298104953125 0.2544349546875 0.8097667640624999 0.2544349546875 0.8033892125
5 0.582950065625 0.8033892125 0.582128778125 0.8106778421874999 0.5796649140625 0.822521865625 0.5689881734375 0.8279883375000001 0.563239159375 0.822521865625 0.5681668859375 0.8097667640624999 0.5788436265625 0.7815233234375001 0.5837713531250001 0.7678571421875 0.59280551875 0.744169096875 0.575558475 0.74963556875 0.5591327203125 0.7578352765624999 0.5328515109375 0.7860787171875 0.53695795 0.8061224484375 0.5418856765625 0.8152332359375001 0.5443495406250001 0.822521865625 0.5353153749999999 0.8279883375000001 0.52053219375 0.8288994171875 0.5139618921875 0.8206997078124999 0.5082128781249999 0.8398323609375 0.5147831796875 0.8434766765624999 0.5229960578124999 0.849854228125 0.5312089359375001 0.8534985421875 0.5435282515625001 0.8534985421875 0.5525624171875 0.851676384375 0.5706307484375001 0.85987609375 0.5854139296875001 0.8753644312500001 0.599375821875 0.8753644312500001 0.6116951375 0.8616982500000001 0.6116951375 0.8544096203124999 0.5985545328125 0.8525874640625 0.59198423125 0.8389212828125 0.581307490625 0.840743440625 0.59280551875 0.8252551015625 0.5886990796875 0.8106778421874999 0.5886990796875 0.7997448984375 0.582950065625 0.8033892125
2 0.18984375 0.45546875 0.36484375 0.05703125
2 0.190625 0.165625 0.36640625 0.0640625