7 0.5 0.49921875 0.99140625 0.984375
8 0.57578125 0.190625 0.05859375 0.07421875
8 0.7515625 0.07109375 0.02890625 0.0359375
8 0.90546875 0.19296875 0.0265625 0.03359375
8 0.7953125 0.41171875 0.028125 0.0359375
8 0.90703125 0.4046875 0.0296875 0.0375
8 0.57421875 0.4078125 0.0484375 0.06171875
8 0.4265625 0.4046875 0.04375 0.05546875
8 0.37578125 0.62421875 0.03046875 0.0390625
8 0.5015625 0.625 0.034375 0.04296875
8 0.90390625 0.64453125 0.06015625 0.07578125
8 0.6046875 0.8125 0.05859375 0.07421875
8 0.06171875 0.796875 0.046875 0.06015625
8 0.08359375 0.6046875 0.0421875 0.053125
8 0.0578125 0.40625 0.03046875 0.03828125
8 0.09765625 0.18515625 0.028125 0.0359375
8 0.4625 0.2046875 0.0390625 0.05
8 0.921875 0.815625 0.0234375 0.0296875