7 0.031588204687499996 0.98829595 0.9751758671875 0.9901776296874999 0.951501625 0.0079406890625 0.045116340625 0.0051181703125 0.031588204687499996 0.98829595
2 0.2640625 0.16328125 0.40546875 0.04375
2 0.728125 0.16328125 0.39921875 0.04296875
2 0.6828125 0.42265625 0.47734375 0.04609375
8 0.296875 0.3203125 0.20390625 0.08046875
2 0.76484375 0.5546875 0.31875 0.0484375
2 0.30859375 0.68671875 0.48984375 0.05
2 0.70546875 0.81796875 0.43671875 0.0484375
8 0.3109375 0.7796875 0.234375 0.03671875
8 0.69453125 0.77890625 0.30078125 0.03203125
8 0.28515625 0.40390625 0.20625 0.0125
8 0.728125 0.659375 0.20390625 0.0328125
4 0.7467860421875 0.9829645234375001 0.8873966937500001 0.97817479375 0.8903162046875 0.8988867 0.7553948562499999 0.898345946875 0.7530742203125 0.8854476874999999 0.6176538109374999 0.8847750421875 0.6147842046875 0.9526295625 0.744290734375 0.95233731875 0.7467860421875 0.9829645234375001