7 0.0122987375 0.4968729203125 0.0049288828125 0.529400459375 0.0049288828125 0.7683768265625 0.017775275 0.7703999406250001 0.01934 0.8561543578125 0.0049288828125 0.866504028125 0.0049288828125 0.949557809375 0.055328670312499995 0.9847859828125 0.9953527671875 0.984364603125 0.9939445140625001 0.02228875625 0.8196967562499999 0.013395431250000001 0.784490446875 0.0888001765625 0.7563253999999999 0.0902787015625 0.7563253999999999 0.07253640781250001 0.5130106875 0.0015672359375 0.050634496875000004 0.051837067187499995 0.0060398375 0.116892140625 0.0049288828125 0.391340578125 0.0122987375 0.39189768593749996 0.0122987375 0.4968729203125
8 0.07034220468749999 0.3011976046875 0.072877059375 0.169461078125 0.0627376421875 0.1658682640625 0.0399239546875 0.1910179640625 0.0348542453125 0.313173653125 0.054499365625 0.3035928140625 0.07034220468749999 0.3011976046875
4 0.2975765265625 0.951478859375 0.32753389374999997 0.9391399015624999 0.327149825 0.7961531484375 0.29604025 0.79470150625 0.2975765265625 0.951478859375
4 0.372854015625 0.958737071875 0.41356531093750004 0.97543095625 0.41241310468750003 0.797604790625 0.375158428125 0.797604790625 0.372854015625 0.958737071875
8 0.16953125 0.43984375 0.0375 0.1421875
8 0.0859375 0.65546875 0.07109375 0.1484375
8 0.21640625 0.21328125 0.02578125 0.0546875
8 0.3546875 0.2421875 0.0328125 0.13359375
8 0.35390625 0.4234375 0.02734375 0.05625
8 0.35546875 0.65625 0.03359375 0.14375
8 0.54375 0.8453125 0.03359375 0.09609375
8 0.5421875 0.65859375 0.03671875 0.1375
8 0.54375 0.4515625 0.03359375 0.1359375
8 0.54453125 0.24765625 0.03515625 0.13046875
8 0.684375 0.2234375 0.02890625 0.05390625
8 0.78203125 0.259375 0.05546875 0.175
8 0.7828125 0.46484375 0.053125 0.17578125
8 0.78125 0.67109375 0.05703125 0.15234375
8 0.78125 0.8484375 0.05625 0.10625
8 0.68515625 0.49140625 0.025 0.05
8 0.94375 0.86328125 0.06875 0.10859375
8 0.92578125 0.66640625 0.0296875 0.15078125
8 0.92734375 0.4671875 0.03203125 0.1375
8 0.92421875 0.24921875 0.040625 0.134375
8 0.17578125 0.84609375 0.034375 0.10078125