7 0.9668808875 0.2461945578125 0.8923005046875 0.2061953015625 0.8890222453125001 0.184800353125 0.875089646875 0.179219059375 0.8586983531250001 0.19131185781249999 0.8160809921875 0.1885212125 0.81391348125 0.005650196875 0.345650884375 0.005650196875 0.34729001406250004 0.179219059375 0.0440510953125 0.1754981984375 0.0033187312500000004 0.22457492499999998 0.004711990625000001 0.992227190625 0.989205828125 0.992227190625 0.989205828125 0.24526434375 0.97917435625 0.239683053125 0.9668808875 0.2461945578125
8 0.43203125 0.33125 0.05234375 0.10703125
2 0.57890625 0.12421875 0.44609375 0.05078125
2 0.74296875 0.309375 0.12265625 0.0484375
2 0.7359375 0.60390625 0.1203125 0.04921875
2 0.57265625 0.76328125 0.12578125 0.0515625
8 0.584375 0.5984375 0.046875 0.1015625
2 0.24375 0.60234375 0.11953125 0.04921875
2 0.08125 0.76171875 0.10625 0.05625
2 0.08125 0.446875 0.1109375 0.05703125
2 0.57109375 0.4453125 0.11953125 0.05546875
4 0.44140625 0.90703125 0.07265625 0.125
8 0.58671875 0.32421875 0.05546875 0.10390625
8 0.74140625 0.45234375 0.05625 0.09453125
8 0.7453125 0.56328125 0.04765625 0.02734375
8 0.7421875 0.73828125 0.046875 0.11640625
8 0.740625 0.8984375 0.04765625 0.134375
8 0.58359375 0.89609375 0.04609375 0.128125
8 0.2328125 0.8984375 0.03984375 0.10234375
8 0.159375 0.89296875 0.0421875 0.1203125
8 0.09375 0.8921875 0.04296875 0.121875
8 0.2765625 0.73828125 0.0578125 0.1234375
8 0.128125 0.70546875 0.04765625 0.05390625
8 0.1296875 0.596875 0.04609375 0.09765625
8 0.275 0.45703125 0.04609375 0.08671875
2 0.23984375 0.3125 0.11640625 0.05234375
8 0.43203125 0.46015625 0.04296875 0.09609375
8 0.43125 0.60390625 0.0421875 0.10859375
8 0.43125 0.73828125 0.05078125 0.12578125
8 0.13125 0.3296875 0.0515625 0.0953125
8 0.92265625 0.35078125 0.03359375 0.109375
8 0.9133444921875 0.5116143531249999 0.9393386093749999 0.51665155625 0.9374365984375 0.43101909843749997 0.91397849375 0.42454269375000003 0.9133444921875 0.5116143531249999
8 0.9120764859375001 0.66057165 0.9387046046874999 0.6648892546875 0.9387046046874999 0.5684627890625 0.9146124984374999 0.5605471828125 0.9120764859375001 0.66057165
8 0.9139236328125 0.8110260109375 0.9394338390625 0.8175640968750001 0.9393386093749999 0.702308478125 0.9152465 0.6943928734375 0.9139236328125 0.8110260109375
8 0.9139236328125 0.9670060250000001 0.9369651093750001 0.9670060250000001 0.9393386093749999 0.849106975 0.9152465 0.8411913703125 0.9139236328125 0.9670060250000001
2 0.27109375 0.19609375 0.1265625 0.028125
2 0.12265625 0.19609375 0.1140625 0.034375
8 0.58203125 0.71171875 0.0484375 0.05390625
8 0.2734375 0.56796875 0.0484375 0.0234375