7 0.97507836875 0.986765596875 0.9965714609375 0.9873680234375 0.9955395749999999 0.0805572390625 0.9655653125000001 0.07966261875 0.9684013109375 0.00984251875 0.203398615625 0.00984251875 0.1894139046875 0.012199839062499999 0.074040046875 0.015301576562499999 0.0705438703125 0.0300348265625 0.09734789687499999 0.08043805312499999 0.062386121875 0.08043805312499999 0.060055335937499996 0.062603065625 0.0437398421875 0.0633785 0.021597384375 0.025382221875 0.0021846984375 0.028316171875 0.01227424375 0.983818946875 0.5378662624999999 0.983818946875 0.5401970484375 0.9745137359375 0.8327105671874999 0.9675348265625001 0.97507836875 0.986765596875
8 0.6469171484375 0.17387820468749998 0.5373314062500001 0.1746794875 0.5374727328125 0.2104069015625 0.8641879875 0.2109294765625 0.856454721875 0.19391025625 0.645712909375 0.1955128203125 0.6469171484375 0.17387820468749998
8 0.3484375 0.36640625 0.325 0.06171875
8 0.6469171484375 0.3982371796875 0.8677483468749999 0.39863850625 0.870104465625 0.340110078125 0.5528136890625001 0.342200378125 0.549373796875 0.42708333437499996 0.6372832374999999 0.4262820515625 0.6469171484375 0.3982371796875
8 0.18368827968749998 0.5904236234375 0.5198280140625 0.586243021875 0.51747189375 0.5120373359375 0.403592778125 0.5151727875 0.402456646875 0.533653846875 0.184489403125 0.5328525640625 0.18368827968749998 0.5904236234375
8 0.6745465359375 0.7518993765624999 0.667478178125 0.6797839906250001 0.5567405546875 0.6818742921875 0.5559551828125 0.7738475359375 0.857658959375 0.7684294875 0.856454721875 0.7459935890625 0.6745465359375 0.7518993765624999
8 0.17426380156250001 0.68553231875 0.07373603125 0.68605489375 0.0745214046875 0.7759378375 0.40045128593749996 0.7738475359375 0.40280740625 0.7388349937500001 0.1758345484375 0.7398801453125 0.17426380156250001 0.68553231875
4 0.6859375 0.925 0.2953125 0.090625
4 0.27265625 0.93203125 0.28515625 0.1
5 0.1305264796875 0.9423076921875 0.14068114375000002 0.9376299375 0.1352132484375 0.928794178125 0.13208873593749998 0.922037421875 0.1313076078125 0.9106029109374999 0.1391188875 0.9007276515625 0.14068114375000002 0.8872141375 0.126620840625 0.8726611234374999 0.12427745625 0.8581081078125001 0.116466178125 0.8513513515625 0.09147008281249999 0.8373180874999999 0.10006249062499999 0.83160083125 0.0938134671875 0.8269230765625 0.0758475234375 0.8170478171875001 0.056319324999999996 0.8123700625 0.042259021875000004 0.8149688156250001 0.020387439062500002 0.8170478171875001 0 0.828146853125 0.00007811250000000001 0.8466735968749999 0.0133572875 0.859147609375 0.0196063125 0.875259875 0.014138415625000001 0.8887733890625 0.0102327765625 0.896569646875 0.0032026249999999997 0.9074844078125001 0.0086705203125 0.9225571718750001 0.0094516484375 0.9334719343750001 0.01179503125 0.9449064453125 0.050851429687500005 0.9485446984375001 0.05788158125 0.9547817046875 0.0672551171875 0.9594594593749999 0.0672551171875 0.9641372140625 0.0664739890625 0.9818087312499999 0.0742852671875 0.9781704781249999 0.0797531640625 0.9641372140625 0.0938134671875 0.9573804578124999 0.1078737703125 0.9495842 0.1305264796875 0.9423076921875
8 0.46484375 0.2078125 0.1046875 0.08203125