7 0.90559440625 0.8980945124999999 0.9965034968750001 0.8976670203125 0.9908216781249999 0.004039634375 0.0227272734375 0.0070884140624999994 0.0270979015625 0.0604420734375 0.0664335671875 0.12294207343750001 0.05332167812500001 0.1252286578125 0.033653846875 0.103125 0.0008741265625 0.10388719531249999 0.0074300703125 0.972789634375 0.7001748250000001 0.974314025 0.6979895109375 0.9285823171875001 0.7875874125 0.9171493906249999 0.90559440625 0.8980945124999999
2 0.484375 0.14765625 0.8109375 0.0328125
2 0.766802290625 0.2737207921875 0.8804997828125 0.27329438906250003 0.8731644609375 0.219567628125 0.10295565 0.22042043281249998 0.10540075468750001 0.25581187031249997 0.7619120765625 0.2583702875 0.766802290625 0.2737207921875
2 0.39609375 0.35859375 0.50625 0.0296875
8 0.70234375 0.46328125 0.2578125 0.03984375
2 0.28046875 0.478125 0.52421875 0.02734375
2 0.509375 0.60546875 0.85625 0.03359375
2 0.6796875 0.72109375 0.42265625 0.03984375
8 0.6484375 0.578125 0.18515625 0.01171875
8 0.6328125 0.69609375 0.1515625 0.0109375
8 0.8453125 0.8296875 0.05546875 0.07734375
8 0.6328125 0.809375 0.27265625 0.0421875
8 0.309375 0.8125 0.24140625 0.03125
8 0.1203125 0.80625 0.05234375 0.04296875
8 0.4953125 0.578125 0.04296875 0.01171875
5 0.2509843109375 0.1761631484375 0.3347240984375 0.165915146875 0.3729211953125 0.165402746875 0.4302168421875 0.171039146875 0.4845742484375 0.1823119484375 0.4346242 0.1966591515625 0.349415290625 0.20588235312499997 0.2774284546875 0.2356015578125 0.2744902171875 0.2386759578125 0.42287124531250003 0.245337159375 0.40377270000000004 0.25148595937499996 0.3714520765625 0.2648083625 0.38908150625000004 0.2801803640625 0.500734559375 0.2765935640625 0.5448081328125001 0.2689075640625 0.6094493734374999 0.288378765625 0.58006699375 0.30375076875 0.4640065796875 0.30477556875 0.4434389125 0.325271571875 0.377328553125 0.338593975 0.34500793281250003 0.345767575 0.2715519796875 0.362164378125 0.23629311875 0.3713875796875 0.23335488125 0.3939331828125 0.2509843109375 0.404693584375 0.3406005765625 0.42057798750000003 0.31562555312499996 0.43646239062500003 0.3758594328125 0.43287558906249995 0.38908150625000004 0.435437590625 0.3641064828125 0.4477351921875 0.2847740484375 0.46515679375 0.2744902171875 0.47079319531249997 0.325909384375 0.485652796875 0.4010973421875 0.487994234375 0.349415290625 0.5056364015625 0.29211964375 0.512810003125 0.2759593359375 0.520496003125 0.27008285625 0.53740520625 0.290650525 0.5476532078125 0.300934359375 0.5497028078125 0.3743903140625 0.5814716140625 0.4375624375 0.5696864109375 0.446377153125 0.5466284078125 0.45666098593750004 0.53535560625 0.5404007765625 0.5302316046875 0.6300170421875 0.53791760625 0.679967090625 0.522545603125 0.7592995250000001 0.5450912078125 0.7490156890625 0.5553392078125 0.7196333078125 0.5758352125 0.6702724375 0.5951473578125 0.6138184718749999 0.6135670734375 0.568291084375 0.623729675 0.53369026875 0.637703253125 0.5154793109375 0.6491361796875 0.64113490625 0.65866361875 0.7249053046875 0.644690040625 0.8378132265625 0.5919715453125 0.8633085671874999 0.5735518296875 0.9965034968750001 0.536102771875 0.9965034968750001 0.47446646406250004 0.9965034968750001 0 0.49091817187500003 0.0042762124999999995 0.4795658875 0.0153626859375 0.4500499515625 0.031992396875 0.40009989843750005 0.043078871875 0.3319861953125 0.0636680390625 0.21846335312499998 0.079505859375 0.136726909375 0.1024707 0.0958586859375 0.11989230312500002 0.1319856609375 0.11877433906249998 0.1084797546875 0.1326091421875 0.07028265781250001 0.1433695421875 0.090850325 0.16796474687500001 0.18928130781250002 0.1797499484375 0.2509843109375 0.1761631484375