7 0.5 0.50546875 0.978125 0.98125
8 0.3796875 0.2265625 0.14765625 0.13203125
8 0.62890625 0.24453125 0.14609375 0.134375
8 0.9269746640625 0.2053333328125 0.9269746640625 0.1866666671875 0.8198560359375 0.1895488390625 0.8155237312500001 0.224432559375 0.8353204171874999 0.2046666671875 0.9269746640625 0.2053333328125
8 0.13359375 0.19296875 0.1125 0.015625
8 0.34921875 0.465625 0.1015625 0.090625
8 0.1796875 0.50390625 0.09921875 0.09140625
8 0.6140625 0.48125 0.19453125 0.04609375
8 0.83125 0.50625 0.09453125 0.08828125
8 0.44609375 0.58671875 0.0703125 0.06328125
8 0.33984375 0.73046875 0.06796875 0.0640625
4 0.19296875 0.89296875 0.0953125 0.19296875
4 0.60859375 0.89140625 0.084375 0.196875
4 0.8078125 0.89140625 0.08671875 0.18515625
5 0.9897371625 1 0.9897371625 0.820891775 0.9897371625 0.708903915625 0.9671287984375001 0.685329465625 0.9703800296875 0.6613636359374999 0.9465180859375 0.654123790625 0.9229609812499999 0.65606060625 0.9163947390624999 0.6754003859375 0.8814693124999999 0.6825757578125 0.8720024375 0.7080245 0.8339518937499999 0.7293010953125 0.8498062875000001 0.7293010953125 0.86566068125 0.7449039328125 0.8529771671875 0.7491592515625001 0.84822085 0.76759896875 0.84822085 0.7931308828125 0.8609043640625 0.8058968406250001 0.8720024375 0.8271734359374999 0.8688315609374999 0.8470315921875 0.8450499703125001 0.854123790625 0.830781015625 0.8683081874999999 0.8323664562499999 0.8910032234375 0.8529771671875 0.9009323015625 0.881515075 0.9179535781249999 0.8459050265625001 0.914393940625 0.824439259375 0.9293010953125 0.846635409375 0.9534145703125001 0.8640752421875 0.9562514500000001 0.8767587578124999 0.9732727265625 0.8831005140625001 0.9846202453125 0.9815870671875 1 0.9897371625 1
5 0.5481050390625 0.9582278484375 0.5348997343749999 0.9497890296874999 0.5216944296875 0.9506329125 0.514148540625 0.9497890296874999 0.5094323609375 0.94388185625 0.5075458875 0.9371308015625001 0.49622705468749995 0.9371308015625001 0.4830217515625 0.921940928125 0.48019204374999996 0.9143459921874999 0.467929975 0.89156118125 0.461327321875 0.8721518984375001 0.4452923078125 0.8738396625 0.4377464203125 0.8890295359374999 0.4198249359375 0.8831223625 0.4169952265625 0.8974683546875 0.43303024062500006 0.9075949375000001 0.43868965624999995 0.91772151875 0.43303024062500006 0.921097046875 0.449065253125 0.933755275 0.448122015625 0.9489451484375 0.4254843515625 0.939662446875 0.4094493390625 0.939662446875 0.395300796875 0.9455696203124999 0.3943575625 0.954852321875 0.4075628671875 0.9632911390625001 0.41039257500000004 0.9725738406250001 0.4075628671875 0.9793248953125 0.40001697812500003 0.98691983125 0.3943575625 0.9767932500000001 0.3886981453125 0.954852321875 0.375492840625 0.9531645578125 0.371719896875 0.9683544312500001 0.3641740078125 0.9691983125 0.3481389953125 0.9616033765625 0.3396498703125 0.9616033765625 0.3292742734375 0.9759493671874999 0.3283310390625 0.9877637140625 0.350968703125 0.9936708859375001 0.3613443 0.99451476875 0.371106171875 0.9986666671875 0.5556509265625 0.9936708859375001 0.5433888578125 0.9835443046875 0.5499915109375 0.9708860765624999 0.5490482734375 0.9666666671874999 0.5481050390625 0.9582278484375