7 0.9851752015624999 0.00113213125 0.0025890203125 0.00211316875 0.0142784296875 0.9885787 0.9831718515625001 0.9799912562499999 0.9851752015624999 0.00113213125
8 0.31796875 0.14765625 0.1296875 0.1078125
8 0.70859375 0.1453125 0.265625 0.11171875
8 0.61484375 0.31953125 0.2484375 0.12578125
8 0.240625 0.3265625 0.12421875 0.11640625
8 0.70625 0.50625 0.2625 0.11328125
8 0.32890625 0.50234375 0.14140625 0.11953125
8 0.6296875 0.684375 0.2546875 0.12578125
8 0.24140625 0.6875 0.146875 0.12265625
8 0.25859375 0.88203125 0.24375 0.1359375
4 0.728125 0.9078125 0.1859375 0.13203125