7 0.572716234375 0.986625121875 0.63614118125 0.968802571875 0.6762374140625 0.9610536375000001 0.720707778125 0.9610536375000001 0.756429875 0.9703523593750001 0.7877778375 0.9742268265625 0.8213128671875 0.9796510812499999 0.8657832328125 0.9858502281250001 0.8891119484375001 0.9843004421874999 0.9518078734375001 0.9843004421874999 0.9937266609375 0.9604309546875 0.9937266609375 0.8572179156249999 0.9510788515625 0.8455945140625 0.896402171875 0.8455945140625 0.8796346578125 0.8448196203125 0.8781766125000001 0.7146375203125 0.9481627609375 0.713087734375 0.9860719250000001 0.707663478125 0.9937266609375 0.7044089265625 0.9937266609375 0.5697324453125 0.9649302765625001 0.554234575 0.9270211125 0.5480354281250001 0.9262920906250001 0.4550482140625 0.9787817015625 0.4434248125 0.9919041046875 0.42327758125 0.99117508125 0.2822469734375 0.95982711875 0.246601875 0.9416015609375 0.23575336562500002 0.90806653125 0.2280044328125 0.8942151062500001 0.2280044328125 0.8781766125000001 0.22645464531249998 0.8810927015625 0.2187057109375 0.950349828125 0.1915844390625 0.9707624562499999 0.1776363578125 0.99117508125 0.1489653 0.9897170375 0.0869738234375 0.958369075 0.0404802171875 0.9328532921875 0.0187832 0.8876539031249999 0.007159798437500001 0.8373513593749999 0.0172334140625 0.7906939265624999 0.042804896875 0.7498686734375 0.0629521265625 0.71633364375 0.0799997828125 0.689359815625 0.092398078125 0.6397862937500001 0.08077467656250001 0.624476825 0.0699261671875 0.6018771296875001 0.05055383125 0.562509921875 0.02110788125 0.522413690625 0.0079346921875 0.4742982140625 0.007159798437500001 0.4254537140625 0.02110788125 0.40722815468749995 0.045129578125 0.3751511703125 0.06527680625 0.36348681250000003 0.07844999531249999 0.3284937375 0.091623184375 0.2949587078125 0.0885236109375 0.269442925 0.076900209375 0.252675409375 0.0707010625 0.21841135781249998 0.0482291515625 0.1724829484375 0.026532134375 0.14040596249999998 0.0118091578125 0.1090580015625 0.011034265625000001 0.061671546875000004 0.0156836265625 0.039071851562499996 0.03273128125 0.00356641875 0.0894151 0.0015905640624999998 0.18392313437500002 0.00356641875 0.38764045 0.00356641875 0.6470124953124999 0.0045543453125 0.9693898984375 0.0193882484375 0.9788761875 0.048731398437500004 0.9877874625 0.1090580015625 0.9877874625 0.188521440625 0.9827506546875 0.21549526874999997 0.9804259734375 0.3161003578125 0.9657029984375001 0.3583836546875 0.968802571875 0.4261827375 0.987400015625 0.572716234375 0.986625121875
8 0.50955019375 0.66714451875 0.5722461187500001 0.6710189859375 0.6283808421875 0.6779930265624999 0.626922796875 0.5292134828124999 0.6130713703125 0.5230143359375 0.585368521875 0.509841146875 0.5387110890625 0.4974428515625 0.49642779062500003 0.4974428515625 0.461434715625 0.5005424265625 0.430086753125 0.508291359375 0.42425457499999997 0.6710189859375 0.43956404375 0.6648198375 0.50955019375 0.66714451875
8 0.847816578125 0.47574583437499995 0.753772690625 0.43080201406249996 0.7552307359375 0.565633475 0.8543777796875001 0.5478109265625 0.847816578125 0.47574583437499995
8 0.06630458593750001 0.6136768703125 0.1523292265625 0.6144517625 0.1924254578125 0.623750484375 0.1938835015625 0.4548237109375 0.1771159875 0.44862456406250006 0.1071298390625 0.4424254171875 0.0437048921875 0.45404881875 0.0036086609375 0.477295621875 0.0045543453125 0.624960621875 0.029853465625 0.624525378125 0.06630458593750001 0.6136768703125
8 0.041517825 0.931383184375 0.0684916515625 0.9352576515625 0.118794196875 0.9321580781250001 0.1967995921875 0.930608290625 0.25389799218750003 0.9239817421875 0.258853065625 0.7677317421875001 0.25224630000000003 0.7659761234375 0.22960560000000002 0.7640061984375001 0.167638696875 0.7647810921875 0.0845301453125 0.7585819453125 0.0087118171875 0.76168151875 0.010898884374999999 0.9104610624999999 0.024750309374999998 0.9228593578125001 0.041517825 0.931383184375
8 0.4854924546875 0.3416892671875 0.5357949984375 0.347113521875 0.574433184375 0.35641224375 0.5722461187500001 0.2239054625 0.569330028125 0.19600929843749998 0.5467303343750001 0.183611003125 0.4854924546875 0.1766369625 0.4278996859375 0.19523440625 0.3732230078125 0.22468035625 0.3775971421875 0.3765594734375 0.42279652968750003 0.35641224375 0.4854924546875 0.3416892671875
8 0.8485455999999999 0.22080588906249998 0.8230298171875001 0.1975590859375 0.8230298171875001 0.24405269375 0.8485455999999999 0.2293297171875 0.8485455999999999 0.22080588906249998
8 0.8543777796875001 0.722161953125 0.8244878609375 0.7159628062500001 0.8266749296875 0.8639674546875 0.8536487562499999 0.8647423484375001 0.8543777796875001 0.722161953125
8 0.056827295312500005 0.3013948078125 0.092549390625 0.2951956609375 0.150142159375 0.2959705546875 0.2602245390625 0.33161565312499997 0.2558504046875 0.17741185625 0.1516002046875 0.12859356875 0.11369104062499999 0.12471910156249999 0.07796894374999999 0.1216195265625 0.045162935937499996 0.1417667578125 0.0072537734375 0.184385896875 0 0.3455285125 0.0079827953125 0.33781479999999997 0.056827295312500005 0.3013948078125
4 0.43558403749999997 0.9827949437499999 0.4372357296875 0.821278090625 0.44053911250000005 0.8195224718749999 0.446125246875 0.8190236343749999 0.37613909687499997 0.8143742734374999 0.37686811875 0.9693529640625 0.42206750781249996 0.9833010453125001 0.436409884375 0.983672753125 0.43558403749999997 0.9827949437499999
8 0.4785280125 0.977528090625 0.49091569843749994 0.9801615171875 0.5330338265625 0.9792837078125001 0.5586350421875 0.9792837078125001 0.5586350421875 0.8133778093749999 0.54872489375 0.8142556187500001 0.523949525 0.8133778093749999 0.48926400625 0.8142556187500001 0.46448863593749995 0.8142556187500001 0.44301664843750005 0.8160112359375 0.4438424953125 0.9722612359375 0.4603594078125 0.9766502812500001 0.4785280125 0.977528090625