7 0.992677825 1 0.992677825 0.0030184062500000003 0.0085279 0.0022613609375 0.0069309140625 0.9984326015624999 0.21974157187499999 1 0.4337260140625 1 0.43503021875 0.998258446875 0.47873082343749995 0.988505746875 0.48895862343749996 0.9787530468750001 0.5135983265624999 0.96273075625 0.529869828125 0.9564611624999999 0.5633426312500001 0.96273075625 0.5810088328125 0.9731800765624999 0.589841934375 0.980146290625 0.600534634375 0.9822361546874999 0.6130869359375 0.98432601875 0.6150332890625 1 0.992677825 1
8 0.91328125 0.25859375 0.078125 0.08984375
8 0.91328125 0.12734375 0.07734375 0.07890625
8 0.91484375 0.40625 0.08046875 0.084375
8 0.82109375 0.25546875 0.040625 0.08671875
8 0.825 0.4046875 0.0453125 0.09375
8 0.82265625 0.12578125 0.0453125 0.08046875
8 0.82265625 0.83046875 0.03984375 0.09765625
8 0.821875 0.54375 0.0453125 0.1
8 0.9171875 0.68671875 0.0765625 0.09375
8 0.82109375 0.68359375 0.0453125 0.09609375
8 0.9125 0.54765625 0.08203125 0.08515625
8 0.69296875 0.12421875 0.0421875 0.08046875
8 0.59765625 0.121875 0.08046875 0.08671875
8 0.6 0.2609375 0.08203125 0.08125
8 0.69609375 0.2609375 0.03984375 0.0859375
8 0.69609375 0.40390625 0.040625 0.0953125
8 0.59765625 0.40625 0.07890625 0.084375
8 0.60078125 0.54765625 0.0796875 0.0953125
8 0.696875 0.67109375 0.0390625 0.06328125
8 0.6953125 0.54296875 0.0453125 0.09453125
8 0.60078125 0.67578125 0.084375 0.05546875
8 0.69609375 0.825 0.03671875 0.09140625
8 0.50234375 0.83125 0.05 0.08984375
8 0.503125 0.2578125 0.040625 0.09140625
8 0.503125 0.12109375 0.0421875 0.10078125
8 0.0890625 0.12109375 0.07578125 0.08671875
8 0.0890625 0.246875 0.08203125 0.071875
8 0.084375 0.40234375 0.08203125 0.078125
8 0.503125 0.403125 0.03984375 0.09453125
8 0.503125 0.54609375 0.0421875 0.090625
8 0.090625 0.68125 0.0796875 0.08515625
8 0.0875 0.54765625 0.0765625 0.08828125
8 0.50625 0.671875 0.0484375 0.06171875
8 0.08359375 0.82421875 0.07734375 0.09453125
8 0.17734375 0.82578125 0.040625 0.0859375
8 0.38125 0.1078125 0.04375 0.06328125
8 0.38359375 0.24609375 0.03828125 0.06171875
8 0.3828125 0.403125 0.0453125 0.09765625
8 0.3828125 0.54609375 0.04921875 0.0921875
8 0.384375 0.6703125 0.04765625 0.06328125
8 0.384375 0.815625 0.03828125 0.08125
8 0.38359375 0.95703125 0.03828125 0.08125
5 0.3586364171875 0.8504692125 0.38640128125 0.853371803125 0.3954410046875 0.8572419218749999 0.39737808750000003 0.80499531875 0.3896297546875 0.7759694265625 0.36961322343749997 0.7517811828125 0.3756300859375 0.71104336875 0.3640991 0.6592081546874999 0.3502423890625 0.616327025 0.330225859375 0.6230997328125001 0.3186033578125 0.6327750296875 0.32209336875 0.5814553359375 0.316327875 0.5493668703125001 0.299031396875 0.5370251515625 0.30375238437499996 0.4963533421875 0.3166662734375 0.45668462343750005 0.319894746875 0.42185355468749997 0.3289344703125 0.3763796578125 0.3205404421875 0.3434836484375 0.29212988281249996 0.32703564375 0.277924603125 0.31058763906250003 0.2759875203125 0.2796266875 0.2701762703125 0.215769728125 0.2895471046875 0.173198421875 0.28438154843749996 0.13836735312499998 0.2759875203125 0.119016759375 0.26436501875 0.09966616406249999 0.25403390625 0.0735428625 0.245639878125 0.060964976562499995 0.23208029375 0.0890233375 0.20173265156250003 0.13836735312499998 0.18946445625 0.173198421875 0.204961125 0.192549015625 0.21722932031250003 0.22834761406249998 0.216583625 0.33187329375 0.21593793125 0.3696069515625 0.2101266796875 0.4044380203125 0.204961125 0.46055474218750003 0.21141806875000002 0.49925593125 0.22756043125 0.518606525 0.2101266796875 0.5321519421875001 0.192692928125 0.544729828125 0.1933386234375 0.5882686640625 0.17977903906249998 0.6056841984375 0.1623452859375 0.6211646734375 0.1662194546875 0.6705086875 0.1842989 0.7363007078125 0.216583625 0.8088654359375 0.23789154375 0.8553068625 0.240474321875 0.9017482890625 0.2520968234375 0.943352065625 0.261782240625 0.9772156046875 0.272113353125 0.9965661984375 0.28103207812500003 0.9963427375 0.30375238437499996 0.9888259609375 0.30698085625 0.9491572421875001 0.3192490515625 0.9249689999999999 0.336037109375 0.878527575 0.3586364171875 0.8504692125
8 0.17578125 0.1234375 0.04453125 0.09140625
8 0.17265625 0.2453125 0.046875 0.065625
8 0.1703125 0.54609375 0.040625 0.08515625
8 0.1765625 0.4078125 0.04921875 0.0875
8 0.3015625 0.246875 0.04375 0.06484375
8 0.175 0.68203125 0.040625 0.08515625
8 0.30234375 0.11015625 0.0453125 0.06953125
8 0.08046875 0.96171875 0.08046875 0.06875
8 0.175 0.95859375 0.05 0.06015625
8 0.9140625 0.83359375 0.0875 0.09609375
8 0.91875 0.9609375 0.08671875 0.07265625
8 0.82421875 0.96328125 0.04296875 0.0703125
8 0.69765625 0.96640625 0.040625 0.0640625
8 0.60078125 0.828125 0.08515625 0.08125
8 0.59765625 0.96328125 0.07734375 0.06328125
8 0.5109375 0.96015625 0.04765625 0.059375
5 0.0477479703125 0.1397112015625 0.056267631250000005 0.1730450078125 0.05058785624999999 0.189357296875 0.045381396875 0.2092157328125 0.051061171875 0.21914495312499999 0.060054146875000006 0.226237253125 0.0581608890625 0.2411310796875 0.042541509374999995 0.282266415625 0.0434881390625 0.30992638281249996 0.038281678125 0.341841728125 0.0363884203125 0.373757075 0.037335049999999995 0.3992893515625 0.03591510625 0.4368785375 0.029288703125 0.4695031125 0.026448815625 0.5042553796875 0.015562581249999999 0.5361707250000001 0.0084628640625 0.555319934375 0.008936178125 0.5794337515625 0.025975501562499996 0.5943275781249999 0.0378083640625 0.612058328125 0.0406482515625 0.648229053125 0.0340218484375 0.6531936625 0.00656960625 0.6461013640625 0.0004165171875 0.658158271875 0.0018364609375 0.6723428703125001 0.002309775 0.704258215625 0 0.745703840625 0.013196009375000001 0.7765996671875001 0.0273954453125 0.784401196875 0.0406482515625 0.7886565765625 0.05200780000000001 0.7936211859375 0.065733921875 0.824118071875 0.0728336390625 0.8368842109375001 0.07993335781250001 0.8390119015625 0.086086446875 0.834756521875 0.1135386890625 0.8127703937499999 0.13341789843750002 0.8021319453125001 0.149037278125 0.7787273578125 0.15755693906249998 0.7461027828125 0.1674965453125 0.7638335296875 0.166549915625 0.7205705046875 0.1580302546875 0.704967446875 0.15329710937500002 0.6716336390625 0.16134345625 0.636881375 0.15471705156249999 0.6219875453125 0.1457240765625 0.6141860171875 0.1471440203125 0.5921998890625 0.149037278125 0.574469140625 0.1414642453125 0.5702137625 0.13389121406249999 0.55319224375 0.13957098750000002 0.5361707250000001 0.1471440203125 0.525532278125 0.14383081874999998 0.5070922999999999 0.1419375609375 0.47446772187499997 0.14667070625 0.4475169859375 0.13815104375 0.40850934062500005 0.13010469687499998 0.3964524328125 0.11637857656249999 0.36950169375 0.1106988015625 0.3460971078125 0.10596565625000001 0.3077986921875 0.1083322296875 0.2921956328125 0.1225316640625 0.2921956328125 0.12821143906250002 0.27446488593749996 0.11874514843749999 0.24680491875000002 0.1073856 0.2099249640625 0.10265245468749999 0.1815557671875 0.10075919687499998 0.15105888125 0.09129290625 0.11630661406250001 0.0974459953125 0.0709159 0.0728336390625 0.08651895781249999 0.061474090625 0.1170158453125 0.0477479703125 0.1397112015625