7 0.025076228125 0 0.0486288546875 0.76262894375 0.00239676875 0.79391686875 0.0145631078125 0.99112560625 0.997493734375 0.9990234375 0.997493734375 0 0.025076228125 0
8 0.9734375 0.89921875 0.0296875 0.03828125
8 0.8078125 0.896875 0.21640625 0.034375
8 0.5234375 0.8984375 0.27421875 0.03515625
8 0.234375 0.8984375 0.20390625 0.03984375
8 0.06953125 0.8984375 0.025 0.03203125
8 0.97578125 0.8390625 0.0296875 0.03828125
8 0.8125 0.840625 0.21640625 0.034375
8 0.521875 0.83984375 0.27421875 0.03515625
8 0.23984375 0.83984375 0.20390625 0.03984375
8 0.77890625 0.7421875 0.184375 0.0375
8 0.925 0.7421875 0.02109375 0.03828125
8 0.51796875 0.7375 0.246875 0.0234375
8 0.2546875 0.74375 0.1921875 0.03671875
4 0.49609375 0.96328125 0.74375 0.03984375
8 0.52265625 0.7890625 0.24140625 0.015625
8 0.78359375 0.7875 0.19375 0.0171875
8 0.253125 0.7875 0.1921875 0.0171875
8 0.7859375 0.6890625 0.1890625 0.03671875
8 0.5203125 0.68046875 0.246875 0.01953125
8 0.25390625 0.68828125 0.19765625 0.03515625
8 0.259375 0.634375 0.196875 0.03671875
8 0.25390625 0.578125 0.196875 0.03671875
8 0.25390625 0.5234375 0.19765625 0.03515625
8 0.7890625 0.63515625 0.1890625 0.03671875
8 0.79140625 0.5796875 0.196875 0.03671875
8 0.790625 0.46953125 0.196875 0.03671875
8 0.78984375 0.5234375 0.19765625 0.03515625
8 0.790625 0.4125 0.196875 0.03671875
8 0.7859375 0.36015625 0.19765625 0.03515625
8 0.2546875 0.36015625 0.196875 0.03671875
8 0.25390625 0.46640625 0.19765625 0.03515625
8 0.26015625 0.41328125 0.196875 0.03671875
8 0.2546875 0.24765625 0.196875 0.03671875
8 0.7921875 0.30390625 0.19765625 0.03515625
8 0.78984375 0.24765625 0.19765625 0.03515625
8 0.7890625 0.19296875 0.196875 0.03671875
8 0.7890625 0.19296875 0.196875 0.03671875
8 0.521875 0.62578125 0.24609375 0.01640625
8 0.51953125 0.57265625 0.23984375 0.01484375
8 0.51328125 0.51328125 0.2453125 0.01328125
5 0.0681650171875 0.8783301484375 0.10062025625 0.8881660296874999 0.1186509453125 0.9064326656249999 0.178152215625 0.9127557328125 0.22142586718750001 0.8972993484374999 0.23044121093749997 0.8769250218750001 0.2088043859375 0.8670891421875 0.229833996875 0.8596540171875 0.2477358953125 0.8443080359374999 0.22625361875 0.8010602671875 0.1618067875 0.806640625 0.087998775 0.798237971875 0.01859160625 0.8052455359374999 0 0.901514725 0.053740465625 0.9008121625 0.0681650171875 0.8783301484375
2 0.51328125 0.04609375 0.94140625 0.025
2 0.51640625 0.10546875 0.9359375 0.02265625
2 0.51484375 0.1625 0.32734375 0.02265625
2 0.51640625 0.22109375 0.328125 0.02265625
2 0.51953125 0.27890625 0.31953125 0.02109375
2 0.5140625 0.3359375 0.31875 0.0234375
2 0.51875 0.39609375 0.32109375 0.0234375
2 0.52109375 0.453125 0.3171875 0.0234375
8 0.25 0.30703125 0.19609375 0.040625
2 0.5171875 0.7953125 0.9546875 0.0328125
8 0.25234375 0.19375 0.18828125 0.040625