7 0.5399988812500001 0 0.5083333328124999 0.0006025546875 0.008838384375 0.2724752953125 0.007323231249999999 0.43154977031249997 0.0027777765624999997 0.44601108749999996 0.003787878125 0.960833934375 0.3972222234375 0.9945770062499999 0.9988636359375 0.9726195687500001 0.99368686875 0.30139792656250003 0.5399988812500001 0
2 0.39609375 0.5203125 0.04765625 0.09453125
8 0.5890625 0.78046875 0.1390625 0.14921875
8 0.590625 0.43515625 0.14140625 0.103125
2 0.9 0.88125 0.11875 0.0890625
2 0.9 0.88125 0.11875 0.0890625
2 0.9 0.88125 0.11875 0.0890625
2 0.8984375 0.53046875 0.11875 0.0890625
8 0.2578125 0.74375 0.10546875 0.209375
8 0.26015625 0.42578125 0.1015625 0.1625
4 0.39609375 0.8515625 0.0484375 0.2171875
8 0.51953125 0.203125 0.1296875 0.1046875
8 0.8984375 0.425 0.12109375 0.11171875
8 0.9 0.74453125 0.12578125 0.17734375
8 0.396875 0.69296875 0.0453125 0.09765625
8 0.39921875 0.41328125 0.04609375 0.11640625