7 0.9425380625 0.0877729703125 0.9285782843750001 0.08622200468749999 0.9285782843750001 0.071487840625 0.7654233734375 0.0683859109375 0.7654233734375 0.013326664062499998 0.6511276890625 0.012551181249999998 0.6467652578124999 0.0016944296875 0.0069065203125 0.0051012640625 0.0058357421875000004 0.26682655781250003 0.08226671875 0.3320499109375 0.0810196875 0.43000717968749996 0.0015526296874999999 0.42957210312500005 0.0069065203125 0.9948987359375 0.9941642578125001 0.985381453125 0.9973765921875 0.164039896875 0.9416655765625 0.1629947578125 0.9425380625 0.0877729703125
2 0.5140625 0.20078125 0.9515625 0.084375
2 0.6275705625 0.0753652515625 0.7619334296875 0.071487840625 0.76106094375 0.01642859375 0.6528726609375 0.0172040765625 0.6275705625 0.0753652515625
2 0.98560794375 0.4352243109375 0.0119134015625 0.437550759375 0.011040915625 0.5182009234375 0.9899703750000001 0.513548028125 0.98560794375 0.4352243109375
4 0.09375 0.83125 0.115625 0.3078125
8 0.409375 0.91875 0.15703125 0.13046875
4 0.8234375 0.88828125 0.26171875 0.1859375
8 0.23031901562499998 0.7222158328125 0.5563581875 0.7226321484375 0.5644093578125 0.7091151953125 0.9509679984374999 0.7027523171875 0.95594485625 0.5355430328125 0.57670830625 0.5373124421875 0.548837903125 0.5727006515624999 0.223351415625 0.5665077140625 0.23031901562499998 0.7222158328125
8 0.890625 0.353125 0.1390625 0.1515625
8 0.589457440625 0.4308250109375 0.5886527640625 0.2754396984375 0.44133777968750004 0.277209109375 0.4234210921875 0.336484359375 0.42640720625000006 0.4284937015625 0.589457440625 0.4308250109375
8 0.42839795 0.384258440625 0.3537450859375 0.394874903125 0.3537450859375 0.426724290625 0.42242572031250003 0.42937840625 0.42839795 0.384258440625
8 0.125 0.11015625 0.16015625 0.1171875
8 0.75859375 0.1359375 0.3109375 0.03984375
4 0.525 0.9203125 0.0578125 0.13828125
8 0.521875 0.10546875 0.159375 0.109375