7 0.815625 0.9832783953125 0.9994999999999999 0.9802629828124999 0.9875 0.8811289656250001 0.9770886078125001 0 0.0135416671875 0.0012704296875 0.025 0.8845625593750001 0 0.8830551281250001 0.003125 0.9892871859374999 0.584375 0.975552809375 0.5927083328125 0.9558096421875 0.7135416671875 0.9549512437500001 0.815625 0.9832783953125
8 0.125 0.09609375 0.11171875 0.1046875
8 0.125 0.09609375 0.11171875 0.1046875
8 0.328125 0.096875 0.11171875 0.1046875
8 0.66640625 0.096875 0.11171875 0.1046875
8 0.86953125 0.0953125 0.11171875 0.1046875
8 0.52890625 0.09296875 0.05390625 0.0453125
8 0.125 0.20859375 0.109375 0.040625
8 0.33046875 0.228125 0.1140625 0.078125
8 0.66796875 0.2296875 0.1140625 0.08046875
8 0.8703125 0.2109375 0.1125 0.046875
8 0.86953125 0.325 0.1125 0.046875
8 0.12421875 0.32265625 0.109375 0.040625
8 0.86875 0.44375 0.1125 0.046875
8 0.1234375 0.44140625 0.109375 0.040625
8 0.12109375 0.55546875 0.109375 0.040625
8 0.86875 0.5578125 0.1125 0.046875
8 0.8734375 0.7921875 0.1125 0.046875
8 0.128125 0.78984375 0.109375 0.040625
8 0.12890625 0.67109375 0.109375 0.040625
8 0.87421875 0.6734375 0.1125 0.046875
4 0.61640625 0.91484375 0.0625 0.08828125
2 0.7849999999999999 0.845472409375 0.7819230765625 0.797296440625 0.61576923125 0.797296440625 0.5965384609375 0.8093404328125 0.5996153843750001 0.8530791421874999 0.6188461546874999 0.845472409375 0.7849999999999999 0.845472409375
2 0.3973076921875 0.6134670843750001 0.399615384375 0.578602896875 0.3873076921875 0.5386675546874999 0.2111538453125 0.537399765625 0.2088461546875 0.5874774171875 0.3880769234375 0.586209628125 0.3973076921875 0.6134670843750001
2 0.7911538453125 0.5830401578125 0.7911538453125 0.5367658703125 0.6134615390625 0.538033659375 0.600384615625 0.5709961640625 0.6011538453124999 0.6191721343750001 0.6142307687499999 0.5843079453125 0.7911538453125 0.5830401578125
8 0.66796875 0.69140625 0.11484375 0.084375
8 0.3296875 0.69296875 0.11875 0.0875
8 0.33125 0.8015625 0.121875 0.0734375
8 0.66875 0.78359375 0.11015625 0.03203125
8 0.5265625 0.64921875 0.0453125 0.0453125
8 0.53046875 0.4875 0.0453125 0.0453125
8 0.53046875 0.19296875 0.05390625 0.0453125
8 0.5265625 0.34140625 0.0453125 0.0453125
8 0.52890625 0.81484375 0.0453125 0.0453125
2 0.3973076921875 0.50063389375 0.3980769234375 0.4651358109375 0.3880769234375 0.408719215625 0.210384615625 0.407451428125 0.2088461546875 0.4651358109375 0.3873076921875 0.46196634062499997 0.3973076921875 0.50063389375
2 0.3973076921875 0.3789261828125 0.3980769234375 0.340258628125 0.3880769234375 0.2794047734375 0.210384615625 0.278770878125 0.2111538453125 0.32567905937499997 0.385 0.3269468484375 0.3973076921875 0.3789261828125
2 0.7911538453125 0.46196634062499997 0.7911538453125 0.408719215625 0.610384615625 0.408719215625 0.6019230765625 0.45435960781249995 0.60576923125 0.4955627390625 0.6186274515625 0.4612205828125 0.7911538453125 0.46196634062499997
2 0.613725490625 0.3279163328125 0.78823529375 0.3271084296875 0.78823529375 0.2794420609375 0.6127450984375 0.277018346875 0.5990196078125 0.335995378125 0.6 0.38285384218749996 0.613725490625 0.3279163328125