7 0.5373607453125 0.9558176734374999 0.596232225 0.9950019984375 0.99013034375 0.9963296234374999 0.99013034375 0.0046175703125 0.0165745859375 0.0055647640625 0.007187684375 0.9546530890625 0.0754516359375 0.9566163375000001 0.12149215 0.95739063125 0.159859246875 0.99068525 0.3253858625 0.9899109562499999 0.39444663750000003 0.9535191640624999 0.5067928625 0.9558176734374999 0.5373607453125 0.9558176734374999
4 0.5928357937500001 0.9950019984375 0.6856715890625 0.9934026390625 0.6835316515625001 0.8853276250000001 0.5362286015625 0.8854458218750001 0.5317000281250001 0.9510195921875001 0.5996286578125 0.9886045578125 0.5928357937500001 0.9950019984375
4 0.138731878125 0.9955697718750001 0.1218639609375 0.9654138343750001 0.12978896875 0.8854458218750001 0.053424578125 0.882180915625 0.057916335937499994 0.9575328890625 0.1050797921875 0.9622919609375 0.138731878125 0.9955697718750001
8 0.8515625 0.8125 0.190625 0.13671875
8 0.596875 0.80859375 0.18828125 0.1421875
8 0.15546875 0.8109375 0.190625 0.13515625
2 0.8390625 0.69765625 0.09453125 0.05078125
2 0.64609375 0.69609375 0.028125 0.05
2 0.21796875 0.6953125 0.07421875 0.05625
2 0.103125 0.69765625 0.07109375 0.05390625
5 0.626306265625 0.6774475328125 0.6295183953125 0.6471960671875 0.6370133625000001 0.6313140484375 0.6070334921875 0.61240688125 0.5866900078125 0.6192134609375 0.6177405890625 0.5859368500000001 0.6370133625000001 0.5526602375 0.616669878125 0.51560219375 0.6091749109375 0.4951824546875 0.5856192984375 0.46795613593749996 0.5631343953125 0.4437549625 0.57812433125 0.41955379062500003 0.5170938796875 0.40669691874999997 0.4956796859375 0.4127472109375 0.43143710625000004 0.4339232375 0.406810784375 0.462662128125 0.44535633125 0.4861070140625 0.4250128484375 0.479300434375 0.38218446093749997 0.4573681234375 0.3297196875 0.4664435625 0.34363891406249997 0.50501418125 0.3329318171875 0.517871053125 0.30295194687500004 0.51560219375 0.28367917187499997 0.5186273390625 0.24727504374999998 0.5329967859375 0.24513362500000002 0.58139913125 0.2515578828125 0.61391945625 0.24299220625 0.6396332015625 0.2868913015625 0.653246359375 0.274703378125 0.6727309078125 0.3232954296875 0.670640953125 0.32543685 0.6887918328125 0.2975983984375 0.7039175656250001 0.274703378125 0.7151139546875 0.29652768906250004 0.73341274375 0.3575581390625 0.7455133296875001 0.3575581390625 0.7545887687499999 0.3243661390625 0.7825713750000001 0.278325625 0.779546228125 0.30402265625 0.7976971078124999 0.3188569875 0.8102758890624999 0.31998913125 0.8406637343750001 0.33131056875 0.8590563781249999 0.3779016234375 0.8211419937500001 0.40145723593750005 0.8264359984375 0.4196593 0.833242578125 0.432507815625 0.8476120249999999 0.4401113609375 0.949695121875 0.4582048484375 0.9550047265625 0.44642704218749996 0.73265645625 0.5063867828124999 0.71072414375 0.5642051046875001 0.7099678578125 0.626306265625 0.6774475328125
8 0.83671875 0.63359375 0.0828125 0.07265625
8 0.21796875 0.62734375 0.05 0.075
8 0.1046875 0.63046875 0.0390625 0.078125
8 0.8484375 0.48515625 0.0484375 0.071875
2 0.78359375 0.40078125 0.06015625 0.05625
2 0.35390625 0.4 0.05390625 0.05
8 0.784375 0.3453125 0.04921875 0.059375
8 0.465625 0.3390625 0.04609375 0.065625
8 0.353125 0.3453125 0.05390625 0.06328125
2 0.85703125 0.25859375 0.028125 0.05234375
2 0.76953125 0.26015625 0.025 0.04921875
2 0.6 0.259375 0.0515625 0.053125
2 0.2265625 0.25703125 0.05078125 0.05078125
2 0.12421875 0.259375 0.04375 0.04921875
2 0.84921875 0.1203125 0.046875 0.05390625
2 0.5921875 0.11875 0.05390625 0.04609375
2 0.4765625 0.11640625 0.0578125 0.05390625
2 0.35 0.1140625 0.0640625 0.05
2 0.1625 0.11953125 0.0515625 0.04375
8 0.8578125 0.2 0.025 0.06640625
8 0.6 0.19609375 0.05625 0.0703125
8 0.22109375 0.20234375 0.0515625 0.0609375
8 0.8421875 0.059375 0.046875 0.065625
8 0.59765625 0.06171875 0.0578125 0.0671875
8 0.4765625 0.0625 0.0578125 0.05859375
8 0.353125 0.0625 0.0609375 0.0546875
8 0.1640625 0.0609375 0.05234375 0.06875
8 0.24413549375 0.992602959375 0.2418712078125 0.881447421875 0.12978896875 0.8822471015625 0.12526039375 0.9598160734375 0.1580925640625 0.99420231875 0.24413549375 0.992602959375
5 0.4703125 0.40078125 0.0421875 0.0484375
8 0.76484375 0.2015625 0.02734375 0.065625
2 0.846875 0.5484375 0.0625 0.05
8 0.6453125 0.6328125 0.03515625 0.07421875
5 0.2507337703125 0.5060975609375 0.263682665625 0.48704268281249996 0.2777106359375 0.4626524390625 0.27986878437499996 0.4519817078125 0.2528919203125 0.44817073125 0.2831060078125 0.4230182921875 0.28958045625 0.40472560937499996 0.294975828125 0.3772865859375 0.29929212656250004 0.36432926875 0.2701571125 0.3574695125 0.248575621875 0.34908536562500003 0.2507337703125 0.335365853125 0.24425932343749998 0.316310975 0.23886395 0.2957317078125 0.23346857812500002 0.28658536562500003 0.2086498625 0.29420731718750004 0.1870683703125 0.289634146875 0.19030559375 0.253810975 0.21296616093749998 0.2057926828125 0.20325448906250002 0.185975609375 0.19246374375 0.17149390312499999 0.16548687812500001 0.161585365625 0.151458909375 0.161585365625 0.150379834375 0.1798780484375 0.1449844609375 0.175304878125 0.1363518640625 0.1653963421875 0.13203556562500002 0.14939024375 0.09318888125 0.1471036578125 0.10290055312499999 0.17682926875 0.10613777656250001 0.199695121875 0.0975051796875 0.202743903125 0.08023998593750001 0.213414634375 0.07484461249999999 0.20503048750000002 0.05865849375 0.185975609375 0.043551450000000005 0.179115853125 0.042472375 0.1623475609375 0.051104971875 0.15167682968750001 0.054342196875000005 0.1448170734375 0.027365331250000003 0.144054878125 0.0003884671875 0.126524390625 0.0057838390625 0.442835365625 0.0392351515625 0.45579268281249996 0.0575794203125 0.4435975609375 0.06729109062500001 0.44131097500000005 0.0575794203125 0.4641768296875 0.052184046875 0.4801829265625 0.044630525 0.49618902499999995 0.032760704687499996 0.5022865859375 0.0090210640625 0.5022865859375 0.004704765625 0.5144817078125 0.0014675421875 0.535060975 0.015495510937500002 0.554115853125 0.037077003125 0.5647865859375 0.084556284375 0.56554878125 0.135272790625 0.5647865859375 0.1557752078125 0.558689025 0.17519855 0.5403963421875 0.16764502812499998 0.5175304875 0.180593921875 0.515243903125 0.21080801093749998 0.5114329265625 0.2507337703125 0.5060975609375