7 0.0148560328125 0.8934856671875 0.9864791265624999 0.9990434421875 0.9864791265624999 0.0098341578125 0.008537949999999999 0.0098341578125 0.0148560328125 0.8934856671875
2 0.9985294124999999 0.9346325578125001 0.01540069375 0.84597386875 0.0140390390625 0.8933426671875001 0.9985294124999999 0.9950281484374999 0.9985294124999999 0.9346325578125001
8 0.775 0.22109375 0.2484375 0.0390625
8 0.77265625 0.38828125 0.24375 0.05078125
8 0.46484375 0.2171875 0.17734375 0.03515625
8 0.1609375 0.38125 0.21953125 0.05703125
8 0.159375 0.22265625 0.21953125 0.0328125
8 0.1953125 0.0984375 0.1453125 0.03046875
8 0.490625 0.10390625 0.12109375 0.0296875
8 0.45859375 0.38125 0.17890625 0.04921875
8 0.7734375 0.67109375 0.24765625 0.03984375
8 0.5015625 0.52890625 0.10859375 0.03515625
8 0.45625 0.6640625 0.1875 0.04296875
8 0.15859375 0.66796875 0.2046875 0.04296875
8 0.1875 0.5328125 0.14375 0.04296875
8 0.1546875 0.81015625 0.21015625 0.0578125
8 0.4546875 0.81171875 0.1875 0.05546875
8 0.7734375 0.8125 0.2515625 0.0546875
5 0.6815642453125 0.5269623171875 0.68731515 0.5140204046875 0.6922444953125 0.50647095625 0.696352284375 0.4870580875 0.6988169578125001 0.4536248140625 0.693066053125 0.420191540625 0.6766349 0.40724962812500004 0.6560959578125 0.39215072968750003 0.6536312859375 0.3759733390625 0.6552743999999999 0.3662669046875 0.6741702265625 0.355481978125 0.6708839953125 0.3371476015625 0.6634899765625 0.330676646875 0.6339139015625 0.3209702125 0.6289845546875 0.31665624062500003 0.617482746875 0.30802830000000003 0.617482746875 0.30155734375 0.628162996875 0.297243371875 0.6339139015625 0.2832229671875 0.6265198828125 0.282144475 0.610088728125 0.2875369375 0.6092671703125 0.278908996875 0.6183043046875001 0.265967084375 0.6051593828125 0.265967084375 0.5944791328125001 0.274595025 0.5772264203125 0.277830503125 0.5575090375 0.26812406875 0.5435425578124999 0.27567351875 0.5353269796875 0.277830503125 0.5098586921875 0.26920256249999996 0.4934275375 0.2713595484375 0.48192573124999993 0.25626065 0.480282615625 0.2325338109375 0.4843904046875 0.2163564203125 0.5032862312499999 0.20341450781249998 0.49671376875 0.1991005359375 0.49096286562499997 0.1602748 0.47781794218750007 0.150568365625 0.4646730203125 0.1387049453125 0.4392047328125 0.1257630328125 0.4153795609375 0.1063501640625 0.4153795609375 0.1257630328125 0.42277357968749996 0.1451759015625 0.43509694374999996 0.1656672625 0.45892211562499996 0.20449299999999998 0.45892211562499996 0.2260628546875 0.444134078125 0.25410366406249996 0.43509694374999996 0.2519466796875 0.4211304625 0.2357692890625 0.39894840625 0.19802204375000002 0.3874465984375 0.171059728125 0.379231021875 0.1484113796875 0.3693723296875 0.14301891718749998 0.3595136375 0.1397834375 0.34143936875 0.1462543953125 0.3151495234375 0.168902740625 0.2978968125 0.1893941015625 0.29050279218749997 0.2109639578125 0.29625369687499997 0.233612303125 0.292967465625 0.24871120000000002 0.2765363125 0.2810659828125 0.27735787031250003 0.2961648796875 0.3003614859375 0.3004788515625 0.30364771562500004 0.31449925625 0.30529083125 0.350089515625 0.30446927343749997 0.3727378609375 0.306933946875 0.3964647 0.31186329218750003 0.4115635984375 0.3217219859375 0.4212700328125 0.34226092656249996 0.4094066140625 0.35211961875000003 0.3867582671875 0.365264540625 0.3544034859375 0.3784094640625 0.3479325296875 0.39237594374999996 0.3576389640625 0.4046993109375 0.3662669046875 0.42030890625 0.3824442953125 0.42195202031249995 0.39754319374999997 0.4194873484375 0.42342701875 0.4071639828125 0.42881948281250004 0.397305290625 0.4342119453125 0.39237594374999996 0.43960440937499995 0.38826815625 0.46333124843749995 0.3743016765625 0.46548823281249996 0.35540585 0.46656672656250003 0.34801183125 0.46764521875 0.353762734375 0.49029356562500004 0.350476503125 0.5129419125 0.33733158125 0.5172558828125 0.32665133125 0.5107849265625 0.32007886874999997 0.49892150781250005 0.30446927343749997 0.5043139703125 0.2831087734375 0.5107849265625 0.292967465625 0.5409827218750001 0.302826159375 0.5539246343750001 0.2872165625 0.5690235328125001 0.29214590937499996 0.593828865625 0.299539928125 0.6046137921875 0.31761419687500003 0.6046137921875 0.31022017812499997 0.6175557046875 0.302826159375 0.6272621390625 0.2978968125 0.6531459640625 0.30939861875 0.657459934375 0.3167926375 0.6563814421874999 0.34143936875 0.6563814421874999 0.38251725312499996 0.6477535 0.40634242499999995 0.638047065625 0.4326322703125 0.638047065625 0.43509694374999996 0.6283406312500001 0.440847846875 0.6089277625 0.4392047328125 0.5798084593749999 0.4424909625 0.5711805171875 0.4523496546875 0.58951489375 0.4679592515625 0.6013783125 0.4679592515625 0.5884364015625 0.483568846875 0.5668665484375001 0.4843904046875 0.5528461421875 0.48274728749999996 0.5312762875 0.46220834687499995 0.5301977953125 0.4884981921875 0.5 0.5098586921875 0.5010784921875 0.548471903125 0.48813658125000003 0.5583305937499999 0.49892150781250005 0.5657246125000001 0.5129419125 0.592014459375 0.5625525765625 0.59694380625 0.5884364015625 0.5977653625 0.62079118125 0.606802496875 0.6563814421874999 0.620768978125 0.6423610359375 0.624055209375 0.6294191234375 0.6487019375 0.6078492703125 0.6396648046875 0.5981428359375001 0.6232336515625 0.586279415625 0.61173184375 0.5690235328125001 0.6002300375 0.5399042296875 0.606802496875 0.522648346875 0.613374959375 0.51186341875 0.617482746875 0.4870580875 0.616302871875 0.45995283750000004 0.6265198828125 0.48058713124999997 0.6339139015625 0.4956860296875 0.64788038125 0.5140204046875 0.66266841875 0.5334332734375 0.6815642453125 0.5269623171875