7 0.96519026875 0.86973993125 0.9767911968749999 0.8574850296875001 0.9761087906249999 0.8256222859375001 0.9976728671874999 0.8207203249999999 0.9976728671874999 0.7050130421875 0.940623596875 0.7006222859375 0.939941190625 0.6013575796875 0.9988399078124999 0.56112774375 0.9976728671874999 0.44246533125000004 0.940623596875 0.43959287343750003 0.9385763765625 0.36361248125 0.9976728671874999 0.30111248125 0.9976728671874999 0.1846909125 0.9358467453125 0.1846909125 0.93524049375 0.0641252953125 0.8232495015625 0.062141892187500006 0.8232495015625 0.0155732640625 0.00504286875 0.0094458140625 0.0034733312500000004 0.9970683625 0.96642335 0.9970683625 0.96519026875 0.86973993125
8 0.1546875 0.1828125 0.03359375 0.18046875
8 0.23203125 0.18125 0.04921875 0.04453125
8 0.42890625 0.1796875 0.1234375 0.04296875
8 0.12421875 0.440625 0.03203125 0.18046875
8 0.15625 0.6921875 0.03359375 0.1890625
8 0.0359375 0.91640625 0.0375 0.1421875
8 0.02734375 0.4390625 0.04609375 0.1796875
8 0.2296875 0.43203125 0.046875 0.04453125
8 0.23046875 0.68671875 0.04375 0.03359375
8 0.42578125 0.690625 0.115625 0.040625
8 0.42734375 0.43203125 0.11875 0.040625
8 0.425 0.9453125 0.11796875 0.04140625
8 0.23046875 0.946875 0.0453125 0.03515625
8 0.66875 0.70546875 0.0640625 0.153125
8 0.68515625 0.4453125 0.03125 0.18359375
8 0.68671875 0.19453125 0.0328125 0.17890625
2 0.9941995359375 0.70119240625 0.8389774734375001 0.6876477546875 0.8157697765625 0.7041666671875 0.8200050015624999 0.818937125 0.9941995359375 0.8126996 0.9941995359375 0.70119240625
2 0.8381547125000001 0.43203309843750004 0.8184084515625001 0.46010638281249994 0.8194198390625 0.5692118234375 0.8381547125000001 0.5561465734375 0.9941995359375 0.5522189546875 0.9941995359375 0.43630952343749996 0.8381547125000001 0.43203309843750004
2 0.8329593843750001 0.1787545796875 0.8182988703125 0.2016483515625 0.8221233531250001 0.3103937734375 0.8348716250000001 0.29322344375 0.9941995359375 0.2963222859375 0.9941995359375 0.1913461546875 0.8329593843750001 0.1787545796875
8 0.875 0.3984375 0.10390625 0.07734375
8 0.87421875 0.64296875 0.10234375 0.1
8 0.87265625 0.1546875 0.10390625 0.05078125
5 0.755478215625 0.8228009249999999 0.7344868453125 0.8088061453125001 0.72214543125 0.8235815609375001 0.7055297765625 0.8517361109375001 0.723253415625 0.9327546296874999 0.7296983765625 0.9790509249999999 0.7780355765625 0.9848379625 0.8054266562500001 0.9501157421875 0.8086491375 0.8806712953125 0.795759215625 0.83726851875 0.755478215625 0.8228009249999999