7 0.992053534375 0.09257385781250001 0.9804259609375 0.0778585078125 0.799403615625 0.079697928125 0.799403615625 0.0337124578125 0.7888679234375 0.0189971078125 0.11176819843750001 0.019958621875 0.1012392046875 0.0250138078125 0.0968521234375 0.03343911875 0.09729083125 0.0814633828125 0.0167294015625 0.079250334375 0.017565871875 0.13708166093750002 0.002091175 0.13568858749999999 0.0119825625 0.9663767546875001 0.9780285484375 0.9427238609374999 0.9787983046875001 0.8215027812500001 0.992053534375 0.8202610031249999 0.992053534375 0.09257385781250001
8 0.034375 0.21953125 0.04375 0.0734375
8 0.28125 0.2125 0.21796875 0.07265625
8 0.28515625 0.3703125 0.2796875 0.0703125
8 0.28359375 0.534375 0.2234375 0.0703125
8 0.5453125 0.6984375 0.76640625 0.06015625
8 0.68046875 0.534375 0.221875 0.07265625
8 0.68203125 0.371875 0.19296875 0.06875
8 0.6734375 0.2125 0.21796875 0.06953125
8 0.903125 0.37578125 0.10703125 0.0671875
8 0.89453125 0.52890625 0.11171875 0.0671875
8 0.89609375 0.2140625 0.10390625 0.07265625
8 0.03203125 0.38046875 0.05390625 0.071875
8 0.03359375 0.54765625 0.05546875 0.0609375
8 0.03828125 0.7046875 0.05625 0.071875
4 0.16796875 0.88984375 0.121875 0.140625
5 0.138123003125 0.8493469687499999 0.139177378125 0.7987243078125 0.172917346875 0.810873746875 0.1792435921875 0.7683507125 0.166591103125 0.73797711875 0.1602648578125 0.691404271875 0.1549929890625 0.63470689375 0.1328511328125 0.5496608296875001 0.1286336359375 0.62053255 0.0970024140625 0.6610306765625 0.08013242968749999 0.691404271875 0.07275181093750001 0.7238027734375 0.0790780546875 0.7764503390625 0.052718703125 0.7764503390625 0.04850120625 0.756201275 0.039011840625 0.7825250578125 0.060099321875 0.827072996875 0.029522475 0.8088488406250001 0.0126524890625 0.7865748703125 0.011598114062500001 0.8776956546875001 0.029522475 0.966791534375 0.035014445312499996 0.98554216875 0.13390550625 0.9809658796875 0.144449246875 0.9303432218750001 0.1549929890625 0.9019945328125001 0.137068628125 0.8756707499999999 0.138123003125 0.8493469687499999
5 0.311794228125 0.7182222875 0.3183448984375 0.6969323078125 0.3269111578125 0.680480959375 0.3364852140625 0.6640296125 0.346563165625 0.6408041812499999 0.35160214375 0.6262882875 0.35260993749999997 0.60499830625 0.35664111875 0.575966515625 0.36218399375 0.544999275 0.368230765625 0.5169352093749999 0.3641995828125 0.49564523125 0.3677268671875 0.48403251562499994 0.3717580484375 0.45887163124999997 0.36974245781250004 0.44629118749999996 0.3677268671875 0.42209803125 0.366719071875 0.40371123124999997 0.3657112765625 0.38629215625 0.36117619843750004 0.380485796875 0.34958655156249996 0.40467895625 0.3500904484375 0.43177529375 0.3445475765625 0.43758165312499997 0.3420280875 0.45016209375000005 0.34605926875000004 0.46177480937500004 0.3490826546875 0.469516621875 0.346563165625 0.48693569375 0.3349735203125 0.4908066 0.3314462375 0.506290221875 0.3243916703125 0.5004838625 0.3243916703125 0.48887114687500005 0.3248955671875 0.47241980000000006 0.323383875 0.455000725 0.32539946406250003 0.45016209375000005 0.3213682828125 0.4269366625 0.323887771875 0.4172594 0.32892674843749997 0.3988726 0.33245403125 0.38242125 0.326407259375 0.3737117125 0.3203604875 0.37758261875 0.3148176140625 0.370808534375 0.317841 0.356292640625 0.3213682828125 0.34951855625 0.323383875 0.3350026609375 0.317841 0.32242221875 0.3128020234375 0.28564861874999997 0.3067552515625 0.31274495625 0.3047396609375 0.3079063234375 0.29365391406249997 0.30209996562499997 0.29012662968749997 0.3098417765625 0.2886149359375 0.3369381125 0.283575959375 0.33887356562500004 0.275513596875 0.3146804078125 0.27097851875 0.3185513125 0.2639239515625 0.33113175625 0.2679551328125 0.351454009375 0.2593888734375 0.36403445 0.258884975 0.38532443125000004 0.26644344062499997 0.393066240625 0.2624122578125 0.40371123124999997 0.26190836093750003 0.42887211562500005 0.2578771796875 0.43274301875 0.24880702187499998 0.43177529375 0.24880702187499998 0.41435621874999995 0.25132651093749997 0.396937146875 0.25082261250000004 0.389195334375 0.24477584062500002 0.3727439875 0.240744659375 0.3553249125 0.24276025156249997 0.3359703875 0.23066670625 0.3001645125 0.214038084375 0.3146804078125 0.21504587968750002 0.33209948125 0.21655757343749998 0.34564765 0.2145419828125 0.35048628125 0.21554977812499998 0.361131271875 0.218069265625 0.36887308124999996 0.223612140625 0.389195334375 0.226131628125 0.412420765625 0.226131628125 0.44048483125000004 0.23016280937500003 0.46177480937500004 0.2331861953125 0.47145207187500004 0.2377212734375 0.47822615625 0.2397368640625 0.507257946875 0.23620958124999997 0.502419315625 0.223612140625 0.5033870406250001 0.22713942343750002 0.51306430625 0.22764332187499997 0.552741084375 0.2256277296875 0.57693424375 0.22411603750000003 0.5875792343749999 0.223612140625 0.602095128125 0.222100446875 0.61274011875 0.22411603750000003 0.63209464375 0.2291550140625 0.643707359375 0.2316745015625 0.665965065625 0.22764332187499997 0.6630618875 0.2231082421875 0.6466105375 0.21252639218749997 0.655320075 0.199425053125 0.643707359375 0.191362690625 0.642739634375 0.207487415625 0.6920936765625 0.21857316249999997 0.7085450234375 0.224619934375 0.7201577390625 0.2518304078125 0.7356413609375 0.2674512359375 0.7404799921875 0.280552575 0.7540281609374999 0.2860954484375 0.7520927078125 0.306251353125 0.729835003125 0.311794228125 0.7182222875
2 0.5046875 0.103125 0.978125 0.05390625
5 0.9346922265625001 0.979788978125 0.9376619421875001 0.95697583125 0.9391468 0.92560775625 0.9413740875000001 0.907072075 0.94805595 0.8956655015624999 0.94805595 0.8728523562499999 0.9495408078124999 0.8585941390625 0.9629045312500001 0.8215227781250001 0.9777531125 0.7958579875 0.9770106843749999 0.7887288796874999 0.972556109375 0.7915805234375 0.9658742468750001 0.797283809375 0.9577075265625 0.8086903828124999 0.9554802390624999 0.8172453125000001 0.9473135203125 0.8386326359374999 0.9495408078124999 0.8101162046875 0.9539953828125001 0.794432165625 0.95844995625 0.7873030578125 0.9629045312500001 0.77732230625 0.953252953125 0.7644899125 0.9465710921875001 0.7559349828124999 0.9413740875000001 0.7388251234375 0.9324649390624999 0.744528409375 0.9257830765625 0.75165751875 0.9257830765625 0.7659157343749999 0.9332073671875 0.794432165625 0.9339497968750001 0.8143936703125 0.92875279375 0.831503528125 0.9220709328125001 0.8229485999999999 0.9139042125 0.7873030578125 0.912419353125 0.7559349828124999 0.9049950625 0.747380053125 0.8983131999999999 0.7630640921875 0.9005404875 0.7787481281249999 0.9057374921875001 0.7915805234375 0.9087072078125 0.80441291875 0.9079647796874999 0.8243744218750001 0.9012829171875 0.8286518875000001 0.8960859140625 0.8101162046875 0.8908889109375 0.7958579875 0.8834646203125001 0.80441291875 0.8767827578125 0.8101162046875 0.8834646203125001 0.8343551703125 0.8886616234375 0.8400584578125001 0.889404053125 0.8671490703125 0.880494903125 0.8628716046875 0.8767827578125 0.8600199609375 0.8693584671875 0.8685748921875 0.861934175 0.8628716046875 0.853025028125 0.85716831875 0.8478280234375 0.8585941390625 0.8433734484375 0.8671490703125 0.8589644609375 0.8842589296875 0.8715857546875 0.8970913234375001 0.884949478125 0.908497896875 0.8901464812500001 0.9284594 0.9020253468749999 0.9484209031249999 0.9020253468749999 0.9698082265625001 0.9101920671875 0.98406644375 0.9176163578125 0.98406644375 0.9346922265625001 0.979788978125
8 0.76015625 0.86171875 0.02109375 0.03984375
8 0.85 0.85078125 0.02265625 0.03359375
8 0.40546875 0.86640625 0.0328125 0.05