7 0 0 0.0020829765625 0.99569771875 0.9984591671875 0.99569771875 0.9984591671875 0 0 0
4 0.52578125 0.878125 0.1203125 0.16875
8 0.03046875 0.13359375 0.059375 0.09296875
8 0.1640625 0.13046875 0.10859375 0.0890625
8 0.32734375 0.13046875 0.1 0.09140625
8 0.7203125 0.13203125 0.10546875 0.08515625
8 0.8921875 0.12890625 0.0984375 0.0859375
8 0.52578125 0.20390625 0.10625 0.09453125
8 0.02734375 0.29609375 0.05390625 0.0921875
8 0.1625 0.29140625 0.10859375 0.0890625
8 0.3265625 0.2921875 0.1 0.09140625
8 0.71875 0.29296875 0.10546875 0.08515625
8 0.890625 0.290625 0.0984375 0.0859375
8 0.525 0.36484375 0.10625 0.09453125
8 0.021875 0.446875 0.04296875 0.09296875
8 0.159375 0.45234375 0.10859375 0.0890625
8 0.32265625 0.453125 0.1 0.09140625
8 0.715625 0.45390625 0.10546875 0.08515625
8 0.8875 0.4515625 0.0984375 0.0859375
8 0.521875 0.52578125 0.10625 0.09453125
8 0.16015625 0.6078125 0.10859375 0.0890625
8 0.32421875 0.6078125 0.1 0.09140625
8 0.71640625 0.609375 0.10546875 0.08515625
8 0.8890625 0.60703125 0.0984375 0.0859375
8 0.52265625 0.68125 0.10625 0.09453125
8 0.02734375 0.60390625 0.04296875 0.09296875
8 0.8875 0.7671875 0.0984375 0.0859375
8 0.715625 0.76953125 0.10546875 0.08515625
8 0.32265625 0.76796875 0.1 0.09140625
8 0.159375 0.76796875 0.10859375 0.0890625
8 0.0203125 0.7609375 0.03984375 0.09296875
8 0.159375 0.93203125 0.090625 0.10703125
4 0.890625 0.934375 0.0921875 0.10234375
4 0.72109375 0.9328125 0.0875 0.10625
4 0.31796875 0.9390625 0.09453125 0.11328125