7 0.9357142859375 0.1338837046875 0.896428571875 0.1314907875 0.8952380953124999 0.0971923109375 0.071428571875 0.09798995 0.0702380953125 0.14824120624999998 0.0630952375 0.1506341234375 0.059523809375 0.18812315468750002 0.03095238125 0.1929089890625 0.0261904765625 0.2399696890625 0.0357142859375 0.26070830312500004 0.0333333328125 0.6834569671875 0.017857143750000002 0.6866475234375 0.0238095234375 0.7002073859375 0.05714285625 0.7217436390625 0.058333332812500006 0.8094839281249999 0.9583333328125001 0.8086862890625 0.9607142859375 0.1490388453125 0.9321428562499999 0.1490388453125 0.9357142859375 0.1338837046875
4 0.27890625 0.76953125 0.0734375 0.08125
4 0.6453125 0.76953125 0.08671875 0.08203125
8 0.76796875 0.76484375 0.090625 0.0953125
8 0.8875 0.7625 0.09140625 0.0921875
8 0.5125 0.76171875 0.11171875 0.09375
4 0.37578125 0.7671875 0.075 0.08203125
8 0.13984375 0.7625 0.1 0.096875
8 0.13359375 0.2875 0.1015625 0.0953125
8 0.35390625 0.28515625 0.13828125 0.09609375
8 0.5921875 0.28671875 0.13828125 0.09609375
8 0.81484375 0.4078125 0.11484375 0.096875
8 0.13125 0.40703125 0.1015625 0.0953125
8 0.3515625 0.40390625 0.13828125 0.09609375
8 0.58984375 0.40625 0.13828125 0.09609375
8 0.81640625 0.4078125 0.11484375 0.096875
8 0.81875 0.2890625 0.11484375 0.096875
8 0.82265625 0.521875 0.11484375 0.096875
8 0.59609375 0.5203125 0.13828125 0.09609375
8 0.3578125 0.51875 0.13828125 0.09609375
8 0.1375 0.52109375 0.1015625 0.0953125
8 0.815625 0.6375 0.11484375 0.096875
8 0.5890625 0.6359375 0.13828125 0.09609375
8 0.35078125 0.63359375 0.13828125 0.09609375
8 0.13046875 0.63671875 0.1015625 0.0953125
2 0.50703125 0.14140625 0.85546875 0.021875
2 0.91796875 0.2546875 0.034375 0.0328125
2 0.915625 0.3609375 0.034375 0.034375
2 0.91328125 0.57265625 0.03046875 0.03671875
2 0.91171875 0.6734375 0.028125 0.025
8 0.903125 0.3203125 0.01640625 0.04921875
8 0.90234375 0.42421875 0.01484375 0.05
8 0.90859375 0.5296875 0.01484375 0.04765625
8 0.90703125 0.63515625 0.01640625 0.05078125