7 0.0315459828125 0.9916393671874999 0.9806752218750001 0.9949074796874999 0.9806752218750001 0.0076781328125 0.02100519375 0.0076781328125 0.0315459828125 0.9916393671874999
4 0.51953125 0.92109375 0.1734375 0.096875
8 0.76484375 0.7484375 0.1140625 0.06953125
8 0.59375 0.75078125 0.08984375 0.06875
8 0.34765625 0.77421875 0.25234375 0.115625
8 0.34921875 0.59609375 0.25859375 0.07265625
8 0.83671875 0.621875 0.1171875 0.11953125
8 0.67421875 0.44140625 0.23125 0.06015625
8 0.22578125 0.4890625 0.259375 0.06328125
8 0.22265625 0.3109375 0.1140625 0.1125
8 0.6484375 0.2859375 0.34296875 0.06328125
8 0.54609375 0.1578125 0.40390625 0.11015625
8 0.16015625 0.13359375 0.1171875 0.05546875
8 0.77421875 0.82578125 0.12734375 0.0140625
8 0.590625 0.82421875 0.0890625 0.01953125
8 0.59609375 0.5953125 0.0890625 0.06953125
8 0.31796875 0.6734375 0.32109375 0.01484375
4 0.2296875 0.940625 0.26796875 0.0921875
5 0.914375190625 0 0.91586040625 0.032107865624999996 0.8971891234375 0.0199745203125 0.8836100078125 0.0055661718749999995 0.8751230609375 0.0017745015624999999 0.851359609375 0.0063245062500000004 0.7885562 0.028316195312499997 0.768187528125 0.0328662 0.797043146875 0.0343828671875 0.8309909359375001 0.040449540625 0.841175271875 0.03969120625 0.7987405375 0.054099554687499996 0.7563058015624999 0.052582885937500004 0.7478188546875 0.074574575 0.780069253125 0.090499590625 0.8004379265624999 0.10869960781250002 0.8174118203124999 0.1291746296875 0.8377804937500001 0.140549640625 0.834385715625 0.16254132968749999 0.7919509796875001 0.1686080015625 0.7664901390625001 0.1701246703125 0.802135315625 0.1943913609375 0.7512136328125 0.20576637187500002 0.7783718640624999 0.2216913875 0.6951997828125001 0.23154973124999997 0.674831109375 0.2444414109375 0.6222120375 0.26264142968750004 0.6595546046874999 0.265674765625 0.6374885421875 0.28311644999999996 0.6340937640625001 0.2952497953125 0.6069355328125 0.308141475 0.6052381437500001 0.32785816093750003 0.5780799125 0.324824825 0.56110601875 0.32406649062500004 0.5950538078125 0.34454151093749996 0.6476728796875 0.34074984062499997 0.6985945625000001 0.355916521875 0.69350239375 0.372599871875 0.6239094265625 0.3786665453125 0.6256068171875 0.3885248890625 0.68331805625 0.3862498859375 0.7104762874999999 0.38169988125 0.6867128359375 0.39307489375000004 0.657857215625 0.4029332359375 0.6425807109375 0.41506658124999996 0.6425807109375 0.42037492031249996 0.7223580140625 0.39838323125 0.7698849171875 0.40141656875000004 0.7274501812499999 0.42416659062499995 0.7308449609375 0.4370582703125 0.6867128359375 0.46739163437500003 0.68331805625 0.490899990625 0.70538411875 0.49317499375 0.7529110234374999 0.49165832500000006 0.7613979703125 0.4666333 0.790253590625 0.44994995 0.8106222624999999 0.43857493906249995 0.8836100078125 0.4302332640625 0.9056760703125001 0.4287165953125 0.9311369109375001 0.440849940625 0.8920969546874999 0.450708284375 0.8547543875000001 0.4552582890625 0.8377804937500001 0.46359996406250004 0.8377804937500001 0.4711833046875 0.8988865125000001 0.4643582984375 0.8428726624999999 0.474216640625 0.8123196531250001 0.4787666453125 0.802135315625 0.48483331874999996 0.84966221875 0.484074984375 0.8920969546874999 0.47724997656249996 0.92604474375 0.47345830624999996 0.9209525749999999 0.48862498906249996 0.9022812921875 0.5037916703125 0.8853073968749999 0.5106166765625 0.939623859375 0.52350835625 0.999083409375 0.5327245921875 0.999083409375 0.525783359375 0.999083409375 0.4946916609375 0.999083409375 0 0.914375190625 0