7 0.005300353125 0 0.017078915625 0.9932399703125 0.07597173125 0.9950015421874999 0.125049078125 0.9791473999999999 0.5098154687500001 0.97562425625 0.51766784375 0.98795525625 0.9991166078125 0.9887990562500001 0.9991166078125 0 0.005300353125 0
2 0.7828125 0.81640625 0.334375 0.0453125
2 0.2296875 0.81875 0.334375 0.0453125
2 0.7890625 0.67578125 0.334375 0.0453125
2 0.2265625 0.67890625 0.334375 0.0453125
2 0.784375 0.53828125 0.334375 0.0453125
2 0.7875 0.4015625 0.334375 0.0453125
2 0.22734375 0.40078125 0.334375 0.0453125
2 0.23125 0.540625 0.334375 0.0453125
2 0.7796875 0.12265625 0.334375 0.0453125
2 0.77578125 0.25859375 0.334375 0.0453125
2 0.22265625 0.2609375 0.334375 0.0453125
2 0.21953125 0.12109375 0.334375 0.0453125
8 0.8078125 0.22890625 0.190625 0.01640625
8 0.27421875 0.22890625 0.190625 0.01640625
8 0.71953125 0.3625 0.1984375 0.0328125
8 0.196875 0.3640625 0.1984375 0.0328125
8 0.80390625 0.4953125 0.18828125 0.0375
8 0.28125 0.49765625 0.1984375 0.040625
8 0.71328125 0.628125 0.190625 0.05234375
8 0.19375 0.6296875 0.19296875 0.05078125
8 0.79765625 0.7625 0.19609375 0.0640625
8 0.28671875 0.76796875 0.190625 0.05234375
8 0.4375 0.084375 0.0453125 0.11484375
8 0.5546875 0.22734375 0.05234375 0.11328125
8 0.440625 0.36640625 0.046875 0.1125
8 0.55390625 0.4984375 0.0578125 0.115625
8 0.4453125 0.61328125 0.0484375 0.05859375
8 0.5578125 0.7828125 0.05390625 0.11796875
4 0.7640625 0.9234375 0.30859375 0.12734375