7 0.916743803125 0.11833900156249999 0.7285302890625001 0.11739417968750002 0.7305872671875 0.0682634171875 0.5547156234374999 0.06542895 0.5557441125 0.0172430078125 0.5248894375 0.020077475 0.5218039703125 0.057870370312499995 0.5043196546875001 0.056925546875 0.5022626765625 0.041808390625000004 0.43849634843749996 0.041808390625000004 0.43541088125 0.066373771875 0.42615447968750003 0.06731859375 0.431296925 0.030470521875 0.41811116562499995 0.000944821875 0.29347937968750004 0.000944821875 0.29450786875 0.05409108124999999 0.00066851875 0.0587679515625 0.00066851875 0.9922524562499999 0.9983029921875 0.9913076343749999 0.993160546875 0.22033257812499998 0.916743803125 0.22415910781249998 0.916743803125 0.11833900156249999
2 0.2450439671875 0.07488455468750001 0.293977553125 0.0756596046875 0.293977553125 0.054733265625000006 0.0197807390625 0.0593835625 0.0239991515625 0.11363703437499999 0.2450439671875 0.11131188593750001 0.2450439671875 0.07488455468750001
2 0.66328125 0.1421875 0.478125 0.04296875
2 0.86171875 0.25625 0.2171875 0.05234375
2 0.45625 0.253125 0.28984375 0.04921875
2 0.78125 0.58359375 0.38203125 0.05625
2 0.21796875 0.421875 0.38515625 0.05234375
2 0.22109375 0.7453125 0.3859375 0.04765625
2 0.9140625 0.93984375 0.16328125 0.0625
2 0.63359375 0.9359375 0.21328125 0.0546875
2 0.14765625 0.934375 0.2546875 0.06171875
8 0.3045090375 0.319773503125 0.2868207984375 0.3103660046875 0.284958878125 0.1726744328125 0.063390396875 0.175240115625 0.062459435937499995 0.3933230375 0.40970751875 0.3975991734375 0.40598367968750004 0.3206287296875 0.3045090375 0.319773503125
8 0.584375 0.3796875 0.21015625 0.1328125
8 0.8265625 0.4421875 0.228125 0.22734375
8 0.42265625 0.54375 0.21484375 0.12890625
8 0.584375 0.7109375 0.2046875 0.128125
4 0.41953125 0.89375 0.14765625 0.11796875
8 0.15625 0.8546875 0.24453125 0.09296875
8 0.6328125 0.515625 0.0859375 0.07265625
8 0.41355548750000004 0.6457860921874999 0.2868456234375 0.6431405890625 0.284685796875 0.48110355312499997 0.06294353593749999 0.477796675 0.06654324843750001 0.7205215421875 0.412115603125 0.7211829171875 0.41355548750000004 0.6457860921874999
8 0.715982721875 0.9088261640624999 0.7456981468749999 0.9086829171874999 0.7456981468749999 0.93462919375 0.8304298296875 0.9285241875000001 0.8329219374999999 0.9071566656250001 0.9683264906250001 0.9048672890624999 0.9708185984375 0.800319059375 0.7177245171875 0.8048195093749999 0.715982721875 0.9088261640624999
8 0.8421875 0.715625 0.25703125 0.14921875
8 0.6046875 0.853125 0.165625 0.10703125
8 0.49140625 0.21015625 0.2171875 0.03359375
8 0.8234375 0.20859375 0.1390625 0.03203125
8 0.6125 0.10703125 0.0625 0.02578125