7 0.44588722187499996 0 0.4463642484375 0.06502970625 0.342202584375 0.06502970625 0.342202584375 0.088442740625 0.3389006296875 0.0913693703125 0.32119014375 0.0145453484375 0.205621728125 0.0196669484375 0.20592190625 0.0738095921875 0.1933144421875 0.0723462796875 0.1933144421875 0.0496649015625 0.161195428125 0.0503965578125 0.1599947171875 0.097222628125 0.096904225 0.096277175 0.06172495625 0.1677325421875 0.020682478125 0.164159775 0.0214153796875 0.212392146875 0.00602445 0.21775129999999998 0 0.8929622 0.121089971875 0.9966148015625 0.186318196875 0.9108683624999999 0.6304564515625 0.9126547453124999 0.6795608453125 0.978750959375 0.73379555 0.9986244843750001 0.84414588125 0.9986244843750001 0.8437307609375001 0.9662462703125 0.999435665625 0.8697815249999999 0.999435665625 0.2155684484375 0.9831121703125 0.2184691921875 0.9810025109374999 0.161905925 0.9372270625000001 0.1593348671875 0.9079443328125001 0.09213360625 0.8534950125 0.092876709375 0.8530126765625001 0.0452627 0.8206961078124999 0.0452627 0.8204549406250001 0.094640190625 0.7932029093749999 0.09816715468750001 0.7936852453125 0.01763481875 0.676769353125 0.0200865765625 0.6614161468749999 0.09189659375 0.6568516796874999 0.0979650453125 0.6568516796874999 0.060542925000000004 0.54896428125 0.062565740625 0.5477194265625001 0 0.44588722187499996 0
4 0.4984375 0.825 0.05703125 0.171875
2 0.3953125 0.0765625 0.1078125 0.0359375
2 0.603125 0.0796875 0.1078125 0.0359375
2 0.04140625 0.1953125 0.0328125 0.05546875
2 0.96171875 0.19140625 0.03984375 0.0453125
8 0.11796875 0.30859375 0.02890625 0.11015625
8 0.2125 0.309375 0.0296875 0.096875
8 0.35546875 0.30859375 0.06171875 0.10703125
8 0.43359375 0.30546875 0.034375 0.0984375
8 0.56796875 0.30546875 0.03125 0.0953125
8 0.64375 0.30546875 0.06484375 0.1015625
8 0.78828125 0.3078125 0.0296875 0.09375
8 0.88203125 0.3046875 0.02265625 0.084375
8 0.4984375 0.22734375 0.0296875 0.06171875
8 0.1171875 0.49453125 0.02890625 0.11015625
8 0.2125 0.5015625 0.0296875 0.096875
8 0.3546875 0.50078125 0.06171875 0.10703125
8 0.43359375 0.49765625 0.034375 0.0984375
8 0.5671875 0.49765625 0.03125 0.0953125
8 0.64296875 0.49765625 0.06484375 0.1015625
8 0.7875 0.5 0.0296875 0.09375
8 0.88203125 0.496875 0.02265625 0.084375
8 0.4984375 0.41875 0.0296875 0.06171875
8 0.11875 0.69140625 0.02890625 0.11015625
8 0.2140625 0.69765625 0.0296875 0.096875
8 0.35625 0.696875 0.06171875 0.10703125
8 0.43515625 0.69453125 0.034375 0.0984375
8 0.56953125 0.69453125 0.03125 0.0953125
8 0.64453125 0.69453125 0.06484375 0.1015625
8 0.78984375 0.696875 0.0296875 0.09375
8 0.88359375 0.69375 0.02265625 0.084375
8 0.5 0.615625 0.0296875 0.06171875
4 0.73486256875 0.9986244843750001 0.8063741578125001 0.9986244843750001 0.8070641343749999 0.853993040625 0.712455184375 0.8560158578125 0.7116252828125 0.9794077187499999 0.73486256875 0.9986244843750001
8 0.759375 0.115625 0.03203125 0.096875