7 1 0.1150018375 0.94648524375 0.1155267328125 0.9535424062500001 0.0636421515625 0.9206089796875 0.0636421515625 0.9217851734375 0.053599973437500004 0.9431387171875001 0.026720412500000002 0.056106509375 0.02849453125 0.050225540624999995 0.0636421515625 0.0408159890625 0.0695000875 0.044344571875 0.1138530359375 0.0008253999999999999 0.1155267328125 0.014939725000000001 0.153184896875 0.0361112140625 0.1607165296875 0.050225540624999995 0.9515379796874999 0.139616271875 0.9473537390625 0.219597453125 0.9230851453125 0.2525308796875 0.9130429671875 0.46424577031250003 0.9130429671875 0.5030601671875 0.9180640562500001 0.5336412078125 0.9515379796874999 0.552460309375 0.9833382078125 0.643027234375 0.9925435359374999 0.7488846796875 0.97831711875 0.77476094375 0.9624170046874999 0.8394516046874999 0.9448431953125 0.94883763125 0.9406589546875 0.94883763125 0.16155337812499998 0.9664805390625 0.1582059859375 1 0.11574366093749999 1 0.1150018375
2 0.49296875 0.37578125 0.77421875 0.06015625
2 0.49453125 0.62109375 0.78125 0.0609375
4 0.49609375 0.82265625 0.10390625 0.196875
8 0.8109375 0.784375 0.0859375 0.11640625
8 0.6515625 0.78046875 0.08984375 0.1171875
8 0.33515625 0.78359375 0.090625 0.11796875
8 0.17734375 0.784375 0.08984375 0.1171875
8 0.81015625 0.53203125 0.10234375 0.125
8 0.65625 0.53125 0.10703125 0.12890625
8 0.49375 0.52734375 0.11015625 0.11875
8 0.33359375 0.5296875 0.11171875 0.12578125
8 0.18125 0.5328125 0.11171875 0.1234375
8 0.815625 0.2890625 0.11484375 0.12578125
8 0.65390625 0.28828125 0.11484375 0.12734375
8 0.4984375 0.28828125 0.1109375 0.1234375
8 0.3375 0.28984375 0.1234375 0.121875
8 0.17421875 0.28671875 0.11875 0.13203125
8 0.790625 0.075 0.08515625 0.05390625
8 0.64609375 0.08046875 0.075 0.0484375
8 0.5015625 0.084375 0.0640625 0.04609375
8 0.34140625 0.0828125 0.06640625 0.05
8 0.190625 0.07890625 0.0953125 0.05234375