7 0.911772759375 0 0.8618542578125 0.0024710234375 0.8455545171875001 0.013551846875 0.8336013734375 0.0312811640625 0.8183882812500001 0.000254859375 0.7754246859375 0 0.4316179203125 0.060695715625 0.4208721640625 0.0387803078125 0.37398159531249997 0.0009264234375 0.3555571328125 0 0.22354101875 0.060695715625 0.192280640625 0.0337995328125 0.173719790625 0.019853365625 0.1384449578125 0 0.0096027984375 0.0497380109375 0.01546411875 0.780915665625 0.044770725 0.7819118203125 0.0467244984375 0.80482338125 0.200095734375 0.8127926203125 0.1952113 0.9871197171875 0.9857322937499999 0.9908804828125 0.9824723437499999 0.0900095296875 0.9813856953125001 0.04125390625 0.9824723437499999 0.0235245890625 0.9607393562500001 0 0.911772759375 0
8 0.1308277203125 0.053050396875 0.040118721875 0.0924981296875 0.0341159203125 0.272053321875 0.13149469687499998 0.238726790625 0.1308277203125 0.053050396875
8 0.793803775 0.0686934640625 0.4596478359375 0.1176630625 0.46031481406249997 0.18363599375 0.7964716859375 0.139427328125 0.793803775 0.0686934640625
8 0.2978792984375 0.31856171875 0.0613180640625 0.348360365625 0.06201383125 0.41363358906250003 0.299270834375 0.39022036718750003 0.2978792984375 0.31856171875
8 0.8357082218749999 0.309338328125 0.58940623125 0.33771799062499996 0.5907977671875 0.41434308125 0.8357082218749999 0.390929859375 0.8357082218749999 0.309338328125
8 0.49547750625000003 0.3008244296875 0.4043318546875 0.3086288359375 0.4043318546875 0.4980630875 0.4947817375 0.48813020625 0.49547750625000003 0.3008244296875
8 0.3556280703125 0.078753565625 0.25613319843750004 0.11564712656250001 0.2547416609375 0.176663403125 0.35701960625 0.141898315625 0.3556280703125 0.078753565625
8 0.941465009375 0.29231053125 0.8983273734375 0.2986959546875 0.8962400671875 0.49238715624999996 0.9393777046875 0.48883969687500006 0.941465009375 0.29231053125
8 0.9407692421875 0.0454074609375 0.8663220296875 0.056759326562500004 0.86353895625 0.24619357812499998 0.942856546875 0.2383891703125 0.9407692421875 0.0454074609375
8 0.30553275 0.5484369906250001 0.059926526562500006 0.564755296875 0.06201383125 0.6655031 0.30622851875 0.6520227609375 0.30553275 0.5484369906250001
8 0.5017394203125 0.5385041078125 0.40711492812500005 0.5448895328125001 0.4029403171875 0.7449661562500001 0.501043653125 0.739999715625 0.5017394203125 0.5385041078125
8 0.71464453125 0.5505654640625 0.5887104625 0.5697217375 0.5859273890625001 0.6683410671875001 0.7167318359375 0.6548607265624999 0.71464453125 0.5505654640625
8 0.942160778125 0.5363756328125 0.795353659375 0.5526939390625001 0.7932663546875001 0.7463851406249999 0.942160778125 0.735742765625 0.942160778125 0.5363756328125
2 0.35423653437499997 0.244065103125 0.3556280703125 0.1404793328125 0.23873898906250002 0.186596284375 0.236651684375 0.26534985 0.2971835296875 0.25967391875 0.35423653437499997 0.244065103125
2 0.5351363 0.2710257828125 0.7967451953125 0.237679678125 0.7981367328125 0.141898315625 0.45233986875000004 0.18801526875000002 0.457906015625 0.26038340937500004 0.5128717140625 0.2539979859375 0.5351363 0.2710257828125
2 0.8329251484375 0.39022036718750003 0.58801469375 0.41860003125 0.58801469375 0.511543428125 0.83083784375 0.49025868125 0.8329251484375 0.39022036718750003
2 0.7167318359375 0.6555702171875 0.583840084375 0.6690505578125 0.5859273890625001 0.758446496875 0.719514909375 0.75135158125 0.7167318359375 0.6555702171875
2 0.30831582343749997 0.6541512359375 0.032791562499999996 0.6676315749999999 0.0348788671875 0.76199395625 0.30553275 0.752770565625 0.30831582343749997 0.6541512359375
2 0.299966603125 0.39163935156249996 0.026529646875 0.4228569796875 0.026529646875 0.513671903125 0.299966603125 0.49096817187499997 0.299966603125 0.39163935156249996
4 0.8359375 0.90078125 0.07734375 0.16875
4 0.3462530375 0.8186162953125 0.2991370328125 0.8228307953125 0.2991370328125 0.9753957421875 0.35286581093749997 0.993096646875 0.3462530375 0.8186162953125
8 0.6046875 0.9015625 0.24375 0.1734375