7 0.49609375 0.48984375 0.9921875 0.9796875
8 0.2828125 0.72890625 0.07578125 0.1203125
8 0.39453125 0.56640625 0.0984375 0.11171875
8 0.08046875 0.56640625 0.0390625 0.1328125
8 0.23359375 0.39921875 0.071875 0.12734375
8 0.496875 0.4015625 0.12421875 0.12890625
8 0.83515625 0.403125 0.1171875 0.1296875
8 0.75546875 0.56796875 0.0984375 0.13125
8 0.15390625 0.2390625 0.25703125 0.0421875
8 0.3921875 0.17890625 0.0359375 0.23359375
5 0.5819651703125001 0.90815316875 0.580968634375 0.8853955375 0.580470365625 0.86461683125 0.5864495875 0.8517538218749999 0.587446125 0.8270172656250001 0.5824634390625001 0.81712264375 0.5695084578125 0.8111858703125 0.55804828125 0.8072280218750001 0.5560552078125001 0.8240488796875001 0.5555569390625 0.8448275859375001 0.5565534765625 0.873521990625 0.5480829125 0.88242715 0.5510725234375 0.8982585453124999 0.554560403125 0.9051847828125 0.5515707921875 0.9289318765625 0.579473828125 0.9319002609375 0.581466903125 0.9239845640625 0.5819651703125001 0.90815316875
5 0.685605021875 0.9091426312499999 0.6826154109375 0.9012269328125001 0.6791275328124999 0.8893533874999999 0.68112060625 0.8764903765625001 0.6831136796874999 0.8586800562500001 0.686103290625 0.8468065109375 0.68112060625 0.8319645781249999 0.6766361890625 0.7973334000000001 0.6686638921875 0.799312325 0.6582002546875 0.8161331828125 0.6582002546875 0.8319645781249999 0.6591967921874999 0.8428486609375 0.659695059375 0.854722209375 0.6582002546875 0.8814376875000001 0.6532175687499999 0.88242715 0.6492314203125 0.8814376875000001 0.6447470046875 0.8853955375 0.6442487359375 0.8972690859375 0.647736615625 0.90617424375 0.6527193 0.918047790625 0.6532175687499999 0.9378370359374999 0.687099828125 0.9447632718750001 0.6895911703125 0.9319002609375 0.685605021875 0.9091426312499999
5 0.8066842718749999 0.918047790625 0.7972171703125001 0.91013209375 0.8056877359374999 0.8923217734375 0.7952240953125 0.8834166124999999 0.7992102437499999 0.8715430671875 0.7997085125 0.8636273687499999 0.7967189015625 0.853732746875 0.793729290625 0.8487854359375 0.793729290625 0.828996190625 0.7882483375 0.8161331828125 0.7852587265625 0.8161331828125 0.7762898921875 0.828006728125 0.7673210593750001 0.8448275859375001 0.7718054765625 0.8557116718750001 0.77429681875 0.86461683125 0.7772864296875001 0.8794587640625 0.7688158656249999 0.88242715 0.766324521875 0.8923217734375 0.7643314484375 0.91112155625 0.7713072078125001 0.9220056390625 0.7752933546875 0.9319002609375 0.8056877359374999 0.9358581109375 0.8106704203125 0.9249740265625 0.8066842718749999 0.918047790625
5 0.9278074859375 0.8758501375 0.930811753125 0.8519866374999999 0.9211981015624999 0.812611859375 0.9097818906249999 0.8185777359375 0.9013699453124999 0.834089009375 0.8989665328124999 0.8519866374999999 0.8929579999999999 0.8734637875000001 0.886348615625 0.8937477625 0.885146909375 0.9068726874999999 0.892357146875 0.936702065625 0.935017725 0.9402815906249999 0.935017725 0.9009068140625001 0.9278074859375 0.8758501375
2 0.340625 0.4453125 0.0859375 0.0453125
8 0.23984375 0.56484375 0.06484375 0.03671875
8 0.065625 0.7296875 0.07734375 0.0421875
2 0.046875 0.440625 0.04296875 0.04765625
2 0.54453125 0.6078125 0.0859375 0.0453125
2 0.4390625 0.77421875 0.0875 0.04453125
2 0.54453125 0.6078125 0.0859375 0.0453125
8 0.925 0.56796875 0.059375 0.03828125
8 0.91015625 0.7375 0.12109375 0.125
8 0.73515625 0.7375 0.06484375 0.0390625
2 0.54296875 0.78828125 0.0859375 0.0453125
2 0.11171875 0.14140625 0.14921875 0.0515625
2 0.7109375 0.140625 0.0703125 0.04765625
8 0.7625 0.23671875 0.1171875 0.0390625
8 0.9421875 0.18359375 0.034375 0.23515625
2 0.5515625 0.27890625 0.07578125 0.04921875
2 0.54453125 0.1734375 0.05703125 0.04765625
8 0.05 0.3828125 0.03984375 0.0734375
5 0.3854986984375 0.8255250937499999 0.3846749484375 0.7780867625 0.37973244687499996 0.7453706734375001 0.3690236921875 0.747006478125 0.3583149359375 0.7617287187499999 0.351724934375 0.7780867625 0.34513493125 0.8108028515625 0.34431117968749997 0.8287967015625 0.34842993125 0.8582411828125001 0.353372434375 0.8680560093749999 0.3649049390625 0.8729634234375 0.37561369375 0.8664202046874999 0.38055619687500003 0.8484263562500001 0.3854986984375 0.8255250937499999
8 0.3328125 0.3953125 0.06875 0.0484375
8 0.53671875 0.55625 0.0703125 0.0625
8 0.440625 0.715625 0.07265625 0.06484375
8 0.54453125 0.234375 0.05390625 0.03515625