7 0.5419413703125 0.12020058125 0.5463562515625 0.1558067765625 0.5264892859375 0.16258890937499998 0.3947786671875 0.046444890625 0.25644572656250003 0.1642844421875 0.23952201562500003 0.165979975 0.23878620156250002 0.3092525234375 0.0938309390625 0.31349135625 0.09530256718749999 0.5101731984375 0.008476571875 0.5194986312500001 0.014363079687499999 0.627164984375 0.040852365625 0.6373381828125 0.0437956203125 0.7026162078125 0.0106840125 0.709398340625 0.0165705203125 0.8060437281249999 0.0960383796875 0.81452139375 0.0938309390625 0.9840747046875 0.10413232812499999 0.9832269390624999 0.9812220390625 0.982379171875 0.9878443609374999 0.10748408437500001 0.777051425 0 0.5419413703125 0.12020058125
2 0.209375 0.55703125 0.06171875 0.07265625
2 0.38359375 0.55546875 0.1078125 0.0796875
2 0.75703125 0.5515625 0.06015625 0.08203125
2 0.3203125 0.34296875 0.440625 0.06015625
2 0.7078125 0.346875 0.0640625 0.07734375
2 0.7609375 0.74609375 0.05703125 0.07890625
2 0.446875 0.7484375 0.06875 0.0796875
2 0.36171875 0.74765625 0.06640625 0.07421875
2 0.0546875 0.7484375 0.08125 0.07890625
2 0.0546875 0.55703125 0.0921875 0.08125
8 0.2125 0.48359375 0.0578125 0.0796875
8 0.38359375 0.48125 0.1078125 0.0796875
8 0.36171875 0.67109375 0.0546875 0.08046875
8 0.44375 0.67265625 0.06015625 0.08125
8 0.75625 0.66640625 0.05390625 0.07890625
4 0.55859375 0.90078125 0.190625 0.146875
4 0.82109375 0.90234375 0.2828125 0.146875
8 0.70546875 0.27265625 0.0546875 0.07109375
8 0.7546875 0.4765625 0.06015625 0.0703125