7 0.740340553125 0.20984678437499998 0.7838700828125 0.0859898984375 0.789966621875 0.015016737499999998 0.2123195796875 0.0173825109375 0.21500473750000001 0.074187584375 0.25870355625 0.205423115625 0.26060350625 0.24965981093749998 0.004699415625 0.25108864531249997 0.007910328125000001 0.9825144046875 0.988866196875 0.9790688328125 0.988866196875 0.2563254828125 0.7422405015625 0.25113436718750004 0.740340553125 0.20984678437499998
8 0.60390625 0.20078125 0.0984375 0.2125
8 0.409375 0.2078125 0.10234375 0.2125
8 0.60078125 0.49609375 0.1015625 0.1609375
8 0.4078125 0.50078125 0.10234375 0.1640625
8 0.6 0.846875 0.0953125 0.21796875
8 0.80703125 0.54140625 0.13828125 0.08125
4 0.80390625 0.8828125 0.14140625 0.21484375
4 0.19921875 0.88125 0.13515625 0.2171875
8 0.2046875 0.5390625 0.14453125 0.07890625
2 0.15546875 0.309375 0.24375 0.0953125
2 0.85625 0.3109375 0.24140625 0.0984375
2 0.853125 0.63125 0.24296875 0.1015625
2 0.153125 0.6328125 0.24609375 0.08828125
8 0.4046875 0.84453125 0.1015625 0.2234375