7 0.9935391250000001 0.73969786875 0.88005151875 0.4804897078125 0.7739538031250001 0.566892428125 0.7765930484375 0.32719455937499997 0.6340737296875 0.00806193125 0.4899708625 0.23521746875 0.361703475 0.0833159140625 0.231324690625 0.46097941562500006 0.11097504375 0.33694970468749996 0.0032937796875000002 0.672805440625 0 0.9983416249999999 0.9955182390624999 0.9983416249999999 0.9935391250000001 0.73969786875
8 0.146875 0.5546875 0.0421875 0.12734375
8 0.31796875 0.5359375 0.0625 0.1671875
8 0.41015625 0.821875 0.06015625 0.171875
8 0.58359375 0.5296875 0.06015625 0.171875
8 0.63125 0.27265625 0.06015625 0.171875
8 0.70390625 0.51171875 0.04296875 0.1328125
8 0.71796875 0.825 0.04296875 0.1328125
4 0.54921875 0.87734375 0.09140625 0.2421875
8 0.43203125 0.4984375 0.059375 0.17734375
5 0.999371859375 0.5536533015625 0.999371859375 0.426158965625 0.9969701453125 0.42439762031250006 0.9757242093749999 0.43659155156249996 0.9655631093749999 0.45122427031249995 0.9332323375 0.4585406296875 0.9203000296875 0.41464247500000007 0.9129101390625 0.41952004687500005 0.9055202484375 0.4122036875 0.8944354125 0.39757096875000003 0.8851980484374999 0.40488732812499995 0.8861217859374999 0.4536630578125 0.8851980484374999 0.4707345625 0.876884421875 0.48292849374999997 0.999371859375 0.74875621875 0.999371859375 0.7170519953125 0.999371859375 0.5536533015625