7 0.9943469781250001 0.09894736875 0.9519263203125 0 0.6715399609375 0.08842105312500001 0.6403508765625 0.08842105312500001 0.6052631578125001 0.0052631578125000005 0.345614034375 0.09052631562499999 0.3066276796875 0.0947368421875 0.2762183234375 0.0073684203125 0.0025341125 0.0957894734375 0.006432748437499999 0.9894736843749999 0.9834308 0.968421053125 0.9943469781250001 0.09894736875
8 0.15546875 0.2203125 0.06328125 0.1546875
8 0.47421875 0.2203125 0.075 0.14921875
8 0.6046875 0.21953125 0.06328125 0.1546875
8 0.915625 0.2203125 0.059375 0.15234375
8 0.7984375 0.221875 0.1171875 0.1640625
8 0.1515625 0.50546875 0.059375 0.19609375
8 0.4625 0.4875 0.05625 0.15546875
8 0.6015625 0.50546875 0.0609375 0.19765625
8 0.91328125 0.48359375 0.059375 0.15234375
8 0.8265625 0.48828125 0.05625 0.1609375
8 0.7359375 0.484375 0.059375 0.15234375
8 0.91640625 0.75 0.059375 0.1546875
8 0.82421875 0.75234375 0.059375 0.15234375
8 0.7375 0.75625 0.05625 0.1609375
8 0.60234375 0.75078125 0.075 0.15078125
8 0.15546875 0.75390625 0.075 0.14921875
8 0.3703125 0.48671875 0.06328125 0.1546875
8 0.36640625 0.75078125 0.05625 0.15546875
8 0.4640625 0.74921875 0.06015625 0.16171875
8 0.2234375 0.1890625 0.03203125 0.0828125