7 0 0.9701044078125 0.45817516875 0.9684307328124999 0.5236662 0.9980779140625 0.9930783484375001 0.9980779140625 0.992480690625 0.027356703125 0.0015650796875 0.0206586671875 0 0.84942801875 0 0.9701044078125
8 0.0921875 0.2109375 0.01640625 0.14375
8 0.19296875 0.2125 0.0484375 0.1375
8 0.2625 0.21328125 0.01640625 0.14375
8 0.44453125 0.24140625 0.01796875 0.0875
8 0.334375 0.21875 0.01640625 0.14375
8 0.1890625 0.46796875 0.05 0.14375
8 0.071875 0.4703125 0.0484375 0.1375
8 0.12890625 0.7359375 0.0484375 0.1375
8 0.253125 0.7359375 0.0484375 0.1375
8 0.44375 0.49375 0.01796875 0.0875
8 0.5109375 0.48828125 0.04921875 0.109375
8 0.52109375 0.24453125 0.05 0.0875
8 0.7046875 0.23984375 0.05 0.0875
8 0.6015625 0.24453125 0.01796875 0.0875
8 0.6 0.48515625 0.01796875 0.0875
8 0.70390625 0.48828125 0.04921875 0.109375
8 0.70546875 0.75234375 0.04921875 0.109375
8 0.5203125 0.74609375 0.04921875 0.109375
8 0.70546875 0.75234375 0.04921875 0.109375
8 0.4453125 0.7453125 0.015625 0.12578125
4 0.33515625 0.77734375 0.03515625 0.221875
2 0.57109375 0.84296875 0.35234375 0.075
2 0.56875 0.58515625 0.3484375 0.07890625
2 0.57109375 0.31640625 0.34609375 0.06875
8 0.8 0.2078125 0.01875 0.1390625
8 0.89609375 0.2125 0.05390625 0.14375
8 0.925 0.46640625 0.05546875 0.1375
8 0.8171875 0.7328125 0.01796875 0.1375
8 0.89609375 0.7328125 0.05703125 0.15078125
8 0.81640625 0.47421875 0.02265625 0.14140625
8 0.6 0.74140625 0.0203125 0.128125
8 0.26328125 0.47421875 0.0203125 0.15390625
4 0.921875 0.96328125 0.03203125 0.0703125
4 0.81953125 0.9625 0.015625 0.07265625