7 0.7646473109375 0.0730706078125 0.7666125140625 0.063218390625 0.5032753375000001 0.002463053125 0.23993816250000002 0.0681444984375 0.23993816250000002 0.0730706078125 0.0008384859375 0.07963875312499999 0.005423959375000001 0.9958949109375 0.999240121875 0.9980952375 0.999240121875 0.0730706078125 0.7646473109375 0.0730706078125
4 0.49921875 0.81015625 0.078125 0.32421875
8 0.60390625 0.6296875 0.04453125 0.1390625
5 0.6079027359375 0.5689075640625 0.6079027359375 0.582352940625 0.6128195953125 0.618207284375 0.6137135703125 0.6260504203124999 0.6213123546875 0.6327731078125 0.6150545328125 0.643977590625 0.6146075453125001 0.655182071875 0.6199713921875001 0.6686274515624999 0.6306990875 0.697759103125 0.638744859375 0.7235294109375 0.6539424281249999 0.7661064421875 0.6579653140625 0.8098039218749999 0.654836403125 0.9957983203125 0.6611600234375 0.9980952375 0.6637761484375 0.8221288515625 0.6673520468749999 0.8120448171874999 0.6736098687500001 0.8030812328125 0.6794207046875 0.7862745109375 0.6861255140625 0.76162465 0.696406221875 0.7123249296874999 0.6990881453125 0.684313725 0.70445199375 0.6484593828125 0.711156803125 0.5957983203125 0.717414625 0.56442576875 0.71652065 0.5375350140624999 0.7133917390625 0.5140056015625001 0.7102628281250001 0.48151260625000003 0.7084748796875 0.44341736718749997 0.7098158406249999 0.3997198875 0.7160736640625001 0.3795518203125 0.7196495625 0.3492997203125 0.717414625 0.3324929984375 0.711156803125 0.324649859375 0.712050778125 0.29887955312500003 0.70311103125 0.271988796875 0.6901484 0.24061624531249998 0.67584480625 0.21932773125 0.6588592890625 0.171148459375 0.6552833890625 0.1801120453125 0.6512605046875 0.22044817968750002 0.64768460625 0.2394957984375 0.652154478125 0.2473389359375 0.64723761875 0.2663865546875 0.64500268125 0.2663865546875 0.6369569109375 0.264145659375 0.6347219734375 0.283193278125 0.6342749859375 0.3 0.6414267828125 0.30784313750000003 0.6342749859375 0.32913165312500003 0.6284641515625 0.31792717187499997 0.6222063296875 0.3392156859375 0.6163954953124999 0.3694677859375 0.6204183796875 0.375070028125 0.61863043125 0.3862745109375 0.61594850625 0.398599440625 0.608349721875 0.417647059375 0.6079027359375 0.42549019687499995 0.6145403296875 0.4487837234375 0.6128195953125 0.47142857187500004 0.6074557484375 0.482633053125 0.6087967109375 0.5117647062499999 0.6074557484375 0.5386554625 0.6079027359375 0.5689075640625
5 0.33255855625 0.6663865546875 0.3347934921875 0.6507002796875 0.32898265625 0.636134453125 0.32451278437500003 0.6058823531249999 0.32987663125 0.5879551828125 0.336581440625 0.5756302515625 0.337922403125 0.5599439765625001 0.33255855625 0.5229691890625 0.33121759375000004 0.4770308109375 0.33032361875 0.46918767499999997 0.3343465046875 0.4400560234375 0.336581440625 0.42661064375 0.337475415625 0.417647059375 0.3330055421875 0.4042016796875 0.33255855625 0.38515406093750004 0.33166458125 0.36498599375 0.3428392640625 0.33473389375 0.3428392640625 0.31904761875 0.3401573390625 0.28095238125 0.3347934921875 0.2686274515625 0.32942964375 0.264145659375 0.3182549609375 0.251820728125 0.31691400000000003 0.24621848750000003 0.3142320765625 0.228291315625 0.3142320765625 0.2070028015625 0.316020025 0.18683473281250002 0.3115501515625 0.178991596875 0.30484534218750003 0.1767507015625 0.3061863046875 0.1610644265625 0.3124441265625 0.1543417375 0.3106561765625 0.10504201718749999 0.3030573921875 0.1128851546875 0.294564634375 0.128571428125 0.2838369390625 0.1588235296875 0.2762381546875 0.18235294062500002 0.2771321296875 0.2002801125 0.27534417968749997 0.2215686265625 0.2690863578125 0.2338935578125 0.2641694984375 0.243977590625 0.267298409375 0.27535014062499996 0.267298409375 0.294397759375 0.2632755234375 0.30336134531250003 0.25880565 0.31120448125 0.2556767390625 0.336974790625 0.251206865625 0.348179271875 0.251206865625 0.4030812328125 0.252547828125 0.421008403125 0.250759878125 0.4310924359375 0.2480779546875 0.48151260625000003 0.251653853125 0.5061624640625 0.252100840625 0.55770308125 0.2538887890625 0.5957983203125 0.2462900046875 0.62717086875 0.251206865625 0.67310924375 0.2614875734375 0.702240896875 0.265957446875 0.7515406171875 0.280708028125 0.7739495796875 0.294117646875 0.798599440625 0.2914357234375 0.8703081234375001 0.29992848125 0.8613445375 0.30126944375 0.8019607843750001 0.31289111406250003 0.7705882359375 0.323618809375 0.705602240625 0.33255855625 0.6663865546875
8 0.8953125 0.365625 0.1109375 0.1515625
8 0.89765625 0.62578125 0.1109375 0.1515625
8 0.89609375 0.87109375 0.10625 0.140625
8 0.73828125 0.86953125 0.0515625 0.14375
8 0.73671875 0.63203125 0.0515625 0.14375
8 0.73984375 0.36796875 0.0515625 0.14375
8 0.3953125 0.36484375 0.0515625 0.14375
8 0.39609375 0.628125 0.0515625 0.14375
8 0.396875 0.86328125 0.0515625 0.14375
8 0.25078125 0.8296875 0.0546875 0.07421875
8 0.1109375 0.61796875 0.1109375 0.1515625
8 0.10859375 0.86328125 0.10625 0.140625
8 0.10859375 0.3578125 0.1109375 0.1515625
8 0.5 0.3671875 0.10078125 0.1390625
8 0.60703125 0.3765625 0.0515625 0.14375
8 0.60703125 0.87421875 0.0515625 0.14375
8 0.25234375 0.371875 0.0515625 0.14375
5 0.9865332656250001 0.28571428593750003 0.9823117187499999 0.3492063484375 0.98336710625 0.383597884375 0.9749240125 0.396825396875 0.9749240125 0.41798941718749993 0.9696470796875 0.4074074078125 0.94959473125 0.37830687812499997 0.94959473125 0.3994708984375 0.9559270515625 0.44444444375 0.9517055046875 0.45502645468749997 0.9316531578125 0.441798940625 0.937985478125 0.4682539671875 0.9443177984375 0.4761904765625 0.9390408640624999 0.50529100625 0.9179331312500001 0.497354496875 0.9116008109375 0.5238095234375 0.9232100640625 0.55026455 0.93376393125 0.5634920625000001 0.9400962515625 0.5714285718750001 0.936930090625 0.6084656078124999 0.9400962515625 0.62962963125 0.9253208374999999 0.6481481484375 0.93376393125 0.6613756609375 0.9474839578124999 0.695767196875 0.9569824390624999 0.7142857140625 0.952760890625 0.7328042328125 0.9411516390625 0.7275132265625001 0.9538162781249999 0.746031746875 0.9590932125 0.753968253125 0.9770347859375 0.7804232796874999 0.9844224921875 0.79365079375 0.9865332656250001 0.8201058203124999 0.9896994250000001 0.8518518515625001 0.999240121875 0.8492063484375001 0.999240121875 0.28403787187499996 0.9865332656250001 0.28571428593750003
5 0 0 0 0.07644110312499999 0.20654695156249997 0.0676691734375 0.2055471125 0.047619046875 0.20254759218750001 0.0463659140625 0.1960486328125 0.0300751890625 0.20354743281249998 0.020050125 0.20154775156250002 0.0087719296875 0.1930491125 0.00501253125 0.1880499125 0.011278196875 0.1855503125 0.016290728125 0.18105103125 0.007518796875 0.1705527109375 0.020050125 0.1625539921875 0.0363408515625 0.159554471875 0.0187969921875 0.1581658046875 0 0 0
8 0.2375 0.62734375 0.0359375 0.1328125