7 0.8059182093749999 0 0.8047809671874999 0.041254834375 0.7945457859375 0.071336484375 0.8013692406249999 0.1443919203125 0.7376836640625 0.1024924796875 0.643861165625 0.17125053750000002 0.114474821875 0.160507090625 0 0.3757442171875 0.013260246875000001 0.4162011171875 0.0183778375 0.8437902875000001 0.04282855 0.84271594375 0.9156621015624999 0.9759346796875 0.9674066328125001 0.995272884375 0.996974934375 0.9694886125 0.9986807984375 0.6256983234375 0.9867397531250001 0.6138805328125 0.9878769953125 0.540825096875 0.9543283453125 0.519338203125 0.9236228000000001 0.53008165 0.9190738296875001 0.444134078125 0.9293090109375 0.4204984953125 0.9293090109375 0.4022346375 0.928740390625 0.38719381249999996 0.9372697078125001 0.353889128125 0.94125005625 0.331327890625 0.859368603125 0.21529866874999998 0.85879998125 0.0509239359375 0.8497020421875 0.0434035234375 0.8468589375000001 0.026214009375000003 0.8479961781249999 0.012247528125 0.8332120265625 0.010098840625 0.8340343406249999 0 0.8059182093749999 0
4 0.43125 0.8109375 0.07421875 0.1546875
4 0.1015625 0.76953125 0.03984375 0.159375
8 0.18046875 0.74296875 0.07421875 0.165625
8 0.29375 0.7515625 0.0796875 0.1625
4 0.54453125 0.79921875 0.04375 0.15625
8 0.65625 0.7546875 0.08125 0.1609375
8 0.66328125 0.48671875 0.04765625 0.10546875
8 0.54375 0.48984375 0.04765625 0.10546875
2 0.14375 0.54921875 0.12578125 0.08984375
2 0.2754194359375 0.29724186406249997 0.26259961249999997 0.26755088437499996 0.1443264015625 0.26676954375 0.143499315625 0.3488104078125 0.26011835625 0.35584248125 0.2754194359375 0.29724186406249997
2 0.5392596765625 0.2714575921875 0.4267760625 0.272238934375 0.4267760625 0.3511544328125 0.5380190484375 0.35193577343750004 0.5392596765625 0.2714575921875
8 0.3046875 0.48515625 0.05234375 0.11875
8 0.42421875 0.4890625 0.05 0.115625
8 0.16953125 0.4875 0.06875 0.03671875
8 0.2774871484375 0.29020979062499996 0.2754194359375 0.24567332031250003 0.1720337609375 0.240985271875 0.17162021875 0.2652068609375 0.2617725265625 0.2659882015625 0.2774871484375 0.29020979062499996
8 0.48828125 0.2546875 0.10703125 0.03203125
8 0.70859375 0.25859375 0.06640625 0.08203125
8 0.90078125 0.740625 0.02734375 0.17421875
8 0.79375 0.7390625 0.0234375 0.17890625
2 0.9858477984375 0.61173184375 0.9858477984375 0.53943476875 0.9539604140625 0.519717384375 0.926131421875 0.5328623078125 0.9226527984375 0.6095410234374999 0.9568592671875 0.59968233125 0.9858477984375 0.61173184375
5 0.9824796078125001 0.20204841718750002 0.974970196875 0.19140728906249999 0.9674607859375 0.198501375 0.9655834343749999 0.226877715625 0.9599513765625 0.20204841718750002 0.952441965625 0.20736898125 0.947748584375 0.226877715625 0.9411778515625 0.248159971875 0.9336684406250001 0.2623481421875 0.940239175 0.278309834375 0.9374231453125 0.3102332171875 0.946809909375 0.3315154734375 0.9374231453125 0.3545712515625 0.9364844703124999 0.36521237812499996 0.9317910875000001 0.38294759218749996 0.9299137359375 0.3971357625 0.9308524125 0.420191540625 0.92146565 0.44324731718750005 0.92146565 0.5301498625 0.9533806421875 0.519508734375 0.9852956359375 0.5407909906249999 0.989050340625 0.6152788859375 0.999408634375 0.6273224609375 0.999408634375 0.1701250328125 0.99092769375 0.163030946875 0.9824796078125001 0.20204841718750002