7 0.9971988796875 0.11097906093750001 0.9575163390625001 0.1129032265625 0.93417366875 0.0064516124999999995 0.0191409890625 0.00107526875 0 0.9993548390625 0.9971988796875 0.9993548390625 0.9971988796875 0.11097906093750001
2 0.478125 0.19921875 0.95234375 0.040625
2 0.4796875 0.32109375 0.95234375 0.040625
2 0.478125 0.45 0.95234375 0.040625
2 0.4765625 0.5765625 0.95234375 0.040625
2 0.484375 0.703125 0.95234375 0.040625
2 0.4765625 0.82734375 0.95234375 0.040625
4 0.7375 0.9421875 0.246875 0.11328125
8 0.3796875 0.1375 0.38828125 0.04765625
8 0.56171875 0.5390625 0.3 0.034375
8 0.39140625 0.66171875 0.4265625 0.0390625
8 0.59375 0.41796875 0.3859375 0.02265625
8 0.50234375 0.78125 0.6 0.04921875