7 0.998339990625 0.09160423281249999 0.9770436421875001 0.0433305015625 0.027579870312499997 0.0018150921875 0.0017281343750000001 0.053950721874999996 0.0009447484375 0.731713909375 0.027579870312499997 0.781918590625 0.029930028125 0.9972194328124999 0.9488417484375 0.9981849078125 0.9519752921875 0.8649494093750001 0.998339990625 0.8220931968749999 0.998339990625 0.09160423281249999
2 0.05859375 0.25390625 0.0671875 0.0453125
2 0.15 0.25625 0.0671875 0.0453125
2 0.23984375 0.25546875 0.0671875 0.0453125
2 0.33046875 0.2546875 0.06640625 0.040625
2 0.42734375 0.25390625 0.0671875 0.0453125
2 0.52578125 0.25390625 0.0828125 0.040625
2 0.6359375 0.2546875 0.07578125 0.04453125
2 0.7359375 0.25234375 0.0734375 0.0453125
2 0.83515625 0.25078125 0.0734375 0.0453125
2 0.9359375 0.253125 0.0734375 0.0453125
2 0.05625 0.384375 0.0671875 0.0453125
2 0.14765625 0.38671875 0.0671875 0.0453125
2 0.234375 0.38671875 0.06015625 0.046875
2 0.328125 0.3875 0.0671875 0.0453125
2 0.425 0.384375 0.0671875 0.0453125
2 0.5234375 0.384375 0.0828125 0.040625
2 0.63359375 0.38515625 0.07578125 0.04453125
2 0.73359375 0.3828125 0.0734375 0.0453125
2 0.8328125 0.38046875 0.0734375 0.0453125
2 0.93671875 0.5140625 0.0734375 0.0453125
2 0.059375 0.51484375 0.0671875 0.0453125
2 0.15078125 0.5171875 0.0671875 0.0453125
2 0.234375 0.515625 0.0546875 0.04453125
2 0.32890625 0.51796875 0.06171875 0.0453125
2 0.428125 0.51484375 0.0671875 0.0453125
2 0.5265625 0.51484375 0.0828125 0.040625
2 0.63671875 0.515625 0.07578125 0.04453125
2 0.73671875 0.51328125 0.0734375 0.0453125
2 0.8328125 0.64140625 0.0734375 0.0453125
2 0.93359375 0.64453125 0.0734375 0.0453125
2 0.05625 0.6453125 0.0671875 0.0453125
2 0.14765625 0.646875 0.0671875 0.0453125
2 0.23203125 0.64609375 0.05703125 0.0453125
2 0.328125 0.6484375 0.0671875 0.0453125
2 0.425 0.6453125 0.0671875 0.0453125
2 0.5234375 0.64453125 0.0828125 0.040625
2 0.63359375 0.64609375 0.07578125 0.04453125
2 0.73359375 0.64375 0.0734375 0.0453125
2 0.8328125 0.64140625 0.0734375 0.0453125
2 0.93359375 0.64453125 0.0734375 0.0453125
8 0.1484375 0.16484375 0.06171875 0.13515625
8 0.23203125 0.1671875 0.06171875 0.13515625
8 0.33515625 0.175 0.06484375 0.13515625
8 0.428125 0.165625 0.0734375 0.140625
8 0.52890625 0.16875 0.06796875 0.1265625
8 0.634375 0.18203125 0.07734375 0.1015625
8 0.7515625 0.178125 0.0453125 0.10234375
8 0.8484375 0.18046875 0.053125 0.0984375
8 0.909375 0.18046875 0.01796875 0.096875
8 0.63046875 0.60546875 0.06171875 0.02578125
8 0.746875 0.603125 0.0515625 0.0296875
2 0.2296875 0.771875 0.06328125 0.05078125
2 0.32734375 0.7734375 0.0765625 0.04921875
2 0.42890625 0.7734375 0.075 0.04375
2 0.5265625 0.7734375 0.0859375 0.0546875
2 0.628125 0.77265625 0.0796875 0.05078125
2 0.73515625 0.77421875 0.075 0.05
2 0.8375 0.77265625 0.07578125 0.04765625
2 0.93359375 0.76953125 0.065625 0.0453125
4 0.5296875 0.8984375 0.065625 0.1359375
8 0.428125 0.878125 0.07578125 0.08515625
8 0.2359375 0.73359375 0.0484375 0.02734375
8 0.33515625 0.7375 0.05390625 0.025
8 0.43125 0.73046875 0.06875 0.03828125
8 0.53125 0.73125 0.07421875 0.0359375
8 0.62734375 0.72890625 0.07265625 0.034375
8 0.75 0.73046875 0.04609375 0.034375
8 0.85 0.73203125 0.05234375 0.0359375
8 0.90625 0.60078125 0.0203125 0.0421875
8 0.9046875 0.7265625 0.015625 0.03125
8 0.8484375 0.6015625 0.04609375 0.0296875
8 0.53125 0.60859375 0.0625 0.028125
8 0.43515625 0.60390625 0.0703125 0.03828125
8 0.33515625 0.6078125 0.05625 0.034375
8 0.23203125 0.6046875 0.046875 0.0375
8 0.140625 0.6015625 0.0578125 0.03984375
8 0.14375 0.47734375 0.05546875 0.028125
8 0.234375 0.47890625 0.053125 0.0265625
8 0.33125 0.47890625 0.0625 0.0265625
8 0.43046875 0.4734375 0.0640625 0.03203125
8 0.528125 0.478125 0.06796875 0.03203125
8 0.62890625 0.4734375 0.05703125 0.03359375
8 0.74921875 0.47265625 0.0484375 0.03046875
8 0.8484375 0.4734375 0.0546875 0.02734375
8 0.9140625 0.471875 0.02734375 0.03515625
8 0.9109375 0.346875 0.0234375 0.021875
2 0.93515625 0.38203125 0.07109375 0.040625
8 0.8484375 0.34609375 0.04453125 0.0203125
8 0.746875 0.35078125 0.053125 0.021875
8 0.63515625 0.35078125 0.07265625 0.02421875
8 0.53046875 0.3515625 0.08203125 0.0234375
8 0.4359375 0.35 0.06171875 0.01796875
8 0.334375 0.353125 0.06171875 0.0234375
8 0.23828125 0.3515625 0.04453125 0.021875
8 0.14765625 0.33671875 0.0625 0.0484375