7 0 0 0.0050253171875 0.9988292781249999 0.9975062343750001 0.9988292781249999 0.9760937953125 0 0 0
2 0.4984375 0.20625 0.9625 0.040625
2 0.51328125 0.3296875 0.959375 0.04140625
2 0.496875 0.4546875 0.9625 0.040625
2 0.5046875 0.58125 0.959375 0.04140625
2 0.48828125 0.70625 0.9625 0.040625
2 0.51875 0.83125 0.9625 0.040625
4 0.77421875 0.92578125 0.2546875 0.10546875
8 0.53359375 0.7734375 0.65 0.07265625
8 0.49609375 0.64921875 0.621875 0.0703125
8 0.5109375 0.52890625 0.63515625 0.06328125
8 0.49609375 0.4046875 0.628125 0.06328125
8 0.51015625 0.28359375 0.63359375 0.0578125
8 0.49453125 0.090625 0.64140625 0.08515625
8 0.48515625 0.16875 0.6234375 0.03671875