7 0 0.19089843281250002 0.0005071 0.742929521875 0.1517917515625 0.770341803125 0.1568627453125 0.97451603125 0.99926470625 0.9569659906249999 0.995267071875 0.1965744109375 0.6242393500000001 0.0037431937499999997 0 0.19089843281250002
8 0.34609375 0.36484375 0.06640625 0.153125
8 0.2265625 0.36953125 0.06640625 0.153125
8 0.590625 0.5953125 0.06640625 0.153125
8 0.846875 0.3671875 0.06640625 0.153125
8 0.84453125 0.596875 0.06640625 0.153125
8 0.590625 0.5953125 0.06640625 0.153125
8 0.3484375 0.5921875 0.06640625 0.153125
4 0.82578125 0.865625 0.1140625 0.178125
4 0.59453125 0.86640625 0.07890625 0.1765625
8 0.590625 0.3703125 0.06640625 0.153125
5 0.6148380703125 0.765190715625 0.623925975 0.7550266125 0.6346662249999999 0.7494825546875 0.64623265 0.7430144890625 0.6850627890625 0.7217622703125001 0.6966292125 0.7189902421875 0.7048909453125 0.7134461859375001 0.69993390625 0.6921939671875 0.706543290625 0.6875739203125 0.72802379375 0.66909373125 0.7115003296875 0.6506135421875 0.702412425 0.6552335890625 0.6751487109375 0.673713778125 0.6751487109375 0.668169721875 0.67184401875 0.6598536359375 0.6751487109375 0.6441454765625 0.681758096875 0.62751330625 0.695803040625 0.6182732109375 0.69993390625 0.595172975 0.6858889625 0.5859328796875001 0.6743225374999999 0.5868568890625 0.6611037671875 0.6127291546875 0.67184401875 0.6173492015625001 0.6693655 0.635829390625 0.6635822874999999 0.6367534 0.6594514218749999 0.63860141875 0.6528420359375 0.6459934953124999 0.6528420359375 0.660777646875 0.63797091875 0.6829538734375 0.6330138796875 0.6792578359375 0.6288830140624999 0.6672457125 0.63218770625 0.6496895328125001 0.6288830140624999 0.633981371875 0.6313615328125 0.6247412765625 0.6412756109375 0.6219692484375 0.64623265 0.60441306875 0.6553205546875 0.5859328796875001 0.661929940625 0.5646806625 0.66606080625 0.5434284453125 0.6511896890625 0.5397324078125 0.642101784375 0.5554405671875 0.6338400531249999 0.565604671875 0.6297091874999999 0.5822368421874999 0.6288830140624999 0.5914769359375 0.6272306671875 0.601641040625 0.6181427625 0.6136531640625 0.6148380703125 0.592400946875 0.6115333765625001 0.5711487281250001 0.6189689359375 0.540656415625 0.6313615328125 0.5240242453125 0.63218770625 0.5147841515625 0.636318571875 0.5036960374999999 0.636318571875 0.49353193281249996 0.6230998015625 0.4778237734375 0.6156642437500001 0.4473314609375 0.6189689359375 0.42607924375 0.6007931265625001 0.42607924375 0.5826173171875 0.4482554703125 0.57022471875 0.44917947968750005 0.5586582953125 0.45564754531249996 0.5611368140625 0.473203725 0.57022471875 0.4916839140625 0.580138796875 0.5258722640625 0.57600793125 0.540656415625 0.5693985453125 0.5452764640625001 0.56444150625 0.5517445296875 0.556179775 0.5480484921875 0.546265696875 0.542504434375 0.5322207531250001 0.540656415625 0.518175809375 0.538808396875 0.507435559375 0.558212596875 0.51404494375 0.572996746875 0.5231328484375 0.5813128328125 0.5371777921875001 0.5896289171875 0.5280898875 0.5988690125 0.5313945796875 0.603489059375 0.543787178125 0.6191972203125 0.5528750828125 0.6312093437499999 0.56444150625 0.637677409375 0.57022471875 0.6506135421875 0.579312625 0.6580056171875001 0.57848645 0.6672457125 0.57022471875 0.668169721875 0.5528750828125 0.662625665625 0.53635161875 0.6727897703125 0.5421348312500001 0.6903459484375001 0.5305684078125 0.6774098171875 0.5289160609375 0.666321703125 0.5206543296875 0.6459934953124999 0.51404494375 0.6201212296875 0.4975214796875 0.6145771734375 0.4876074015625 0.603489059375 0.4653007265625 0.60256505 0.45951751406249997 0.6164251921874999 0.4611698609375 0.6312093437499999 0.477693325 0.6506135421875 0.461996034375 0.6487655234374999 0.45208195624999997 0.6543095796875 0.45786516875 0.6617016546875 0.47438863124999997 0.673713778125 0.490085921875 0.6792578359375 0.523959021875 0.6718657593749999 0.5346992734375 0.6921939671875 0.543787178125 0.69958604375 0.5520489093750001 0.7162182140625 0.5619629875000001 0.73377439375 0.54791804375 0.7393184500000001 0.5280898875 0.73747043125 0.515697290625 0.73377439375 0.5148711171875 0.7457865171875 0.5396563125 0.75687463125 0.55370125625 0.7587226499999999 0.5768341046875001 0.76057066875 0.58757435625 0.7698107624999999 0.6032716453125 0.772582790625 0.6148380703125 0.765190715625
5 0.1447455390625 0.7559506203125 0.163747521875 0.7541026015625001 0.177792465625 0.740242459375 0.180270984375 0.7300783562500001 0.169530734375 0.7300783562500001 0.132352940625 0.734698403125 0.1216126890625 0.7245343 0.1207865171875 0.7106741578125 0.1406146734375 0.700510053125 0.14391936562500002 0.6801818453124999 0.138136153125 0.6746377890625 0.1207865171875 0.6746377890625 0.10674157343749999 0.66539769375 0.10674157343749999 0.6487655234374999 0.107567746875 0.6330573625 0.11417713125 0.6219692484375 0.1224388625 0.6173492015625001 0.1331791140625 0.6164251921874999 0.1472240578125 0.603489059375 0.1587904828125 0.5813128328125 0.15631196249999998 0.5766927859375001 0.1447455390625 0.5803888234375 0.1224388625 0.603489059375 0.110046265625 0.62751330625 0.09765366875 0.632133353125 0.08443489843749999 0.62381726875 0.07865168593750001 0.6413734468750001 0.07121612656250001 0.6450694859375 0.0670852609375 0.6478415140625 0.0571711828125 0.6367534 0.055518837499999994 0.630285334375 0.0670852609375 0.6228932578124999 0.070389953125 0.6007170312500001 0.073694646875 0.5896289171875 0.079477859375 0.57022471875 0.096001321875 0.5803888234375 0.10178453437499999 0.5766927859375001 0.0993060140625 0.5720727375 0.096001321875 0.5572885859375 0.10426305312499999 0.5489725015625 0.10839391875 0.5360363687499999 0.10674157343749999 0.50554405625 0.0951751484375 0.50554405625 0.0811302046875 0.5258722640625 0.07865168593750001 0.5462004734375 0.0670852609375 0.5646806625 0.05221414375 0.5683767 0.0414738921875 0.561908634375 0.039821546875 0.5434284453125 0.0546926625 0.53418835 0.06378056875 0.5258722640625 0.0670852609375 0.507392075 0.0654329140625 0.48983589531250005 0.0654329140625 0.46581165 0.0646067421875 0.439939384375 0.06956378125 0.4186871671875 0.0629543953125 0.40852306406250005 0.049735625 0.42607924375 0.049735625 0.44917947968750005 0.03569068125 0.45657155468750005 0.029081295312499998 0.468583678125 0.0191672171875 0.4815198109375 0.0224719109375 0.5110881140625 0.026602775000000002 0.529568303125 0.02412425625 0.542504434375 0.011731659375 0.5452764640625001 0.007600793749999999 0.5452764640625001 0.0042961 0.529568303125 0.0009914078125 0.5120121234375 0 0.5215479000000001 0.0009914078125 0.5840848609375 0.007600793749999999 0.59332495625 0.013384004687500001 0.6164251921874999 0.0166886984375 0.628437315625 0.0150363515625 0.6506135421875 0.007600793749999999 0.6561575984375 0.023298082812500003 0.6672457125 0.025776603125000002 0.673713778125 0.02742895 0.6875739203125 0.026602775000000002 0.6921939671875 0.0100793125 0.6857259015625 0.0009914078125 0.6820298640625 0 0.6867423125000001 0.0018175812499999998 0.73377439375 0.0042961 0.7504065640625 0.013384004687500001 0.76426670625 0.023298082812500003 0.772582790625 0.0348645078125 0.7845949140624999 0.0728684734375 0.766114725 0.09187045625 0.7577986390625 0.11417713125 0.7541026015625001 0.1447455390625 0.7559506203125