7 0 0.8089947093750001 0.0287260609375 0.8301587296875 0.0270607828125 0.996296296875 0.969608659375 0.996296296875 0.9721065781249999 0.7994709 0.9929225640625001 0.7793650796875 0.9962531218749999 0.003703703125 0.5657785171875 0.00582010625 0.5591174015625 0.21851851875 0.38093255625 0.216402115625 0.3626144875 0.1550264546875 0 0.1550264546875 0 0.8089947093750001
2 0.184375 0.75703125 0.328125 0.05859375
2 0.18828125 0.60703125 0.328125 0.05859375
2 0.18046875 0.45078125 0.328125 0.05859375
2 0.184375 0.30078125 0.328125 0.05859375
2 0.77734375 0.17890625 0.38046875 0.05703125
2 0.778125 0.3609375 0.384375 0.0609375
2 0.77578125 0.540625 0.38515625 0.065625
2 0.778125 0.721875 0.38671875 0.0578125
8 0.903125 0.30546875 0.0984375 0.04765625
8 0.640625 0.30390625 0.1171875 0.0515625
8 0.90390625 0.48515625 0.0984375 0.04765625
8 0.64140625 0.48203125 0.1171875 0.0515625
8 0.296875 0.25703125 0.0859375 0.03359375
8 0.0875 0.25078125 0.0875 0.0421875
8 0.30078125 0.40078125 0.08828125 0.0390625
8 0.0921875 0.40234375 0.0921875 0.0359375
8 0.30234375 0.55546875 0.08828125 0.0390625
8 0.09296875 0.55703125 0.0921875 0.0359375
8 0.30390625 0.703125 0.09140625 0.05
8 0.096875 0.70390625 0.090625 0.0453125
8 0.9 0.6546875 0.096875 0.08046875
8 0.6390625 0.65546875 0.11484375 0.08359375
8 0.89921875 0.12890625 0.0984375 0.04765625
8 0.640625 0.12890625 0.109375 0.03984375
8 0.7546875 0.49453125 0.0859375 0.0375
8 0.75546875 0.6625 0.08828125 0.05859375
8 0.75390625 0.32109375 0.08984375 0.025
8 0.20078125 0.409375 0.1015625 0.0234375
8 0.2015625 0.56171875 0.09453125 0.0390625
8 0.2015625 0.7046875 0.09375 0.05
8 0.20234375 0.2609375 0.09140625 0.0296875