7 0.496875 0.4984375 0.990625 0.996875
2 0.13671875 0.12734375 0.2109375 0.134375
2 0.378125 0.1234375 0.2140625 0.12734375
2 0.62109375 0.128125 0.209375 0.12890625
2 0.86171875 0.12109375 0.2078125 0.1265625
2 0.86015625 0.44765625 0.20859375 0.13359375
2 0.61953125 0.4453125 0.209375 0.121875
2 0.3828125 0.44609375 0.209375 0.1296875
2 0.13671875 0.44375 0.2140625 0.134375
4 0.17109375 0.75625 0.15625 0.3296875
4 0.3984375 0.74921875 0.1765625 0.309375
4 0.60234375 0.76171875 0.175 0.315625
4 0.82734375 0.75234375 0.14375 0.31328125
8 0.8265625 0.35546875 0.13828125 0.0546875
8 0.6046875 0.35546875 0.1796875 0.0625
8 0.39609375 0.35546875 0.178125 0.053125
8 0.14921875 0.3484375 0.1875 0.0546875