7 0 0.89527831875 0.0842362109375 0.891410625 0.0842362109375 0.9788205078125 0.11770871875 0.9896500515625 0.186415446875 0.9803675859375 0.19874742343750001 0.995064821875 0.308854359375 0.9803675859375 0.358182265625 0.9958383609375 0.5387576421875 0.9656703484375001 0.5414002078125 0.9966119000000001 0.9659725531250001 0.995064821875 0.9686151187500001 0.89527831875 0.9985642046875001 0.8937312421874999 0.9950407828125 0.5425446328125 0.5916089703125 0.539450478125 0.5951323921875 0.45436121093750004 0.5810387046875001 0.43579628125000003 0.582800415625 0.2153377265625 0.4726934796875 0.004935178125 0 0.0018489015625000002 0.00319750625 0.0459327328125 0.0252188921875 0.09543921562499999 0.0049592171875 0.0969862921875 0.00231665 0.148813390625 0.026099748437499997 0.20064049062499997 0.0111252046875 0.1998669515625 0.013767771875000001 0.216111265625 0 0.21655905937500003 0 0.25169405 0.029623170312500002 0.3073888421875 0.012886915625 0.30816238125 0.0111252046875 0.32363315625 0 0.32363315625 0 0.3599894796875 0.0357891578125 0.4141371953125 0.00936349375 0.4141371953125 0.007601782812500001 0.4296079703125 0 0.4301642734375 0 0.4628701390625 0.043716857812499996 0.51856493125 0.0120060609375 0.517017853125 0.0102443484375 0.5324886296875 0 0.535299959375 0 0.573486184375 0.07718936562499999 0.5966923484375 0.07630851093749999 0.6245397453125 0.00936349375 0.62376620625 0.012886915625 0.641557596875 0 0.6421863125 0.0014357953125 0.6786874593750001 0.0789510765625 0.6964788515625 0.08159364375 0.727420403125 0.012886915625 0.72896748125 0.0146486265625 0.7514001046875001 0 0.7514001046875001 0.0014357953125 0.7846622734375 0.07630851093749999 0.7947182765624999 0.07718936562499999 0.833395215625 0.0164103375 0.832621678125 0.0155294828125 0.85737491875 0 0.8584659171875 0 0.89527831875
2 0.409375 0.10625 0.11484375 0.01171875
2 0.26484375 0.103125 0.14296875 0.0125
2 0.09296875 0.10390625 0.17109375 0.01328125
2 0.26640625 0.2109375 0.14296875 0.0140625
2 0.40859375 0.2109375 0.11171875 0.015625
2 0.0953125 0.20703125 0.16484375 0.01484375
2 0.26640625 0.315625 0.1421875 0.0140625
2 0.409375 0.31796875 0.10859375 0.01640625
2 0.09375 0.315625 0.16796875 0.01640625
2 0.09453125 0.42265625 0.16796875 0.01484375
2 0.265625 0.4234375 0.1453125 0.0203125
2 0.40859375 0.425 0.10859375 0.01796875
2 0.09453125 0.52734375 0.1671875 0.01953125
2 0.265625 0.5296875 0.14609375 0.0203125
2 0.40859375 0.5296875 0.109375 0.015625
2 0.4109375 0.63671875 0.11328125 0.01953125
2 0.2671875 0.63515625 0.14765625 0.01953125
2 0.09453125 0.63203125 0.1703125 0.0203125
2 0.09609375 0.7390625 0.16484375 0.0203125
2 0.26640625 0.740625 0.14453125 0.0203125
2 0.41171875 0.74140625 0.11171875 0.021875
2 0.54609375 0.73984375 0.1328125 0.02109375
2 0.54609375 0.6359375 0.1328125 0.0203125
2 0.70078125 0.6359375 0.14609375 0.01796875
2 0.8859375 0.6375 0.190625 0.02421875
2 0.88671875 0.74296875 0.18828125 0.02265625
2 0.70078125 0.7421875 0.14765625 0.02109375
2 0.8875 0.846875 0.1859375 0.02421875
2 0.6984375 0.84609375 0.15 0.021875
2 0.54765625 0.846875 0.13203125 0.021875
2 0.4109375 0.846875 0.11328125 0.02265625
2 0.26484375 0.84375 0.14453125 0.02109375
2 0.09765625 0.84453125 0.16640625 0.02734375
8 0.5334725078125 0.708855471875 0.53523421875 0.7281939421875 0.5986558140625 0.7281939421875 0.5986558140625 0.6926111578125 0.5334725078125 0.708855471875
8 0.7475203921875 0.6987994671875 0.6823370859375 0.7142702437499999 0.683217940625 0.7305145578125 0.74575868125 0.72974101875 0.7475203921875 0.6987994671875
8 0.908716946875 0.7026671624999999 0.8303208078125 0.7134967046875 0.8303208078125 0.72896748125 0.908716946875 0.731288096875 0.908716946875 0.7026671624999999
8 0.908716946875 0.7978124328125 0.8303208078125 0.8055478203125 0.8294399515625 0.8341687546875001 0.9078360906249999 0.8357158328125 0.908716946875 0.7978124328125
8 0.7475203921875 0.7962653546875 0.6814562296875 0.8040007421875 0.680575375 0.8357158328125 0.749282103125 0.83494229375 0.7475203921875 0.7962653546875
8 0.603940946875 0.7923976609375 0.532591653125 0.8016801265625 0.53699593125 0.8357158328125 0.6021792359375 0.833395215625 0.603940946875 0.7923976609375
8 0.60129838125 0.59359819375 0.53523421875 0.62067205 0.5351541765625 0.6279769468749999 0.6021792359375 0.6284074375 0.60129838125 0.59359819375
8 0.42223616249999996 0.7996016609375001 0.42271871875 0.83435036875 0.44105583125000003 0.836045428125 0.439125609375 0.794516484375 0.42223616249999996 0.7996016609375001
8 0.424166384375 0.701712009375 0.4232012734375 0.7317993046875 0.438643053125 0.72968048125 0.43816049843749993 0.6978981265625 0.424166384375 0.701712009375
8 0.4212710515625 0.6084837703125 0.42223616249999996 0.6271294171874999 0.4396081640625 0.6279769468749999 0.438643053125 0.59873718125 0.4212710515625 0.6084837703125
8 0.28905081250000003 0.8021442499999999 0.28953336875 0.8335028390625 0.32813781875000003 0.8313840156250001 0.3286203734375 0.7940927203125 0.28905081250000003 0.8021442499999999
8 0.2904984796875 0.7084922453125 0.28953336875 0.7288329515624999 0.329585484375 0.7305280109375001 0.330068040625 0.69281295 0.2904984796875 0.7084922453125
8 0.286638034375 0.6173828296874999 0.2885682578125 0.62501059375 0.3286203734375 0.6241630640625 0.32813781875000003 0.589838121875 0.286638034375 0.6173828296874999
8 0.842834884375 0.623687959375 0.9084670875 0.6260308890624999 0.91060146875 0.6068188640625001 0.842834884375 0.623687959375
8 0.684357125 0.618064928125 0.6822227437499999 0.6255623031249999 0.747854946875 0.6260308890624999 0.747321353125 0.5955728 0.684357125 0.618064928125