7 0 0 0 0.767952840625 0.0121663125 0.7711052265625 0.0121663125 0.9833659078125001 0.999397590625 0.9969739843750001 0.999397590625 0.13852636406250002 0.6293408921875 0.1416787515625 0.6234349156250001 0.13327238749999998 0.5330734703125 0.13222159218750001 0.5348452625 0.11015488749999999 0.5369987375 0 0.4598393578125 0 0.4604299546875 0.058665909375000005 0.368296715625 0.05761511406249999 0.3641625328125 0.038700796875 0.2543113625 0.040802387499999995 0.2456126734375 0 0 0
8 0.7703125 0.8859375 0.45234375 0.22578125
4 0.7 0.94375 0.05390625 0.11015625
4 0.81796875 0.93984375 0.05703125 0.11875
4 0.41796875 0.8515625 0.075 0.10625
8 0.4984375 0.84921875 0.0578125 0.096875
8 0.18671875 0.87734375 0.35 0.2125
4 0.30390625 0.921875 0.05859375 0.11640625
8 0.08515625 0.68046875 0.05078125 0.12421875
8 0.20390625 0.6796875 0.05703125 0.13671875
8 0.3046875 0.69296875 0.09453125 0.12421875
2 0.45078125 0.60859375 0.15703125 0.05390625
2 0.45078125 0.73828125 0.15859375 0.04609375
8 0.303125 0.54375 0.1015625 0.11640625
8 0.171875 0.5328125 0.0546875 0.12890625
8 0.0859375 0.3796875 0.0546875 0.11875
8 0.2015625 0.38046875 0.05390625 0.12734375
8 0.32109375 0.3828125 0.0515625 0.12109375
8 0.4109375 0.38359375 0.1 0.12578125
8 0.415625 0.25703125 0.09296875 0.07421875
8 0.3203125 0.2359375 0.05078125 0.121875
8 0.2046875 0.23203125 0.05703125 0.128125
8 0.20390625 0.0875 0.0546875 0.125
8 0.30859375 0.10703125 0.09140625 0.0734375
2 0.82578125 0.2625 0.09609375 0.06484375
2 0.6015625 0.26640625 0.103125 0.06328125
2 0.5953125 0.43046875 0.09765625 0.05078125
2 0.82421875 0.41953125 0.10078125 0.0515625
8 0.84921875 0.53125 0.06015625 0.12265625
2 0.93671875 0.56953125 0.09921875 0.0484375
8 0.925 0.51796875 0.07578125 0.05234375
8 0.80234375 0.67421875 0.0734375 0.05703125
2 0.81484375 0.7234375 0.0984375 0.04609375
2 0.70546875 0.578125 0.0984375 0.05078125
8 0.696875 0.528125 0.08515625 0.05078125
8 0.5921875 0.55 0.0953125 0.12109375
2 0.59296875 0.728125 0.0953125 0.05078125
8 0.58828125 0.675 0.084375 0.06015625
8 0.7 0.690625 0.0875 0.12734375
8 0.91484375 0.2375 0.05 0.125
8 0.9609375 0.38203125 0.05234375 0.12890625
8 0.59140625 0.38984375 0.07890625 0.03984375
2 0.3015625 0.11640625 0.10234375 0.05234375
2 0.415625 0.1609375 0.09453125 0.04921875
2 0.5015625 0.21875 0.0546875 0.0546875
8 0.68984375 0.23828125 0.0578125 0.1203125
8 0.73515625 0.384375 0.053125 0.121875
8 0.91640625 0.68359375 0.053125 0.1265625