7 0.98513820625 0.868196009375 0.98040515 0.8122030671875 0.952006815625 0.8105063124999999 0.95437334375 0.7434844578125 0.9839549406250001 0.7324555453125 0.988687996875 0.7154879875 0.98040515 0.712942853125 0.982771678125 0.6713723359375 0.9567398718750001 0.66628206875 0.9567398718750001 0.6035021031250001 0.9839549406250001 0.5933215703125 0.98513820625 0.532238359375 0.9531900796875 0.5313899828124999 0.952006815625 0.5042418890625 0.9983552625 0.4656939734375 0.9983552625 0 0.00421241875 0.008789195312500001 0 0.6231030265624999 0.000662628125 0.8707411421875 0.01486179375 0.8690443875 0.01367853125 0.99714945 0.952006815625 0.997997828125 0.9508235515625 0.8885570796875 0.969755775 0.8758314109375 0.98513820625 0.868196009375
2 0.47734375 0.69140625 0.946875 0.040625
2 0.49296875 0.82890625 0.97265625 0.04609375
8 0.11171875 0.94765625 0.0828125 0.08125
8 0.2640625 0.9484375 0.07890625 0.0765625
8 0.4125 0.9484375 0.08984375 0.078125
8 0.56171875 0.953125 0.06171875 0.07578125
8 0.71171875 0.9515625 0.0875 0.08046875
8 0.8578125 0.953125 0.07890625 0.07734375
8 0.4890625 0.77890625 0.88828125 0.0578125
8 0.4890625 0.64375 0.90390625 0.05078125
2 0.49609375 0.55390625 0.97734375 0.0453125
8 0.49296875 0.50546875 0.91328125 0.0453125
8 0.11171875 0.38984375 0.12578125 0.08046875
8 0.26484375 0.38671875 0.1171875 0.08203125
8 0.41953125 0.3875 0.10859375 0.08203125
8 0.56015625 0.38828125 0.10625 0.08515625
8 0.709375 0.3921875 0.11328125 0.084375
8 0.86953125 0.38671875 0.13515625 0.084375
8 0.86875 0.25 0.1453125 0.084375
8 0.709375 0.25078125 0.115625 0.08125
8 0.55859375 0.25078125 0.11015625 0.08125
8 0.259375 0.25234375 0.11015625 0.075
8 0.10859375 0.2484375 0.128125 0.084375
8 0.10546875 0.11171875 0.140625 0.075
8 0.2625 0.11484375 0.11953125 0.07265625
8 0.4203125 0.1140625 0.10546875 0.06953125
8 0.55703125 0.1125 0.11328125 0.06875
8 0.70859375 0.115625 0.11484375 0.06875
8 0.8671875 0.1140625 0.13828125 0.06953125