7 0.87718430625 0.784028403125 0.94378503125 0.7740274015625 0.9807121656250001 0.7680268031249999 0.999406528125 0.75959758125 0.999406528125 0.6270127015625 0.9840092328125 0.6150115015625001 0.8679525218749999 0.6100110015625 0.8712495875 0.5340034 0.88443785 0.5250025 0.907517309375 0.49699970000000004 0.9101549625 0.4759976 0.9081767234375 0.3699869984375 0.8989449390625 0.3579857984375 0.8850972640625001 0.3449844984375 0.8692713484375 0.3409840984375 0.8686119359375001 0.2809780984375 0.9787339265625 0.168966896875 0.9879657109375 0.14596459687500002 0.9978569078125 0.072957296875 0.99587866875 0.0469546953125 0.9846686453125001 0.0219521953125 0.96950214375 0.0069506953125000005 0.9499205703125 0 0.8864160890624999 0.0039503953125 0.4419716453125 0.0639563953125 0.092482690625 0.1149614953125 0.0759973625 0.131963196875 0.0674249921875 0.149964996875 0.0647873390625 0.177967796875 0.066106165625 0.21397139687500003 0.0707220578125 0.241974196875 0.08456973281249999 0.258975896875 0.0456643578125 0.260976096875 0.03049785625 0.2659765984375 0.013353115625 0.277977796875 0.0041213312500000005 0.28997899843749997 0.000164853125 0.3089808984375 0.0021430921875 0.43899389843750003 0.012693703125 0.4619962 0.099076821875 0.5350035 0.099076821875 0.6440144015625 0.08127266718750001 0.6430143015625001 0.0647873390625 0.6560156015625 0.0621496859375 0.6760176015625 0.0641279265625 0.771027103125 0.089185625 0.786028603125 0.099076821875 0.7940294031249999 0.1043521265625 0.8000300031249999 0.1030333 0.9950495046875 0.24876360000000003 0.9980498046875 0.8699307609375 0.9900490046874999 0.8699307609375 0.791029103125 0.87718430625 0.784028403125
2 0.066106165625 0.730023003125 0.08127266718750001 0.7240224015625001 0.8949884609375 0.6990199015624999 0.9840092328125 0.7050205015625 0.999406528125 0.7150215015625 0.999406528125 0.626926978125 0.9925816031249999 0.6210121015625 0.972799209375 0.6130113015624999 0.8890537421875001 0.6120112 0.8593801515624999 0.6130113015624999 0.08193208125 0.6430143015625001 0.06940323125 0.6470147015625 0.06346851249999999 0.6710171015624999 0.066106165625 0.730023003125
2 0 0.3804425890625 0.014012528125000001 0.36498649843750003 0.029179031249999998 0.3539853984375 0.043026706250000005 0.3479847984375 0.0680844046875 0.3489848984375 0.8785031328124999 0.4249925 0.9029014171874999 0.4299929984375 0.9101549625 0.43899389843750003 0.910814375 0.4059906 0.9101549625 0.36498649843750003 0.8930102203124999 0.3509850984375 0.8659742828124999 0.3409840984375 0.08456973281249999 0.259975996875 0.048961424999999996 0.258975896875 0.032476096875 0.266976696875 0.021266073437499998 0.2719771984375 0.0113748765625 0.2809780984375 0.00346191875 0.2959795984375 0 0.3049804984375 0 0.3804425890625
4 0.8078125 0.89140625 0.128125 0.20625
4 0.48203125 0.88984375 0.24296875 0.21015625
4 0.16484375 0.89453125 0.121875 0.209375
8 0.484375 0.565625 0.24765625 0.11484375
8 0.1640625 0.57578125 0.12578125 0.13125
8 0.803125 0.55625 0.12890625 0.115625
8 0.8046875 0.28125 0.125 0.11015625
8 0.6048466859375 0.228972896875 0.364160896875 0.229972996875 0.363501484375 0.286978696875 0.6074843390625 0.3149814984375 0.6048466859375 0.228972896875
8 0.099736234375 0.259975996875 0.225684140625 0.27297729843749996 0.224365315625 0.22097209687500002 0.15578635000000002 0.221972196875 0.126112759375 0.23097309687499998 0.11160567187499999 0.242974296875 0.099736234375 0.259975996875
5 0.999406528125 0.057991512499999995 0.999406528125 0.05326851406250001 0.9885544718749999 0.0595988171875 0.9779567609375001 0.08853028125 0.95888088125 0.128712871875 0.9387452312500001 0.1672881578125 0.9196693515625001 0.1801465859375 0.9027130140624999 0.2010415328125 0.8984739296875001 0.218721871875 0.8952946171875 0.24604603281249998 0.9069520984375 0.2556898546875 0.9472234 0.2653336765625 0.9599406531250001 0.279799409375 0.9366256890625 0.29908705156250004 0.9355659171875 0.31194548125 0.9323866046875 0.33766233749999996 0.92178889375 0.34569885624999996 0.9154302671875 0.33766233749999996 0.9164900375 0.32480390937500003 0.92178889375 0.2958724453125 0.914370496875 0.305516265625 0.8899957609375001 0.32319660625 0.8857566765625 0.339269640625 0.8963543875 0.3440915515625 0.9111911828125001 0.358557284375 0.914370496875 0.475890446875 0.8995337015624999 0.5160730359375 0.8762187359375 0.5337533750000001 0.8730394234375 0.5498264109375001 0.8709198812500001 0.57554326875 0.8719796515624999 0.607689340625 0.88469690625 0.6109039484375 0.9578211109374999 0.6141185546875 0.985375159375 0.6141185546875 0.999406528125 0.6205477687500001 0.999406528125 0.057991512499999995
5 0 0.747524753125 0.062314540625000005 0.7427028421874999 0.0644340828125 0.6623376624999999 0.073972021875 0.64305001875 0.09304790156250001 0.638228109375 0.1025858421875 0.64305001875 0.0898685875 0.5257168578125 0.0771513359375 0.5192876421875 0.0559559140625 0.5080365171875 0.060194996875 0.524109553125 0.0421788890625 0.5289314640625 0.040059346875 0.512858428125 0.04111911875 0.5 0.0347604921875 0.498392696875 0.0082662140625 0.5 0 0.5094027265625 0 0.5482191078125 0 0.5996528234375 0 0.6366208046875 0 0.6687668765625 0 0.7153786796875 0 0.747524753125