7 0.395749275 0 0.30272463437499997 0.013322075 0.2041489859375 0.042335115625 0.0014144265625 0.0430778375 0.0235613796875 0.9901960781250001 0.9985855734375001 0.9995543671875 0.9985855734375001 0.0394059640625 0.816385021875 0.0426400234375 0.7605523703125 0.029740125 0.62283183125 0 0.5446661203125001 0 0.395749275 0
8 0.1671875 0.22890625 0.14296875 0.078125
8 0.3890625 0.228125 0.14296875 0.078125
8 0.609375 0.228125 0.14296875 0.078125
8 0.828125 0.225 0.1328125 0.07890625
8 0.16171875 0.37421875 0.14296875 0.1
8 0.38203125 0.3734375 0.1375 0.1015625
8 0.6015625 0.37265625 0.13671875 0.09921875
8 0.82734375 0.3703125 0.13984375 0.10234375
8 0.15703125 0.5296875 0.14296875 0.10625
8 0.378125 0.52734375 0.13984375 0.1046875
8 0.59609375 0.5296875 0.13515625 0.1078125
8 0.821875 0.52734375 0.13984375 0.11015625
8 0.16484375 0.6875 0.14296875 0.11484375
8 0.38828125 0.6859375 0.1453125 0.11484375
8 0.60703125 0.68515625 0.14296875 0.1125
8 0.83046875 0.68515625 0.14296875 0.11875
4 0.15859375 0.93125 0.13984375 0.121875
4 0.38671875 0.93046875 0.15234375 0.121875
8 0.6140625 0.9 0.1453125 0.15234375
8 0.8375 0.89921875 0.14375 0.15859375
8 0.38984375 0.84453125 0.11875 0.0328125
8 0.15234375 0.84453125 0.12890625 0.03671875