7 0.5744939484375 0 0.57381673125 0.011915015625 0.4722340734375 0.00425878125 0.47020242031250004 0.1391999234375 0.4431137109375 0.1372858640625 0.44379092968749995 0.1937505984375 0.087574409375 0.1966216859375 0.087574409375 0.20810603906249997 0.132947996875 0.28371135937499997 0.132947996875 0.3229495640625 0.0394919515625 0.32390659374999997 0.0394919515625 0.33251985781250004 0.054390740625 0.35548856406249996 0.054390740625 0.43013685468749996 0 0.43013685468749996 0 0.476074265625 0.0103715890625 0.4846875296875 0.015112114062500001 0.994784190625 0.9666030078125001 0.9938271609375 0.9652485734375 0.9009953109375 0.9936917171875 0.90003828125 0.9930144984375 0.892382046875 0.9625397015624999 0.8866398703125 0.9625397015624999 0.5928318499999999 0.999451453125 0.5658905796875 0.999451453125 0.5535936453125 0.9666030078125001 0.5516795875 0.9625397015624999 0.3841994453125 0.999451453125 0.341940903125 0.999451453125 0.32390659374999997 0.9638941375 0.3248636234375 0.965925790625 0.2770121546875 0.999451453125 0.2276603421875 0.999451453125 0.2014068328125 0.583974996875 0.1966216859375 0.584520621875 0 0.5744939484375 0
8 0.73125 0.2859375 0.01796875 0.07578125
8 0.646875 0.38984375 0.06328125 0.08359375
8 0.6953125 0.396875 0.01484375 0.06484375
8 0.75078125 0.50703125 0.05625 0.09453125
8 0.79765625 0.50546875 0.01796875 0.07578125
8 0.759375 0.6140625 0.06328125 0.090625
8 0.80625 0.61953125 0.015625 0.0859375
2 0.6421875 0.64140625 0.1265625 0.0328125
2 0.64140625 0.53359375 0.125 0.03125
2 0.8734375 0.7578125 0.10390625 0.0328125
8 0.75625 0.840625 0.0640625 0.08984375
8 0.80625 0.840625 0.0171875 0.08203125
8 0.6453125 0.7265625 0.06328125 0.0921875
8 0.69765625 0.7328125 0.01796875 0.075
2 0.59296875 0.7578125 0.0265625 0.034375
2 0.6390625 0.31015625 0.11796875 0.028125
2 0.640625 0.87265625 0.12578125 0.0328125
2 0.434375 0.871875 0.07265625 0.0296875
8 0.35234375 0.8390625 0.046875 0.09921875
8 0.2375 0.83984375 0.0515625 0.096875
8 0.2328125 0.72734375 0.06015625 0.09296875
8 0.18125 0.728125 0.01328125 0.075
2 0.33203125 0.759375 0.096875 0.034375
8 0.303125 0.609375 0.0171875 0.0890625
8 0.353125 0.61953125 0.04765625 0.0890625
8 0.23359375 0.6125 0.04921875 0.09296875
8 0.35234375 0.50546875 0.0484375 0.0859375
8 0.30625 0.5046875 0.0203125 0.07265625
8 0.2375 0.50625 0.04375 0.08515625
8 0.1765625 0.50859375 0.05078125 0.0921875
8 0.17421875 0.3921875 0.01328125 0.0703125
8 0.22578125 0.390625 0.05703125 0.08515625
2 0.33125 0.4171875 0.1015625 0.02578125
2 0.2890625 0.190625 0.30859375 0.01640625
2 0.77578125 0.190625 0.38359375 0.0140625
2 0.85859375 0.41640625 0.0421875 0.02578125
4 0.76796875 0.94921875 0.08203125 0.08203125
4 0.63515625 0.946875 0.103125 0.08203125
4 0.42109375 0.94140625 0.04609375 0.06796875
8 0.4328125 0.48671875 0.01328125 0.0328125
8 0.43203125 0.53984375 0.01796875 0.021875
8 0.43359375 0.746875 0.01796875 0.0671875
8 0.31015625 0.84140625 0.015625 0.075
8 0.25 0.2859375 0.015625 0.06875
5 0.6980466046875 0.9525319640625 0.6966218093750001 0.9394442765625 0.688073034375 0.936424040625 0.6738250781249999 0.9394442765625 0.6795242609375001 0.9555522 0.6873606375 0.9636061609375 0.6773870671875 0.9636061609375 0.6610019171875 0.9696466328125 0.6538779375 0.9696466328125 0.624669625 0.9756871031250001 0.6211076359375001 0.9827343203125001 0.6232448296875 0.9948152625000001 0.6227247796875 0.99922480625 0.6496035499999999 0.99922480625 0.7080201749999999 0.9938085171875001 0.7158565515624999 0.9787073390625001 0.7122945625 0.9686398875 0.7001837984375 0.962599415625 0.6980466046875 0.9525319640625
5 0.045972403125 0.9519976140624999 0.0434406515625 0.9698867015625 0.045972403125 0.988968396875 0.0662264234375 0.988968396875 0.079729103125 0.9794275484374999 0.0763534328125 0.9531902203125 0.0645385875 0.949612403125 0.045972403125 0.9519976140624999
5 0 0.99922480625 0.009683953125 0.9925462125 0.0206548796875 0.9782349437500001 0.0282501375 0.9722719140624999 0.034157559375 0.9615384609375001 0.035845393749999996 0.9448419796874999 0.0434406515625 0.9329159203125 0.0560994140625 0.9150268328125 0.060319 0.892367321875 0.060319 0.8852116875 0.0662264234375 0.8685152046875 0.0679142578125 0.860166965625 0.0535676609375 0.8697078109374999 0.051035909375 0.860166965625 0.0704460109375 0.8589743593750001 0.06960209218749999 0.8518187234375001 0.044284568749999996 0.8458556953125 0.04850415625 0.837507453125 0.042596734375 0.8363148484374999 0.0375332296875 0.8363148484374999 0.0375332296875 0.819618365625 0.0476602390625 0.8112701250000001 0.04006498125 0.81007751875 0.0265623015625 0.8148479421875001 0.034157559375 0.802921884375 0.046816321875 0.790995825 0.054411578125000006 0.7814549796875 0.0409088984375 0.7754919499999999 0.0290940546875 0.7790697671875 0.02403055 0.7778771609375 0.013059621875 0.7623732859375 0.0029326125 0.7576028625 0 0.75852381875 0 0.99922480625
5 0.24176125625 0.974657125 0.2324781640625 0.974657125 0.21728765 0.974657125 0.20125321718750003 0.97584973125 0.1885944546875 0.9698867015625 0.190282290625 0.95915325 0.197877546875 0.9448419796874999 0.194501878125 0.9341085265625001 0.1826870328125 0.931723315625 0.17087218906249999 0.9353011328124999 0.16327693125 0.9531902203125 0.1750917765625 0.9615384609375001 0.16749651875 0.9734645203125 0.16580868437500001 0.9913536078125 0.1514620875 0.9913536078125 0.24986286406249997 0.99922480625 0.24851259531249997 0.987775790625 0.24176125625 0.974657125
5 0.468775053125 0.9794275484374999 0.4746824765625 0.9949314250000001 0.4792396296875 0.99922480625 0.5033756703125001 0.9806201546875 0.5008439171875 0.9627310671875 0.4932486609375 0.949612403125 0.47130680625 0.9663088859375 0.468775053125 0.9794275484374999
8 0.43125 0.63984375 0.0234375 0.0375
8 0.5921875 0.83515625 0.0171875 0.04140625
8 0.4296875 0.834375 0.02421875 0.04296875
8 0.32421875 0.728125 0.0171875 0.03125
8 0.58984375 0.73203125 0.01328125 0.01875
8 0.67265625 0.8296875 0.01875 0.0421875
8 0.359375 0.37421875 0.040625 0.01015625
8 0.8078125 0.84140625 0.0140625 0.0734375