7 0.9991554046875001 0.4866803671875 0.96674964375 0.5380560953125 0.9652679 0.039521253125 0.949709578125 0.0528408875 0.9526730671875001 0.0128819875 0.6163169749999999 0.24312135937499998 0.5829777140625 0.24502416562499998 0.4185040296875 0.4314990296875 0.394055240625 0.39534573906250003 0.39035087812499997 0.3553868390625 0.30366879999999996 0.189842828125 0.186610953125 0.4828747578125 0.1895744421875 0.699794496875 0 0.6536875203125 0.0038838046875 0.964584009375 0.18011811093750002 0.9611679499999999 0.2559321125 0.9936205093750001 0.9991554046875001 0.9965898265625001 0.9991554046875001 0.4866803671875
4 0.61328125 0.8796875 0.04296875 0.1546875
8 0.68515625 0.8765625 0.0578125 0.1546875
8 0.81171875 0.88203125 0.1703125 0.159375
8 0.5578125 0.8625 0.03046875 0.0703125
8 0.3924509046875 0.7434494921875 0.30556095625 0.6779053968750001 0.30556095625 0.9510057890624999 0.38941279375 0.9510057890624999 0.3924509046875 0.7434494921875
8 0.287332296875 0.68258711875 0.2666731484375 0.6997534296875 0.265457903125 0.9510057890624999 0.28490180781249996 0.9525663640625 0.287332296875 0.68258711875
8 0.2575588171875 0.7106774453125 0.23872253593749998 0.7294043296875 0.23872253593749998 0.9447634953125 0.2557359515625 0.9525663640625 0.2575588171875 0.7106774453125
8 0.23082345 0.7309649031250001 0.21502527656249998 0.751252359375 0.21381003281250002 0.9541269375000001 0.2283929609375 0.9556875093749999 0.23082345 0.7309649031250001
8 0.21016430000000003 0.76373695 0.1986194828125 0.7840244078125 0.1967966171875 0.9525663640625 0.208341434375 0.9556875093749999 0.21016430000000003 0.76373695
8 0.29037040625 0.3813964015625 0.2678883921875 0.42509246406249995 0.27092650156250003 0.61080073125 0.29037040625 0.5858315515625 0.29037040625 0.3813964015625
8 0.2569511953125 0.45162221718750006 0.24236826718749999 0.47659139531249994 0.2429758890625 0.6451333515625 0.2575588171875 0.62484589375 0.2569511953125 0.45162221718750006
8 0.23507680312499998 0.496878853125 0.22170911875 0.518726884375 0.2235319859375 0.6747842515625 0.23507680312499998 0.6607390875 0.23507680312499998 0.496878853125
8 0.2119871671875 0.5421354875 0.20165759218749998 0.5624229453125 0.20408808125000003 0.6903899874999999 0.21137954531249997 0.6779053968750001 0.2119871671875 0.5421354875
2 0.7983424078125 0.7028745765625 0.951463153125 0.6701025296875 0.9508555328125 0.582710403125 0.7880128328125 0.6310881890625 0.5631926890625001 0.6404516296875 0.4763027421875 0.7699792453125001 0.47569512031250005 0.8308416187500001 0.5619774453125 0.707556296875 0.7983424078125 0.7028745765625
2 0.71206008125 0.42509246406249995 0.6045109859375 0.475030821875 0.6032957421875 0.5343326203125 0.711452459375 0.487515409375 0.71206008125 0.42509246406249995
2 0.3906280375 0.3564272234375 0.30434571250000003 0.197248709375 0.302522846875 0.23626304999999997 0.3930585265625 0.3923204171875 0.3906280375 0.3564272234375
2 0.5972195218749999 0.3002465703125 0.9472098000000001 0.056797078125 0.9478174218750001 0.013101015625 0.5893204359374999 0.25186878749999997 0.42100913906250004 0.43913762656250005 0.44531401875 0.475030821875 0.5753451296875001 0.3298974703125 0.5972195218749999 0.3002465703125
8 0.38880517187499997 0.5140451625 0.3529554734375 0.459425084375 0.35174022968749996 0.6482544984375 0.38819755 0.679465971875 0.38880517187499997 0.5140451625
8 0.60025763125 0.6404516296875 0.7898357 0.6326487609375 0.9028533921875 0.5920738453125 0.903461015625 0.2737168171875 0.75277075625 0.336139765625 0.725427765625 0.582710403125 0.5990423875 0.606119009375 0.60025763125 0.6404516296875
8 0.713882946875 0.39075984375 0.6026881203125 0.38919926875 0.600865253125 0.47190967500000003 0.7132753265625 0.42665303750000005 0.713882946875 0.39075984375
5 0 0 0 0.6477914703125001 0.1886137515625 0.6954661390625 0.1867574984375 0.488081334375 0.302773240625 0.19249839062500002 0.3928014546875 0.3522085296875 0.3928014546875 0.385580796875 0.4169327296875 0.440406665625 0.5904922781249999 0.244940525 0.659396528125 0.19801369687499998 0.654428325 0.1831270484375 0.6461479859375 0.1554804140625 0.6420078171875 0.110820465625 0.622135003125 0.0789205046875 0.60391825625 0.0789205046875 0.6022621890625001 0.1214537875 0.6064023578125 0.15760707812500002 0.5964659515624999 0.125707115625 0.589013646875 0.104440475 0.5840454421875 0.0725405125 0.5848734765625 0.057653864062500004 0.575765103125 0.05340053593750001 0.5558922890625 0.0831738328125 0.5500960515625 0.0874271625 0.5459558828125 0.057653864062500004 0.536019475 0.057653864062500004 0.509522390625 0.05340053593750001 0.486337440625 0.06403385624999999 0.49710188125 0.08530049687499999 0.4995859828125 0.1065671390625 0.476401034375 0.09806048125 0.46812069375 0.104440475 0.4349993375 0.1235804515625 0.41347045624999995 0.21077368124999998 0.4101583203125 0.19801369687499998 0.41429849062499996 0.1724937265625 0.418438659375 0.134213771875 0.4093302859375 0.11720045937500001 0.39194157500000004 0.10018714687500001 0.35716415 0.134213771875 0.340603471875 0.17887371875 0.3281829625 0.1937603671875 0.32404279375 0.19801369687499998 0.315762453125 0.1724937265625 0.28678126718749997 0.11294712968750001 0.272704690625 0.1235804515625 0.2578000796875 0.1533537484375 0.25448794375 0.10869380312500002 0.25448794375 0.08104716875 0.2578000796875 0.0555272 0.2453795703125 0.0661605203125 0.22881889218749998 0.051273871875 0.2246787234375 0.051273871875 0.2081180453125 0.042767214062499996 0.18244899375 0.002360596875 0.1790176203125 0 0 0
5 0.9506051390625 0.0494743859375 0.9645270265624999 0.032788253125 0.9663832781249999 0.54052346875 0.9991554046875001 0.4912534421875 0.9991554046875001 0 0.9515332640624999 0.00179971875 0.9506051390625 0.0494743859375