7 0.6370614031249999 0 0.5664220656250001 0.22080531718750002 0.5442813765625 0.3579874796875 0.4715334015625 0.346394621875 0.46415317187499994 0.31548033124999997 0.27226720625 0.3174124734375 0.21955128125 0.4468660640625 0.22271423750000002 0.4922714265625 0.244854925 0.5338125046875 0.14469466875 0.5318803625 0.147857625 0.6159285875 0.086707153125 0.6217250171875001 0.09092442656250001 0.775330396875 0.02133940625 0.7791946828125 0.0255566796875 0.8361929046875 0 0.8361929046875 0.0013073546875 0.9897982843750001 0.4063353046875 0.9994493390624999 0.49156545156250003 0.9994493390624999 0.639170040625 0.9994493390624999 0.9660087718750001 0.9994493390624999 0.9565199062499999 0.8777339828124999 0.9993990390624999 0.8393575765625 0.9993990390624999 0.8033464718750001 0.989203778125 0.8062446859374999 0.990258096875 0.7453821781250001 0.9586285421875 0.743450034375 0.9596828609375001 0.54926965 0.80469804375 0.528982146875 0.8858805671875001 0.4487982078125 0.8858805671875001 0.419816059375 0.8742830640625 0.41691784531250003 0.8753373828125 0.3695803390625 0.8405448718749999 0.35702140781249997 0.8595226046875 0.3135481875 0.888800859375 0 0.6370614031249999 0
8 0.8120782734375 0.158010665625 0.649713225 0.15897673750000002 0.6317898109375 0.3270731890625 0.8120782734375 0.3280392609375 0.8120782734375 0.158010665625
2 0.4536099875 0.40339284375 0.25750674687499997 0.409189271875 0.238529015625 0.46232320937500004 0.45255566875 0.4574928515625 0.4536099875 0.40339284375
2 0.990258096875 0.8081768296874999 0.990258096875 0.7482803921875 0.6128120781249999 0.7289589609375 0.5906713906250001 0.7637375375000001 0.5832911609375 0.8130071875 0.6128120781249999 0.7869232562499999 0.990258096875 0.8081768296874999
8 0.9322705812500001 0.74441610625 0.9269989875 0.5743875109375 0.589617071875 0.54057500625 0.587508434375 0.7637375375000001 0.613866396875 0.72702681875 0.9322705812500001 0.74441610625
8 0.50703125 0.47265625 0.0578125 0.13125
8 0.5109375 0.62734375 0.0625 0.15546875
2 0.2328125 0.60078125 0.12578125 0.03359375
2 0.378125 0.584375 0.171875 0.05703125
2 0.3334176796875 0.7589071796875 0.5579875171875 0.7589071796875 0.5590418359375 0.7019089578125 0.3313090421875 0.704807171875 0.1520748984375 0.7888553984375 0.22376855624999997 0.8110750453125 0.3334176796875 0.7589071796875
2 0.45993589687499997 0.9675786375 0.45782726093750004 0.8980214859375 0.108847840625 0.77243218125 0.0202850875 0.7791946828125 0.0255566796875 0.8371589765625 0.1025219296875 0.8371589765625 0.45993589687499997 0.9675786375
2 0.19453125 0.75546875 0.15625 0.04375
8 0.209375 0.703125 0.14765625 0.05859375
8 0.3125 0.70078125 0.04765625 0.0453125
8 0.396875 0.690625 0.1140625 0.0296875
2 0.8763916999999999 0.3666821234375 0.838436234375 0.3599196234375 0.8141869093749999 0.402426771875 0.8795546562500001 0.4149857015625 0.8763916999999999 0.3666821234375
5 0.2051804625 0.968460703125 0.2173738859375 0.96207623125 0.20779333906250003 0.9564898171875 0.2112771734375 0.9477111656250001 0.2156319671875 0.9397305749999999 0.21650292656249998 0.933346103125 0.210406215625 0.9277596890625001 0.20605142187499997 0.9285577484375 0.20605142187499997 0.9237693921875 0.20779333906250003 0.9141926828125 0.20169662812500003 0.8998276187500001 0.192987040625 0.8998276187500001 0.1955999171875 0.88945285 0.1860193703125 0.8958373234374999 0.1807936171875 0.8910489687500001 0.166858278125 0.88945285 0.1564067734375 0.8926450875 0.1503100609375 0.8974334421875 0.1381166390625 0.900625678125 0.12156842187500001 0.9086062703125 0.1250522578125 0.919779096875 0.126794175 0.9269616296875001 0.114600753125 0.9389325156250001 0.117213628125 0.9477111656250001 0.11634267031250001 0.9556917578125 0.112858834375 0.96207623125 0.1206974640625 0.968460703125 0.11808458749999999 0.978835471875 0.1032782890625 0.9844218859374999 0.1067621234375 0.992402478125 0.1083212625 0.9994493390624999 0.184277453125 0.9947966546875 0.196470875 0.9868160640625 0.19037416406250002 0.9836238265624999 0.1860193703125 0.9772393546875 0.2051804625 0.968460703125