7 0 0.43269230781249995 0.0036101078125 0.4572649578125 0.0036101078125 0.959401709375 0.055505415625 0.9647435890624999 0.0645306859375 0.9957264953125 0.9990974734375 0.9977895328124999 0.9873646203125 0.0822649578125 0.9151624546875 0.08119658125 0.9151624546875 0.0085470078125 0.2630866421875 0.0042735046875000005 0.2653429609375 0.159188034375 0.005866426562500001 0.1602564109375 0 0.2584045578125 0.014891696874999999 0.2916666671875 0.02166065 0.39743589687499997 0 0.395970696875 0 0.43269230781249995
2 0.4186358171875 0.18000517968750002 0.4965813359375 0.178710178125 0.49384640625 0.166407665625 0.0056613062499999995 0.1605801609375 0.002926375 0.20655270625000002 0.41590088593749996 0.2117327109375 0.4186358171875 0.18000517968750002
2 0.7509298765625 0.209790209375 0.9615195265625 0.2123802125 0.9587845968750001 0.1677026671875 0.54307515625 0.165112665625 0.54307515625 0.178062678125 0.7468274796875 0.1793576796875 0.7509298765625 0.209790209375
8 0.071875 0.3375 0.11328125 0.121875
2 0.58046875 0.296875 0.29375 0.0625
2 0.834375 0.4875 0.28984375 0.059375
8 0.19609375 0.50859375 0.36953125 0.128125
2 0.57890625 0.6796875 0.2984375 0.0546875
8 0.075 0.6765625 0.11875 0.1328125
8 0.1984375 0.84765625 0.3609375 0.13203125
2 0.8328125 0.87265625 0.3203125 0.06171875
8 0.79921875 0.80859375 0.2421875 0.06015625
4 0.33515625 0.98359375 0.490625 0.0234375
4 0.67890625 0.97734375 0.109375 0.04375
8 0.675 0.065625 0.36953125 0.0421875