7 0.9978530546875 0.34753171875 0.98520208125 0.34539929687500004 0.98817878125 0.26223477968750003 0.95469090625 0.26116856875 0.95469090625 0.0074101718750000005 0.6867056390624999 0 0.66074179375 0.0713828765625 0.6287422703125001 0.0724490890625 0.6198121703125 0.086309840625 0.6250213953125 0.22598358125 0.1591678640625 0.2227849453125 0.1554469890625 0.24837402812499998 0.0066119937500000005 0.2515726625 0 0.9968595265625 0.9956205312499999 0.9979208875 0.9978530546875 0.34753171875
2 0.7765625 0.30078125 0.42109375 0.08203125
8 0.8203125 0.21796875 0.2171875 0.08828125
2 0.6875 0.61015625 0.228125 0.08203125
8 0.64140625 0.50625 0.040625 0.1234375
8 0.73359375 0.5078125 0.04140625 0.13203125
8 0.81875 0.5578125 0.03828125 0.22265625
8 0.90390625 0.55625 0.028125 0.2375
2 0.5 0.33046875 0.1078125 0.06171875
2 0.2125 0.61015625 0.38515625 0.09921875
8 0.07890625 0.45859375 0.0484375 0.20390625
8 0.16015625 0.4609375 0.0328125 0.20234375
8 0.23828125 0.4625 0.0296875 0.2078125
8 0.31328125 0.4625 0.02734375 0.2078125
8 0.3921875 0.4640625 0.03515625 0.2078125
8 0.1984375 0.86328125 0.28359375 0.17890625
4 0.48671875 0.72578125 0.08671875 0.51484375
8 0.6828125 0.859375 0.20625 0.19375
8 0.9078125 0.83984375 0.02890625 0.22421875
8 0.82421875 0.82734375 0.025 0.17890625
5 0.741301215625 0.987315634375 0.7404776609375 0.9802359890625001 0.733065678125 0.9766961656250001 0.7207123734375 0.9672566375 0.7108297296874999 0.9648967546874999 0.697652871875 0.966076696875 0.698476425 0.9530973453125 0.70835906875 0.9436578171875001 0.7091826234374999 0.9212389375000001 0.6992999796875 0.9 0.687770228125 0.8846607671875001 0.6828289062499999 0.8858407078124999 0.6754169234375 0.8941002953125 0.6704756015625 0.91061946875 0.6647107265625001 0.929498525 0.6647107265625001 0.9471976390625001 0.6688284953125 0.9613569312499999 0.6597694046875 0.9672566375 0.6432983328125 0.966076696875 0.640827671875 0.9578171093750001 0.6367099031250001 0.9365781703125 0.6391805640625 0.91061946875 0.6432983328125 0.8858407078124999 0.650710315625 0.879941003125 0.6630636187500001 0.844542771875 0.6704756015625 0.83864306875 0.67129915625 0.8244837765625 0.6630636187500001 0.8115044250000001 0.6540045296875 0.8115044250000001 0.641651225 0.8067846609375 0.63176858125 0.7985250734375 0.616944615625 0.8079646015625 0.6045913109375001 0.820943953125 0.5905909 0.8575221234375 0.5831789171875 0.88112094375 0.5782375953125001 0.898820059375 0.581531809375 0.91061946875 0.5905909 0.91061946875 0.6045913109375001 0.9035398234375001 0.6045913109375001 0.9117994093749999 0.60047354375 0.929498525 0.5963557749999999 0.949557521875 0.591414453125 0.9578171093750001 0.5840024703125 0.979056046875 0.58647313125 0.9908554578125001 0.6029442046875 0.9920353984375 0.741301215625 0.987315634375
5 0.98589664375 0.949557521875 0.9727197859375 0.9365781703125 0.9611900359375 0.9176991156250001 0.9570722671875 0.883480825 0.9562487140625 0.85988200625 0.9521309453125 0.8374631265625 0.9463660703125001 0.7938053093749999 0.9422483015625 0.7879056046875 0.9340127656250001 0.8103244843749999 0.92083590625 0.842182890625 0.9150710312499999 0.8587020640624999 0.92083590625 0.8716814156250001 0.915894584375 0.882300884375 0.9134239234375 0.8929203546875 0.9216594609375001 0.8917404124999999 0.9323656578125 0.8929203546875 0.9175416921874999 0.9023598828124999 0.9216594609375001 0.916519175 0.9282478890625001 0.9330383484375 0.9364834265624999 0.9507374625 0.9364834265624999 0.95899705 0.9282478890625001 0.95899705 0.9093061562500001 0.95899705 0.9051883875 0.9542772859375 0.9002470656250001 0.9460176984374999 0.8862466546875 0.9471976390625001 0.880481778125 0.9507374625 0.868128475 0.95899705 0.8590693843749999 0.9507374625 0.8615400453125 0.9436578171875001 0.8557751703124999 0.9247787609375001 0.8475396343750001 0.922418878125 0.8360098828125 0.920058996875 0.83271566875 0.9117994093749999 0.8203623640625001 0.9023598828124999 0.8113032734375001 0.9070796453125001 0.8071855046874999 0.9283185843749999 0.8071855046874999 0.94011799375 0.809656165625 0.949557521875 0.8137739343750001 0.966076696875 0.8113032734375001 0.9908554578125001 0.9954498656249999 0.99911504375 0.9933086265625001 0.9837758109375001 0.98589664375 0.949557521875
5 0.34681902343750004 0.94011799375 0.3517603453125 0.9247787609375001 0.34846613125000003 0.9153392328125 0.33693638125 0.909439528125 0.3311715046875 0.9047197640625001 0.3196417546875 0.9070796453125001 0.30893555781250004 0.9141592921875 0.302347128125 0.9247787609375001 0.2998764671875 0.938938053125 0.30728845 0.955457228125 0.31717109374999997 0.955457228125 0.3196417546875 0.9625368734374999 0.32293596875 0.9766961656250001 0.32293596875 0.9825958703125 0.3517603453125 0.9766961656250001 0.353407453125 0.9601769906250001 0.349289684375 0.9613569312499999 0.34681902343750004 0.9507374625 0.34681902343750004 0.94011799375
5 0.27187564375 0.9176991156250001 0.2652872140625 0.9153392328125 0.2488161421875 0.9082595875000001 0.2405806046875 0.9129793515625 0.2306979609375 0.9283185843749999 0.2298744078125 0.9460176984374999 0.23316862187499998 0.95899705 0.2405806046875 0.966076696875 0.24469837343749998 0.9719764015625 0.2504632484375 0.9778761062499999 0.26858142812499997 0.9766961656250001 0.26940498281249997 0.9637168140625001 0.27516985781250003 0.9519174046875 0.272699196875 0.9365781703125 0.27187564375 0.9176991156250001
5 0.11951822187500001 0.922418878125 0.11210623906249999 0.9176991156250001 0.105517809375 0.922418878125 0.0964587203125 0.9365781703125 0.09069384375 0.9507374625 0.0865760765625 0.96961651875 0.0981058265625 0.9755162234375 0.12363598906249999 0.9707964609375 0.1277537578125 0.955457228125 0.126930203125 0.9377581125000001 0.1277537578125 0.9283185843749999 0.11951822187500001 0.922418878125
5 0.044574840625 0.8221238937500001 0.03551575 0.7985250734375 0.0231624453125 0.79262536875 0.0009264984375 0.7914454281250001 0.0009264984375 0.916519175 0.0116326953125 0.9318584078125 0.0281037671875 0.9153392328125 0.044574840625 0.8752212390624999 0.0495161625 0.8528023609375 0.044574840625 0.8221238937500001