7 0 0 0.0030410546875 0.997641509375 0.9994931578124999 0.9775875968750001 0.9994931578124999 0 0 0
8 0.22890625 0.2203125 0.0203125 0.33203125
5 0 0 0.00067671875 0.5984864203125 0.010145201562500001 0.626995646875 0.01237308125 0.6555048718750001 0.0090561375 0.997641509375 0.0251833828125 0.997641509375 0.026854290625 0.78250051875 0.029639139062499997 0.709931578125 0.052474895312500006 0.6814223515625 0.07085489218749999 0.7073398296875 0.09146276875 0.7047480828125 0.1115136765625 0.62958739375 0.12265306875 0.603669915625 0.1315645828125 0.5881194265625 0.1527294296875 0.5881194265625 0.1666536703125 0.5984864203125 0.1777930640625 0.6244038984375 0.189489425 0.6658718625 0.202856696875 0.6917893421875 0.202299728125 0.6347708890625 0.18893245625 0.5622019484375 0.20452760625000002 0.580344184375 0.2056415453125 0.6062616625 0.21232518125 0.5933029249999999 0.21900881718749998 0.56997719375 0.2284773 0.557018453125 0.23516093593749998 0.4870412625 0.22792033125 0.47667426874999996 0.2268063921875 0.4326145546875 0.23014820937499997 0.42743105937500003 0.2429585109375 0.419655815625 0.24128760312500003 0.38077959687499996 0.2323760875 0.3652291109375 0.2362748765625 0.30302716093750004 0.23905972343749998 0.27710968125 0.23181911875 0.26415094375 0.2156669984375 0.3082106578125 0.21065427187500002 0.28488492656250003 0.218451846875 0.2252747265625 0.20731245468749998 0.23304996875 0.20508457500000002 0.1889902546875 0.21232518125 0.147522290625 0.21956578593749998 0.1164213140625 0.21288215156249998 0.0956873328125 0.2017427578125 0.0930955828125 0.2017427578125 0.0853203390625 0.202856696875 0.069769853125 0.2056415453125 0.06458635625 0.21009730312500002 0.007567903125 0.19673003125 0.0283018875 0.1878185171875 0.0930955828125 0.1777930640625 0.0879120875 0.175008215625 0.051627617187499995 0.171204271875 0 0 0
5 0.985880371875 0.6747030046875 0.9808745218749999 0.639762403125 0.9871318359375 0.613556953125 0.9994931578124999 0.5847964718750001 0.9994931578124999 0 0.8023455546875 0.0053721171875 0.7931942328125 0.0283018875 0.786858703125 0.0610587 0.779115278125 0.08071278750000001 0.7981218671875 0.08071278750000001 0.7826350171875001 0.1167452828125 0.7854508078125 0.2084643609375 0.7924902859375 0.21174004218750003 0.7847468609375 0.24449685625 0.8051613453125 0.24449685625 0.8122008218750001 0.2379454921875 0.8016416062499999 0.28380503125 0.7896744953125 0.31983752656250003 0.7981218671875 0.3460429765625 0.796010025 0.3919025171875 0.78615475625 0.42138364843750004 0.7833389656249999 0.5 0.7748915921874999 0.572064990625 0.80938503125 0.5425838578125 0.824167934375 0.5163784062500001 0.8326153062499999 0.5 0.8607732171875 0.5065513625 0.8811877000000001 0.5131027265625 0.8818916484375 0.54913521875 0.870628484375 0.588443396875 0.8917469171875 0.6310272546875 0.9001942890624999 0.6998165609375 0.91849693125 0.7489517828125 0.91849693125 0.6965408796875 0.9121614015624999 0.6506813421875 0.9128653484375 0.6277515734375 0.9304640421875 0.5851677140625 0.951582475 0.6867138374999999 0.954398265625 0.8177410890625 0.9593259 0.9913522 0.982751715625 0.9804332640625001 0.9727400140625001 0.7969951078124999 0.9708628203125 0.7125553234375 0.978371596875 0.695085021875 0.985880371875 0.6747030046875
8 0.2765625 0.22421875 0.02265625 0.35390625
8 0.328125 0.2171875 0.02265625 0.35390625
8 0.27421875 0.75546875 0.02265625 0.35390625
8 0.32578125 0.7484375 0.02265625 0.35390625
8 0.42578125 0.2328125 0.02265625 0.35390625
8 0.37578125 0.23359375 0.02265625 0.35390625
8 0.521875 0.234375 0.0265625 0.37421875
8 0.471875 0.23125 0.02265625 0.35390625
8 0.5703125 0.2390625 0.02265625 0.3390625
8 0.621875 0.234375 0.021875 0.34453125
8 0.66796875 0.2375 0.02578125 0.34453125
8 0.72109375 0.2375 0.021875 0.35234375
8 0.765625 0.23984375 0.01796875 0.3484375
8 0.66953125 0.753125 0.0265625 0.34140625
8 0.521875 0.7625 0.0265625 0.3375
8 0.4734375 0.7578125 0.025 0.35390625
8 0.8171875 0.746875 0.0234375 0.346875
8 0.86484375 0.75234375 0.02265625 0.33203125
4 0.0640625 0.8359375 0.0203125 0.30390625