7 0 0 0.0026722515624999998 0.9881287109375 0.999450246875 0.9727210796874999 0.9984767359375001 0 0 0
8 0.02734375 0.19453125 0.02265625 0.2640625
4 0.596875 0.871875 0.03203125 0.1890625
8 0.05703125 0.1953125 0.021875 0.265625
8 0.0875 0.19296875 0.02265625 0.2640625
8 0.12109375 0.19296875 0.021875 0.265625
8 0.15078125 0.18828125 0.0234375 0.275
8 0.1828125 0.184375 0.0234375 0.275
8 0.084375 0.49296875 0.02421875 0.2640625
8 0.275 0.18671875 0.02265625 0.2640625
8 0.3078125 0.18671875 0.021875 0.265625
8 0.33828125 0.18203125 0.0234375 0.275
8 0.3703125 0.1796875 0.0234375 0.275
8 0.559375 0.17890625 0.02265625 0.2640625
8 0.559375 0.17890625 0.02265625 0.2640625
8 0.4015625 0.18515625 0.021875 0.265625
8 0.43203125 0.1828125 0.02265625 0.2640625
8 0.465625 0.1828125 0.021875 0.265625
8 0.49609375 0.1859375 0.021875 0.259375
8 0.52734375 0.17890625 0.02265625 0.24765625
8 0.41015625 0.49453125 0.03515625 0.2671875
8 0.61953125 0.1765625 0.02265625 0.2640625
8 0.653125 0.1765625 0.021875 0.265625
8 0.67890625 0.17109375 0.02265625 0.25234375
8 0.7078125 0.18046875 0.0203125 0.25078125
8 0.215625 0.1828125 0.0234375 0.275
8 0.24453125 0.1875 0.0234375 0.275
8 0.03359375 0.49375 0.034375 0.2671875
8 0.17421875 0.4953125 0.03828125 0.26875
8 0.1296875 0.49296875 0.03125 0.2671875
8 0.221875 0.49296875 0.0359375 0.2609375
8 0.26953125 0.4921875 0.03828125 0.26875
8 0.31640625 0.496875 0.0359375 0.265625
8 0.36171875 0.48984375 0.034375 0.2625
8 0.0671875 0.85078125 0.0625 0.28203125
8 0.45625 0.4890625 0.034375 0.2703125
8 0.15 0.8484375 0.078125 0.27734375
8 0.24140625 0.85234375 0.07578125 0.28515625
8 0.5875 0.17734375 0.02109375 0.25078125
8 0.58046875 0.4421875 0.1421875 0.08359375
8 0.33828125 0.8375 0.07890625 0.275
8 0.43359375 0.84296875 0.0828125 0.28203125
4 0.55703125 0.8765625 0.0203125 0.203125
8 0.566217284375 0.7023727125 0.4861264203125 0.7033341015625 0.4864054828125 0.975407628125 0.545008553125 0.9763690203125 0.545845740625 0.770631440625 0.566217284375 0.7696700515625 0.566217284375 0.7023727125
8 0.615053175 0.9706006765625 0.6309597234375001 0.9657937234375 0.6306806609375 0.697565759375 0.5804494578125 0.69852715 0.5810075828125 0.776399784375 0.6133788015625 0.776399784375 0.615053175 0.9706006765625
8 0.971875 0.83125 0.0546875 0.28359375
8 0.7390625 0.18984375 0.01796875 0.2671875
8 0.76875 0.1921875 0.01796875 0.2671875
8 0.79765625 0.18984375 0.01796875 0.2671875
8 0.825 0.196875 0.01796875 0.2671875
8 0.85546875 0.196875 0.01796875 0.2671875
8 0.884375 0.19375 0.01796875 0.2671875
8 0.9140625 0.19375 0.01796875 0.2671875
8 0.9453125 0.1953125 0.01796875 0.2671875
8 0.9734375 0.1921875 0.01796875 0.2671875
2 0.60546875 0.5390625 0.1921875 0.09609375
8 0.8546875 0.83046875 0.12578125 0.26640625
5 0.80546875 0.87421875 0.01484375 0.1859375