7 0.6509452890625 0.018774140624999998 0.368110928125 0.0145528609375 0.3640990921875 0.0462124578125 0.016072414062500002 0.044101817187499996 0.015329481249999999 0.99568765 0.999488490625 0.9930392140625001 0.999488490625 0.0504337359375 0.651948246875 0.0398805375 0.6509452890625 0.018774140624999998
8 0.0671875 0.134375 0.01796875 0.053125
8 0.109375 0.13828125 0.0453125 0.065625
5 0.08175399531250001 0.8233878906250001 0.094869609375 0.8390282718750001 0.10885959687499999 0.8620288328125 0.11672896562499999 0.8528286093749999 0.1084224109375 0.8362682046875 0.1057992875 0.8169477328125 0.12284958593749999 0.8270679812499999 0.1364023875 0.79118710625 0.1517039375 0.78198688125 0.1573873703125 0.77278665625 0.154764246875 0.7645064546875 0.176623603125 0.77278665625 0.1862417203125 0.7580662968749999 0.199794521875 0.7461060046875 0.206789515625 0.7157452640625 0.19629702499999999 0.70286495 0.1910507796875 0.6835444796875 0.18930203125 0.66882411875 0.21072419999999997 0.6890646140625 0.222091065625 0.672504209375 0.23214637031250002 0.66882411875 0.2129101359375 0.6495036484375001 0.2024176453125 0.6412234453125001 0.1967342125 0.622822996875 0.20941263906250002 0.611782728125 0.2199051296875 0.6136227734374999 0.1945482765625 0.588782165625 0.1897392171875 0.5584214249999999 0.184930159375 0.53358081875 0.206352328125 0.532660796875 0.22296544062499998 0.5078201906250001 0.2177191953125 0.48205956250000004 0.21946794375 0.4645791359375 0.21597044531249998 0.42593819218749995 0.211598575 0.40017756406249994 0.2019804578125 0.3918973625 0.1945482765625 0.3983375203125 0.20066889687499997 0.3753369578125 0.206352328125 0.3560164859375 0.1984829609375 0.352336396875 0.19629702499999999 0.3339359484375 0.2054779546875 0.3293358359375 0.20110608281250003 0.3201356109375 0.199357334375 0.30357520781249997 0.19148796562499998 0.2888548484375 0.1871160953125 0.2603341515625 0.176623603125 0.2529739734375 0.17137735781250002 0.2538939953125 0.1643823640625 0.246533815625 0.154764246875 0.2566540625 0.15651299531250001 0.2391736359375 0.162633615625 0.22813336562500003 0.1578245578125 0.216173075 0.117166153125 0.1434913015625 0.10405053906249999 0.126930896875 0.08175399531250001 0.102090290625 0.0738846265625 0.106690403125 0.06776400625 0.16833190781250001 0.0598946375 0.147171390625 0.05902026406250001 0.126930896875 0.050276520312499996 0.1232508078125 0.045030274999999995 0.126930896875 0.051588082812500005 0.10025024687499999 0.038035281250000004 0.08092977500000001 0.02229654375 0.055169146875 0 0.0083092421875 0.0040189984375 0.7562919671875 0.0125441484375 0.7601363484375 0.0235050546875 0.766543646875 0.0350749 0.7960172234375 0.0381195953125 0.8062689015625001 0.0454268671875 0.8370239375 0.046032640624999996 0.9989235734375 0.0607690125 0.9972721328124999 0.057271515625000005 0.873069103125 0.05945745 0.8178677562500001 0.0699499421875 0.81326764375 0.08175399531250001 0.8233878906250001
8 0.33828125 0.1578125 0.0453125 0.13828125
8 0.28359375 0.15390625 0.04375 0.1390625
8 0.225 0.15625 0.046875 0.14375
8 0.1703125 0.15234375 0.04609375 0.14375
8 0.3390625 0.3109375 0.04765625 0.1125
8 0.28359375 0.3140625 0.04609375 0.11640625
8 0.225 0.3140625 0.04375 0.11640625
8 0.3390625 0.4515625 0.04609375 0.1109375
8 0.28359375 0.4546875 0.04453125 0.11640625
8 0.2234375 0.45234375 0.04609375 0.1109375
8 0.33828125 0.59609375 0.04609375 0.1109375
8 0.2828125 0.6 0.04609375 0.1109375
8 0.225 0.5953125 0.0421875 0.1140625
8 0.509375 0.51484375 0.26484375 0.9515625
8 0.6796875 0.1640625 0.04609375 0.1109375
8 0.7328125 0.16796875 0.04609375 0.1109375
8 0.20234375 0.90625 0.0859375 0.153125
8 0.31328125 0.91015625 0.08671875 0.1453125
8 0.68046875 0.91015625 0.0453125 0.159375
8 0.734375 0.90859375 0.0453125 0.159375
8 0.79296875 0.9125 0.0453125 0.159375
8 0.84765625 0.91328125 0.0453125 0.159375
8 0.9015625 0.91171875 0.0453125 0.159375
8 0.96015625 0.91484375 0.0453125 0.159375
8 0.6796875 0.7421875 0.04453125 0.11171875
8 0.7328125 0.740625 0.04453125 0.11171875
8 0.79140625 0.740625 0.04453125 0.11171875
8 0.84765625 0.74140625 0.04453125 0.11171875
8 0.90546875 0.74140625 0.04453125 0.11171875
8 0.9625 0.7421875 0.04453125 0.11171875
8 0.68046875 0.59765625 0.04453125 0.11171875
8 0.73359375 0.59609375 0.04453125 0.11171875
8 0.7921875 0.59609375 0.04453125 0.11171875
8 0.8484375 0.596875 0.04453125 0.11171875
8 0.90625 0.59609375 0.04453125 0.11171875
8 0.96328125 0.59609375 0.04453125 0.11171875
8 0.96328125 0.45234375 0.04453125 0.11171875
8 0.90625 0.453125 0.04453125 0.11171875
8 0.8484375 0.45390625 0.04453125 0.11171875
8 0.7921875 0.45390625 0.04453125 0.11171875
8 0.73359375 0.45390625 0.04453125 0.11171875
8 0.68046875 0.45625 0.04453125 0.11171875
8 0.79296875 0.16953125 0.04609375 0.1109375
8 0.8484375 0.1703125 0.04609375 0.1109375
8 0.90703125 0.16953125 0.04609375 0.1109375
8 0.96171875 0.17265625 0.04609375 0.1109375
8 0.96640625 0.3046875 0.04453125 0.11171875
8 0.909375 0.3046875 0.04453125 0.11171875
8 0.85078125 0.30625 0.04453125 0.11171875
8 0.7953125 0.30625 0.04453125 0.11171875
8 0.73671875 0.3078125 0.04453125 0.11171875
8 0.68359375 0.309375 0.04453125 0.11171875
8 0.33828125 0.7671875 0.0390625 0.0625
8 0.28828125 0.7671875 0.03671875 0.065625
8 0.225 0.76953125 0.03984375 0.0640625
8 0.178125 0.7828125 0.02421875 0.0328125