7 0 0 0.0008286750000000001 0.9916439578125 0.9994550406249999 0.9972674359375 0.9994550406249999 0 0 0
8 0.68828125 0.50234375 0.603125 0.99140625
8 0.34375 0.671875 0.02421875 0.65234375
8 0.2890625 0.66953125 0.03125 0.65625
8 0.2390625 0.6703125 0.02734375 0.65546875
8 0.18515625 0.66484375 0.02421875 0.64296875
8 0.13203125 0.6703125 0.025 0.65546875
8 0.07890625 0.50703125 0.0234375 0.33984375
8 0.0234375 0.6578125 0.03515625 0.64765625
5 0.7338782921875 0.7979999062500001 0.7440089421875 0.7814114421875 0.754838259375 0.7577136359375001 0.7611262484375 0.7209820375 0.7572835890625 0.7280913796874999 0.7387689515625 0.764822978125 0.7419129453125 0.75534385625 0.75693425625 0.7043935734375 0.7475022703125 0.70202379375 0.7471529375 0.6818806578125 0.7488996015625 0.6605526328125 0.744707609375 0.6522584015625 0.749248934375 0.6285605953125 0.7426116125 0.6238210328125 0.7450569406249999 0.5870894359375 0.7401662828125 0.5622067390625001 0.7387689515625 0.589459215625 0.734926290625 0.607232571875 0.7314329625 0.559836959375 0.7317822953124999 0.525475140625 0.7251449734375 0.4994075546875 0.7265423046875 0.549172946875 0.72549430625 0.5930138875 0.7216516453125 0.5799800937499999 0.7181583171875 0.5290298109375 0.7118703281250001 0.5041471171875 0.7052330046875 0.502962225 0.7045343390625 0.539693825 0.6978970171875 0.539693825 0.6954516875000001 0.539693825 0.6971983515625 0.578795203125 0.697547684375 0.6001232296875 0.6916090265625 0.613157021875 0.687766365625 0.61671169375 0.687766365625 0.632115265625 0.6919583593749999 0.6475188390625 0.69125969375 0.664107303125 0.680430378125 0.6664770843750001 0.684622371875 0.677141096875 0.6930063578125 0.7103180234375001 0.7080276671875 0.7660078671874999 0.7195556484375001 0.8145883703125 0.7265423046875 0.831176834375 0.73108363125 0.9887672406249999 0.736323621875 0.9958765828124999 0.732131628125 0.8110336984375 0.7338782921875 0.7979999062500001
5 0.10106197187499999 0.730658640625 0.0856913296875 0.7369780546875 0.0950068703125 0.71012054375 0.08475977500000001 0.71012054375 0.08522555312499999 0.69432200625 0.098267309375 0.6327077109375 0.1080486265625 0.5979509296875001 0.116898390625 0.5584545875 0.11177484374999999 0.560034440625 0.098267309375 0.5695135640625 0.08475977500000001 0.5853121 0.0749784578125 0.6263882953125 0.0679918015625 0.69432200625 0.061936701562499995 0.7038011281250001 0.009303896875 0.5710934156249999 0.006509234375000001 0.599530784375 0.0419082890625 0.7274989328125 0.0540184921875 0.746457178125 0.0419082890625 0.781213959375 0.036784740625 0.8096513265624999 0.061005146875000006 0.7654154234375 0.06426558593750001 0.7906930812499999 0.0628682546875 0.901282840625 0.06426558593750001 0.9976539171875001 0.06892335625 0.9802755265625 0.07171801875 0.781213959375 0.102459303125 0.7559363 0.1113090671875 0.7369780546875 0.10106197187499999 0.730658640625