7 0 0 0.0042698546875 0.9987080109375001 0.9991460296874999 0.9978532875000001 0.9991460296874999 0 0 0
2 0.10859375 0.11796875 0.15546875 0.0359375
4 0.3953125 0.940625 0.07265625 0.1015625
8 0.58515625 0.93203125 0.15078125 0.12265625
8 0.4325486703125 0.9892771109374999 0.4962870828125 0.991149559375 0.49627462343750006 0.8711218625000001 0.3346505890625 0.8705437921874999 0.336012821875 0.9892771109374999 0.3613844234375 0.9886529609375 0.360765603125 0.8900373234375 0.433786309375 0.892533921875 0.4325486703125 0.9892771109374999
8 0.70546875 0.92890625 0.05234375 0.12578125
5 0.8135539859375 0.9367534078125 0.836844103125 0.9332733015624999 0.8411570875000001 0.9254430609375 0.8627220109374999 0.9237030078125 0.8860121281250001 0.92283298125 0.8713479796874999 0.9063024734375 0.8851495312500001 0.89760220625 0.9041266640625001 0.8949921265624999 0.9282793781249999 0.9176128203125 0.9377679437499999 0.9123926609374999 0.9489817046875 0.8932520734375 0.9300045718750001 0.8836817781249999 0.9015388734374999 0.8715014046875 0.9110274390624999 0.8680212984375 0.9403557359375 0.8775915921875 0.9507068984375 0.8584510046875 0.9412183328125 0.83409025625 0.9584702703125 0.8506207640625 0.970546628125 0.8314801765625001 0.9662336437500001 0.813209615625 0.92741678125 0.7888488671875 0.9394931390625001 0.784498734375 0.9593328671875 0.787978840625 0.973997015625 0.801029240625 0.989523759375 0.8245199624999999 0.9990123265624999 0.7853687609375 0.9991460296874999 0.7233846749999999 0.9946993421875 0.7079363828125 0.9843481781250001 0.6853156890625 0.9929741484375001 0.676615421875 0.9679588375 0.6609549421875001 0.9403557359375 0.6452944609375 0.92741678125 0.6365941937499999 0.9532946890625 0.6322440609375 0.9567450765625001 0.6139734984375 0.9584702703125 0.58613264375 0.9567450765625001 0.5704721640625 0.93604275 0.5591618171875 0.935180153125 0.5426313078125 0.9248289890624999 0.530450934375 0.9118900359375001 0.5261008015625 0.8903251125 0.533931040625 0.879111353125 0.5217506671875001 0.8687601890625001 0.5052201609375 0.8765235625000001 0.4878196265625 0.8713479796874999 0.4782493328125 0.8342563109375 0.474769225 0.8170043734375 0.4860795734375 0.8152791796875001 0.501740053125 0.799752434375 0.5052201609375 0.7747371234375 0.5191405875 0.789401271875 0.5321909875 0.8092410015624999 0.555681709375 0.803202821875 0.565252003125 0.7626607671875 0.540021228125 0.7402332453125 0.5313209609375 0.7316072765625 0.5391512015625 0.7281568890625 0.5678620828125001 0.7281568890625 0.593962884375 0.7083171593750001 0.593962884375 0.691065221875 0.5991830453125 0.6729506859375001 0.5913528046875001 0.6548361500000001 0.5904827781249999 0.659149134375 0.600053071875 0.657423940625 0.6270239 0.6255078546874999 0.6374642203125 0.60739331875 0.6383342468750001 0.58237800625 0.6365941937499999 0.5910039765625 0.65573478125 0.58237800625 0.6600849140625 0.567713859375 0.6487745671875 0.5590878890625001 0.6357241671875 0.5401107578125 0.634854140625 0.515095446875 0.6418143546875 0.5116450593749999 0.6626949953125 0.5237214156250001 0.670525234375 0.51595804375 0.6870557421875 0.508194671875 0.6818355828125 0.47024040625 0.6818355828125 0.4823167625 0.6853156890625 0.48749234374999995 0.6931459296875 0.4823167625 0.7122865171874999 0.46247703281249997 0.7122865171874999 0.4478128859375 0.71315654375 0.42538536562499996 0.72533691875 0.40468303906249997 0.7314271046874999 0.4124464109375 0.7427374515625 0.4193471875 0.7549178265625 0.40468303906249997 0.7679682265625 0.42107238125 0.7862387875 0.43142354374999997 0.78971889375 0.4598892421875 0.787978840625 0.45471366093750004 0.7923289734375001 0.45471366093750004 0.8018992687500001 0.439186915625 0.8219098828125 0.47024040625 0.8105995359374999 0.48404195625 0.8097295093750001 0.491805328125 0.81494966875 0.48576715000000004 0.8271300437500001 0.506469478125 0.8236499359374999 0.5245840125 0.8236499359374999 0.5211336249999999 0.832350203125 0.506469478125 0.8445305765625 0.513370253125 0.8610610843750001 0.5211336249999999 0.8662812453125 0.5599504875 0.867151271875 0.57202684375 0.867151271875 0.61774448125 0.8758515390625 0.6453475828124999 0.8471406578125 0.655698746875 0.8427905234375 0.6505231640625 0.8715014046875 0.6746758796875 0.8662812453125 0.69192781875 0.8506207640625 0.70227898125 0.8567109515625001 0.69192781875 0.8828117515624999 0.6996911906250001 0.892382046875 0.703141578125 0.8967321796875 0.701416384375 0.911522634375 0.70227898125 0.934143328125 0.7143553375 0.9350133546875 0.7247065015625 0.9280531406250001 0.75489739375 0.9297931953124999 0.7712867359375 0.9367534078125 0.784225690625 0.9315332484375001 0.784225690625 0.9933051453124999 0.8083457812500001 0.9991386734375001 0.799752434375 0.9315332484375001 0.8135539859375 0.9367534078125
8 0.2296875 0.08828125 0.03828125 0.10078125
8 0.29453125 0.0890625 0.03828125 0.10078125
8 0.34921875 0.08984375 0.03828125 0.10078125
8 0.47109375 0.0875 0.03515625 0.1
8 0.53046875 0.0890625 0.0359375 0.09453125
8 0.834375 0.21796875 0.03828125 0.10078125
8 0.40859375 0.0859375 0.03828125 0.10078125
8 0.95703125 0.2171875 0.028125 0.1046875
8 0.771875 0.08984375 0.03828125 0.10078125
8 0.290625 0.22265625 0.03828125 0.10078125
8 0.35 0.21953125 0.03828125 0.10078125
8 0.95703125 0.0890625 0.03828125 0.10078125
8 0.7109375 0.0859375 0.03828125 0.0984375
8 0.65 0.08828125 0.0375 0.10078125
8 0.590625 0.0890625 0.0359375 0.10078125
8 0.23359375 0.2234375 0.03828125 0.10078125
8 0.41171875 0.21796875 0.03828125 0.10078125
8 0.896875 0.08828125 0.03828125 0.10078125
8 0.8390625 0.09375 0.03828125 0.10078125
8 0.53515625 0.21953125 0.03828125 0.10078125
8 0.59453125 0.21953125 0.03828125 0.10078125
8 0.65625 0.21875 0.03125 0.0953125
8 0.715625 0.22109375 0.03828125 0.10078125
8 0.7703125 0.21796875 0.034375 0.1015625
8 0.89765625 0.22265625 0.03828125 0.10078125
8 0.4703125 0.2203125 0.03828125 0.10078125
8 0.290625 0.22265625 0.03828125 0.10078125
8 0.35 0.21953125 0.03828125 0.10078125
8 0.95703125 0.35234375 0.028125 0.1015625
8 0.8953125 0.3546875 0.03203125 0.09296875
8 0.83671875 0.3546875 0.03828125 0.10078125
8 0.77265625 0.35078125 0.0328125 0.10390625
8 0.71640625 0.3578125 0.03828125 0.10078125
8 0.66015625 0.3578125 0.03828125 0.10078125
8 0.59296875 0.3515625 0.03828125 0.10078125
8 0.53359375 0.3515625 0.03828125 0.10078125
8 0.475 0.35625 0.03828125 0.10078125
8 0.41015625 0.35 0.03828125 0.10078125
8 0.34921875 0.3515625 0.03828125 0.10078125
8 0.28984375 0.353125 0.03828125 0.0984375
8 0.22890625 0.35625 0.03125 0.103125
8 0.59453125 0.4828125 0.03828125 0.10078125
8 0.53125 0.48671875 0.03828125 0.10078125
8 0.47421875 0.48828125 0.03828125 0.10078125
8 0.4109375 0.48515625 0.03828125 0.10078125
8 0.35390625 0.4828125 0.03828125 0.10078125
8 0.28984375 0.48359375 0.03828125 0.10078125
8 0.23046875 0.48125 0.03671875 0.1
8 0.653125 0.48125 0.03828125 0.10078125
8 0.7140625 0.484375 0.03828125 0.10078125
8 0.778125 0.4796875 0.03828125 0.10078125
8 0.83515625 0.48125 0.03828125 0.10078125
8 0.8953125 0.48671875 0.03828125 0.10078125
8 0.95546875 0.48828125 0.03828125 0.10078125
8 0.2328125 0.61875 0.03828125 0.10078125
8 0.2890625 0.61796875 0.03828125 0.10078125
8 0.34921875 0.61484375 0.03828125 0.10078125
8 0.41015625 0.61328125 0.03828125 0.10078125
8 0.46953125 0.615625 0.03828125 0.10078125
8 0.534375 0.61640625 0.03828125 0.10078125
8 0.590625 0.61953125 0.03828125 0.10078125
8 0.4125 0.76328125 0.04296875 0.12421875
8 0.35234375 0.7640625 0.034375 0.1296875
8 0.28984375 0.76328125 0.03984375 0.12890625
8 0.2296875 0.76015625 0.03828125 0.12890625
8 0.16640625 0.76484375 0.03515625 0.134375
8 0.10546875 0.7640625 0.0328125 0.128125
8 0.04921875 0.7640625 0.0328125 0.1265625
8 0.05390625 0.61875 0.03828125 0.10078125
8 0.1109375 0.61796875 0.03828125 0.10078125
8 0.1703125 0.61484375 0.03828125 0.10078125
8 0.05078125 0.4921875 0.03828125 0.10078125
8 0.11171875 0.48359375 0.03828125 0.10078125
8 0.17109375 0.4859375 0.03828125 0.10078125
8 0.05 0.35 0.03046875 0.10546875
8 0.1078125 0.3546875 0.03203125 0.10625
8 0.16953125 0.35234375 0.03125 0.10546875
8 0.0515625 0.2203125 0.03828125 0.10078125
8 0.1078125 0.21953125 0.03828125 0.10078125
8 0.16796875 0.21640625 0.03828125 0.10078125