7 0.9753812640625 0.252296165625 0.9710239656249999 0.2363548296875 0.9570806109375001 0.227771034375 0.959078590625 0.1064613546875 0.93306233125 0.101885325 0.9319727890625 0.0137266921875 0.880272109375 0.0213845390625 0.8717616312500001 0 0.0340136046875 0.023299 0.0380952390625 0.1228510171875 0.008163265625 0.15156794375 0.009523809375000001 0.2415476515625 0 0.250075709375 0.0037037046875 0.9948268109375 0.9986666671875 0.9959104328124999 0.9986666671875 0.44113968281249993 0.9745098046875 0.4374609140625 0.9753812640625 0.252296165625
4 0.5234375 0.93984375 0.7296875 0.10703125
4 0.09375 0.93671875 0.04453125 0.0984375
8 0.0953125 0.80546875 0.0421875 0.05703125
8 0.24609375 0.07421875 0.07265625 0.06015625
8 0.16640625 0.075 0.02890625 0.0640625
8 0.16875 0.18984375 0.03203125 0.0453125
8 0.090625 0.29296875 0.03125 0.0359375
8 0.09296875 0.38359375 0.01796875 0.0390625
8 0.09609375 0.58515625 0.02890625 0.05078125
8 0.09140625 0.6953125 0.0375 0.07421875
8 0.09765625 0.48984375 0.03359375 0.0453125
8 0.0953125 0.80546875 0.0421875 0.05703125
8 0.32578125 0.07109375 0.07265625 0.06015625
8 0.90078125 0.2859375 0.03125 0.03671875
8 0.24921875 0.18984375 0.028125 0.0328125
8 0.17265625 0.29921875 0.03125 0.0359375
8 0.17578125 0.38671875 0.0171875 0.046875
8 0.178125 0.59140625 0.02890625 0.05078125
8 0.17421875 0.7015625 0.0375 0.07421875
8 0.1796875 0.49609375 0.03359375 0.0453125
8 0.25390625 0.8078125 0.0421875 0.05703125
8 0.40390625 0.071875 0.07265625 0.06015625
8 0.33125 0.18984375 0.0265625 0.0421875
8 0.4125 0.18828125 0.03203125 0.0453125
8 0.3328125 0.2859375 0.05078125 0.034375
8 0.25 0.3796875 0.01796875 0.0390625
8 0.25546875 0.58515625 0.02890625 0.05078125
8 0.2546875 0.6953125 0.0375 0.07421875
8 0.25703125 0.4890625 0.03359375 0.0453125
8 0.33515625 0.390625 0.028125 0.05625
8 0.33671875 0.49140625 0.03359375 0.0453125
8 0.33515625 0.58828125 0.02890625 0.05078125
8 0.3359375 0.69765625 0.0375 0.07421875
8 0.334375 0.81015625 0.0421875 0.05703125
8 0.2515625 0.290625 0.03125 0.0359375
8 0.2515625 0.290625 0.03125 0.0359375
8 0.41796875 0.28515625 0.05078125 0.034375
8 0.4171875 0.38671875 0.028125 0.05625
8 0.42265625 0.49140625 0.03359375 0.0453125
8 0.41484375 0.58359375 0.02890625 0.05078125
8 0.41640625 0.69921875 0.0375 0.07421875
8 0.41953125 0.81171875 0.0421875 0.05703125
8 0.49296875 0.18671875 0.03203125 0.0453125
8 0.4984375 0.28125 0.05078125 0.034375
8 0.58125 0.390625 0.028125 0.05625
8 0.5828125 0.49140625 0.03359375 0.0453125
8 0.5796875 0.58515625 0.02890625 0.05078125
8 0.57734375 0.69921875 0.0375 0.07421875
8 0.5796875 0.81171875 0.0421875 0.05703125
8 0.56484375 0.06953125 0.07265625 0.06015625
8 0.4859375 0.06953125 0.07265625 0.06015625
8 0.65078125 0.07109375 0.07265625 0.06015625
8 0.728125 0.06796875 0.07265625 0.06015625
8 0.57421875 0.18828125 0.03203125 0.0453125
8 0.5796875 0.81171875 0.0421875 0.05703125
8 0.57734375 0.69921875 0.0375 0.07421875
8 0.5828125 0.490625 0.03359375 0.0453125
8 0.578125 0.38671875 0.034375 0.0609375
8 0.578125 0.2828125 0.05078125 0.034375
8 0.4953125 0.8109375 0.0421875 0.05703125
8 0.4921875 0.6984375 0.0375 0.07421875
8 0.496875 0.58671875 0.02890625 0.05078125
8 0.4984375 0.48984375 0.03359375 0.0453125
8 0.496875 0.3890625 0.028125 0.05625
8 0.65234375 0.18984375 0.02890625 0.0421875
8 0.65859375 0.28515625 0.05078125 0.034375
8 0.659375 0.38671875 0.03203125 0.0640625
8 0.6625 0.4921875 0.03359375 0.0453125
8 0.65546875 0.59140625 0.02890625 0.05078125
8 0.66171875 0.6984375 0.0375 0.07421875
8 0.659375 0.81328125 0.0421875 0.05703125
8 0.73515625 0.18671875 0.02890625 0.0421875
8 0.73515625 0.28671875 0.0375 0.034375
8 0.74375 0.38828125 0.028125 0.05625
8 0.7453125 0.48984375 0.03359375 0.0453125
8 0.74375 0.5875 0.02890625 0.05078125
8 0.74296875 0.69765625 0.0375 0.07421875
8 0.7421875 0.8109375 0.0421875 0.05703125
8 0.81875 0.1828125 0.03203125 0.0453125
8 0.82265625 0.28671875 0.046875 0.034375
8 0.82578125 0.38125 0.028125 0.05625
8 0.82578125 0.48203125 0.03359375 0.0453125
8 0.82421875 0.57890625 0.02890625 0.05078125
8 0.82578125 0.696875 0.0375 0.07421875
8 0.8265625 0.809375 0.0421875 0.05703125
8 0.9078125 0.38984375 0.028125 0.05625
8 0.9078125 0.490625 0.03359375 0.0453125
8 0.90625 0.5875 0.02890625 0.05078125
8 0.9078125 0.69296875 0.0375 0.07421875
8 0.9078125 0.81015625 0.0421875 0.05703125
8 0.803125 0.06953125 0.0265625 0.0609375
8 0.18203125 0.8109375 0.0234375 0.05390625