7 0.5015625 0.6765625 0.9953125 0.6421875
8 0.17734375 0.65859375 0.02109375 0.15390625
8 0.28515625 0.65625 0.02109375 0.15390625
8 0.134375 0.88203125 0.02109375 0.15390625
8 0.24453125 0.88046875 0.02109375 0.15390625
8 0.49609375 0.65546875 0.02109375 0.15390625
8 0.34921875 0.8890625 0.02109375 0.15390625
8 0.45625 0.88515625 0.0265625 0.14921875
8 0.56171875 0.8875 0.02109375 0.15390625
8 0.60234375 0.659375 0.02109375 0.15390625
8 0.7125 0.6609375 0.02109375 0.15390625
8 0.67421875 0.8875 0.02109375 0.15390625
8 0.13203125 0.659375 0.01015625 0.14921875
8 0.3390625 0.66015625 0.0125 0.1484375
8 0.53984375 0.65859375 0.0125 0.14453125
8 0.503125 0.88359375 0.009375 0.14921875
8 0.7109375 0.88671875 0.0109375 0.14609375
5 0.3244345453125 0.517428434375 0.31460056718749996 0.5098034953125 0.2908833234375 0.5185177125 0.26890148593749996 0.533767590625 0.2827847515625 0.5087142171875 0.29493260781249997 0.4803930109375 0.3059235265625 0.467321684375 0.30476658749999996 0.454250359375 0.295511078125 0.4455361421875 0.283363221875 0.42701843124999994 0.2798924046875 0.4204827671875 0.28220628125 0.40523288749999997 0.28394169062499997 0.3899830078125 0.28104934375 0.3758224046875 0.27882978125 0.3632838765625 0.2827847515625 0.34532264375 0.2706368953125 0.3616618 0.2619598546875 0.3747331265625 0.261381384375 0.3671081859375 0.2683230171875 0.340965534375 0.2625383234375 0.34532264375 0.2503904671875 0.359483246875 0.2307225078125 0.3649296328125 0.20931914062499998 0.37364385 0.2006421015625 0.38126879062499996 0.19080812187500001 0.3888937296875 0.1659339390625 0.41285782812500005 0.15262914375 0.43573264843750004 0.14684445 0.4531610828125 0.144530571875 0.4727680703125 0.1688262859375 0.5076249390625 0.18849424374999998 0.5479281953124999 0.20411291718750002 0.587142171875 0.2127899578125 0.61655265625 0.20931914062499998 0.6383382 0.2046913859375 0.6764629 0.20411291718750002 0.9400679703125 0.20411291718750002 0.9967103828124999 0.22378087500000002 0.9945318296875 0.232457915625 0.6209097640625 0.255018221875 0.5827850640625 0.3001388328125 0.5304997609375001 0.3267484234375 0.5272319296875 0.3244345453125 0.517428434375
5 0.15899230625 0.419393490625 0.226673221875 0.35839396875 0.2336148546875 0.34641192187500003 0.22378087500000002 0.33987625781249997 0.22956556875 0.324626378125 0.2544397515625 0.3159121609375 0.24749812031250001 0.3006622796875 0.2365072015625 0.289769509375 0.2208885296875 0.2843231234375 0.2127899578125 0.2799660140625 0.21105455 0.271251796875 0.2064267953125 0.264716134375 0.260802915625 0.20153805937499997 0.2596459765625 0.19282384218749998 0.24865505937500001 0.191734565625 0.2446057734375 0.17975251718750002 0.24402730312499998 0.153609865625 0.23477179375 0.14380637031250001 0.22320240624999999 0.14380637031250001 0.2208885296875 0.13618143124999998 0.22031005937499998 0.11330660937499999 0.20816220312499997 0.10786022343749999 0.19138659062500002 0.10786022343749999 0.179238734375 0.12093155 0.17056169375000002 0.1503420328125 0.17056169375000002 0.1568776953125 0.1653554703125 0.18519890156250002 0.1520506734375 0.2178772171875 0.13296118437499999 0.2461984234375 0.1277549609375 0.2636268578125 0.1370104703125 0.2069844453125 0.14337363281249998 0.16341335937499998 0.15378608124999998 0.11766371875 0.161306184375 0.08607468124999999 0.173454040625 0.0414143171875 0.1694047546875 0.032700099999999996 0.156678428125 0.030521546875 0.1462659796875 0.0740926328125 0.1370104703125 0.12311010468750001 0.13296118437499999 0.1252886578125 0.1335396546875 0.0871639578125 0.13296118437499999 0.046860703125 0.1260195515625 0.0370572078125 0.11792098124999999 0.045771425 0.098253021875 0.06864624687500001 0.097096084375 0.0392357640625 0.0872621046875 0.0207180515625 0.0820558796875 0.0174502203125 0.074535778125 0.0414143171875 0.06759414531249999 0.084985403125 0.0612309828125 0.05448564375 0.05139700312499999 0.0207180515625 0.0351998609375 0.0207180515625 0.02686464375 0 0.009747209375 0.0022003390625 0.010325678125 0.032700099999999996 0.0074333312499999995 0.0392357640625 0 0.02803799375 0.0080118 0.3856258984375 0.022473534375 0.4074114421875 0.031729045312499995 0.4215720453125 0.0236304734375 0.42810770781249996 0.0120610859375 0.4139471046875 0 0.41807645468750004 0.0022271078125 0.5904100031249999 0.0236304734375 0.5697137375 0.0658587375 0.5228748203125 0.0751142484375 0.563178075 0.07800659531250001 0.9945318296875 0.1086654703125 0.9945318296875 0.10750853281249999 0.50326783125 0.1225487359375 0.47058951718750003 0.14742291875 0.43573264843750004 0.15899230625 0.419393490625
5 0.756986890625 0 0.7554394203125 0.0320533421875 0.744773890625 0.108370821875 0.7362414671875 0.076237146875 0.7362414671875 0.0019280203125 0.6796290546875 0 0.6884717484375 0.02442159375 0.697573 0.06298200468750001 0.6892301859375001 0.07012282187499999 0.6755783078125 0.0172807765625 0.6548187875 0 0.6717861203125 0.0372750640625 0.677853621875 0.051556698437500006 0.6863764921875 0.06923067031249999 0.6915346328124999 0.090599159375 0.6894713765625 0.10322599531250001 0.6874081203125 0.1029022296875 0.6779515296875 0.0831525640625 0.6636806765625 0.07052572968750001 0.6585225359375 0.0760297359375 0.6667755609375 0.097398225 0.68224998125 0.1304222546875 0.6929101359375001 0.1508194484375 0.6932540125 0.15826604375 0.68672036875 0.145639209375 0.681562228125 0.1479055640625 0.6794989734375 0.15502839531249998 0.68654843125 0.1657126390625 0.6960050203125 0.174778059375 0.6929101359375001 0.186109834375 0.6862045546875 0.1932326640625 0.6767479640625 0.18092959375 0.6506133890625 0.15017191875 0.627745634375 0.1284796640625 0.61364671875 0.10646364374999999 0.5967967953125 0.0948081046875 0.5828698171875 0.097398225 0.57496066875 0.11423400312500001 0.5828698171875 0.1268608390625 0.60057943125 0.1398114390625 0.605737571875 0.1433728546875 0.5990319890625 0.145639209375 0.5938738484375 0.14984815468749998 0.59198253125 0.1530858046875 0.5983442375 0.1559996890625 0.603674315625 0.1605324 0.598516175 0.1637700484375 0.59215446875 0.15923733906249998 0.575992296875 0.1508194484375 0.5689428390625 0.1556759234375 0.5685989625000001 0.163446284375 0.563416659375 0.183422496875 0.5759616265624999 0.1848120609375 0.5896135046875 0.1910651015625 0.60843095625 0.197318140625 0.5755926578125 0.21399291250000002 0.5859238078125 0.21746682343749998 0.6028964109375 0.22094073593750002 0.6158103500000001 0.2230250828125 0.6379485296875 0.25220593281250003 0.6442210125 0.27096505312499997 0.634996771875 0.27374418125 0.6062171390625 0.2501215875 0.5789133843750001 0.239005071875 0.561202840625 0.2445633296875 0.567475325 0.261932884375 0.591827321875 0.2730493984375 0.6187621062499999 0.2869450421875 0.6202379859375 0.308483290625 0.616917259375 0.3307163203125 0.614703440625 0.3258528453125 0.6091688953125 0.3050093796875 0.6121206531250001 0.3237684984375 0.6117516828125 0.354338915625 0.6117516828125 0.36684499375 0.60843095625 0.35155978593750004 0.5951480484375 0.32932675625 0.5807582328125 0.332105884375 0.5752236875000001 0.345306746875 0.5667373859375 0.34183283593749997 0.5593579921875 0.3466963109375 0.55493035625 0.3564232609375 0.5648925375 0.36337108281249997 0.5803892625 0.38699367812499996 0.577806475 0.3862988953125 0.5567752046875001 0.3814354203125 0.546813025 0.38977280625 0.5575131453125 0.3994997578125 0.563785628125 0.405752796875 0.5505027203124999 0.41270061875 0.5383267234375 0.414784965625 0.520247209375 0.4335440828125 0.52393690625 0.4446605984375 0.5383267234375 0.437712778125 0.5423853890625 0.4418814703125 0.5324232078125 0.46619884687499996 0.5294714515625001 0.5085805609375 0.5386956921875 0.5148336 0.5578821140625 0.5051066484375 0.5722719296875 0.49468491718749996 0.5630476890625 0.5120544703125 0.5689512046874999 0.5203918578125 0.5722719296875 0.5099701249999999 0.5818651406249999 0.5064962140625 0.5859238078125 0.5190022937500001 0.5925652609375 0.5252553328125 0.5896135046875 0.529424025 0.59809980625 0.53359271875 0.6040033203124999 0.5419301046875 0.61359653125 0.5523518375 0.6202379859375 0.5815326890625 0.6220828328125 0.9942333078125 0.6369927953125 0.9945015703125 0.648369359375 0.5624821484375 0.6654342046874999 0.5071408171875 0.673966628125 0.47679234375 0.7242131203125 0.489288775 0.7403299203125 0.5089260203125 0.7441221078125 0.5624821484375 0.7403299203125 0.998714653125 0.7763830109375001 0.998714653125 0.7791998484375 0.5124964296875001 0.7848881296875 0.46251071093749996 0.8152256359375001 0.398243359375 0.8626279859375 0.3107683515625 0.9451080765625001 0.237574978125 0.9365756546874999 0.26078263437500004 0.972601440625 0.237574978125 0.99931740625 0.188508640625 0.9820819109375 0.18580405625000002 0.966913159375 0.18044844375 0.9972506640625 0.1429591546875 0.99931740625 0.0014301296874999999 0.9344520281250001 0 0.807641259375 0.010854040625 0.7839400828125 0.060839759375000003 0.7810959421875 0 0.756986890625 0
5 0.873056503125 0.5964010281250001 0.8844330671874999 0.5678377609374999 0.9014979140625 0.546415309375 0.9119264312500001 0.52320765625 0.930887371875 0.52320765625 0.9564846421875 0.5124964296875001 0.9593287828125 0.5017852046875 0.9422639359374999 0.47322193749999997 0.9261471374999999 0.48571836562500004 0.9176147140625 0.469651528125 0.930887371875 0.43394744375 0.92425104375 0.43216223906250006 0.89012135 0.480362753125 0.8977057265624999 0.43930305625 0.909082290625 0.4000285625 0.9033940078124999 0.3678948875 0.89201744375 0.33933162031249997 0.8844330671874999 0.33933162031249997 0.8607318921875 0.3661096828125 0.8540955625000001 0.3357612109375 0.8484072812499999 0.33933162031249997 0.8427189984375 0.37325050000000004 0.8455631406249999 0.403598971875 0.8427189984375 0.42323621874999995 0.827550246875 0.40181376718750006 0.807641259375 0.40181376718750006 0.807641259375 0.43394744375 0.78868031875 0.464295915625 0.8066932124999999 0.510711225 0.823758059375 0.5981862328124999 0.8303943874999999 0.5714081703125 0.8351346218750001 0.5482005140624999 0.8427189984375 0.5749785765625 0.850303375 0.6142530703125 0.8559916578125 0.996286775 0.872127221875 0.998714653125 0.8777967390624999 0.6535275625 0.873056503125 0.5964010281250001
5 0.9185627609375 0.3357612109375 0.8958096328125 0.37325050000000004 0.909082290625 0.4178806046875 0.9233029953124999 0.4268066265625 0.9365756546874999 0.4268066265625 0.948900265625 0.4268066265625 0.9782897234375 0.43751785156249995 0.9963026156250001 0.48393316249999996 0.9906143343749999 0.5017852046875 0.9318354187500001 0.5535561265625 0.9138225249999999 0.5874750078125001 0.9365756546874999 0.5714081703125 0.9631209703125 0.5321336765625 0.9973768656249999 0.531000978125 0.99931740625 0.21163077968750002 0.9981987109375 0.2125821203125 0.9593287828125 0.257212225 0.947004171875 0.31255355625000003 0.9422639359374999 0.3321908015625 0.9185627609375 0.3357612109375
8 0.39765625 0.88515625 0.01171875 0.146875
8 0.31015625 0.88515625 0.009375 0.15