7 0.9989484750000001 0.5594128609375 0.6475760546875 0.5559179859375 0.6490264328124999 0.5326188265625 0.5068893 0.53145386875 0.5076144890625 0.554753028125 0.44959933281250003 0.5477632796874999 0.4437978171875 0.13070829374999998 0.41188948124999997 0.1272134203125 0.3560498921875 0.1586672875 0.0942565 0.004892825 0.0710504375 0.00139795 0.062348162500000005 0.3602050328125 0 0.357442071875 0.0079589546875 0.995107175 0.681659959375 0.9962721328124999 0.6823851484375 0.9764678484375 0.9989484750000001 0.9686442578125 0.9989484750000001 0.5594128609375
8 0.2453125 0.7109375 0.203125 0.1171875
4 0.396875 0.95 0.0375 0.09765625
4 0.52109375 0.9515625 0.02578125 0.090625
4 0.6453125 0.9515625 0.03671875 0.09296875
4 0.82421875 0.9453125 0.0390625 0.10703125
8 0.60703125 0.74453125 0.0625 0.09140625
8 0.13828125 0.396875 0.22421875 0.03125
8 0.30625 0.93359375 0.10234375 0.12734375
5 0.362727634375 0 0.35221107812499997 0.0125722734375 0.33756297343749997 0.0201358078125 0.3365166796875 0.0436668 0.3511647859375 0.0478687640625 0.360058278125 0.052911120312500004 0.3469796125 0.10585585625 0.33285465468750003 0.11341939062499999 0.321345428125 0.121823315625 0.3234380140625 0.141152346875 0.337039828125 0.1940970828125 0.35011849375000004 0.2033414 0.3663360375 0.2142665046875 0.35953513125000003 0.23695710625 0.33023892187500004 0.23191475 0.3072204703125 0.2310743578125 0.288387190625 0.3109116578125 0.277924259375 0.327719509375 0.2601372734375 0.3336022578125 0.2345030890625 0.3495697203125 0.24339658125 0.371419928125 0.24339658125 0.39327013437499997 0.24339658125 0.404195240625 0.2350262359375 0.412599165625 0.2428734359375 0.4243646640625 0.264322446875 0.4302474125 0.2774011125 0.43360898125 0.2774011125 0.45545919062499995 0.29047977812500003 0.46386311718749995 0.2925723640625 0.43865133749999996 0.322391721875 0.442012909375 0.3454101734375 0.42520505625 0.381507290625 0.4151203453125 0.3956322484375 0.4075568109375 0.4102803546875 0.36805835625 0.41969699374999997 0.3554524671875 0.4322525125 0.9899489031250001 0.4683496296875 0.9958316515625001 0.4416691515625 0.00164716875 0.362727634375 0
5 0.7767724921875 0 0.7702052296875 0.40251445468749997 0.7581728578125 0.43949172968749994 0.737770140625 0.530254134375 0.7293997937500001 0.553785128125 0.7142285421875 0.5554659140625 0.7069044890625 0.563029446875 0.6865017703125 0.5966451515625 0.664006465625 0.5756353359374999 0.664006465625 0.5840392640625 0.6692379328125 0.5966451515625 0.6681916390625 0.6058894718750001 0.6530203875 0.6126126125 0.6545898265625001 0.6176549671875 0.6692379328125 0.6369839984375 0.6765619859374999 0.6470687109375 0.6938258234375 0.6395051781250001 0.695918409375 0.6554726375000001 0.692256384375 0.6663977421875 0.6838860375 0.681524809375 0.6760388374999999 0.6882479499999999 0.664006465625 0.6983326609375 0.6760388374999999 0.702534625 0.685978625 0.7126193359374999 0.678131425 0.726906009375 0.6713305187499999 0.7353099375000001 0.658775 0.7311079734375 0.6483120671875 0.7210232624999999 0.6488352140625 0.73867150625 0.6671453453125 0.753798575 0.6749925453125 0.7672448562499999 0.69748785 0.776489175 0.710566515625 0.776489175 0.7205063015625 0.779850746875 0.7393395796875 0.7773295671875 0.7529413921875 0.7773295671875 0.7634043234375001 0.776489175 0.7571265640625 0.9983108109375 0.7985105234375001 0.9983108109375 0.8057792015624999 0 0.7767724921875 0
5 0.45185312343749995 0 0.4469414125 0.055231837500000006 0.4450120109375 0.06762955625 0.463341340625 0.055231837500000006 0.4700942515625 0.066079840625 0.4546590265625 0.07692784531249999 0.44790611562500005 0.090875278125 0.4469414125 0.11722043124999999 0.4469414125 0.137366725 0.453694325 0.14201586875 0.46912955 0.137366725 0.471058953125 0.1869576 0.46912955 0.2164021828125 0.4546590265625 0.23189933125 0.4527296234375 0.2458467640625 0.4720236546875 0.23964790468750002 0.46816484843749995 0.2613439125 0.46527074375 0.2892387796875 0.46623544531250005 0.30938507187500003 0.47298835625 0.3186833609375 0.46912955 0.9974584671875 0.5077176125 0.9983108109375 0.5077176125 0.506198859375 0.5202587328125 0.49845028593749996 0.536658659375 0.49225142499999996 0.5434115703125 0.47830399218749997 0.5453409734375 0.44266055 0.5511291828125 0.4209645421875 0.563670303125 0.393069675 0.563670303125 0.38067195625 0.56559970625 0.3574262328125 0.5742820203125001 0.33108108125 0.5858584390625 0.31558393281249997 0.602258365625 0.30783535781250004 0.6099759796875001 0.292338209375 0.61865829375 0.2907884953125 0.636987621875 0.2907884953125 0.6611051625 0.2721919171875 0.64952874375 0.2613439125 0.6302347125 0.22725018593750002 0.6408464296874999 0.22105132656249998 0.6485640421875 0.21330275156249998 0.6582110578125 0.197805603125 0.6736462828125 0.18850731406250001 0.678469790625 0.1637118765625 0.668822775 0.15286387343750002 0.6639992671875 0.1327175796875 0.6572463546875 0.11877014687500001 0.6630345656250001 0.0831267046875 0.6659286703125 0.0583312671875 0.6630345656250001 0.033535829687500004 0.64952874375 0.0366352578125 0.6350582203124999 0.049032978125 0.6109406796875 0.0505826921875 0.5955054546875 0.0443838328125 0.5819996328125 0.04283411875 0.5684938125000001 0.035085543749999996 0.5491997796875 0.0226878265625 0.5472703765625 0.01029010625 0.5646350046874999 0.01029010625 0.586823140625 0.0025415328125 0.5993642625 0.01029010625 0.6099759796875001 0.0226878265625 0.6331288171875 0.027336970312499997 0.6485640421875 0.016488965624999997 0.6456699375 0 0.6225170984374999 0 0.577176125 0 0.53472925625 0 0.5067529109375 0 0.47684716250000003 0 0.45185312343749995 0
5 0.697763821875 0.2938879234375 0.668822775 0.2938879234375 0.6601404609375 0.300086784375 0.64952874375 0.3186833609375 0.6283053093750001 0.337279940625 0.6167288890625 0.3543268046875 0.6138347859375 0.39771881875 0.6196229953125 0.43491197656249997 0.6225170984374999 0.4597074140625 0.6321641140625001 0.4876022796875 0.6485640421875 0.5 0.6630345656250001 0.510848003125 0.6659286703125 0.5216960078125 0.666893371875 0.5325440125 0.666893371875 0.5464914453125 0.678469790625 0.5464914453125 0.724775465625 0.549590875 0.736351884375 0.5402925859375001 0.740210690625 0.507748575 0.7566106171875 0.469005703125 0.761434125 0.4287131171875 0.761434125 0.399268534375 0.744069496875 0.41476568281250004 0.736351884375 0.3961691046875 0.7411753921875001 0.37292338125 0.7411753921875001 0.3636250921875 0.7334577796875 0.32333250625 0.7353871828125 0.30783535781250004 0.7479283031249999 0.3016364984375 0.7537165124999999 0.27374163125 0.74985770625 0.259794196875 0.7334577796875 0.24894619375000002 0.730563675 0.2334490453125 0.7141637484375 0.24894619375000002 0.7083755390625 0.27374163125 0.697763821875 0.2938879234375