7 0.035365275 0.9975062343750001 0.0656277078125 0.996331984375 0.06756686875 0.751797690625 0.2168823453125 0.7614822171875 0.2162359578125 0.9975062343750001 0.9993342203125 0.9975062343750001 0.9993342203125 0.2221780921875 0.9691484796875001 0.22737647343749998 0.9697127 0.20624286718749998 0.3169107859375 0.202016146875 0.3174750046875 0.0688744234375 0.3050621765625 0.0414007359375 0.28362183750000003 0.0287205703125 0.26387415625 0.013927046874999998 0.2452549140625 0.0202671296875 0.191089846875 0.02449385 0.191089846875 0.21680967031249998 0.003204765625 0.21680967031249998 0.00038366874999999997 0.7536032796875001 0.0381863734375 0.73880975625 0.035365275 0.9975062343750001
8 0.27109375 0.38046875 0.025 0.1609375
8 0.5140625 0.378125 0.02890625 0.165625
8 0.57421875 0.38125 0.03125 0.17265625
8 0.6671875 0.375 0.02734375 0.16171875
8 0.76796875 0.38125 0.034375 0.09765625
2 0.346875 0.66484375 0.69140625 0.0890625
8 0.496875 0.84453125 0.090625 0.153125
8 0.72109375 0.61328125 0.0328125 0.09921875
8 0.878125 0.38046875 0.03203125 0.0921875
8 0.50546875 0.58671875 0.05234375 0.05
8 0.5890625 0.5796875 0.0328125 0.07734375
8 0.64921875 0.5828125 0.0296875 0.0671875
8 0.36015625 0.3625 0.02421875 0.16796875
8 0.43671875 0.37421875 0.0296875 0.1828125