7 0.9986910999999999 0.9496002625 0.9986910999999999 0.305412721875 0.97614195625 0.2884920890625 0.6242279843749999 0.29225223125 0.6062012109375 0.3063527578125 0.599931028125 0.325153459375 0.6030661187499999 0.0252822453125 0.57249898125 0.00084133125 0 0.00165009375 0.000344859375 0.9756577890625 0.47687870312499997 0.99351845625 0.9769257296875 0.992578421875 0.98476345625 0.9737777187500001 0.9986910999999999 0.9496002625
8 0.79765625 0.8078125 0.4 0.3015625
8 0.68515625 0.47578125 0.040625 0.16328125
8 0.68671875 0.61015625 0.03984375 0.0203125
8 0.88828125 0.609375 0.04921875 0.01796875
8 0.9546875 0.6125 0.0203125 0.0140625
8 0.821875 0.60859375 0.0203125 0.015625
8 0.5234375 0.4546875 0.04453125 0.17734375
8 0.5234375 0.603125 0.03515625 0.03828125
8 0.3859375 0.71796875 0.02890625 0.26328125
8 0.31484375 0.71796875 0.0578125 0.27265625
8 0.24765625 0.7140625 0.0234375 0.27265625
8 0.1859375 0.715625 0.03359375 0.271875
8 0.11953125 0.71015625 0.05546875 0.26953125
8 0.16640625 0.4265625 0.0421875 0.11953125
8 0.1046875 0.42265625 0.03203125 0.1203125
8 0.45234375 0.17734375 0.04765625 0.13359375
8 0.51796875 0.17578125 0.03046875 0.1234375
8 0.38828125 0.17578125 0.0296875 0.1265625
5 0 0 0.0042637234375 0.3213933203125 0.0113176796875 0.33643388281250003 0.030128224999999998 0.3213933203125 0.0520738625 0.32797356718750004 0.0559927265625 0.33173370625 0.06774931875 0.31857321562499996 0.0889111828125 0.3101128984375 0.0748032734375 0.2800317734375 0.054425181249999996 0.24713054375 0.04580368125 0.23114994531250002 0.031695770312499996 0.20670903125 0.038749725 0.19918875 0.041101043749999996 0.1832081515625 0.029344453124999996 0.1672275546875 0.048938771874999995 0.17286776406249998 0.0606953625 0.20858910000000003 0.07950590937499999 0.2245696984375 0.11399191093750001 0.24713054375 0.1296673671875 0.2574709296875 0.1414239578125 0.23867022656249998 0.17826127812499998 0.23114994531250002 0.191585415625 0.215169346875 0.20882841562499999 0.20106881875 0.23626046406249998 0.1935485390625 0.2284227359375 0.17662790625 0.2346929171875 0.17286776406249998 0.25663855468749996 0.1597072734375 0.284854375 0.1399665359375 0.2699626921875 0.1399665359375 0.273097784375 0.10988540937499999 0.24253064531250002 0.10800533906250001 0.2393955546875 0.1014250921875 0.25663855468749996 0.08732456718750001 0.3068000125 0.11176547968749999 0.3499075140625 0.14654677968750002 0.3702856078125 0.1277460765625 0.32090792343749996 0.1070653046875 0.312286421875 0.10236512812500001 0.3467724234375 0.0939048109375 0.3553939234375 0.08732456718750001 0.404771609375 0.08544449531250001 0.42514969999999996 0.072284003125 0.4369062921875 0.036562667187499995 0.4345549734375 0.0168219296875 0.40555538125 0.0281023515625 0.3687180609375 0.036562667187499995 0.32012414843750003 0.0281023515625 0.31385396718749997 0.0252822453125 0.3202694875 0 0 0