7 0.9974489796875 0.47445591406250004 0.493024553125 0.430178140625 0.0087292734375 0.513209540625 0 0.9987922703125 0.9974489796875 0.9987922703125 0.9974489796875 0.47445591406250004
5 0.7198108515625 0 0.69599303125 0.0051254859375 0.7042890328125 0.0542201796875 0.7353990375 0.05912965 0.7353990375 0.094477828125 0.69806703125 0.08956835937499999 0.658661025 0.0777856328125 0.6275510203125 0.081713209375 0.5777750125 0.1337535828125 0.5487390078125001 0.1337535828125 0.5300730046875 0.1455363109375 0.513481003125 0.2015042609375 0.503111 0.228015396875 0.5300730046875 0.2417619109375 0.5715530109375 0.2712187265625 0.5757010124999999 0.2869290296875 0.5279990046874999 0.2957660734375 0.49066699687500004 0.33013235937499996 0.501037 0.37039000781250003 0.5425170078125 0.40672008281250005 0.5839970125 0.4185028078125 0.596441015625 0.428321746875 0.6234030203125001 0.42635795937500004 0.6503650234375 0.428321746875 0.69391903125 0.39788303593749996 0.7208810359375 0.3831546296875 0.76858304375 0.3664624328125 0.7913970453125 0.359589175 0.77065704375 0.3919916734375 0.7353990375 0.4057381890625 0.7208810359375 0.428321746875 0.7250290359375 0.45090530624999997 0.754065040625 0.47643454687500003 0.749917040625 0.4823259109375 0.77895304375 0.47250697031250005 0.7042890328125 0.9978201953125 0.8342934109375 0.9987922703125 0.8245810515625 0.9261419421875001 0.8536170562500001 0.4430501546875 0.8743570593750001 0.399846825 0.9013190640625 0.39886493125 0.9552430734374999 0.41555712656250005 0.9974489796875 0.40672008281250005 0.9974489796875 0.3674443265625 0.9974489796875 0.30460311875 0.9974489796875 0.26791512968750003 0.9448730718749999 0.26630925781250003 0.911689065625 0.2692549390625 0.93035506875 0.26238168281249996 0.9974489796875 0.24274380468749998 0.9974489796875 0.0376098078125 0.9801310765625001 0.0512744984375 0.9365770687499999 0.0669848 0.915837065625 0.046365029687499996 0.9469470718749999 0.0208357890625 0.93242906875 0 0.7198108515625 0
5 0 0 0 0.43323121562500005 0.034386926562499996 0.434213109375 0.050978928125 0.430285534375 0.0966069359375 0.44206826093749996 0.090384934375 0.9899650453125 0.07379293125 0.9978201953125 0.21067695468749997 0.9919288328125001 0.1837149484375 0.6109540078125 0.18993695156249998 0.4430501546875 0.243860959375 0.4410863671875 0.28326696406249996 0.47545265312499996 0.330968971875 0.4872353796875 0.3911149828125 0.4430501546875 0.38281898281250004 0.41457523281249997 0.322672971875 0.38904599218749997 0.40563298437500006 0.3841365234375 0.46577899531250005 0.3880640984375 0.482370996875 0.3497702359375 0.48444499687500003 0.31933152656249997 0.4325949890625 0.30263933125000003 0.38281898281250004 0.30558501250000003 0.335116975 0.2957660734375 0.3911149828125 0.28005577187499997 0.45333499218749995 0.2633635765625 0.507259 0.2397981234375 0.505185 0.20641373125 0.4637049953125 0.17008365625 0.4242989875 0.14946388593749999 0.3848929828125 0.1504457796875 0.3703749796875 0.134735478125 0.3848929828125 0.11313381250000001 0.401484984375 0.09938729843750001 0.3765969796875 0.08367699687499999 0.3579309765625 0.0453831359375 0.3306979390625 0 0 0
8 0.240625 0.615625 0.08671875 0.1078125
8 0.34921875 0.61875 0.07890625 0.109375
8 0.640625 0.62265625 0.08359375 0.109375
8 0.94375 0.625 0.07734375 0.10546875
8 0.85625 0.62578125 0.0359375 0.1
8 0.3453125 0.7453125 0.09296875 0.1046875
8 0.64765625 0.746875 0.08828125 0.1078125
8 0.05078125 0.74609375 0.07265625 0.11015625
8 0.2140625 0.87734375 0.034375 0.10546875
8 0.43203125 0.8796875 0.08046875 0.10703125
8 0.53515625 0.88203125 0.08828125 0.1078125
8 0.86171875 0.88046875 0.08359375 0.10546875