7 0.9902469984375 0.3885586921875 0.8378924281250001 0.3947498765625 0.8430863343749999 0.3792719171875 0.8465489375 0.3374814265625 0.6659164359374999 0.28795195625000003 0.6653393359375 0.241518078125 0.6682248375000001 0.22449232187499998 0.511565096875 0 0.341585871875 0.219848934375 0.352550784375 0.2802129765625 0.16326177343749998 0.34986379375 0.17249538281250001 0.3901064890625 0.01436980625 0.400941059375 0.0161011078125 0.46285289687500003 0.00340489375 0.4659484890625 0.0022506921875 0.74764735 0.0074445984375 0.7430039625 0.0126385046875 0.9937469046875 0.9994459828125001 0.996751034375 0.9977493078125 0.45201832499999994 0.9914012 0.4334447734375 0.9902469984375 0.3885586921875
4 0.509375 0.8421875 0.03984375 0.22890625
8 0.415625 0.49140625 0.03671875 0.25859375
8 0.509375 0.49140625 0.04296875 0.2546875
8 0.6015625 0.49375 0.0328125 0.25625
8 0.60078125 0.82578125 0.0375 0.18359375
8 0.415625 0.82734375 0.0359375 0.18203125
8 0.325 0.82578125 0.0296875 0.165625
8 0.26875 0.82734375 0.0296875 0.1703125
8 0.209375 0.828125 0.03203125 0.16875
8 0.21015625 0.53984375 0.0296875 0.1859375
8 0.26796875 0.53984375 0.02734375 0.184375
8 0.32578125 0.54140625 0.02734375 0.1828125
8 0.69140625 0.540625 0.02734375 0.1859375
8 0.74765625 0.5390625 0.02734375 0.184375
8 0.8046875 0.53203125 0.0265625 0.18984375
8 0.690625 0.82421875 0.0296875 0.16484375
8 0.74765625 0.82578125 0.025 0.165625
8 0.803125 0.8234375 0.028125 0.15859375
8 0.11796875 0.559375 0.03671875 0.1640625
8 0.1421875 0.82890625 0.021875 0.1609375
8 0.05390625 0.8328125 0.0296875 0.159375
5 0.86540025625 0 0.8627630109375 0.0131358484375 0.8674780453125001 0.033685309375 0.8627630109375 0.0384274921875 0.8674780453125001 0.0542347703125 0.8651205281250001 0.0779456859375 0.8686568046875 0.095333690625 0.8615842515625 0.11430242500000001 0.8490304703125 0.0966886015625 0.847447565625 0.1278214109375 0.84955810625 0.1504634546875 0.84428175625 0.16178447499999998 0.8374225031250001 0.16461473124999998 0.833729059375 0.178766009375 0.8384777734375 0.208483690625 0.8453370265625001 0.21838958437499997 0.850613375 0.243861884375 0.8574726281249999 0.25093752187499996 0.8595831687500001 0.276409821875 0.8558897234374999 0.2863157140625 0.842698853125 0.273579565625 0.840060678125 0.2877308421875 0.8458646609375 0.33018467500000004 0.8279250765624999 0.3075426296875 0.8221210921875001 0.276409821875 0.8247592671874999 0.243861884375 0.8131512984375 0.20282317968750002 0.809985490625 0.25235265 0.803653871875 0.28207033125000003 0.809985490625 0.2990518640625 0.8157894734375001 0.3089577578125 0.8163171078125 0.3344300578125 0.810513125 0.33018467500000004 0.7989051578125 0.345751078125 0.80418150625 0.36697799375 0.7851866515625 0.393865421875 0.7978498875 0.4108469546875 0.7983775234375 0.446225146875 0.79415644375 0.46320667968749996 0.8025986015625 0.4716974453125 0.8110407593750001 0.468867190625 0.8179000140625 0.47877308437500005 0.8168447437499999 0.50990589375 0.8205381875000001 0.5155664046874999 0.8358395984375001 0.5311328093750001 0.8237039968750001 0.543868959375 0.8020709671875 0.550944596875 0.7989051578125 0.552359725 0.7957393484375 0.5764168953125 0.8020709671875 0.606134578125 0.8004880625 0.6132102171875 0.7983775234375 0.6372673875 0.8020709671875 0.6485884093750001 0.8152618390624999 0.6542489218750001 0.827397440625 0.6372673875 0.8300356156250001 0.616040471875 0.8416435828125 0.621700984375 0.8432264875 0.6570791765624999 0.8521962796875 0.671230453125 0.8490304703125 0.693872496875 0.8342566937499999 0.7094389015625 0.83689486875 0.7207599250000001 0.847447565625 0.7349112 0.8437541218750001 0.7419868390625 0.8469199312500001 0.7674591375 0.840060678125 0.781610415625 0.84428175625 0.7915163093750001 0.850613375 0.7957616921875 0.8516686453125001 0.8099129703125 0.8384777734375 0.8198188640625 0.8379501390625 0.8311398859375 0.8453370265625001 0.8665180781249999 0.847447565625 0.9075567812499999 0.8500857406250001 0.9231231875000001 0.8585278984375 0.92029293125 0.8785780234375 0.8721785890625 0.8907136265625001 0.8594424390625001 0.9007386890625 0.853781928125 0.910236115625 0.8339701406250001 0.9239546234375 0.83538526875 0.9197335453125 0.8495365453125 0.9239546234375 0.853781928125 0.9292309718749999 0.8481214171874999 0.9323967812499999 0.85519705625 0.9292309718749999 0.99246444375 0.9441452390625 0.998514115625 0.9451143343749999 0.868557528125 0.9532616375 0.8569035328125001 0.9690130890624999 0.8423360437499999 0.9912823859375001 0.8379657953124999 0.9994459828125001 0.8328380390625 0.9994459828125001 0 0.86540025625 0