7 0.9994089828125 0.175558759375 0.708022271875 0.1766190265625 0.697912778125 0.2614402640625 0.6217027500000001 0.2614402640625 0.6170368296875 0.19782433593749998 0.515164240625 0.19570380468749998 0.496500559375 0.1766190265625 0.483280453125 0.19570380468749998 0.45606258593750004 0.1988846 0.4576178921875 0.175558759375 0.46383911875 0.1691971671875 0.44984135937499997 0.10664150312500001 0.4024045046875 0.1098223 0.39229501093749997 0.12784681250000002 0.4047374640625 0.15435345 0.400849196875 0.19782433593749998 0.3518570359375 0.19358327343749998 0.337081621875 0.1766190265625 0.32152855625 0.1988846 0.3067531421875 0.199944865625 0.312196715625 0.1670766359375 0.3230838625 0.159654778125 0.312196715625 0.135268671875 0.285401959375 0 0.2655375140625 0.10346070624999999 0.2445408734375 0.1172441578125 0.24998444687500002 0.135268671875 0.251539753125 0.1660163703125 0.24531852656250003 0.184040884375 0.2460961796875 0.19782433593749998 0.1831062578125 0.19570380468749998 0.1698861515625 0.1766190265625 0.1434459375 0.19570380468749998 0.05790406875 0.1967640703125 0.0726794828125 0.22221044218750002 0.02602028125 0.3144535390625 0.0213543609375 0.3314177875 0 0.34701505 0.00580129375 0.37700920312499997 0.025242628125 0.39609398281249997 0.028353240624999998 0.4289622125 0.0314638546875 0.9919631875 0.9941987062500001 0.987722125 0.9941987062500001 0.87003265625 0.9994089828125 0.8677411140625001 0.9994089828125 0.175558759375
8 0.9453125 0.53671875 0.10078125 0.6109375
4 0.6671875 0.93359375 0.0671875 0.13125
8 0.66484375 0.54453125 0.06875 0.16953125
4 0.3453125 0.9359375 0.0484375 0.09609375
4 0.18359375 0.934375 0.046875 0.08828125
4 0.4984375 0.93515625 0.0484375 0.09453125
8 0.175 0.2921875 0.03125 0.078125
8 0.3421875 0.29375 0.034375 0.08203125
8 0.5 0.2921875 0.03671875 0.08046875
8 0.1796875 0.51328125 0.046875 0.12109375
8 0.34765625 0.5171875 0.04765625 0.1203125
8 0.50078125 0.5140625 0.0453125 0.11640625
8 0.3484375 0.73515625 0.04609375 0.11875
8 0.49921875 0.7125 0.04609375 0.07265625
8 0.17578125 0.71875 0.0515625 0.0765625
4 0.74453125 0.934375 0.0390625 0.121875
5 0.5529612234375 0.8696380171874999 0.547972121875 0.854987075 0.5548801078125 0.845045365625 0.5617880937499999 0.8309176718750001 0.5556476625 0.8183597234375 0.5552638859375 0.8031855328124999 0.5456694609375 0.7953368140625 0.5506585609375 0.7853951046875001 0.5571827703125 0.771790659375 0.5675447484375 0.745105015625 0.5640907546875 0.7231286031249999 0.54950723125 0.7445817671875 0.54720456875 0.7492909984375 0.5529612234375 0.7320238171875 0.552577446875 0.7074311671875 0.5475883453125 0.696966209375 0.5372263671875 0.700105696875 0.5268643890625 0.721558859375 0.5264806109375 0.730977321875 0.51803751875 0.721558859375 0.5118970859374999 0.7189426203125 0.5046053234375 0.704814928125 0.5176537406249999 0.692780225 0.523794171875 0.6655713343749999 0.5172699640625 0.65719936875 0.510361978125 0.6791757796875 0.5072917625 0.6807455234375 0.5057566546875 0.6666178296874999 0.5049891 0.65719936875 0.49577845312499996 0.6660945828125 0.49347579062499997 0.68493150625 0.4900217984375 0.6917337296875 0.49155690625000004 0.72260535625 0.4965460078125 0.745105015625 0.49309201406250003 0.752953734375 0.48580025156250006 0.7414422796875 0.477740934375 0.734116809375 0.473903165625 0.727837834375 0.4597034171875 0.717896125 0.4574007546875 0.7367330484375 0.4631574109375 0.7566164703125 0.461238525 0.7655116843750001 0.450876546875 0.7534769828125001 0.44627122343750003 0.7304540734375 0.44665499999999997 0.76027920625 0.44780633124999997 0.7770231375 0.4447361140625 0.7864416000000001 0.437060575 0.79899955 0.45164410000000005 0.8167899796875 0.4577845328125 0.8199294671875 0.46430874062500005 0.8392896390625 0.4723680578125 0.8487081 0.4773571578125 0.8581265625000001 0.47543827343749995 0.8691147703125001 0.47198428124999997 0.8827192140625 0.48541647499999996 0.8937074203125001 0.49194068281250003 0.880102975 0.5046053234375 0.8937074203125001 0.506524209375 0.9789968296874999 0.5138159703125 0.9779503343749999 0.5122808640625001 0.8900446859375 0.526096834375 0.8884749421875 0.53991280625 0.8869051984375 0.5529612234375 0.8696380171874999
5 0.21358428749999997 0.8682457749999999 0.21854386718750002 0.8620473000000001 0.21399758593749998 0.8530313359375 0.2106912 0.8513408421875001 0.221850253125 0.845705865625 0.22763642968750003 0.8400708874999999 0.23011621875000002 0.8237294531250001 0.22722313125000002 0.8192214718749999 0.21234439374999997 0.8079515171875 0.2073848140625 0.8045705296874999 0.20903800781249998 0.7797766296875001 0.225156640625 0.7594907109375 0.2197837625 0.7561097250000001 0.21317099062499997 0.7510382453125 0.21027790156249998 0.7437127734375 0.19994544375 0.7499112484375 0.19085288281249999 0.758363715625 0.180520425 0.748784253125 0.1780406359375 0.7470937609375 0.169361371875 0.748784253125 0.164815090625 0.7380777968750001 0.15861561562499998 0.7313158234375 0.1536560359375 0.7589272125 0.14704326406249998 0.7617447015625001 0.14001719375 0.76399869375 0.1321645265625 0.78259411875 0.139190596875 0.78259411875 0.12803154375 0.7876655984375 0.125551753125 0.78879259375 0.11273950625 0.7938640734375 0.1123262078125 0.8006260453125 0.1106730140625 0.8102055078125 0.10075385625 0.8068245218750001 0.0937277859375 0.8028800374999999 0.084221925 0.8113325031249999 0.099927259375 0.8310549249999999 0.10984641875000001 0.8428883765625 0.1156325953125 0.8620473000000001 0.1048868390625 0.8626107984375 0.11439269999999999 0.8778252375 0.1396038953125 0.886277703125 0.1474565625 0.8913491828125 0.1553092296875 0.9026191375 0.1598555109375 0.9093811109375001 0.163161896875 0.9178335765625001 0.1598555109375 0.9848898078125 0.17018796875 0.9865803015625 0.1697746703125 0.9747468484375 0.17308105625 0.9099446078125 0.183000215625 0.8783887343749999 0.19870555 0.8676822765625 0.21358428749999997 0.8682457749999999
5 0.5954457765625001 0.979776228125 0.587973153125 0.9769976015624999 0.569631259375 0.9834810640624999 0.5241161921875 0.979776228125 0.4915083828125 0.9816286453125 0.45618325625 0.97885001875 0.4283307515625 0.9760713921875 0.405233553125 0.9769976015624999 0.38621233125 0.979776228125 0.3597184859375 0.9825548546875 0.32371402968749996 0.9742189734375 0.2863509140625 0.9779238093749999 0.2571397515625 0.9751451828125001 0.23132523593749998 0.9760713921875 0.206869378125 0.979776228125 0.186489496875 0.9742189734375 0.1647509578125 0.9751451828125001 0.098856009375 0.9807024375 0.0737208234375 0.9807024375 0.051302953124999995 0.9816286453125 0.040433684375 0.99181694375 0.0516403546875 0.9991941984375 0.59816309375 0.9964479890625 0.5954457765625001 0.979776228125
5 0.9994089828125 0.9769234703125 0.9909983640625001 0.9676405156250001 0.9803903734375 0.9593758828125001 0.9642258187499999 0.973150271875 0.9268452843749999 0.9641969187500001 0.9228041453125 0.966263078125 0.918257865625 0.978660028125 0.9071447328125 0.978660028125 0.890980178125 0.982103625 0.8758259078125 0.978660028125 0.8707744843749999 0.966951796875 0.8611767796875001 0.9641969187500001 0.8485482203125001 0.9648856374999999 0.815208825 0.9621307609375 0.7889414234375 0.9641969187500001 0.7808591453125 0.9648856374999999 0.762674021875 0.9745277109374999 0.742468328125 0.9779713078125001 0.7313551953124999 0.982103625 0.7278191984375 0.99381185625 0.9994089828125 0.9991941984375 0.9994089828125 0.9903682593750001 0.9994089828125 0.9769234703125
8 0.66875 0.75703125 0.06875 0.1734375
2 0.3390625 0.82421875 0.24453125 0.0515625
5 0 0.955760675 0.030297374999999998 0.9537936296874999 0.0325384859375 0.8768646062500001 0.024161873437500002 0.8730576687499999 0.0199286625 0.8548355171875001 0.0105968234375 0.8406986453125 0.012670565625 0.8604902671874999 0.012670565625 0.870386078125 0.012670565625 0.8788682015625 0 0.8802818890624999 0 0.955760675
5 0 0.8115766859375 0.014381403125000001 0.8209777062500001 0.0321118984375 0.8182917 0.0321118984375 0.7672575875 0.0262017328125 0.768600590625 0.0074862093749999995 0.7780016109375001 0 0.785522428125 0 0.8115766859375