7 0.8518041234375 0.9475480640624999 0.9961340203125 0.9667038171875 0.9992268046874999 0.46168849375 0.9837628859375 0.4251184171875 0.905927834375 0.541794371875 0.7904639171875 0.4494984671875 0.669329896875 0.05767623281249999 0.569329896875 0.3711340203125 0.476030928125 0.06464196093749999 0.40644746249999997 0 0.353350515625 0.1743521875 0.2610824734375 0.13081638281250002 0.16314432968749998 0.4512399 0.1528350515625 0.43034271406249996 0.0141752578125 0.47910281406250005 0.0038659796875 0.49825856718750006 0 0.9807321953124999 0.8461340203125 0.99456673125 0.8518041234375 0.9475480640624999
4 0.4921875 0.85859375 0.0296875 0.2265625
4 0.92265625 0.84296875 0.08125 0.23125
8 0.01484375 0.79375 0.02890625 0.2640625
8 0.3702702703125 0.663592646875 0.35225225312499997 0.67120160625 0.3513513515625 0.92534088125 0.36936936875000004 0.9162101281249999 0.3702702703125 0.663592646875
8 0.40625 0.39140625 0.03046875 0.103125
8 0.67109375 0.46328125 0.009375 0.1140625
8 0.49453125 0.70234375 0.028125 0.08984375
5 0.5222083328125 0 0.5011111109375 0.0232732734375 0.482222221875 0.0608108109375 0.492222221875 0.0927177171875 0.495 0.135885884375 0.49877104375 0.149820275 0.497222221875 0.1602852859375 0.475 0.14902402343750001 0.4711111109375 0.17154654687499998 0.4738888890625 0.197822821875 0.485 0.22409910000000002 0.49944444375 0.2672672671875 0.49055555625 0.27102102031249997 0.4738888890625 0.289789790625 0.4916666671875 0.31418918906250004 0.49833333281250003 0.3048048046875 0.5083333328124999 0.31981981875 0.507222221875 0.3385885875 0.507222221875 0.37049549531250003 0.5111111109375 0.38926426406250003 0.5205555562499999 0.415540540625 0.5177777781249999 0.4455705703125 0.49833333281250003 0.4211711703125 0.497222221875 0.458708709375 0.497222221875 0.47372372343749997 0.50444444375 0.49436937031249995 0.5066666671875 0.509384384375 0.5133333328125 0.5168918921875 0.5205555562499999 0.541291290625 0.532777778125 0.5319069078124999 0.5438888890625 0.509384384375 0.5477777781250001 0.5056306296875 0.5516666671875 0.5431681687500001 0.5416666671875 0.550675675 0.5366666671875 0.5544294296875 0.53944444375 0.595720721875 0.5466666671875 0.603228228125 0.5533333328125 0.595720721875 0.5588888890625 0.6088588578125 0.5588888890625 0.6182432437500001 0.55444444375 0.63138138125 0.55944444375 0.6445195203125 0.5688888890625 0.62575075 0.57055555625 0.640765765625 0.575 0.6520270265625 0.5888888890625 0.6951951953125 0.602222221875 0.6445195203125 0.6083333328125 0.6182432437500001 0.62055555625 0.603228228125 0.6488888890625 0.599474475 0.6583333328125 0.6238738734375 0.6811111109375 0.599474475 0.687777778125 0.576951953125 0.7 0.5581831828125 0.6977777781250001 0.509384384375 0.687777778125 0.4605855859375 0.692777778125 0.44369369374999995 0.7011111109375 0.43993993906249995 0.7116666671874999 0.4699699703125 0.7183333328125 0.45120120156250004 0.7138888890625 0.4061561546875 0.71555555625 0.378003003125 0.72055555625 0.3798798796875 0.73 0.3573573578125 0.72 0.346096096875 0.69944444375 0.3292042046875 0.7061111109375 0.31981981875 0.717222221875 0.30668168281249997 0.7233333328125 0.259759759375 0.71555555625 0.246621621875 0.71 0.23160660625 0.707777778125 0.203453453125 0.70055555625 0.1865615609375 0.692777778125 0.2015765765625 0.6811111109375 0.2297297296875 0.67444444375 0.19031531562499998 0.6799999999999999 0.16591591562500002 0.687222221875 0.14339339375 0.68555555625 0.1227477484375 0.672222221875 0.085210209375 0.667222221875 0.066441440625 0.6605555562500001 0.036411412500000004 0.6533333328125 0.010135134375 0.6461111109375001 0 0.562777778125 0 0.5222083328125 0
5 0.7793578375 0 0.7846846843749999 0.023679084375 0.7896396390625 0.06781105468750001 0.802702703125 0.0997686875 0.8076576578125 0.142378865625 0.797297296875 0.1317263203125 0.78198198125 0.130204528125 0.7738738734374999 0.1439006578125 0.772522521875 0.186510834375 0.772522521875 0.21390309218749998 0.7680180187500001 0.2626004375 0.7675675671875 0.31738495312500004 0.7590090093749999 0.350864378125 0.7585585578125 0.3813002203125 0.752252253125 0.3949963484375 0.7576576578124999 0.4254321890625 0.7621621625 0.4452154859375 0.7635135140625 0.4710859515625 0.7666666671875 0.480216703125 0.7734234234375 0.48782566406249994 0.775675675 0.51065254375 0.7765765765625 0.541088384375 0.7788288296875 0.541088384375 0.7716216218749999 0.570002434375 0.772522521875 0.5836985640625 0.7792792796875 0.5806549796875 0.783783784375 0.598916484375 0.785135134375 0.6171779875000001 0.79324324375 0.621743365625 0.8081081078125001 0.6719625031249999 0.8166666671874999 0.6780496703125001 0.8198198203124999 0.682615046875 0.827477478125 0.688702215625 0.8391891890625001 0.6750060875 0.85045045 0.6308741171875 0.8576576578124999 0.6126126125 0.86846846875 0.6095690281249999 0.8671171171875001 0.5852203546875 0.85585585625 0.562393475 0.8594594593749999 0.5532627234375 0.8675675671875 0.52739225625 0.8734234234375 0.542610178125 0.883783784375 0.56848064375 0.9013513515625 0.6110908203125 0.906875 0.5527871625 0.91375 0.533783784375 0.920625 0.5253378375 0.928125 0.5358952703125001 0.938125 0.557010134375 0.94625 0.571790540625 0.9550000000000001 0.5950168921875 0.969375 0.6309121625 0.97625 0.65625 0.985 0.6858108109375001 0.985 0.6710304046875 0.9994999999999999 0.6604729734375 0.9994999999999999 0.6520270265625 0.9994999999999999 0.312077703125 0.9994999999999999 0 0.78198198125 0 0.7793578375 0
5 0 0.48123123124999995 0.15617283906249999 0.41866866875 0.1611111109375 0.44994995 0.2043209875 0.31022689375 0.19444444375 0.2539205875 0.1925925921875 0.21429763125 0.1925925921875 0.1705038375 0.1925925921875 0.11836836875000001 0.19382716093750002 0.0537203875 0.185185184375 0.024524525 0.1640123453125 0 0.1345679015625 0.024524525 0.11851851875 0.0537203875 0.10679012343750001 0.09751418125 0.109259259375 0.15173506718750002 0.1111111109375 0.1705038375 0.104938271875 0.18301635 0.10679012343750001 0.22263930625 0.0932098765625 0.2205538875 0.08580246875 0.208041375 0.0753086421875 0.1767600921875 0.067901234375 0.141307975 0.05 0.0912579234375 0.03148148125 0.05997664375 0.022222221875 0.0307807796875 0 0.02672266875 0 0.041207875 0 0.48123123124999995
5 0.6984508390624999 0 0.6978417265625 0.0339539171875 0.6985611515625 0.0594740421875 0.7003597125 0.0983618515625 0.704316546875 0.12509722031249998 0.7104316546875 0.191935640625 0.7568345328125 0.3365496796875 0.7654676265625 0.302522846875 0.7654676265625 0.28793991874999997 0.7683453234375001 0.242975890625 0.7708633093749999 0.2259624734375 0.77446043125 0.1797832015625 0.77625899375 0.1408953921875 0.778417265625 0.11659051250000001 0.786690646875 0.083778921875 0.7841726625 0.0424606265625 0.7805755390625 0.010864282812499999 0.7719424453125 0 0.7597122296875 0 0.6984508390624999 0