7 0.2088235296875 0 0.209803921875 0.028784578124999998 0.2166666671875 0.0683963828125 0 0.0748522875 0.001960784375 0.9910213234375 0.9994999999999999 0.983092340625 0.9994999999999999 0 0.9529411765625 0.0056776921875 0.9205882359374999 0.0782993328125 0.682352940625 0.06344490625 0.682352940625 0.041988512500000005 0.6921568625 0.028784578124999998 0.6889000937499999 0 0.2088235296875 0
8 0.059375 0.27890625 0.08671875 0.15703125
8 0.29296875 0.22421875 0.0703125 0.17734375
8 0.39765625 0.21484375 0.071875 0.175
8 0.50390625 0.22421875 0.0765625 0.18671875
8 0.60546875 0.22265625 0.071875 0.178125
8 0.703125 0.27890625 0.0484375 0.159375
8 0.79375 0.2828125 0.06328125 0.15390625
8 0.8875 0.28359375 0.0671875 0.1671875
8 0.88984375 0.56328125 0.0640625 0.1515625
8 0.79296875 0.55390625 0.06328125 0.16953125
8 0.6078125 0.52578125 0.0796875 0.19453125
8 0.50078125 0.5296875 0.0703125 0.18671875
8 0.39609375 0.5265625 0.07421875 0.19140625
8 0.29375 0.52734375 0.06796875 0.1890625
8 0.0546875 0.58828125 0.096875 0.1140625
4 0.0578125 0.89375 0.08515625 0.16796875
4 0.28828125 0.8671875 0.0640625 0.24609375
4 0.39375 0.85703125 0.06953125 0.26484375
4 0.5 0.86015625 0.07265625 0.24921875
4 0.6078125 0.86328125 0.06953125 0.25
4 0.79375 0.8625 0.059375 0.22265625
4 0.89375 0.86328125 0.0625 0.2359375
5 0.744158878125 0.7462317875 0.75771028125 0.7257780296874999 0.7689252328125 0.7131911015625 0.7852803734375 0.6950973921875 0.8100467296874999 0.6746436328125001 0.823130840625 0.6408162625 0.8296728968749999 0.6046288421875 0.8226635515625 0.5865351328124999 0.8137850468750001 0.5944019640625 0.7857476640625001 0.62665596875 0.7642523359375 0.6652034359375001 0.7539719625 0.6793637312499999 0.75257009375 0.6707102171875 0.7689252328125 0.642389628125 0.7834112156249999 0.607775575 0.7745327109375 0.600695428125 0.7689252328125 0.5999087453125 0.77873831875 0.559787909375 0.79228971875 0.5220271249999999 0.8007009343749999 0.49370653593749997 0.8002336453125001 0.4701060453125 0.8021028031249999 0.44178545468749997 0.7978971968749999 0.446505553125 0.787616821875 0.4661726296875 0.7721962609374999 0.5062934640625001 0.7679906546875 0.5157336609375001 0.7614485984375 0.518093709375 0.7544392531249999 0.5212404421875 0.751168225 0.5228138078125 0.757242990625 0.507080146875 0.7502336453125 0.4976399515625 0.7450934578124999 0.5031467328125 0.73948598125 0.5 0.734813084375 0.5031467328125 0.734813084375 0.4897731203125 0.74462616875 0.46381258125 0.7502336453125 0.43627867499999995 0.750700934375 0.4126781828125 0.7483644859374999 0.41503823281249996 0.7390186921875 0.4315585765625 0.733411215625 0.4693193625 0.732943925 0.46302589687499995 0.733411215625 0.446505553125 0.7273364484375 0.43313194218750006 0.7198598125 0.4551590671875 0.7198598125 0.4409987734375 0.7207943921875 0.40795808593749994 0.72126168125 0.3678372515625 0.726869159375 0.3363699296875 0.73289468125 0.25209689375 0.713785046875 0.3418767109375 0.699299065625 0.3450234421875 0.69228971875 0.33086314843750003 0.68948598125 0.308049340625 0.6885514015624999 0.2868088984375 0.678271028125 0.2632084078125 0.6778037390625 0.2671418234375 0.676869159375 0.31040938906250004 0.6759345796875 0.34266339375 0.6773364484375 0.3890776921875 0.6712616812500001 0.3694106171875 0.66051401875 0.35367695625 0.65257009375 0.341090028125 0.654439253125 0.36705056875 0.6567757015625 0.379637496875 0.6539719625 0.3914377421875 0.654439253125 0.41661159843749995 0.6656542062499999 0.4693193625 0.6707943921874999 0.4976399515625 0.6586448593750001 0.47403946093749993 0.648831775 0.4551590671875 0.636214953125 0.42841184375 0.629672896875 0.4055980359375 0.6221962609375 0.4055980359375 0.62873831875 0.4606658484375 0.6441588781250001 0.519667075 0.64742990625 0.556641178125 0.6464953265625 0.58024166875 0.63434579375 0.5629346421875 0.62640186875 0.509440196875 0.62359813125 0.48269297343749995 0.6175233640625 0.46459926406249996 0.6133177562500001 0.45043896875 0.6109813078124999 0.42447842968750005 0.6035046734375 0.41110481718749997 0.6067757015625 0.477972875 0.6133177562500001 0.5401208343749999 0.6147196265625 0.58260171875 0.62126168125 0.6298027 0.6161214953124999 0.6368828468750001 0.600700934375 0.5747348875 0.59462616875 0.5684414234374999 0.601168225 0.6235092359375 0.6147196265625 0.639242896875 0.6175233640625 0.6652034359375001 0.6147196265625 0.6722835828125 0.5988317750000001 0.6526165078124999 0.587616821875 0.6329494312499999 0.5806074765625 0.6124956734375 0.5754672890625 0.6101356234375 0.579672896875 0.63530948125 0.562324721875 0.6160952156249999 0.5759345796875001 0.6549765578125 0.6109813078124999 0.6958840734375 0.62873831875 0.71240441875 0.6306074765624999 0.724991346875 0.6418224296874999 0.758032034375 0.6441588781250001 0.7619654484375 0.6226635515625001 0.7485918375 0.6077102812499999 0.7391516421875 0.6058411218749999 0.722631296875 0.5969626171875 0.708471003125 0.5997663546875 0.7289247624999999 0.6128504671874999 0.75409861875 0.625 0.7729790109375 0.6418224296874999 0.7863526234375 0.6871495328125 0.7957928187500001 0.6918224296875 0.8060196984375001 0.691355140625 0.9885301609375 0.700700934375 0.9877434781250001 0.708644859375 0.810739796875 0.726869159375 0.8060196984375001 0.7390186921875 0.7871393062500001 0.7450934578124999 0.7682589140625 0.733411215625 0.77612574375 0.726869159375 0.7690455953125 0.744158878125 0.7462317875
5 0.245410753125 0.7617129328125001 0.25382196874999996 0.7459792734375 0.263635053125 0.7302456125 0.28232664218750003 0.7082184875 0.29868178125 0.6838313125 0.316438790625 0.6665242874999999 0.3365322484375 0.6374170140625 0.3528873890625 0.6083097421875 0.35475654843750004 0.587855984375 0.350550940625 0.57290900625 0.34354159375000004 0.571335640625 0.342139725 0.58942935 0.3318593515625 0.5988695468749999 0.3267191640625 0.6028029609375001 0.33139206250000003 0.57290900625 0.3351303796875 0.5359349046874999 0.3332612203125 0.5209879265625 0.322980846875 0.527281390625 0.31690608125 0.5225612921875 0.32157897812499997 0.505254265625 0.3220462671875 0.46749348125 0.32485000625 0.4493997703125 0.31456963125000004 0.46277338281249997 0.3010182296875 0.5099743640625001 0.2884014078125 0.53986831875 0.2734481359375 0.57526905625 0.263635053125 0.59257608125 0.2561584171875 0.59257608125 0.2706443984375 0.5225612921875 0.2706443984375 0.4973874359375 0.27485000625 0.4619866984375 0.28232664218750003 0.42973269375 0.29354159375 0.399838740625 0.2865322484375 0.40219878906249995 0.2912051453125 0.37073146874999996 0.30008365000000004 0.3125169234375 0.288868696875 0.32746390000000003 0.2771864546875 0.3667980515625 0.27111168750000003 0.37938498125 0.263635053125 0.3848917625 0.2580275765625 0.42579927968750003 0.257092996875 0.411638984375 0.259896734375 0.3817450296875 0.253354678125 0.336904096875 0.25148552031250004 0.322743803125 0.25008365 0.2818362859375 0.24821449218749997 0.22598179062499998 0.242139725 0.23620866875000002 0.236064959375 0.267675990625 0.2267191640625 0.2936365296875 0.2285883234375 0.2739694546875 0.225784584375 0.24958228125 0.2285883234375 0.214968228125 0.22111168750000001 0.201594615625 0.2141023421875 0.263742575 0.21456963125 0.21890164374999999 0.2052238375 0.20395466562500003 0.20008365 0.2212616921875 0.20055094062499998 0.2818362859375 0.195410753125 0.306223459375 0.1930743046875 0.26924935625 0.1898032765625 0.23620866875000002 0.1799901921875 0.2008079328125 0.1739154265625 0.2102481296875 0.17064439843749998 0.26295589218750004 0.16784065937499998 0.34241087812500004 0.1720462671875 0.38410507968749996 0.1510182296875 0.31802370468749996 0.1472799125 0.292849846875 0.146812621875 0.2723960890625 0.142139725 0.2763295046875 0.1398032765625 0.2763295046875 0.1341958 0.2723960890625 0.1318593515625 0.245648865625 0.12391542656250001 0.177994125 0.121578978125 0.159900415625 0.11456963125 0.1685539296875 0.11456963125 0.20788808125 0.11690608124999999 0.248008915625 0.12625187499999999 0.3211704375 0.1253172953125 0.328250584375 0.11784065937499999 0.2967832625 0.109896734375 0.2763295046875 0.101952809375 0.267675990625 0.10849486562499999 0.2967832625 0.1206443984375 0.34241087812500004 0.12111168750000001 0.3605045890625 0.11830795000000001 0.37545156562500004 0.11456963125 0.391971909375 0.10942944531250001 0.4092789359375 0.10849486562499999 0.388825178125 0.1075602859375 0.36365132031249997 0.10288738906249999 0.39747869062499996 0.1061584171875 0.42343923125 0.10569112812499999 0.47929372499999995 0.09213972499999999 0.44231962343750003 0.0813920625 0.42422591406250004 0.0706443984375 0.394331959375 0.058962156249999995 0.3785982984375 0.0818593515625 0.43051937812499996 0.09961636093750001 0.49817411875 0.1159715015625 0.5249213421875 0.1267191640625 0.5792024703124999 0.10382196875000001 0.5406550015625 0.0865322484375 0.5036809 0.0799901921875 0.49188065468750003 0.0977472015625 0.5784157875 0.1014855203125 0.6232567203125 0.109896734375 0.6437104796875001 0.113635053125 0.671244384375 0.0977472015625 0.6539373578125 0.08746682812499999 0.6185366218749999 0.05242009843749999 0.596509496875 0.0491490703125 0.5776291046875001 0.027653743749999998 0.546948465625 0.0318593515625 0.5784157875 0.05662570625 0.6256167687499999 0.07578458437499999 0.65865745625 0.10428925781250001 0.6909114609375 0.121578978125 0.709791853125 0.130924771875 0.7326056609375 0.10942944531250001 0.7326056609375 0.0659715015625 0.7294589296875 0.054289257812500005 0.72473883125 0.06970981875 0.751486053125 0.0977472015625 0.7593528843749999 0.1416724359375 0.7601395671875 0.1655042109375 0.7711531296875 0.1837285109375 0.77980664375 0.20008365 0.7986870359375 0.20288738906249998 0.8057671828125 0.20475654843750002 0.9929977437499999 0.21784065937500002 0.9922110609375 0.21924252968750002 0.8010470843749999 0.222980846875 0.786886790625 0.23372851093749997 0.7782332765625 0.245410753125 0.7617129328125001