7 0.9573462749999999 0.7433704390625 0.9591110640625 0.6485076265624999 0.997251121875 0.6213781625 0.9947349875 0.0300931140625 0.777337803125 0.045277424999999996 0.765866675 0.0768983640625 0.6943927234375 0.0914926421875 0.6896536531249999 0.049166825 0.4014377609375 0.0890602625 0.0811054078125 0.020807684375 0.0033779109375 0 0.0033779109375 0.980310728125 0.1694650796875 0.9752735343750001 0.9635230359375001 0.962284625 0.9617582468749999 0.7603970999999999 0.9573462749999999 0.7433704390625
2 0.961416646875 0.94130715625 0.9590341812500001 0.882200325 0.8835894546875 0.7508518140625 0.0090392140625 0.7600960609375 0.0084101796875 0.7895736171875 0.0058940453125 0.80344540625 0.8835894546875 0.8055803609375 0.961416646875 0.94130715625
8 0.05 0.24921875 0.0421875 0.0765625
8 0.1453125 0.25546875 0.10703125 0.08125
8 0.11796875 0.45625 0.15078125 0.08046875
8 0.16875 0.6578125 0.08515625 0.07890625
8 0.07265625 0.65859375 0.07734375 0.0796875
8 0.2375 0.6625 0.025 0.07578125
8 0.29140625 0.66484375 0.0515625 0.06640625
8 0.3453125 0.66171875 0.0265625 0.0734375
8 0.3765625 0.665625 0.0265625 0.06875
8 0.4421875 0.66484375 0.04921875 0.07109375
8 0.4953125 0.665625 0.02421875 0.07265625
8 0.55390625 0.66484375 0.046875 0.07265625
8 0.61484375 0.66328125 0.025 0.078125
8 0.65703125 0.66328125 0.04921875 0.07265625
8 0.71640625 0.66953125 0.0484375 0.06328125
8 0.76171875 0.6671875 0.0234375 0.0625
8 0.80546875 0.66796875 0.046875 0.06875
8 0.853125 0.6671875 0.021875 0.06953125
8 0.72890625 0.49140625 0.07734375 0.121875
8 0.7296875 0.30078125 0.07734375 0.1234375
8 0.82578125 0.26796875 0.06640625 0.04921875
8 0.91875 0.271875 0.0578125 0.04453125
8 0.8484375 0.4640625 0.1078125 0.0625
2 0.9453125 0.73046875 0.02265625 0.04375
8 0.640625 0.4640625 0.07578125 0.0640625
8 0.56875 0.4671875 0.04609375 0.06171875
8 0.6375 0.26796875 0.071875 0.06875
8 0.5671875 0.27109375 0.04765625 0.06328125
8 0.525 0.26875 0.02421875 0.0640625
8 0.38671875 0.46796875 0.02421875 0.0765625
8 0.34453125 0.46484375 0.05078125 0.075
8 0.48828125 0.46328125 0.08828125 0.0734375
8 0.4671875 0.27109375 0.04609375 0.0703125
8 0.38046875 0.26953125 0.04921875 0.0734375
8 0.3375 0.26484375 0.02578125 0.06640625
8 0.26484375 0.2640625 0.05 0.08203125
8 0.25625 0.4609375 0.025 0.071875
8 0.29765625 0.46484375 0.025 0.07421875
4 0.14140625 0.92890625 0.01796875 0.0921875
4 0.24609375 0.92734375 0.015625 0.09609375
4 0.375 0.925 0.0328125 0.0875
4 0.71484375 0.928125 0.0296875 0.09375
4 0.79921875 0.92421875 0.0171875 0.10078125
4 0.49140625 0.90625 0.01640625 0.04921875
4 0.44609375 0.9078125 0.01484375 0.05625