7 0 0.8645494453125 0.014600265625 0.8637815453125001 0.022373134375 0.92324831875 0.9687539765625001 0.9251608953125 0.969663084375 0.8572644421875 0.99324533125 0.8554269531250001 0.9905725562500001 0.8285758 0.962390225 0.824750646875 0.9651175484375001 0.7463350265625001 0.99324533125 0.7380297484375 0.99324533125 0.7023457750000001 0.964208440625 0.7061709265625 0.9651175484375001 0.6258427281250001 0.99324533125 0.6125283296874999 0.99324533125 0.58759120625 0.9669357625 0.58759120625 0.9669357625 0.52351990625 0.99324533125 0.49673766874999997 0.99324533125 0.47283663750000005 0.9605720109375 0.469011484375 0.9632993328125 0.40876533593750003 0.9878452328125 0.3829455578125 0.9869361265625001 0.3552132046875 0.9605720109375 0.35712578125 0.9605720109375 0.3035736484375 0.9914816640625 0.2672347015625 0.9923907703125 0.24141492343749998 0.9605720109375 0.24237121250000002 0.9614811171875 0.194556809375 0.9869361265625001 0.15152384531250002 0.9878452328125 0.12666035625 0.9651175484375001 0.11901005 0.9660266546875 0.09127769687500001 0.9669357625 0.021468667187500002 0.8997254484375 0.017151026562499998 0.8992932281250001 0.006694015624999999 0.8776341390625 0.006694015624999999 0.863642975 0.025671553125000003 0.8143057140625001 0.025671553125000003 0.81384311875 0.006694015624999999 0.7885325187500001 0.006694015624999999 0.778223240625 0.0217985859375 0.7266768484374999 0.0163764328125 0.7279918078125001 0.006694015624999999 0.696485390625 0.006694015624999999 0.6905943734375 0.0202494 0.635366096875 0.0202494 0.634138803125 0.006694015624999999 0.608856525 0.006694015624999999 0.6081201468749999 0.0225731796875 0.553628246875 0.01947480625 0.553628246875 0.006694015624999999 0.5219640359375 0.006694015624999999 0.5219640359375 0.02102399375 0.46305387343750004 0.0202494 0.46305387343750004 0.006694015624999999 0.43433516875 0.006694015624999999 0.4358079234375 0.0225731796875 0.3768977609375 0.02102399375 0.37292439375 0.006694015624999999 0.3481790578125 0.007081312500000001 0.34965181093750003 0.0202494 0.294423534375 0.02102399375 0.28943952031250003 0.006694015624999999 0.2634957 0.006694015624999999 0.26055019218750003 0.024122365625 0.20311278281249998 0.02102399375 0.19837435781249999 0.006694015624999999 0.172921325 0.006694015624999999 0.173657703125 0.02102399375 0.12063855625 0.0202494 0.1111525890625 0.006694015624999999 0.087501590625 0.006694015624999999 0.0823469515625 0.0179256203125 0.0190185265625 0.0163764328125 0.014600265625 0.1224957203125 0 0.1238919015625 0 0.14675860000000002 0.0227004125 0.191434528125 0.026382296875 0.24178309375 0 0.23907563281250002 0 0.2698469625 0.0219640359375 0.3006521875 0.021227657812500002 0.3587466890625 0 0.357630221875 0 0.3875444609375 0.02490954375 0.414517409375 0.021227657812500002 0.4741610953125 0 0.47362944531249995 0 0.5091055109375 0.021227657812500002 0.5237350703125 0.0190185265625 0.5942230640624999 0 0.5920002249999999 0 0.5946555265625 0.0013454781250000001 0.6228830171874999 0.016809396875 0.6329527296874999 0.02049128125 0.7096374703125 0 0.71077193125 0 0.7391153328125 0.02490954375 0.7475925453125 0.02490954375 0.8281502515625 0 0.82939798125 0 0.8645494453125
8 0.14921875 0.19765625 0.053125 0.05
8 0.0640625 0.19921875 0.0515625 0.046875
8 0.23515625 0.19453125 0.05546875 0.05703125
8 0.49453125 0.19140625 0.05625 0.06171875
8 0.41015625 0.19453125 0.05859375 0.05625
8 0.3203125 0.19453125 0.05546875 0.05703125
8 0.06015625 0.4265625 0.0515625 0.046875
8 0.9296875 0.2 0.053125 0.05
8 0.84453125 0.1953125 0.05546875 0.05703125
8 0.7578125 0.19296875 0.05546875 0.05703125
8 0.6671875 0.19453125 0.05859375 0.05625
8 0.58359375 0.18828125 0.05625 0.06171875
8 0.06015625 0.31484375 0.0515625 0.046875
8 0.15 0.30625 0.05078125 0.04609375
8 0.23828125 0.30390625 0.05078125 0.04609375
8 0.31953125 0.303125 0.0515625 0.04765625
8 0.40859375 0.303125 0.06328125 0.0515625
8 0.4953125 0.30546875 0.05546875 0.04609375
8 0.5796875 0.3046875 0.05625 0.0515625
8 0.671875 0.303125 0.05625 0.04375
8 0.7578125 0.30703125 0.053125 0.04375
8 0.84296875 0.30390625 0.05078125 0.046875
8 0.934375 0.31015625 0.053125 0.05
2 0.50703125 0.6828125 0.83515625 0.0390625
2 0.50703125 0.55859375 0.834375 0.0390625
2 0.4984375 0.43125 0.83046875 0.0453125
2 0.966743621875 0.901563840625 0.99327973125 0.901563840625 0.99337260625 0.8708407749999999 0.9508219562500001 0.8694635765625 0.6151401765625 0.91272915 0.9494951500000001 0.9197074687500001 0.9561291781250001 0.9071464953125 0.966743621875 0.901563840625
8 0.85078125 0.76484375 0.0546875 0.05390625
8 0.9421875 0.76875 0.0546875 0.05390625
8 0.76015625 0.76953125 0.0546875 0.05390625
8 0.671875 0.7671875 0.0546875 0.05390625
8 0.5015625 0.765625 0.0546875 0.05390625
8 0.58515625 0.7671875 0.0546875 0.05390625
8 0.06015625 0.7703125 0.053125 0.0515625
8 0.1515625 0.77265625 0.0546875 0.05390625
8 0.2375 0.76875 0.0546875 0.05390625
8 0.36640625 0.77578125 0.14765625 0.03828125
8 0.0609375 0.65546875 0.0546875 0.04921875
8 0.0609375 0.5421875 0.05703125 0.0484375
8 0.940625 0.53828125 0.04609375 0.04609375
8 0.9421875 0.65234375 0.04375 0.053125
8 0.940625 0.425 0.04609375 0.05390625
8 0.23671875 0.528125 0.0609375 0.02265625
8 0.14765625 0.5265625 0.05625 0.02109375
8 0.32578125 0.5234375 0.05625 0.025
8 0.41171875 0.528125 0.05546875 0.02265625
8 0.49921875 0.5296875 0.0703125 0.02265625
8 0.5875 0.53046875 0.05625 0.01953125
8 0.675 0.52734375 0.05078125 0.02578125
8 0.7609375 0.525 0.06015625 0.015625
8 0.8484375 0.5265625 0.05703125 0.0203125
8 0.84765625 0.6453125 0.05390625 0.025
8 0.76171875 0.64453125 0.0546875 0.02734375
8 0.6703125 0.65078125 0.05078125 0.02578125
8 0.584375 0.646875 0.05625 0.025
8 0.496875 0.64375 0.06171875 0.02890625
8 0.4109375 0.64609375 0.05546875 0.02265625
8 0.32109375 0.64296875 0.05625 0.025
8 0.23515625 0.646875 0.0609375 0.02265625
8 0.14609375 0.646875 0.05625 0.02109375
8 0.84609375 0.40625 0.05078125 0.01171875
8 0.759375 0.4078125 0.0515625 0.0171875
8 0.6734375 0.40625 0.05859375 0.015625
8 0.58046875 0.4046875 0.0640625 0.01953125
8 0.49609375 0.40625 0.0625 0.01484375
8 0.41171875 0.40703125 0.059375 0.01328125
8 0.3234375 0.40859375 0.0609375 0.01328125
8 0.1453125 0.40703125 0.05546875 0.0140625
8 0.2359375 0.40703125 0.05859375 0.01328125
5 0.4400729359375 0.8898602046875 0.4462094109375 0.8847884625000001 0.4462094109375 0.8764892484375 0.441826215625 0.870034303125 0.44971596875 0.8663457640625 0.4562907640625 0.861274021875 0.4519075671875 0.8562022796875001 0.444894453125 0.8465198624999999 0.4431411734375 0.836837446875 0.442264534375 0.8271550296875001 0.4365663796875 0.8225443546875001 0.4321831828125 0.814245140625 0.42692334687500005 0.8068680609375001 0.4212251921875 0.8013352515625 0.41465039687500005 0.7907307 0.406322321875 0.7879642953125 0.38922785625 0.7838146874999999 0.3782698640625 0.786120025 0.3537239640625 0.7944192390625 0.3432042921875 0.818394746875 0.3339995796875 0.825310759375 0.336629496875 0.8400649187499999 0.345834209375 0.850208403125 0.3375061359375 0.8654236296875 0.330493021875 0.8801777875000001 0.33180798125 0.894931946875 0.3550931484375 0.918851365625 0.3854592109375 0.9100673171875 0.386613121875 0.9209914796875 0.40281576562500004 0.9202906562500001 0.4023774453125 0.9046143640625001 0.4093905609375 0.899542621875 0.42911494531249994 0.9000036890625 0.4400729359375 0.8898602046875
8 0.58671875 0.8890625 0.0546875 0.0671875
8 0.49921875 0.8859375 0.06484375 0.07265625
8 0.7640625 0.87890625 0.05625 0.046875
5 0.4082370875 0.756159375 0.41082086718750005 0.7446084234375 0.41663437031250006 0.7337369375 0.4153424796875 0.7208270484375 0.4185722046875 0.7113144984375 0.4088830328125 0.7119939671875 0.39854791562499997 0.7147118375 0.3972560265625 0.6997635453125 0.39144252343749997 0.694327803125 0.3875668546875 0.6861741875 0.37593985 0.68209738125 0.3681885125 0.6854947203124999 0.3591452859375 0.6997635453125 0.360437175 0.717429709375 0.362375009375 0.721506515625 0.353977728125 0.72830119375 0.35203989375 0.7384932125 0.35203989375 0.750044165625 0.3591452859375 0.758877246875 0.3694804015625 0.763633521875 0.3727101265625 0.77110766875 0.3733560703125 0.78062021875 0.3772317390625 0.784697025 0.397901971875 0.7840175578124999 0.4030695296875 0.7785818156250001 0.4082370875 0.7724666046875 0.4088830328125 0.763633521875 0.4082370875 0.756159375
5 0.2816319140625 0.8954502828124999 0.2796940796875 0.88729666875 0.2745265234375 0.8818609265624999 0.282277859375 0.8771046515625001 0.290675140625 0.8764251828124999 0.2796940796875 0.8689510374999999 0.2796940796875 0.8587590203125 0.2693589640625 0.8458491312499999 0.2687130203125 0.8404133874999999 0.2751724671875 0.8356571125000001 0.28421569375 0.8295419031250001 0.2745265234375 0.8268240312499999 0.2790481359375 0.8234266921875 0.2796940796875 0.8125552062500001 0.2751724671875 0.8050810609375001 0.27194274375 0.796247978125 0.2693589640625 0.7894533 0.2635454609375 0.782658621875 0.25966979375 0.77110766875 0.25450223437499997 0.75683884375 0.24868873125 0.745967359375 0.2415833390625 0.7418905515625001 0.2351238921875 0.7378137437500001 0.226080665625 0.7384932125 0.21186988125 0.745967359375 0.21186988125 0.76091565 0.23189416875000002 0.777902346875 0.226080665625 0.787414896875 0.218329328125 0.7948890421875 0.213807715625 0.80304265625 0.21639149375 0.8213882890624999 0.2131617703125 0.8281829671875001 0.20993204687499997 0.8288624359375 0.19507531718749999 0.8288624359375 0.198305040625 0.8458491312499999 0.1931374828125 0.8512848734375 0.182156421875 0.8607974234375 0.193783428125 0.8743867796875 0.20993204687499997 0.8805019906249999 0.1989509859375 0.8886556046875 0.1853861453125 0.8832198625000001 0.1789266984375 0.8818609265624999 0.1892618140625 0.908360171875 0.213807715625 0.9205905937500001 0.23641578281250003 0.9117575109375 0.2532103453125 0.9110780437500001 0.262253571875 0.90632176875 0.2758184125 0.904283365625 0.2790481359375 0.9022449625 0.2816319140625 0.8954502828124999
5 0.16697466249999998 0.8712620937500001 0.15665600468750002 0.8727422078125 0.1543108546875 0.8737289515625 0.1599392140625 0.8653416359375001 0.1575940640625 0.8579410624999999 0.1575940640625 0.8520206031249999 0.1575940640625 0.8461001453125 0.1585321234375 0.8386995703125001 0.157125034375 0.8317923687500001 0.15102764375 0.8283387687499999 0.13836383593749998 0.817977965625 0.139770925 0.8100840203124999 0.12851420625 0.8115641359374999 0.13132838593750001 0.8046569343750001 0.1350806265625 0.794789503125 0.1477444359375 0.7814684703125 0.149151525 0.76568058125 0.145399284375 0.7543330359375 0.136487715625 0.7400252609375 0.12757614687500002 0.735584915625 0.1224168171875 0.7119030828125 0.1144433078125 0.703515765625 0.1017795 0.6971019359375 0.0844253921875 0.6966085640624999 0.073637703125 0.7059826234375 0.07082352343750001 0.726704228125 0.0797350921875 0.736571659375 0.0830183015625 0.7395318890625 0.0750447921875 0.7493993203125 0.07410673281249999 0.766667325 0.07082352343750001 0.7765347546875 0.07410673281249999 0.79084253125 0.080204121875 0.79429613125 0.073637703125 0.8012033328125 0.0670712828125 0.8081105359375 0.071292553125 0.819951453125 0.0792660625 0.8327791124999999 0.07692091250000001 0.8382061999999999 0.0661332234375 0.8347525984375 0.0614429234375 0.8470868875 0.06566419375 0.856460946875 0.0698854625 0.8613946625000001 0.07035449218749999 0.8643548921875001 0.056752625 0.867315121875 0.0558145640625 0.8712620937500001 0.062380984375000004 0.876195809375 0.0647261328125 0.880636153125 0.058628743750000004 0.8885300984375 0.07645188281250001 0.910238446875 0.0853634515625 0.9117185609374999 0.105062709375 0.9151721625 0.146806375 0.913198675 0.150089584375 0.9067848453125 0.145868315625 0.8949439281249999 0.163691453125 0.8781692953125001 0.16697466249999998 0.8712620937500001