7 0.2751270375 1 0.9924693671875 0.999077490625 0.9934946890624999 0.27751523749999996 0.9367847078124999 0.264670171875 0.9381849546875 0.12103898906249999 0.9227822421875 0.1245421890625 0.625929996875 0.01477526875 0.621029134375 0.2448187078125 0 0.24947404374999999 0 0.25498115 0.0063209453124999995 0.29269576875 0.009120084375 1 0.2751270375 1
8 0.0421875 0.3484375 0.02265625 0.06484375
8 0.07578125 0.34765625 0.02109375 0.071875
8 0.7078125 0.496875 0.0484375 0.21953125
8 0.8609375 0.26875 0.04375 0.18984375
8 0.78515625 0.75234375 0.0453125 0.2203125
8 0.0421875 0.51953125 0.0265625 0.0953125
8 0.0765625 0.5171875 0.0234375 0.09765625
8 0.07578125 0.70234375 0.02734375 0.09453125
8 0.04140625 0.70234375 0.02734375 0.0953125
8 0.1515625 0.6015625 0.03984375 0.10859375
8 0.15078125 0.41484375 0.03359375 0.10625
8 0.2203125 0.41953125 0.03515625 0.1078125
8 0.2890625 0.41640625 0.03515625 0.11328125
8 0.3578125 0.41796875 0.03359375 0.10859375
8 0.4265625 0.4125 0.0359375 0.1125
8 0.49609375 0.4171875 0.03671875 0.10859375
8 0.56875 0.34921875 0.02109375 0.075
8 0.59921875 0.34765625 0.021875 0.0671875
8 0.21796875 0.59921875 0.040625 0.115625
8 0.28671875 0.6015625 0.03984375 0.11015625
8 0.3578125 0.59765625 0.040625 0.11328125
8 0.42578125 0.5984375 0.03671875 0.11171875
8 0.49296875 0.5984375 0.040625 0.115625
8 0.5671875 0.51796875 0.02421875 0.09921875
8 0.6015625 0.51875 0.02265625 0.1
8 0.60234375 0.7015625 0.0234375 0.1
8 0.56796875 0.70234375 0.02421875 0.09765625
8 0.15078125 0.784375 0.03515625 0.1078125
8 0.2203125 0.7859375 0.034375 0.1078125
8 0.2890625 0.78671875 0.034375 0.10625
8 0.3578125 0.78515625 0.0359375 0.1078125
8 0.4265625 0.7828125 0.034375 0.11015625
8 0.49453125 0.78359375 0.034375 0.11328125
8 0.5671875 0.8859375 0.025 0.09765625
8 0.6015625 0.88359375 0.02421875 0.1015625
8 0.15234375 0.946875 0.040625 0.09609375
8 0.4921875 0.95 0.03828125 0.0890625
8 0.42578125 0.95 0.03984375 0.08984375
8 0.2828125 0.95234375 0.0390625 0.08984375
8 0.2203125 0.95078125 0.03828125 0.09453125
8 0.07734375 0.884375 0.0265625 0.09609375
8 0.04296875 0.884375 0.021875 0.1
8 0.946875 0.784375 0.025 0.11328125
8 0.946875 0.61640625 0.0234375 0.109375
8 0.95 0.440625 0.02578125 0.10390625
8 0.9359375 0.9515625 0.03203125 0.0890625
8 0.86640625 0.95703125 0.03046875 0.0765625
8 0.3546875 0.95234375 0.034375 0.09375