7 1 0.48981886875 0.9734429890625 0.47949349999999996 0.9560818781249999 0.458666675 0.9221487984375001 0.4013929078125 0.8992636968750001 0.3154822546875 0.8882157171875 0.2712252515625 0.880324303125 0.20353807031249999 0.8740111718750001 0.1280408296875 0.8732220296875 0.05254358906249999 0.8203495546875 0.05254358906249999 0.6980326359375 0.2582084859375 0.6972434953125 0.31287889999999996 0.690141221875 0.377962728125 0.671201828125 0.44304655625 0.653051575 0.48990691249999996 0.6262207671875 0.47949349999999996 0.584396271875 0.4196163796875 0.571770009375 0.362342609375 0.5575654640625001 0.3311023734375 0.5370477874999999 0.2425883671875 0.5299455156249999 0.1436609484375 0.5323129390625 0.039526823437500004 0.4723381921875 0.0369234703125 0.46681420156250003 0.1592810671875 0.464446778125 0.21134812812499998 0.4510313734375 0.28684536875 0.4289354140625 0.38056608281250004 0.3784303640625 0.4768901484375 0.3484429890625 0.492510265625 0.3224013234375 0.5003203265625 0.30977506093749996 0.45345996875 0.29557051562500003 0.4013929078125 0.2861008171875 0.3389124328125 0.2758419796875 0.25300177968750004 0.16772960625 0.0369234703125 0.1101222828125 0.039526823437500004 0.1069657171875 0.1306441828125 0.0959177375 0.22176154062500003 0.0730326359375 0.34411913906249997 0.0319972828125 0.44304655625 0.0007472828124999999 0.47741081718749995 0.00279840625 1 0.008764528125 1 1 0.9727288812499999 1 0.48981886875
4 0.49609375 0.76171875 0.14140625 0.38828125
8 0.78671875 0.73046875 0.03828125 0.15390625
8 0.89921875 0.55625 0.02421875 0.1328125
8 0.84453125 0.33984375 0.02109375 0.12265625
8 0.13828125 0.71875 0.09140625 0.140625
8 0.13828125 0.3375 0.02578125 0.1484375
5 0.9947916671874999 0.3146138546875 0.9994791671875 0.2965274 0.9994791671875 0.21965997499999998 0.9994791671875 0.0485950125 0.990679825 0.0433170546875 0.9838267546875 0.04783866875 0.96326754375 0.065925121875 0.955043859375 0.1020980296875 0.9372258765625 0.1473141609375 0.9276315796875 0.15635738906250002 0.9317434203125 0.2332248140625 0.9399671046875 0.310092240625 0.9495614031249999 0.3598299875 0.9509320171875 0.43669741406249996 0.9810855265624999 0.48643515937500004 0.9810855265624999 0.3733948265625 0.9947916671874999 0.3146138546875
5 0.60553728125 0.441219028125 0.6302083328125 0.4909567734375 0.65625 0.49547838593750004 0.6754385968750001 0.4231325734375 0.6946271937499999 0.3598299875 0.7014802625 0.32365708125000003 0.6822916671875 0.3055706265625 0.66173245625 0.2965274 0.6439144734375 0.273919334375 0.6274671046875 0.273919334375 0.6069078953125 0.3146138546875 0.600054825 0.32365708125000003 0.602796053125 0.2241815875 0.602796053125 0.15635738906250002 0.5932017546874999 0.1066196421875 0.578125 0.12470609375 0.5671600875 0.1473141609375 0.547971490625 0.237746428125 0.5575657890625 0.32365708125000003 0.5877192984375 0.40956773437500005 0.60553728125 0.441219028125
5 0.3149671046875 0.49547838593750004 0.33415570156249996 0.4909567734375 0.357456140625 0.481913546875 0.3752741234375 0.46382709218749996 0.3903508765625 0.441219028125 0.408168859375 0.4050461203125 0.430098684375 0.3598299875 0.4451754390625 0.3146138546875 0.46025219375 0.2603544953125 0.4657346484375 0.16087900156249998 0.4588815796875 0.1427925484375 0.435581140625 0.21061674687499998 0.4150219296875 0.2467896546875 0.397203946875 0.3010490140625 0.3766447375 0.32817869375000003 0.368421053125 0.2784409484375 0.3643092109375 0.25583288125000003 0.3588267546875 0.2151383609375 0.3697916671875 0.12018448125 0.397203946875 0.0749683484375 0.402686403125 0.04783866875 0.39446271875 0.0116657625 0.2767470765625 0 0.265625 0.0161873765625 0.268366228125 0.11114125625 0.28207236875 0.1473141609375 0.2916666671875 0.2332248140625 0.30400219375000004 0.310092240625 0.2861842109375 0.341743534375 0.290296053125 0.40052450625 0.3026315796875 0.45478386718749997 0.3149671046875 0.49547838593750004
5 0.88773148125 0.2709049265625 0.8988603984375001 0.3149616703125 0.9206730765625 0.401606603125 0.9478276359375 0.45594325468749997 0.9500534187499999 0.42804064999999997 0.9482727921875 0.3883895796875 0.9460470078125001 0.36195553281250004 0.9429309109374999 0.3458013921875 0.9353632484375 0.297338971875 0.9304665234374999 0.26503069218749997 0.928240740625 0.21803683125 0.9264601140625001 0.21069404062500002 0.9206730765625 0.2165682734375 0.9188924500000001 0.196008459375 0.9206730765625 0.157825946875 0.9202279203125 0.1431403640625 0.9108796296874999 0.14167180625 0.9131054125 0.10642641093750001 0.9184472937500001 0.0873351546875 0.90598290625 0.0755866890625 0.90019586875 0.043278409375 0.890847578125 0.0329985015625 0.8819444437499999 0.027124270312499997 0.8761574078125 0.034467059375 0.8739316234375 0.0491526421875 0.87571225 0.1284547828125 0.8823896015624999 0.20922548281250003 0.88773148125 0.2709049265625