7 0.094983540625 0 0.0041133 0.36081072812500004 0.004267915625 0.7571697312500001 0.0852871515625 0.872235071875 0.372256040625 0.8656599093749999 0.4000870765625 0.9215487906250001 0.98806860625 1 0.9901667171874999 1 0.989795778125 0.26423803281249997 0.3929747 0.2108148375 0.0955323578125 0 0.094983540625 0
8 0.7918861984375 0.4984781890625 0.9774264296874999 0.4984781890625 0.9774264296874999 0.3649202046875 0.0953372453125 0.3834128484375 0.09224490937499999 0.46765711562499995 0.7911131140625 0.46354763906249996 0.7918861984375 0.4984781890625
8 0.789245396875 0.7181988031250001 0.9799577671874999 0.7198716859375 0.9780695265625001 0.5709849921875 0.42481482656249997 0.5927324859375 0.421667759375 0.6813953500000001 0.789245396875 0.689759771875 0.789245396875 0.7181988031250001
8 0.0875347421875 0.250606784375 0.228470953125 0.2471232046875 0.22871790937499997 0.16507636406249998 0.22392693437500003 0.16234584531250001 0.09037232656250001 0.160245446875 0.012136196875 0.39549014374999997 0.014506987499999999 0.458502115625 0.0875347421875 0.250606784375
8 0.002257896875 0.6092057484375 0.0895820640625 0.46917914375 0.094323646875 0.3874386125 0.02280149375 0.5320247625000001 0.02221369375 0.5070282781250001 0.002257896875 0.5341849 0.002257896875 0.6092057484375
8 0.088923509375 0.5987037546875 0.018458307812499998 0.672217721875 0.013189881249999999 0.6617157265625 0.0052872421875 0.6704673890625 0.004945396875 0.751924659375 0.087606403125 0.689721046875 0.088923509375 0.5987037546875
8 0.23515625 0.7609375 0.27734375 0.2140625
8 0.9901668578124999 1 0.9901668578124999 0.7899662359375 0.42794674375 0.8187205578125001 0.4282334078125 0.9333776359374999 0.977307534375 1 0.9901668578124999 1
4 0.18984375 0.7921875 0.04765625 0.15859375
4 0.30859375 0.78984375 0.05 0.15234375
5 0.0021337125 0.5896170265625 0.021626889062499998 0.5966183578125 0.021626889062499998 0.5882167625 0.00792898125 0.5686130359375 0.0031873968750000003 0.546208778125 0.0074021390625 0.518203459375 0.016885306250000003 0.5084015953125001 0.021626889062499998 0.4915984046875 0.033744270312500005 0.481796540625 0.0326905859375 0.4635930828125 0.0326905859375 0.446789890625 0.0316369 0.43278722812500003 0.02320741875 0.4341874953125 0.01951951875 0.3991808453125 0.012143721875000001 0.407582440625 0.015304778124999998 0.38377791875 0.0200463625 0.365574459375 0.0279490015625 0.3501715328125 0.0237342609375 0.3403696703125 0.02320741875 0.323566478125 0.02847584375 0.31236435 0.02320741875 0.303962753125 0.015304778124999998 0.31516488125 0.014251093749999999 0.29556115625 0.008455825 0.2927606234375 0.0037142406250000003 0.303962753125 0.0021337125 0.3305678078125 0.0021337125 0.5896170265625