7 0.31158135625 0.0479194546875 0.0460208390625 0.28934951249999996 0.036582603125 0.32305358906250004 0.070999865625 0.326458859375 0.07392486875 0.752972328125 0.05783735156249999 0.7486201546875 0.05637485 0.8095506468749999 0.0483310921875 0.8095506468749999 0.046379125 0.8569156859374999 0.9820724640625 0.8444177875 0.9792132734375001 0.2742327203125 0.868000709375 0.026854907812500002 0.31158135625 0.0479194546875
8 0.2546875 0.53515625 0.02578125 0.18125
8 0.290625 0.53828125 0.0265625 0.1984375
4 0.41328125 0.5796875 0.06328125 0.30078125
4 0.34140625 0.5859375 0.06015625 0.30859375
4 0.596875 0.57421875 0.0703125 0.3203125
4 0.521875 0.57890625 0.06796875 0.325
8 0.7625 0.50234375 0.03125 0.17265625
8 0.72734375 0.509375 0.028125 0.17109375
8 0.69140625 0.515625 0.02890625 0.1734375
5 0 0.568424203125 0.021683673437500002 0.5632620187499999 0.021683673437500002 0.47699562812499996 0.08159400156249999 0.44248907187500003 0.21397650000000001 0.523004371875 0.206246134375 0.4827467203125 0.2275046375 0.41373360937500003 0.22653834218750002 0.3274672171875 0.0351668671875 0.339905628125 0.0398859859375 0.28934951249999996 0.07339172499999999 0.2640714546875 0.18806629375 0.1545331984375 0.17107746875000002 0.14891585000000002 0.15833585 0.1124031015625 0.1617965359375 0.05141476874999999 0.154066171875 0.05141476874999999 0.14247062500000002 0.0456636765625 0.13280766875 0.0226593046875 0 0 0 0.568424203125
5 0.971440253125 0.038106656249999996 0.9572590562500001 0.007963053125 0.9280760828125001 0.007963053125 0.8662035640625 0.00848219375 0.9813500453125 0.25845410625 0.9925663859375 0.23001983125 0.983671171875 0.177078265625 0.983671171875 0.07781283125 0.971440253125 0.038106656249999996