7 0.2931372546875 0 0.294117646875 0.1644211578125 0 0.1691811140625 0.00078125 0.93436564375 0.2921875 0.9390437875 0.2921875 0.9694517218750001 0.334375 0.9647735781250001 0.9994999999999999 0.9397389328125 0.9994999999999999 0.1644211578125 0.7686274515625 0.1644211578125 0.7666661421875001 0 0.2931372546875 0
8 0.52109375 0.625 0.30234375 0.64765625
4 0.5046875 0.775 0.07890625 0.359375
8 0.14453125 0.80078125 0.04296875 0.1171875
8 0.22109375 0.61953125 0.04765625 0.11796875
8 0.221875 0.80703125 0.0328125 0.09375
8 0.2796875 0.8046875 0.0265625 0.128125
8 0.2828125 0.4765625 0.015625 0.08046875
8 0.14375 0.3953125 0.03359375 0.0921875
8 0.0296875 0.48671875 0.03046875 0.090625
8 0.075 0.62109375 0.0265625 0.08671875
8 0.07734375 0.809375 0.03203125 0.0890625
8 0.9484375 0.8 0.0453125 0.12578125
8 0.9484375 0.6203125 0.02890625 0.09453125
8 0.878125 0.71640625 0.03046875 0.09296875
8 0.8015625 0.61953125 0.04609375 0.13828125
8 0.8 0.8046875 0.0296875 0.0890625
8 0.73125 0.803125 0.046875 0.12421875