7 0 0.978967096875 0.9903307859374999 0.9715132375 0.9912002 0.767910671875 0.997921390625 0.72560044375 0.997291509375 0.026239065625000002 0 0.022768290625 0 0.978967096875
8 0.11640625 0.4890625 0.178125 0.134375
8 0.32578125 0.49609375 0.1796875 0.1265625
8 0.6765625 0.4953125 0.18125 0.1265625
8 0.88671875 0.50703125 0.1796875 0.14375
8 0.88515625 0.23125 0.18046875 0.1390625
8 0.678125 0.22109375 0.178125 0.12734375
8 0.328125 0.23125 0.1828125 0.1390625
8 0.1171875 0.228125 0.175 0.14140625
8 0.28828125 0.82109375 0.10234375 0.14453125
8 0.18359375 0.82265625 0.05234375 0.1625
8 0.075 0.81640625 0.1 0.1703125
8 0.39296875 0.828125 0.0484375 0.1578125
8 0.7421875 0.85859375 0.47578125 0.20625
4 0.57734375 0.8765625 0.109375 0.17109375