7 0 0 0 0.9954728375 0.9994999999999999 0.9854124750000001 0.9994999999999999 0 0 0
4 0.08671875 0.8765625 0.04609375 0.18125
4 0.2875 0.87421875 0.0359375 0.175
4 0.45 0.86796875 0.04375 0.17578125
4 0.60625 0.86953125 0.040625 0.17265625
4 0.71328125 0.86875 0.03359375 0.18203125
4 0.91171875 0.86953125 0.05078125 0.17265625
8 0.0890625 0.76875 0.04921875 0.0453125
8 0.29140625 0.7640625 0.03828125 0.04296875
8 0.45 0.75859375 0.04296875 0.0421875
8 0.60703125 0.7609375 0.04296875 0.04453125
8 0.7125 0.75703125 0.03828125 0.04140625
8 0.91171875 0.75859375 0.0515625 0.05