7 0.6246870671875 0.4210816265625 0.6253406609375001 0.0791164296875 0.6278461078124999 0.046029917187500005 0.3673371671875 0.046029917187500005 0.36954183125 0.1033129875 0.3691070484375 0.41151331718749995 0.26142588906249997 0.046029917187500005 0.0095454546875 0.046029917187500005 0.0095454546875 0.9790873671875 0.9826800703125 0.9790873671875 0.9845454546875001 0.046029917187500005 0.732502878125 0.046029917187500005 0.6246870671875 0.4210816265625
8 0.178125 0.34921875 0.0109375 0.2203125
8 0.1640625 0.34921875 0.0109375 0.2203125
8 0.14921875 0.35078125 0.0109375 0.2203125
8 0.13359375 0.35546875 0.0109375 0.2203125
8 0.11953125 0.35390625 0.0109375 0.2203125
8 0.10546875 0.35546875 0.0109375 0.2203125
8 0.0921875 0.35859375 0.0109375 0.2203125
8 0.078125 0.35859375 0.0109375 0.2203125
8 0.0640625 0.36015625 0.0109375 0.2203125
8 0.0484375 0.3640625 0.0109375 0.2203125
8 0.034375 0.36328125 0.0109375 0.2203125
8 0.01953125 0.3640625 0.0109375 0.2203125
8 0.496875 0.35078125 0.0109375 0.2203125
8 0.48125 0.35546875 0.0109375 0.2203125
8 0.465625 0.346875 0.0109375 0.2203125
8 0.45 0.35078125 0.0109375 0.2203125
8 0.4359375 0.35 0.0109375 0.2203125
8 0.421875 0.35078125 0.0109375 0.2203125
8 0.40859375 0.35390625 0.0109375 0.2203125
8 0.39453125 0.35390625 0.0109375 0.2203125
8 0.38046875 0.35546875 0.0109375 0.2203125
8 0.51171875 0.35078125 0.0109375 0.2203125
8 0.5265625 0.35234375 0.0109375 0.2203125
8 0.540625 0.3484375 0.0109375 0.2203125
8 0.875 0.3609375 0.00859375 0.2453125
8 0.86015625 0.35390625 0.0078125 0.2234375
8 0.8453125 0.35234375 0.00859375 0.2203125
8 0.83125 0.35234375 0.009375 0.225
8 0.81640625 0.35546875 0.0109375 0.2203125
8 0.959375 0.36796875 0.0109375 0.2203125
8 0.93125 0.365625 0.0078125 0.23125
8 0.9171875 0.365625 0.00859375 0.23046875
8 0.903125 0.359375 0.00859375 0.2125
8 0.8890625 0.35703125 0.01015625 0.225
8 0.94609375 0.36328125 0.0109375 0.2203125
8 0.97421875 0.36796875 0.0109375 0.2203125