7 0.9986832734375 0.47583313125000004 0.9426942234375 0.3456299359375 0.85302364375 0.3988948796875 0.8569565640624999 0.3870582265625 0.8097615234375001 0.377194346875 0.7043592640624999 0.2371272734375 0.6178350218750001 0.314065525 0.6194081890625001 0.2923649921875 0.6013167562499999 0.3002560953125 0.59581066875 0.319983853125 0.573786315625 0.33379328125 0.5722131484374999 0.306174421875 0.54782904375 0.3436571609375 0.541536371875 0.36535769375 0.4337743609375 0.36930324375 0.3779268953125 0.1956989828125 0.3150001734375 0.0437952546875 0.21274425 0.1266518328125 0.08689080625 0.0082852921875 0.00042949062500000003 0.12696534375 0.00042949062500000003 0.79542279375 0.02160433125 0.8072594484375 0.02160433125 0.9927003640625 0.9773039203125 0.9927003640625 0.9749441671874999 0.8013411218750001 0.9986832734375 0.7943366078125 0.9986832734375 0.47583313125000004
4 0.12890625 0.88828125 0.08515625 0.1890625
4 0.315625 0.88359375 0.075 0.19453125
4 0.43046875 0.9046875 0.0265625 0.15390625
4 0.678125 0.8890625 0.07578125 0.18125
2 0.4984375 0.6875 0.1875 0.07265625
2 0.50390625 0.475 0.16328125 0.0671875
8 0.615970215625 0.65346496875 0.65126856875 0.6552238296875 0.65337244375 0.5643493828125 0.6171390359375 0.562590521875 0.609892353125 0.5813516984375 0.60825600625 0.66343184375 0.615970215625 0.65346496875
8 0.753125 0.58203125 0.059375 0.0875
8 0.7234375 0.43984375 0.0328125 0.090625
8 0.66484375 0.4625 0.01953125 0.0953125
8 0.8484375 0.63046875 0.02109375 0.1015625
8 0.90078125 0.59609375 0.040625 0.059375
8 0.9796875 0.63515625 0.03125 0.090625
8 0.93515625 0.48515625 0.02109375 0.05546875
8 0.1125 0.6421875 0.053125 0.071875
8 0.184375 0.5765625 0.01875 0.084375
8 0.2734375 0.63515625 0.040625 0.075
8 0.25078125 0.52734375 0.05 0.040625
8 0.3484375 0.63359375 0.04609375 0.07265625
8 0.34921875 0.51953125 0.015625 0.05625
8 0.29453125 0.34609375 0.05546875 0.07265625
8 0.35703125 0.284375 0.0328125 0.05234375
8 0.2921875 0.20859375 0.02265625 0.05
8 0.23515625 0.25625 0.0171875 0.08046875
8 0.0265625 0.33515625 0.03125 0.09375
8 0.07890625 0.26796875 0.02265625 0.11328125
8 0.13359375 0.35625 0.034375 0.0640625
8 0.13515625 0.53046875 0.00859375 0.04296875
8 0.18359375 0.2515625 0.03828125 0.0390625
8 0.1015625 0.1390625 0.0203125 0.03984375
8 0.034375 0.56640625 0.0203125 0.103125
4 0.56953125 0.9015625 0.0234375 0.15546875
4 0.75703125 0.896875 0.0265625 0.171875
8 0.5 0.61328125 0.16484375 0.06953125
8 0.49921875 0.9078125 0.11171875 0.1578125
8 0.796875 0.9 0.05390625 0.18828125
5 0.8582931921875 0.3883185890625 0.855208003125 0.39760387812500003 0.9435389984375 0.3540145984375 0.999417928125 0.47664233593749994 0.999417928125 0.21484185 0.9924330609375 0.2576642328125 0.98079161875 0.2401459859375 0.9679860296875 0.24890510937500002 0.9468018828125 0.2296185875 0.9369640421875 0.22550632187500003 0.91646854375 0.23167472031249997 0.9008919640625 0.219337925 0.889414484375 0.258404440625 0.8803964656250001 0.2481237796875 0.872198265625 0.26251670625 0.8640000656250001 0.2748535 0.8525225859375001 0.26251670625 0.85334240625 0.2933586921875 0.8394054671875001 0.30775161875 0.8361261875 0.2769096328125 0.8336667265625 0.2542921765625 0.822189246875 0.200832734375 0.8189099671875001 0.219337925 0.817270328125 0.26251670625 0.817270328125 0.289246428125 0.8213694265625 0.32831294375 0.8057928484374999 0.2913025609375 0.8074324875000001 0.3221445453125 0.813171228125 0.367379459375 0.8016937484375 0.3550426640625 0.7975946484375 0.32625681093750003 0.775459509375 0.3221445453125 0.7751987890625001 0.33002759843749996 0.8099585765624999 0.37748575 0.8582931921875 0.3883185890625