7 0 0.9968844906250001 0.0183435078125 0.9968844906250001 0.658698284375 0.9968844906250001 0.72327068125 0.9968844906250001 0.9413073453124999 0.9968844906250001 0.9323995937499999 0.6717819 0.9988690234375 0.6283704906249999 0.9988690234375 0.4282130875 0.937981740625 0.4299780796875 0.9386795093750001 0.069919834375 0.9156531484375 0.0663898515625 0.9142576109375 0.036384998437499996 0.548626896875 0.00638014375 0.54374251875 0.025795050000000003 0.5325782218749999 0.031090025 0.5276938421875 0.040797478124999995 0.3846512921875 0.052269921875 0.389535671875 0.080509784375 0.38186021718749996 0.080509784375 0.3825579859375 0.5649999218749999 0.07274875625 0.5729423828125 0.07135321875 0.615302175 0.0497223953125 0.6179496640625 0.0441402453125 0.658544465625 0.041349171875 0.7061992328125 0.013438431249999999 0.7053167375 0.011345125000000001 0.8791683890625 0 0.877118584375 0 0.9968844906250001
5 0.7090102859375 1 0.715898546875 0.9964207109375 0.7214806953124999 0.879931278125 0.7535780484375 0.88699124375 0.7759066421874999 0.9117011234374999 0.796839696875 0.9161136015625001 0.8066084578125 0.8931687140625 0.8017240765625001 0.868458834375 0.798235234375 0.8481614328125 0.7989330031249999 0.8190390750000001 0.7989330031249999 0.8031541531249999 0.8261459765625 0.767854325 0.8387058093749999 0.7431444453125 0.8289370500000001 0.7360844796875 0.8128883734375 0.7193170609374999 0.8024218453125 0.7016671484375 0.8212615953125001 0.6937246859374999 0.8247504390625 0.676074771875 0.8100973 0.6716622937500001 0.79195531875 0.6831347375 0.7800932515625 0.6698973031250001 0.7849776328125 0.659307353125 0.7961419281250001 0.641657440625 0.777302178125 0.64342243125 0.7731155671875001 0.641657440625 0.7828843265625001 0.6116525859374999 0.7898620125 0.57811775 0.7849776328125 0.5763527578125001 0.7654401140625 0.590472690625 0.7619512703125 0.5675278015624999 0.7759066421874999 0.552525375 0.776604409375 0.5437004171875001 0.757764659375 0.551642878125 0.754973584375 0.5445829140625 0.754973584375 0.5304629828125 0.7445070578124999 0.5154605546875 0.757066890625 0.4933981625 0.7668356515625 0.470453275 0.776604409375 0.45368585625 0.7640445765625 0.45898083125 0.759857965625 0.46251081406249994 0.74590259375 0.42809348125 0.7514847421875 0.419268525 0.7514847421875 0.3901461671875 0.7410182140625 0.37426124375 0.7131074734375 0.392793653125 0.694965490625 0.376026234375 0.697756565625 0.41573854218750006 0.7019431765624999 0.44044842031250003 0.70473425 0.4475083875 0.6921744171875 0.4580983359375 0.6844989640625 0.470453275 0.6858945000000001 0.48457320625 0.6726368968750001 0.48810318906249994 0.66775251875 0.49251566718750006 0.6684502875 0.5163430515625 0.6824056578125 0.531345478125 0.675427971875 0.5551728625 0.66496144375 0.5719402796875 0.6391440078125 0.5675278015624999 0.6251886375 0.5692927937500001 0.6433306203125 0.5975326562500001 0.6300730171875 0.61518256875 0.614024340625 0.6072401078125 0.6112332671875 0.5948851687500001 0.5903002109375 0.5940026734375 0.5909979796875 0.619595046875 0.574251534375 0.6495999015625 0.5665760796875 0.6999021562500001 0.5484340984375 0.709609609375 0.5281988109375 0.7104921046875 0.531687653125 0.7581468734375 0.532385421875 0.8110966140625001 0.5170345140625 0.8481614328125 0.5156389765625 0.879931278125 0.5302921171875 0.9011111749999999 0.56518054375 0.8940512109375 0.5714604609375 0.8931687140625 0.5791359140625 0.9064061484374999 0.6000689703125001 0.9161136015625001 0.5979756640625 0.9981857015625 0.6014645078124999 0.9708283359375001 0.6035578125 0.9214085765625001 0.6105354984375 0.9002286796875 0.636352934375 0.8605163734374999 0.6300730171875 0.8402189718749999 0.6412373140625001 0.831394015625 0.66914805625 0.8508089203125 0.6886855734374999 0.873753809375 0.7019431765624999 0.8834612609375 0.70682755625 0.9037586624999999 0.7088658359375 1 0.7090102859375 1
5 0.9898335125 0.7434585 0.980064753125 0.7593434234374999 0.9668071515625 0.7690508765625 0.9723892984375 0.7187486203125 0.9730870671874999 0.6825662968749999 0.957038390625 0.6746238359375 0.9423852515625001 0.645501478125 0.936803103125 0.62961655625 0.9249410390625 0.6057891718749999 0.9151722781249999 0.6119666421875001 0.9144745109375 0.6331465390625 0.9151722781249999 0.666681375 0.8949369921875 0.6799188109375 0.8942392234375 0.6905087578125 0.899821371875 0.7099236640625 0.8970302968749999 0.732868553125 0.8816793890625 0.73198605625 0.8781905468750001 0.748753475 0.8816793890625 0.7593434234374999 0.8858660015625001 0.77434585 0.8816793890625 0.7893482781250001 0.88795930625 0.8078806859375 0.898425834375 0.8175881390624999 0.9061012875 0.8370030453125 0.9116834359375 0.8617129234375 0.9116834359375 0.8723028734374999 0.9026124453125 0.908485196875 0.9012169078125 0.9305475890625001 0.9151722781249999 0.92701760625 0.936803103125 0.9279001015624999 0.9626205390625 0.9287825984375001 0.998206734375 0.9323125796875 0.9990859234375 0.8255305999999999 0.9990859234375 0.753860184375 0.9898335125 0.7434585
8 0.83046875 0.540625 0.17890625 0.08984375
8 0.61875 0.54296875 0.10546875 0.0984375
8 0.61875 0.39609375 0.096875 0.0796875
8 0.7203125 0.3890625 0.0265625 0.0390625
8 0.82421875 0.40234375 0.09140625 0.0609375
8 0.85546875 0.28671875 0.025 0.09375
8 0.7515625 0.28125 0.0953125 0.09453125
8 0.61640625 0.27109375 0.09921875 0.096875
8 0.615625 0.13125 0.0984375 0.09921875
8 0.71875 0.14140625 0.03046875 0.09140625
8 0.8203125 0.15078125 0.09765625 0.09375
2 0.1984375 0.72109375 0.36875 0.0359375
2 0.04847376875 0.6527704796875 0.3817694125 0.66132853125 0.38271194531249997 0.627663921875 0.049858734375000005 0.6171542015625 0.04847376875 0.6527704796875
2 0.0752497546875 0.5856250375000001 0.3840969109375 0.58095405 0.3850202203125 0.5622701 0.0775580296875 0.5704443265625 0.0752497546875 0.5856250375000001
8 0.46015625 0.61953125 0.06875 0.09140625
8 0.4578125 0.4859375 0.06875 0.09296875
8 0.45859375 0.3625 0.071875 0.090625
8 0.46015625 0.19921875 0.0671875 0.14375
8 0.8203125 0.696875 0.09296875 0.09375
8 0.853125 0.83125 0.0234375 0.09453125
8 0.07109375 0.86015625 0.02890625 0.0359375
8 0.13984375 0.8609375 0.02890625 0.0375
8 0.209375 0.8609375 0.028125 0.0390625
8 0.27734375 0.859375 0.03046875 0.03828125
8 0.3453125 0.859375 0.03125 0.03828125
8 0.2734375 0.9421875 0.02734375 0.04140625
8 0.20859375 0.94140625 0.02734375 0.03828125
8 0.13984375 0.9421875 0.02421875 0.03828125
4 0.6546875 0.94453125 0.0859375 0.05859375
4 0.8390625 0.95390625 0.0484375 0.0875
8 0.34453125 0.93203125 0.03203125 0.04140625