7 0.98340736875 0.36790840625 0.9951820124999999 0.3284734125 0.9734051156250001 0.10628342187499999 0.6619497828124999 0.009343174999999999 0.2154085953125 0.1632508109375 0.003919034375 0.32051542187500004 0.003919034375 0.38163881875 0.0823069203125 0.36267006875 0.08188205312499999 0.9720805 0.079332853125 0.98432024375 0.10671286093750001 0.9967532468750001 0.932942103125 0.9967532468750001 0.9326917140625 0.3465481890625 0.98340736875 0.36790840625
4 0.20234375 0.68359375 0.06015625 0.53203125
4 0.31171875 0.690625 0.05390625 0.515625
4 0.44453125 0.6953125 0.0484375 0.47421875
4 0.5375 0.70078125 0.0453125 0.4546875
4 0.83203125 0.7046875 0.0671875 0.5453125
4 0.71796875 0.70859375 0.04921875 0.48125
5 0.0906495359375 0.3679653671875 0.0927908640625 0.402597403125 0.099928621875 0.45454545468749996 0.1013561734375 0.5541125546875 0.104925053125 0.58008658125 0.1006423984375 0.59307359375 0.09707351875 0.7056277046874999 0.09707351875 0.7965367953125 0.10206995 0.8571428578125 0.099928621875 0.9177489187500001 0.10778015625 0.8701298703125 0.119914346875 0.8787878796875 0.1363311921875 0.8787878796875 0.13847252031249999 0.346320346875 0.0906495359375 0.3679653671875
5 0.060024090625000005 0.669947240625 0.058351178125 0.6192167203125 0.058351178125 0.5938514609375 0.0809354921875 0.5887784093749999 0.0792625796875 0.37571022656249997 0.028238757812499998 0.38585633124999996 0.0148554609375 0.573559253125 0.0332574953125 0.5887784093749999 0.0290752140625 0.6293628250000001 0.024892934375000002 0.6395089281249999 0.032421039062500004 0.7105316562499999 0.026565845312500003 0.7612621749999999 0.024056478125 0.8119926953125001 0.037439774999999995 0.8221387984374999 0.0508230734375 0.84243100625 0.060024090625000005 0.8119926953125001 0.0675521953125 0.7612621749999999 0.0683886515625 0.7257508109375 0.060024090625000005 0.669947240625
5 0.03955775 0 0.0334964828125 0.009674 0.034588996875 0.0494301625 0.0324039671875 0.14882056875 0.01601625625 0.09581235 0 0.14219453906249999 0 0.338804665625 0.2159463359375 0.15544659375 0.283682209375 0.1355685125 0.28149718125 0.0030479734375 0.270572040625 0 0.03955775 0
5 0.9537575203124999 0.0361781078125 0.941011521875 0.0516388375 0.9320893234375 0.028447743749999997 0.9167941265625 0.0129870125 0.8989497296875 0.0207173765625 0.8823799328125 0.0129870125 0.8734577343750001 0.0129870125 0.8645355359375 0.0439084734375 0.976700315625 0.0980210265625 0.9945447125 0.32220160781249996 0.981798715625 0.3917748921875 0.930814725 0.3453927015625 0.9359131234375001 0.47680890624999994 0.99946466875 0.5028518765625 0.99946466875 0 0.9652289187499999 0.00525665 0.9537575203124999 0.0361781078125