7 0.097255809375 0.9797916140625 0.993103296875 0.9797916140625 0.993103296875 0.0168911078125 0.844217615625 0.0168911078125 0.819605409375 0.1225684546875 0.7252515453124999 0.1188210328125 0.7252515453124999 0.01764059375 0.0053315578125 0.01791428125 0.0053315578125 0.8206254171875 0.097255809375 0.8342569031249999 0.097255809375 0.9797916140625
8 0.500960334375 0.780972896875 0.5023830515625 0.6441232640625 0.6074510453124999 0.6440963046875 0.608099278125 0.50828795625 0.7100387921875 0.5066402796875 0.7095526750000001 0.391401975 0.7130770203125001 0.3717933640625 0.838528896875 0.3706441484375 0.838784290625 0.12022890156249999 0.7246508265625 0.119150275 0.7251885687499999 0.26820676875 0.7217828671875 0.283334890625 0.620508059375 0.283334890625 0.6201495640625 0.418153153125 0.5182105390625 0.417559328125 0.5175993 0.5471777999999999 0.4162518265625 0.5498469203125 0.41589441718750003 0.6815770890625 0.31254064531250003 0.6833787359375 0.3105084078125 0.8228261328125 0.15611019843750001 0.8192651312500001 0.155018 0.9472318156249999 0.3963939953125 0.945605121875 0.39617555625 0.7823933750000001 0.500960334375 0.780972896875
8 0.4171875 0.87890625 0.01171875 0.13828125
8 0.44375 0.88046875 0.01328125 0.1359375
2 0.48359375 0.93046875 0.0375 0.034375
2 0.53671875 0.93046875 0.0390625 0.034375
2 0.575 0.93046875 0.01328125 0.03671875
2 0.60078125 0.9296875 0.0125 0.03515625
2 0.74453125 0.928125 0.03984375 0.03125
2 0.69296875 0.93125 0.0390625 0.03671875
2 0.653125 0.9296875 0.01328125 0.03359375
2 0.62734375 0.93046875 0.01328125 0.034375
2 0.04296875 0.21953125 0.0171875 0.03203125
2 0.075 0.21796875 0.0078125 0.0328125
2 0.10078125 0.21875 0.0078125 0.0328125
2 0.05703125 0.35390625 0.04296875 0.03359375
2 0.1140625 0.3546875 0.034375 0.03203125
2 0.1671875 0.21796875 0.034375 0.03203125
2 0.128125 0.21796875 0.0078125 0.03125
2 0.20625 0.21875 0.009375 0.0328125
2 0.378125 0.2171875 0.03828125 0.03046875
2 0.3265625 0.3546875 0.03828125 0.03046875
2 0.36484375 0.3546875 0.01171875 0.02890625
2 0.3796875 0.49296875 0.03671875 0.03046875
2 0.43203125 0.49296875 0.03671875 0.03046875
2 0.4828125 0.353125 0.03671875 0.03046875
2 0.53515625 0.353125 0.0390625 0.0296875
2 0.57421875 0.35703125 0.01328125 0.03046875
2 0.6015625 0.35546875 0.01328125 0.0265625
2 0.5890625 0.7640625 0.0390625 0.0296875
2 0.640625 0.76171875 0.0390625 0.0296875
2 0.54921875 0.7625 0.01171875 0.03046875
2 0.52265625 0.7609375 0.0125 0.0328125
2 0.58828125 0.22109375 0.0390625 0.0296875
2 0.640625 0.2203125 0.0390625 0.0296875
2 0.68046875 0.22109375 0.0125 0.0296875
2 0.5484375 0.21953125 0.01328125 0.0296875
2 0.521875 0.21953125 0.01171875 0.02890625
2 0.36484375 0.62578125 0.0125 0.03046875
2 0.325 0.625 0.03671875 0.03046875
2 0.36796875 0.6265625 0.0125 0.03046875
2 0.3375 0.48984375 0.0125 0.03046875
2 0.31171875 0.490625 0.0125 0.03046875
2 0.69140625 0.62421875 0.03671875 0.03046875
2 0.74375 0.62578125 0.03984375 0.03125
2 0.70546875 0.7609375 0.0125 0.0375
2 0.7578125 0.76171875 0.01328125 0.03828125
2 0.79765625 0.4921875 0.03984375 0.03125
2 0.79765625 0.7609375 0.03984375 0.03125
2 0.7578125 0.49140625 0.01328125 0.034375
2 0.73125 0.48984375 0.01171875 0.02890625
2 0.8765625 0.6265625 0.03984375 0.03125
2 0.92890625 0.62734375 0.03984375 0.03125
2 0.83671875 0.628125 0.01171875 0.03125
2 0.81015625 0.62421875 0.01328125 0.03203125
2 0.78203125 0.625 0.01171875 0.03125
2 0.83671875 0.49375 0.01328125 0.03203125
2 0.8625 0.49140625 0.01171875 0.03125
2 0.95390625 0.4921875 0.03671875 0.03046875
2 0.88828125 0.49375 0.01171875 0.03125
2 0.915625 0.49140625 0.01171875 0.03125
2 0.8765625 0.35390625 0.03984375 0.03125
2 0.92890625 0.3546875 0.03984375 0.03125
2 0.678125 0.76015625 0.0125 0.0375
2 0.73125 0.76171875 0.0125 0.0375
2 0.8359375 0.76015625 0.0140625 0.03203125
2 0.8625 0.7640625 0.0140625 0.03203125
2 0.62734375 0.62265625 0.01328125 0.03359375
2 0.653125 0.62578125 0.01328125 0.0328125
2 0.8625 0.21640625 0.01171875 0.02890625
2 0.39296875 0.6265625 0.0125 0.03203125
2 0.4703125 0.49140625 0.0125 0.03203125
2 0.49609375 0.4890625 0.0125 0.03203125
8 0.04375 0.1703125 0.01640625 0.065625
8 0.07421875 0.1671875 0.0078125 0.0640625
8 0.04375 0.16953125 0.01640625 0.065625
8 0.16640625 0.16875 0.034375 0.0640625
8 0.0578125 0.30234375 0.04375 0.06796875
8 0.15390625 0.31953125 0.00859375 0.096875
8 0.1140625 0.30234375 0.03515625 0.06796875
8 0.16640625 0.16875 0.034375 0.0640625
8 0.18046875 0.321875 0.0078125 0.09453125
8 0.15390625 0.31953125 0.00859375 0.096875
8 0.128125 0.17109375 0.00859375 0.06015625
8 0.20625 0.32109375 0.01015625 0.0984375
8 0.16640625 0.45625 0.03671875 0.0984375
8 0.20703125 0.4578125 0.0078125 0.09921875
8 0.04375 0.16953125 0.01640625 0.065625
8 0.10078125 0.16796875 0.0078125 0.0640625
8 0.1265625 0.45703125 0.0078125 0.09921875
8 0.10078125 0.45625 0.00859375 0.09921875
8 0.04375 0.45546875 0.015625 0.0984375
8 0.07421875 0.45625 0.0078125 0.09921875
8 0.20546875 0.5890625 0.0078125 0.09921875
8 0.17890625 0.590625 0.0078125 0.09921875
8 0.15390625 0.5953125 0.00859375 0.09921875
8 0.09921875 0.72734375 0.009375 0.09765625
8 0.05625 0.59296875 0.04375 0.09921875
8 0.07265625 0.728125 0.00859375 0.09921875
8 0.12578125 0.72890625 0.009375 0.09921875
8 0.15390625 0.5953125 0.00859375 0.09921875
8 0.16640625 0.728125 0.03515625 0.1
8 0.20546875 0.72734375 0.0078125 0.09921875
8 0.0421875 0.728125 0.01796875 0.09921875
8 0.1125 0.59296875 0.0359375 0.0984375
8 0.31171875 0.18515625 0.0109375 0.09765625
8 0.33828125 0.18203125 0.0109375 0.09765625
8 0.378125 0.4390625 0.03671875 0.06953125
8 0.36640625 0.3046875 0.0109375 0.06875
8 0.37890625 0.1671875 0.0359375 0.0671875
8 0.3921875 0.30078125 0.01171875 0.065625
8 0.43046875 0.18515625 0.040625 0.1
8 0.32578125 0.3046875 0.0390625 0.06484375
8 0.4171875 0.31953125 0.01171875 0.10078125
8 0.378125 0.4390625 0.03671875 0.06953125
8 0.44375 0.32109375 0.0125 0.0953125
8 0.4828125 0.30390625 0.03984375 0.06953125
8 0.3390625 0.4390625 0.0125 0.06796875
8 0.31171875 0.43828125 0.0109375 0.07265625
8 0.43046875 0.44296875 0.03671875 0.06953125
8 0.39296875 0.571875 0.0125 0.06796875
8 0.36640625 0.5703125 0.0109375 0.07265625
8 0.3265625 0.57578125 0.03671875 0.06953125
8 0.46953125 0.4390625 0.0109375 0.06640625
8 0.49765625 0.43828125 0.0125 0.06796875
8 0.5875 0.17265625 0.03828125 0.06875
8 0.54921875 0.1640625 0.015625 0.05703125
8 0.46875 0.1828125 0.0109375 0.09765625
8 0.4953125 0.18359375 0.0109375 0.09765625
8 0.5234375 0.165625 0.0109375 0.07265625
8 0.53515625 0.30390625 0.0375 0.0640625
8 0.57421875 0.303125 0.0140625 0.06875
8 0.60078125 0.3046875 0.01328125 0.06875
8 0.6390625 0.1703125 0.03828125 0.06171875
8 0.5875 0.7109375 0.0375 0.0640625
8 0.65390625 0.57578125 0.0125 0.06484375
8 0.62734375 0.57578125 0.01171875 0.06015625
8 0.52265625 0.71171875 0.0125 0.06796875
8 0.69296875 0.57578125 0.0375 0.0640625
8 0.6796875 0.70859375 0.0125 0.06484375
8 0.70546875 0.70859375 0.01171875 0.06015625
8 0.54921875 0.71015625 0.0125 0.06796875
8 0.63828125 0.70703125 0.0375 0.0640625
8 0.48359375 0.86171875 0.0390625 0.10234375
8 0.6 0.86015625 0.0125 0.09375
8 0.5359375 0.85859375 0.040625 0.10078125
8 0.69296875 0.8578125 0.040625 0.0984375
8 0.62734375 0.8578125 0.01328125 0.09921875
8 0.653125 0.85859375 0.0125 0.1
8 0.57578125 0.859375 0.01328125 0.09921875
8 0.74453125 0.5734375 0.0375 0.0640625
8 0.784375 0.5765625 0.0125 0.06484375
8 0.8109375 0.57578125 0.01171875 0.06015625
8 0.83671875 0.57578125 0.01171875 0.06015625
8 0.83671875 0.7125 0.0125 0.06484375
8 0.875 0.5734375 0.0375 0.0640625
8 0.9296875 0.575 0.0375 0.0640625
8 0.73203125 0.4390625 0.0125 0.06484375
8 0.75703125 0.4375 0.01171875 0.06015625
8 0.73125 0.71015625 0.01171875 0.06015625
8 0.7578125 0.709375 0.0125 0.06484375
8 0.796875 0.709375 0.0375 0.0640625
8 0.796875 0.43671875 0.0375 0.0640625
8 0.8359375 0.4390625 0.0125 0.06796875
8 0.86484375 0.440625 0.0125 0.06796875
8 0.86328125 0.7078125 0.01171875 0.06015625
8 0.9546875 0.43984375 0.0375 0.0640625
8 0.95546875 0.709375 0.0375 0.0640625
8 0.8890625 0.70859375 0.01171875 0.06015625
8 0.915625 0.7078125 0.0125 0.06484375
8 0.87578125 0.87734375 0.03671875 0.13828125
8 0.87734375 0.3 0.0375 0.0640625
8 0.92890625 0.30546875 0.0375 0.0640625
8 0.88828125 0.1890625 0.0125 0.0921875
8 0.915625 0.18984375 0.01171875 0.08828125
8 0.86328125 0.171875 0.0109375 0.0546875
8 0.9546875 0.184375 0.0390625 0.09453125
8 0.8890625 0.44140625 0.01171875 0.06796875
8 0.96796875 0.58828125 0.0109375 0.09921875
8 0.96796875 0.31875 0.0109375 0.096875
8 0.915625 0.4390625 0.01171875 0.06796875
2 0.88828125 0.7578125 0.0140625 0.03203125
2 0.9171875 0.75703125 0.0140625 0.03203125
2 0.9546875 0.7609375 0.034375 0.02890625
8 0.74375 0.85625 0.03984375 0.1
8 0.784375 0.87890625 0.015625 0.1375
8 0.81171875 0.87890625 0.015625 0.1375
8 0.8390625 0.88125 0.015625 0.1375
8 0.928125 0.88125 0.03671875 0.13828125
8 0.96953125 0.87578125 0.01171875 0.13828125
8 0.234375 0.3203125 0.009375 0.10625
8 0.28671875 0.4578125 0.01328125 0.1140625
8 0.234375 0.5921875 0.01171875 0.0953125
8 0.28671875 0.7234375 0.01015625 0.1078125
2 0.3921875 0.35546875 0.01171875 0.02890625
8 0.2859375 0.184375 0.01015625 0.09453125
8 0.7078125 0.1859375 0.01328125 0.1
8 0.68046875 0.171875 0.0140625 0.06484375