7 0.8263610734375 0 0.8248776156250001 0.08895610468750001 0.7152087734375 0.074856690625 0.714249365625 0.0096513453125 0.32981518906249996 0.011053340625 0.3269247375 0.0832518703125 0.0069228109375 0.0801364609375 0.009938515625 0.9832149296875 0.994773278125 0.9912951703124999 0.994773278125 0.0798937984375 0.9005340453124999 0.08895610468750001 0.9005340453124999 0 0.8263610734375 0
8 0.59140625 0.20859375 0.075 0.05078125
8 0.6875 0.20859375 0.03671875 0.05
8 0.6640625 0.309375 0.084375 0.04765625
8 0.57109375 0.30625 0.040625 0.04765625
8 0.6875 0.40234375 0.03984375 0.05546875
8 0.5921875 0.40546875 0.0828125 0.0578125
8 0.6671875 0.49296875 0.09453125 0.0765625
8 0.5734375 0.496875 0.05078125 0.0609375
8 0.6875 0.5953125 0.046875 0.06328125
8 0.5921875 0.590625 0.0921875 0.07109375
8 0.57265625 0.684375 0.04375 0.05703125
8 0.66875 0.6875 0.0875 0.05546875
8 0.68515625 0.78046875 0.05078125 0.0609375
8 0.5921875 0.78125 0.090625 0.06328125
8 0.57421875 0.87421875 0.04921875 0.0703125
8 0.66796875 0.87578125 0.09296875 0.0609375
8 0.42578125 0.87265625 0.05078125 0.0640625
8 0.33125 0.86953125 0.08671875 0.0671875
8 0.40625 0.778125 0.084375 0.06015625
8 0.3109375 0.775 0.046875 0.0671875
8 0.4265625 0.6828125 0.04296875 0.05703125
8 0.33203125 0.684375 0.084375 0.05546875
8 0.40625 0.59375 0.08515625 0.0625
8 0.3078125 0.59140625 0.04921875 0.06171875
8 0.425 0.49609375 0.046875 0.06328125
8 0.40390625 0.39921875 0.08359375 0.059375
8 0.425 0.309375 0.046875 0.0609375
8 0.4046875 0.21015625 0.084375 0.0640625
8 0.30625 0.2046875 0.0515625 0.071875
5 0 0 0 0.5878961796875 0.0307833125 0.5973840625 0.038491184375 0.607458275 0.0442720875 0.6158534546875 0.0539069265625 0.5906679203125 0.0635417671875 0.6007421328125 0.076067059375 0.6158534546875 0.08570189843750001 0.5856308140625 0.0866653828125 0.5772356359375 0.1078620296875 0.5822727421875 0.1280951921875 0.583951778125 0.1367665484375 0.5721985296875001 0.1435109359375 0.543654925 0.14062048437500002 0.5218274625 0.138693515625 0.496641928125 0.13194912812499998 0.47313543124999996 0.1329126125 0.4177272578125 0.130022159375 0.40765304375 0.1126794484375 0.43619664843750006 0.0934097703125 0.40597400781250004 0.0866653828125 0.404294971875 0.0866653828125 0.35224487187500003 0.07992099375 0.3388125859375 0.080884478125 0.301873803125 0.0991906734375 0.30019476875 0.123277771875 0.3270593375 0.1223142890625 0.35224487187500003 0.1560362265625 0.3421706578125 0.16278061562499999 0.3287383734375 0.1849407453125 0.3253803015625 0.19072165000000002 0.3488868 0.1839772609375 0.3656771546875 0.203246940625 0.38414654531250003 0.2128817796875 0.40765304375 0.218662684375 0.4311595421875 0.2128817796875 0.46306121874999995 0.1859042296875 0.4244433984375 0.1569997109375 0.447949896875 0.14929183906250001 0.4546660390625 0.145437903125 0.46306121874999995 0.167598034375 0.5067161421875 0.183013778125 0.5201484265625 0.191685134375 0.535259746875 0.21191829687500002 0.540296853125 0.24371326718750003 0.5386178171875 0.25431159062500003 0.5386178171875 0.2591290109375 0.5537291390625 0.25142113906249997 0.5822727421875 0.267800365625 0.59234695625 0.2783986890625 0.5671614218750001 0.2870700453125 0.5419758890625 0.32175546875 0.53693878125 0.333317275 0.5319016765625 0.3670392140625 0.508395178125 0.374747084375 0.4949628921875 0.3882358609375 0.474814465625 0.3891993453125 0.45130796875 0.37571056875000003 0.4462708609375 0.35547740625 0.404294971875 0.34873301875 0.38582558125 0.33524424375 0.38582558125 0.3602948265625 0.36735619062499997 0.369929665625 0.39757883125000004 0.3969072171875 0.42276436406249995 0.40846902500000004 0.4177272578125 0.40846902500000004 0.392541725 0.4026881203125 0.38246751093750003 0.4046150875 0.35392390625000003 0.4190673484375 0.333775478125 0.4103959921875 0.28340441250000004 0.3911263125 0.26661405625 0.3737836015625 0.243107559375 0.369929665625 0.2028107046875 0.369929665625 0.1709090296875 0.3506599875 0.1809832421875 0.327536371875 0.2179220265625 0.3130841125 0.22128009531249998 0.29092398125 0.2145639546875 0.27165430156250003 0.216242990625 0.25720204375 0.1843413140625 0.24756720312499997 0.1524396390625 0.23889584843749997 0.09703146562500001 0.22058965156250002 0.06512979062499999 0.203246940625 0.0365861859375 0.1624932703125 0 0 0