7 0.98169191875 0.797774953125 0.9321969687499999 0.7969273140625 0.9338804703125 0.6545242625000001 0.98169191875 0.6280440765625 0.98169191875 0.60451366875 0.927146465625 0.60112311875 0.9296717171875001 0.4782157234375 0.98169191875 0.42790635625 0.98169191875 0.40277601093750004 0.9406144781249999 0.4053189234375 0.937247475 0.2883449890625 0.98169191875 0.2357273359375 0.98169191875 0.20612417968750002 0.9338804703125 0.2044289046875 0.927146465625 0.1332273796875 0.98169191875 0.045027467187499996 0.98169191875 0.0050858234374999995 0.0025252531250000002 0.0050858234374999995 0.0025252531250000002 0.0357491 0.07613636406249999 0.179847425 0.0500420875 0.183237975 0.047516834375 0.210362365625 0.0025252531250000002 0.209665346875 0.0025252531250000002 0.23579148125 0.055092593749999995 0.3137741046875 0.05930134687500001 0.40277601093750004 0.0025252531250000002 0.401981940625 0.0025252531250000002 0.429052765625 0.0382575765625 0.46889171406249996 0.04499158125 0.5994278453125 0.0025252531250000002 0.6020675546875001 0.0025252531250000002 0.6231616859375 0.055934343750000004 0.6562195390625 0.052567340625 0.7816698453125001 0.0071127937500000005 0.7867556687499999 0.00542929375 0.8087942359375001 0.0458333328125 0.8257469796875 0.046675084374999995 0.980016953125 0.9254629624999999 0.979169315625 0.927146465625 0.831680440625 0.98169191875 0.8215400921875 0.98169191875 0.797774953125
8 0.61869304375 0.0647491921875 0.5755976703125001 0.07229645 0.577705596875 0.21380755312500002 0.620098328125 0.21286414531250003 0.61869304375 0.0647491921875
8 0.7683557750000001 0.08361733906249999 0.6838045296875 0.0701737828125 0.681228175 0.2140434046875 0.76929263125 0.21427925625 0.7683557750000001 0.08361733906249999
8 0.7521950109375 0.254845771875 0.6599147046875 0.2654591046875 0.6599147046875 0.41003628281250004 0.752897653125 0.40980042968749997 0.7521950109375 0.254845771875
8 0.5601395484375 0.32088428593749996 0.5083782593749999 0.325601325 0.506793478125 0.40422620781249996 0.561896134375 0.4049863171875 0.5601395484375 0.32088428593749996
8 0.5012571359375 0.271774603125 0.3546387796875 0.25474815156249997 0.21260979375 0.2683693125 0.2138175234375 0.40895915625 0.49642621875000004 0.40895915625 0.5012571359375 0.271774603125
8 0.4734116265625 0.5016959937500001 0.39051047968749997 0.5044655015624999 0.38893889375 0.6061459984375 0.47282228125000003 0.6061459984375 0.4734116265625 0.5016959937500001
8 0.6288723703125 0.4499360296875 0.534678553125 0.456666140625 0.535931684375 0.6064111328124999 0.6294989359375001 0.60704208125 0.6288723703125 0.4499360296875
8 0.49658686249999995 0.6467365968750001 0.356362503125 0.6386677421875 0.2165833015625 0.6440469796875 0.2139123609375 0.7982517484375 0.4983674890625 0.8000448265625 0.49658686249999995 0.6467365968750001
8 0.5592707984375 0.6829320421875 0.5077612109375 0.6837879796874999 0.507251215625 0.8012225640624999 0.56301076875 0.8008801890624999 0.5592707984375 0.6829320421875
8 0.6567618000000001 0.8002814796875001 0.7519749375 0.8001055546875 0.7495290953125 0.6417733218749999 0.6588582359374999 0.6461714390625 0.6567618000000001 0.8002814796875001
8 0.68532048125 0.984683728125 0.72713258125 0.9839514749999999 0.763127346875 0.98358535 0.76349093125 0.8492171000000001 0.6824118140625 0.8492171000000001 0.68532048125 0.984683728125
5 0 0.5003048609375 0.0035795671874999995 0.9689026437500001 0.01987379375 0.9806227671875 0.0633250671875 0.9806227671875 0.07108422187499999 0.9524944718749999 0.0718601375 0.9134273937499999 0.04159943125 0.9173341 0.0532381640625 0.8915498296875001 0.0493585859375 0.8618588484374999 0.0633250671875 0.8665469 0.078843378125 0.885299096875 0.07729154687499999 0.9774974015625 0.09358577343749999 0.9767160593750001 0.0904821109375 0.8876431203124999 0.10367267656250001 0.8727976312499999 0.11919098749999998 0.8743603140625 0.14867578125 0.8813923890625001 0.14867578125 0.8923311703125 0.1463480328125 0.9267101984374999 0.1548831046875 0.9759347171874999 0.1579867671875 0.9782787421875 0.16729775468750002 0.9353049562500001 0.1610904296875 0.8868617796875 0.1626422609375 0.8821737296875 0.1735050796875 0.8634215328125 0.1936788828125 0.8532640921875 0.21540451875 0.8407626265625 0.19445479999999998 0.8407626265625 0.2037657859375 0.8251357953125 0.1998862078125 0.8110716468750001 0.18048831875 0.8009142062500001 0.18979930625000002 0.7673165203125001 0.18048831875 0.74309493125 0.1610904296875 0.729812125 0.168849584375 0.686056996875 0.1494516953125 0.6743368734375 0.1316056375 0.6727741921875 0.132381553125 0.6649607750000001 0.13005380625000001 0.6423018703125 0.12462239687500001 0.6071415 0.11763915625000002 0.58213856875 0.10522450624999999 0.5883893015624999 0.07729154687499999 0.58213856875 0.06254915 0.5680744203125 0.07108422187499999 0.5665117390625001 0.080395209375 0.5485408828125 0.0571177421875 0.532132709375 0.06720464375 0.5157245374999999 0.0493585859375 0.5110364859375001 0.02763295 0.5133805125 0.02608111875 0.48447087343749995 0 0.488333153125 0 0.5003048609375
4 0.37469806875 0.1853146859375 0.20259661874999998 0.1678321671875 0.051630434375 0.1868349046875 0.0501207734375 0.21419884531250002 0.37469806875 0.21115840624999999 0.37469806875 0.1853146859375