7 0.0078931984375 0 0.007143606249999999 0.9855058734375 0.9951051671875 0.9902425156250001 0.9891084359375 0 0.0078931984375 0
8 0.3765625 0.88828125 0.23203125 0.16796875
4 0.3796875 0.92734375 0.08203125 0.10546875
8 0.4375 0.14453125 0.11484375 0.26015625
8 0.56015625 0.14375 0.1140625 0.26171875
8 0.68203125 0.14296875 0.11328125 0.25703125
8 0.80390625 0.14140625 0.11640625 0.25703125
8 0.9265625 0.14140625 0.11328125 0.25859375
8 0.315625 0.54765625 0.115625 0.15703125
8 0.4390625 0.55 0.11328125 0.15703125
8 0.56171875 0.546875 0.115625 0.15703125
8 0.6828125 0.54765625 0.11328125 0.15703125
8 0.4375 0.71640625 0.11328125 0.15703125
8 0.3140625 0.71328125 0.115625 0.15703125
8 0.5625 0.7140625 0.115625 0.15703125
8 0.68515625 0.71875 0.11328125 0.15703125
8 0.6828125 0.89375 0.1125 0.17265625
8 0.559375 0.896875 0.1140625 0.175
8 0.80625 0.90078125 0.1125 0.17265625
8 0.928125 0.90078125 0.1125 0.17265625