7 0.9969356171875001 0.2247110765625 0.0055917109375 0.00915465625 0.0055917109375 0.9389040375000001 0.99946294375 0.9363069734374999 0.9969356171875001 0.2247110765625
8 0.07578125 0.4703125 0.03515625 0.17265625
8 0.1390625 0.65859375 0.02421875 0.11953125
8 0.36484375 0.52890625 0.040625 0.1625
8 0.31640625 0.66484375 0.01796875 0.09140625
8 0.20234375 0.6359375 0.00703125 0.03515625
8 0.28515625 0.4734375 0.00859375 0.03984375
8 0.134375 0.46875 0.00625 0.0390625
8 0.63203125 0.43125 0.040625 0.159375
8 0.6171875 0.64609375 0.009375 0.0375
8 0.6859375 0.61953125 0.03125 0.12109375
8 0.6921875 0.41015625 0.009375 0.03515625
8 0.4109375 0.696875 0.009375 0.03984375
8 0.4578125 0.7953125 0.01015625 0.03984375
8 0.86953125 0.553125 0.0375 0.16171875
8 0.77890625 0.5859375 0.00625 0.03671875
8 0.94296875 0.72734375 0.01640625 0.08046875
8 0.92265625 0.53984375 0.01171875 0.05