7 0.9981211468750001 0.5806484546874999 0.9248488171875 0.5781598828125001 0.9238528609375001 0.40826091875000003 0.9364019125 0.391632509375 0.938393825 0.3800649203125 0.9206657999999999 0.3768115359375 0.8692329890625 0.22368524843749998 0.874731028125 0.20871869843750002 0.8664839687500001 0.20722204375 0.867858478125 0.151346925 0.798858078125 0.1508480390625 0.791710625 0.166812359375 0.74937571875 0.1653157046875 0.7260090484374999 0.0470799609375 0.726082515625 0.008166931249999999 0.685194828125 0.008166931249999999 0.6861591671875 0.0575710375 0.6693052671874999 0.165185809375 0.328389490625 0.16432450781250002 0.3086205453125 0.052320867187499995 0.3076966109375 0.008166931249999999 0.267280084375 0.0092694671875 0.268682084375 0.0516746921875 0.2457319375 0.166517715625 0.20324537343750002 0.1678496390625 0.197129265625 0.15112661249999998 0.1268904453125 0.1518770171875 0.1276668453125 0.20894117343750002 0.12126154062500001 0.208588925 0.12514354375 0.2293715484375 0.0772008109375 0.3808381328125 0.055977437500000005 0.3823503953125 0.059954328125 0.397245378125 0.0680773375 0.4084550046875 0.06951578750000001 0.4162863875 0.07120808125 0.5833558828125 0.0041289765625 0.59085711875 0.001316321875 0.9818489937500001 0.81846644375 0.9889513078125001 0.9547275093750001 0.933824515625 0.9993924671875 0.89609620625 0.9981211468750001 0.5806484546874999
8 0.29609375 0.7390625 0.10390625 0.12890625
8 0.37578125 0.7375 0.03359375 0.13125
8 0.21640625 0.92734375 0.02578125 0.1140625
8 0.5 0.75078125 0.03828125 0.15390625
8 0.44140625 0.73515625 0.03125 0.12265625
8 0.55703125 0.7375 0.028125 0.1265625
8 0.62109375 0.73515625 0.0265625 0.1234375
8 0.11441313281250001 0.8408046984374999 0.1444792046875 0.8410301656250001 0.1444792046875 0.6726059796875 0.0459569140625 0.6744097203125 0.045832675 0.78421236875 0.1146616125 0.7857906406249999 0.11441313281250001 0.8408046984374999
8 0.21484375 0.73828125 0.028125 0.12734375
8 0.1515625 0.53515625 0.0265625 0.09765625
8 0.1515625 0.32109375 0.02109375 0.09140625
8 0.26015625 0.36015625 0.01953125 0.0875
8 0.3265625 0.3578125 0.021875 0.09140625
8 0.32890625 0.5390625 0.025 0.08828125
8 0.259375 0.5390625 0.025 0.090625
8 0.3953125 0.53515625 0.0265625 0.0890625
8 0.44921875 0.53515625 0.0265625 0.09140625
8 0.39375 0.35703125 0.0234375 0.09296875
8 0.44921875 0.35625 0.021875 0.09140625
8 0.54609375 0.3546875 0.01953125 0.090625
8 0.49765625 0.35546875 0.0234375 0.090625
8 0.49765625 0.534375 0.0265625 0.08515625
8 0.5484375 0.5359375 0.028125 0.08828125
8 0.84375 0.53125 0.03125 0.1046875
8 0.8421875 0.31640625 0.03359375 0.10078125
8 0.73515625 0.35546875 0.021875 0.0875
8 0.66796875 0.35625 0.02421875 0.0921875
8 0.7359375 0.53828125 0.02734375 0.09296875
8 0.66875 0.5375 0.02734375 0.096875
8 0.60078125 0.53515625 0.028125 0.09375
8 0.60078125 0.35859375 0.0234375 0.09453125
8 0.7234375 0.7390625 0.14609375 0.1296875
8 0.78125 0.92578125 0.02734375 0.1140625
4 0.68671875 0.928125 0.06640625 0.1125
8 0.6234375 0.92421875 0.02890625 0.1125
8 0.55859375 0.92578125 0.0265625 0.1171875
8 0.43828125 0.9265625 0.0234375 0.1125
8 0.25390625 0.92890625 0.01796875 0.11484375
8 0.29609375 0.92890625 0.034375 0.121875
8 0.37578125 0.92890625 0.0234375 0.11484375
8 0.3375 0.928125 0.0140625 0.1140625
8 0.90234375 0.7375 0.1109375 0.1328125
2 0.15619117656249998 0.1985127734375 0.15786713125000001 0.20560955625 0.1603810625 0.2071302953125 0.195995090625 0.2040888171875 0.20646980468749998 0.22360496875 0.235799003125 0.2243653375 0.2339833859375 0.2200565765625 0.23468170000000002 0.16784453593749998 0.2040955359375 0.1675910796875 0.19669340468750002 0.15086295 0.126861978125 0.15213023125 0.1276999546875 0.2068768375 0.1406886 0.2058630125 0.14320253125 0.19901968750000001 0.15060466249999999 0.19724549062500002 0.15619117656249998 0.1985127734375
2 0.7979080749999999 0.20725180937499998 0.8670623859375001 0.20725180937499998 0.8674721890624999 0.1520320546875 0.799035034375 0.150172803125 0.7925806328125 0.1657905109375 0.7601037203125001 0.1669060625 0.7605135234375 0.2243569171875 0.7891997546875 0.22528654375 0.7979080749999999 0.20725180937499998
2 0.3078116359375 0.049025612499999996 0.309955871875 0.05615966875 0.309241125 0.0133553359375 0.269811178125 0.008166931249999999 0.26850065 0.0496741625 0.27564810156249997 0.043837209375000005 0.2845824171875 0.03929735625 0.298162575 0.043188657812499996 0.3078116359375 0.049025612499999996
2 0.723634215625 0.04480009375 0.7253521796875 0.008166931249999999 0.6850536265625 0.008166931249999999 0.686827446875 0.046409634374999995 0.70190491875 0.035947615625 0.7103305640625 0.032728534375 0.7196431203125 0.038361928125 0.723634215625 0.04480009375
5 0.059538274999999995 0.3271023359375 0.059538274999999995 0.2970331765625 0.05401524375 0.26696401718749996 0.04296918125 0.24942367499999998 0.026400087500000002 0.2243660421875 0.0084502375 0.2043199359375 0.0000049046875 0.19857254687499998 0.000165690625 0.58519595 0.073345853125 0.5877017140625 0.07058433593749999 0.4423674453125 0.0636805484375 0.41480405 0.05401524375 0.4022752328125 0.051253728124999995 0.3621830203125 0.059538274999999995 0.3271023359375
5 0.9735645078124999 0.409535521875 0.961102284375 0.395400446875 0.9439667265624999 0.3982274625 0.925273390625 0.41518955156250004 0.9237156125 0.5735023890625001 0.9993924671875 0.58423179375 0.9993924671875 0.42649761093749994 0.9797956203125 0.42367059687499997 0.9735645078124999 0.409535521875