7 0.9542150156250001 0.7961303515625 0.9555749125 0.5563133515625001 0.9974971265624999 0.517251875 0.9974971265624999 0.4640760421875 0.9589746546875 0.453007565625 0.9589746546875 0.13940071874999999 0.9974971265624999 0.0804440515625 0.9974971265624999 0.0242516625 0.00102158125 0.0322893578125 0.0022985578125 0.53810975625 0.0124865875 0.5636923359375 0.011237390625 0.9850332578125001 0.9875324843750001 0.9990524296875 0.9868525359375001 0.8367147671874999 0.969853828125 0.7961303515625 0.9542150156250001 0.7961303515625
2 0.10889019687499998 0.44566857656250003 0.126988575 0.45619046093750004 0.1276349453125 0.340449721875 0.0035317843750000003 0.25978193125 0.003192440625 0.42906772968749995 0.10953656875 0.49126341250000005 0.10889019687499998 0.44566857656250003
2 0.9782309171874999 0.944901315625 0.978368696875 0.9628439 0.9844309734375001 0.9725627984375 0.9841554140625 0.8305173437500001 0.96968861875 0.7722039453125 0.9546707078125 0.7736991625 0.9546707078125 0.9239683015625 0.9720308624999999 0.92322069375 0.9714797468749999 0.9426584921875 0.9782309171874999 0.944901315625
8 0.1984375 0.7234375 0.11640625 0.39609375
8 0.20625 0.2671875 0.08125 0.3015625
8 0.3296875 0.2703125 0.08203125 0.3
8 0.47890625 0.26953125 0.08046875 0.2953125
8 0.5984375 0.2703125 0.08125 0.29609375
8 0.74453125 0.26640625 0.08125 0.28828125
8 0.86953125 0.2640625 0.08125 0.29453125
8 0.061792281250000004 0.1029168859375 0.06255326875 0.2804737046875 0.1251065375 0.325895215625 0.125410934375 0.1045685796875 0.061792281250000004 0.1029168859375
8 0.8796875 0.71640625 0.13828125 0.39296875
4 0.21328125 0.78046875 0.04765625 0.28359375
8 0.33828125 0.72265625 0.1421875 0.39765625
8 0.475 0.72109375 0.115625 0.38671875
8 0.609375 0.7203125 0.12421875 0.3859375
8 0.7390625 0.72109375 0.1203125 0.39453125
4 0.3515625 0.78125 0.0484375 0.27890625
4 0.4859375 0.778125 0.0484375 0.2796875
4 0.6203125 0.77734375 0.04765625 0.28046875
4 0.75078125 0.77734375 0.04921875 0.2765625
4 0.89140625 0.77734375 0.04921875 0.278125