7 0.9982176203125 0.25167520625 0.8912748265625 0.1137169875 0.8618514109375001 0.063789253125 0.8471397046875 0.044080935937499996 0.8403496859375 0.02043095625 0.8397838515625 0.002036525 0.8387606328125001 0 0.8279013187500001 0.0046643015625 0.8148871156249999 0.02831428125 0.71416850625 0.180725265625 0.298845696875 0.1872947046875 0.284699825 0.0900670078125 0.2903581734375 0.0729864671875 0.2796073109375 0.066417028125 0.26150059375 0.07692813125 0.1896395640625 0.067730915625 0.147201946875 0.015175403125 0.1409777625 0.0138615171875 0.1432411015625 0.044080935937499996 0.120041871875 0.0743003546875 0 0.23163433125 0.0012165453125 0.30817238125 0.0080065640625 0.30817238125 0.014230746875 0.34101957656250004 0.0147965828125 0.9808829328125 0.9670967015624999 0.9940218109375 0.9733208843750001 0.32656681249999997 0.9863350875 0.292405728125 0.9942567765625 0.2792668515625 0.9982176203125 0.25167520625
8 0.49296875 0.3953125 0.41171875 0.14375
5 0.322988225 0.8507685265625 0.3262565546875 0.8153523859374999 0.3211724859375 0.7647579015625 0.31608841718749997 0.7183796234375001 0.30773601875 0.67959051875 0.2972047328125 0.660195965625 0.287762890625 0.6298392749999999 0.26161625312500003 0.5986393421875 0.2558058890625 0.578401546875 0.24019053437500001 0.54804485625 0.22094370312499997 0.533709753125 0.22639091875 0.5269638203125 0.2282066578125 0.5117854765625001 0.2176753734375 0.5117854765625001 0.206780940625 0.5143152 0.1937076203125 0.5134719578125 0.19007614374999998 0.5269638203125 0.1788185625 0.5455151328125 0.176639675 0.537925959375 0.1617506171875 0.5092557515625 0.1526719234375 0.5539475453125 0.14795100156250002 0.5817745140625 0.146861559375 0.6036987890625001 0.13378823906249998 0.606228515625 0.12035177187499999 0.63405548125 0.1098204875 0.6365852046875 0.10582586093749999 0.653450034375 0.109094190625 0.6627256890625 0.1145414078125 0.6720013453125 0.11672029375 0.7107904515625 0.1080047484375 0.6947688640624999 0.0992892015625 0.723439071875 0.09238939375 0.7462065890625 0.0775003359375 0.7512660390625 0.0597060953125 0.7706605921875 0.06406386875 0.7968010765625 0.06878478906249999 0.7968010765625 0.07713718750000001 0.8010172828125001 0.0876684734375 0.822941559375 0.1014680890625 0.8516117671875 0.1196254765625 0.8642603890625 0.13887230781249998 0.8811252171874999 0.14323008125 0.9283467375000001 0.1552139578125 0.9578601859375 0.1606611734375 0.974725015625 0.3070097234375 0.9713520484375 0.32189878125 0.9030494953125 0.322988225 0.8507685265625
5 0.81214799375 0.9157653953124999 0.81214799375 0.9031436859375 0.8015355796874999 0.8712888968750001 0.7751339640625 0.8646775234374999 0.7590859234375 0.901340584375 0.7593447640625001 0.9325943406249999 0.7580505671875 0.9343974421875 0.746661634375 0.9319933062500001 0.7264721640625 0.9374026125 0.7192246625000001 0.9476201859375 0.7161185890625 0.9710605031249999 0.8067123671875001 0.9716615375 0.8105949578124999 0.9674543 0.81214799375 0.9548325921874999 0.812665671875 0.939806746875 0.81214799375 0.9157653953124999
8 0.0765625 0.38203125 0.01328125 0.1484375
8 0.11171875 0.37890625 0.0125 0.15703125
8 0.11015625 0.6203125 0.08046875 0.03046875
8 0.8703125 0.62890625 0.1484375 0.03203125
8 0.4875 0.6296875 0.421875 0.1796875
8 0.50859375 0.88359375 0.3765625 0.17890625
8 0.93359375 0.3765625 0.021875 0.17578125