7 0.991594928125 0.2447579453125 0.502035609375 0 0.005667775 0.2440202640625 0.005667775 0.8507905140625001 0.12209398125 0.866519603125 0.138354625 0.9997542453125 0.8711594828125 0.9952008828125001 0.870083575 0.87484676875 0.991594928125 0.850354553125 0.991594928125 0.2447579453125
8 0.571875 0.9359375 0.490625 0.1125
5 0 0.9951019531249999 0.9858409375000001 0.9951019531249999 0.9858409375000001 0.9787151734374999 0.93951236875 0.98152136875 0.93079853125 0.9819758734375 0.9322508375 0.9642502125 0.9467739 0.9497060796874999 0.969284646875 0.9351619484375 0.9816292499999999 0.9169817828125 0.9576661968750001 0.9156182703125 0.9450287890625001 0.908709953125 0.94822620625 0.9019831453125 0.9366077562499999 0.894256575 0.8879554953125 0.8928930625 0.8879554953125 0.8978926078124999 0.8770632 0.906982690625 0.8603616765625001 0.9228903359375 0.8632662890624999 0.93743446875 0.8698016687499999 0.9524331046875 0.8668970546875 0.9578871546875 0.8973954875000001 0.9706132703125 0.8995739468749999 0.9806123609374999 0.8124355703124999 0.9806123609374999 0.8182447953124999 0.9724312875000001 0.8233278671875001 0.9619776921875 0.8204232546875 0.954251121875 0.8531001453125 0.9437975265625 0.8422078484375 0.9383434765625 0.8501955328124999 0.9256173609375 0.8480170734374999 0.9115277328125 0.8334940109375 0.9047101703125 0.8305893984375 0.9133457500000001 0.8211494078125 0.9215268234374999 0.8182447953124999 0.9169817828125 0.8175186421875 0.9060736828125 0.7971863546875 0.899710625 0.7891986703125 0.8992561203125 0.7775802203125 0.9097097156249999 0.7557956265625 0.9197088078125001 0.7587002390625 0.9287988890625 0.7659617703125 0.94288851875 0.7652356171875 0.9524331046875 0.7826632921875001 0.9587961625 0.7870202109375 0.9674317421874999 0.7971863546875 0.9797033531249999 0.678097240625 0.981066865625 0.68172800625 0.971522278125 0.6889895375 0.9674317421874999 0.7020602953124999 0.9560691374999999 0.7027864484374999 0.944706534375 0.6904418437500001 0.93198041875 0.68172800625 0.9201633109375 0.6541341875 0.9133457500000001 0.639611125 0.917890790625 0.6250880624999999 0.92516285625 0.621457296875 0.93743446875 0.616374225 0.9487970718750001 0.625814215625 0.9610686828125001 0.635980359375 0.9642502125 0.64542035 0.9706132703125 0.6541341875 0.98152136875 0.36948216093749997 0.9837938906250001 0.3673037015625 0.976976328125 0.3687560078125 0.9569781468749999 0.37819599843749996 0.93470744375 0.3890882953125 0.93061690625 0.4181344203125 0.9301624015625001 0.43628824843749997 0.921981328125 0.4624297609375 0.9101642203125 0.49438049843750004 0.8988016171875 0.4900235796875 0.888348021875 0.49801126562500003 0.8628957906249999 0.4791312828125 0.8506241781250001 0.48421435468749996 0.836080046875 0.4711435984375 0.818354384375 0.4733220578125 0.8119913265625 0.4355620953125 0.798356203125 0.43919286093750004 0.7910841375000001 0.4086944296875 0.7919931453125 0.3919929078125 0.794265665625 0.3687560078125 0.786084590625 0.3564114046875 0.79744719375 0.3440668015625 0.7992652109375 0.31937759374999997 0.7865390953125 0.29178377499999997 0.799719715625 0.29178377499999997 0.80290124375 0.3034022265625 0.8129003359375 0.293962234375 0.81517285625 0.2656422625 0.8110823187499999 0.25838073125 0.81380934375 0.244583821875 0.823808434375 0.250393046875 0.8297169875 0.25765457812500003 0.8283534749999999 0.27290379374999996 0.8301714921875 0.26709456875000004 0.836080046875 0.2424053625 0.8519876906249999 0.248940740625 0.8551692203125001 0.251845353125 0.8665318234375 0.24748843437499998 0.8751674015625 0.232965371875 0.87834893125 0.23441767812499997 0.8928930625 0.22497768749999997 0.9128912453125 0.235869984375 0.9269808734374999 0.24313151562500002 0.94561554375 0.26709456875000004 0.944706534375 0.28234378437499996 0.9365254593750001 0.28960531562499997 0.93061690625 0.28234378437499996 0.916527278125 0.2997714609375 0.9215268234374999 0.2997714609375 0.9351619484375 0.31937759374999997 0.9442520312499999 0.3360791171875 0.9424340140625 0.3368052703125 0.9383434765625 0.3433406484375 0.9247083515625001 0.35132833125 0.9828848812500001 0.34551910625 0.9847028984374999 0.3266391265625 0.9819758734375 0.2482145875 0.9837938906250001 0.1458269953125 0.9819758734375 0.0071317484375 0.9892479406250001 0 0.9950320312500001 0 0.9951019531249999
2 0.7875 0.4578125 0.1921875 0.04296875
2 0.20625 0.4578125 0.1875 0.0421875
2 0.2078125 0.61640625 0.1921875 0.04140625
2 0.7890625 0.6171875 0.19296875 0.04375
2 0.6046875 0.77265625 0.60703125 0.04609375
2 0.1953125 0.7734375 0.21875 0.0453125
8 0.74296875 0.43046875 0.06328125 0.0125
8 0.7453125 0.73828125 0.0625 0.0296875
8 0.74609375 0.58203125 0.0609375 0.02890625
5 0 0.8379832593750001 0.0160468671875 0.8626943 0.060621496875 0.8778397765625 0.0924605203125 0.8882024703125 0.10519612812500001 0.896173775 0.11156393281250002 0.9105221203125 0.1179317375 0.9256675968750001 0.1179317375 0.9543642890624999 0.124299540625 0.979872459375 0.1484971984375 0.9782781984375 0.154865003125 0.9400159421875 0.173968415625 0.9272618578125 0.189251146875 0.9033479468750001 0.2070809984375 0.8140693499999999 0.217269484375 0.7702271828125 0.23637289843749998 0.7112395375 0.2542027515625 0.7016739734375 0.2860417734375 0.692905540625 0.303871625 0.676165803125 0.3102394296875 0.6506576328125 0.2975038203125 0.6363092859374999 0.277126846875 0.6283379828125 0.274579725 0.608409725 0.2503820671875 0.610801115625 0.21854304687499998 0.6179752890625 0.2147223640625 0.6139896375 0.1994396328125 0.584495815625 0.1994396328125 0.573335990625 0.173968415625 0.57572738125 0.154865003125 0.5876843359375 0.1484971984375 0.59246711875 0.13703515 0.6036269437499999 0.12302598125 0.6076125953125 0.1141110546875 0.595655640625 0.11029037187499999 0.586090075 0.10264900625 0.578915903125 0.070809984375 0.5677560781250001 0.06316861875 0.5637704265625 0.0478858890625 0.5797130328125 0.036423840624999995 0.5884814671874999 0.017320428125000002 0.6012355515625 0.0058583796875 0.5916699875 0.0096790625 0.6147867671875 0.017320428125000002 0.6450777203125 0 0.67951375 0 0.7598644875 0 0.8379832593750001
5 0 0.983066478125 0.0185939890625 0.98226385 0.06571574062499999 0.9830609796875001 0.11538461562499999 0.9830609796875001 0.11156393281250002 0.9663212437500001 0.11283749375 0.91211638125 0.0937340796875 0.8929852531250001 0.06571574062499999 0.8802311671874999 0.0160468671875 0.8618971703125 0 0.847548825 0 0.983066478125
8 0.81015625 0.428125 0.02421875 0.01875
8 0.809375 0.58203125 0.0203125 0.03359375
8 0.8078125 0.7359375 0.02265625 0.02578125