7 0.9760532015625 0.3971150859375 0.976429825 0.390309296875 0.0226856390625 0.3917452734375 0.0238484296875 0.399596075 0.0819879640625 0.42576540781250005 0.0831507546875 0.6534386046875 0.9162675828125 0.6540056062499999 0.9130661874999999 0.42536890156249996 0.9760532015625 0.3971150859375
8 0.115625 0.475 0.04140625 0.06484375
8 0.165625 0.475 0.04140625 0.06484375
8 0.2171875 0.47578125 0.04140625 0.06484375
8 0.26796875 0.47578125 0.04140625 0.06484375
8 0.471875 0.478125 0.04140625 0.06484375
8 0.421875 0.47890625 0.04140625 0.06484375
8 0.3703125 0.4765625 0.04140625 0.06484375
8 0.32109375 0.47578125 0.04140625 0.06484375
8 0.115625 0.59296875 0.04140625 0.06484375
8 0.16484375 0.5921875 0.04140625 0.06484375
8 0.2171875 0.5921875 0.04140625 0.06484375
8 0.2671875 0.5921875 0.04140625 0.06484375
8 0.3203125 0.59140625 0.04140625 0.06484375
8 0.36953125 0.5921875 0.04140625 0.06484375
8 0.42109375 0.59296875 0.04140625 0.06484375
8 0.47109375 0.59296875 0.04140625 0.06484375
8 0.5234375 0.4796875 0.04140625 0.06484375
8 0.5734375 0.47890625 0.04140625 0.06484375
8 0.62578125 0.47890625 0.04140625 0.06484375
8 0.67578125 0.48046875 0.04140625 0.06484375
8 0.7296875 0.4796875 0.04140625 0.06484375
8 0.778125 0.48046875 0.04140625 0.06484375
8 0.8296875 0.4828125 0.04140625 0.06484375
8 0.8796875 0.48203125 0.04140625 0.06484375
4 0.678125 0.60859375 0.0453125 0.090625
8 0.6234375 0.59765625 0.04140625 0.06484375
8 0.571875 0.596875 0.04140625 0.06484375
8 0.521875 0.5984375 0.04140625 0.06484375
8 0.88359375 0.59453125 0.04140625 0.06484375
8 0.83359375 0.5953125 0.04140625 0.06484375
8 0.7828125 0.59296875 0.04140625 0.06484375
8 0.72578125 0.59765625 0.04140625 0.06484375
5 0.26529939062499996 0.604346453125 0.2718211296875 0.5912997125 0.27834286874999997 0.579557646875 0.26573417187500004 0.5906473765625 0.267473303125 0.5710772656249999 0.269647215625 0.563249221875 0.26486460625 0.5586828625 0.261386346875 0.5521594921874999 0.2600819984375 0.5391127531250001 0.261386346875 0.5351987312500001 0.259647215625 0.530632371875 0.25486460625 0.5319370453125 0.2470385203125 0.5293276984374999 0.2466037375 0.51889030625 0.245734171875 0.50192954375 0.24486460625 0.49736318593749995 0.2366037375 0.4967108484375 0.2331254765625 0.48757813125 0.22921243281249998 0.48757813125 0.22921243281249998 0.49475383749999996 0.22529939062499998 0.499320196875 0.22269069375 0.49866785937499997 0.22008199843749998 0.49149215156250003 0.214429825 0.49149215156250003 0.20834286875000002 0.49736318593749995 0.2009515640625 0.505191228125 0.20182112968750002 0.5130192734375 0.20486460625 0.5319370453125 0.2022559109375 0.539765090625 0.1992124328125 0.5449837859375 0.1970385203125 0.5541165046875001 0.1970385203125 0.5606398734375 0.2079080859375 0.5912997125 0.2079080859375 0.6076081375 0.209647215625 0.6350062921874999 0.21448896875 0.6540056062499999 0.2400819984375 0.653271728125 0.2466037375 0.6434866734375 0.24964721562499997 0.6369633015625 0.2592124328125 0.6167408562500001 0.26529939062499996 0.604346453125
5 0.8148646062499999 0.6369633015625 0.833560259375 0.6252212359375 0.84834286875 0.612174496875 0.8561689546875 0.6049987906250001 0.8531254765625 0.5932567234375 0.84486460625 0.5971707453125 0.8396472156250001 0.594561396875 0.8400819984375 0.5867333546875 0.8387776499999999 0.5691202546875 0.835734171875 0.546288459375 0.8279080859375 0.5195426421875 0.8192124328125001 0.49866785937499997 0.8105167812499999 0.49083981562499995 0.8109515640625 0.47714073749999997 0.8009515640625 0.481054759375 0.789647215625 0.4719220421875 0.787473303125 0.48431644531250007 0.7818211296875 0.49801552187500003 0.7766037375 0.5045388921875 0.7722559109375 0.5201949796875 0.7796472156250001 0.5351987312500001 0.7766037375 0.538460415625 0.7670385203125 0.531284709375 0.7739950421875 0.548245471875 0.7792124328125001 0.554768840625 0.7861689546874999 0.5697725921875 0.78877765 0.5802099828125 0.7857341718749999 0.578905309375 0.76834286875 0.5723819406249999 0.76877765 0.575643625 0.7800819984375 0.5899950390625001 0.7892124328125 0.595866071875 0.78834286875 0.604346453125 0.79486460625 0.6173931921875 0.7879080859375 0.6134791703125 0.7844298249999999 0.6147838453125 0.7735602593750001 0.604346453125 0.7779080859375 0.6278305843750001 0.7792124328125001 0.63239694375 0.7879080859375 0.6500100421874999 0.7918211296875 0.653271728125 0.8083428687499999 0.652619390625 0.8113863468750001 0.640877325 0.8148646062499999 0.6369633015625