7 0.9575415171874999 0.7824270249999999 0.9977743531250001 0.73770009375 0.9678137296875 0.688265065625 0.9652456765625 0.5505532015625 0.999229584375 0.491288584375 0.9686697484375 0.4563912421875 0.950693375 0.4505061203125 0.953261428125 0.3292725984375 0.999229584375 0.2472154078125 0.7794898140625001 0.248057909375 0.759801403125 0.2256944453125 0.760657421875 0.10092985000000002 0.7810069140625 0 0.0005136109375 0.006767890625 0.052730696875000004 0.09269067812500001 0.054442732812500005 0.2174552734375 0.0398904296875 0.21863229843749998 0.002225646875 0.249234934375 0.0390344125 0.31279425625 0.0398904296875 0.45286016875 0 0.49651576718749996 0.0424584828125 0.5493761765625 0.0741311421875 0.5646774953125 0.0758431765625 0.660016478125 0.0047937 0.7294609234375 0.037322376562499995 0.7965513171875 0.0390344125 0.9272010359375 0.0005136109375 0.9836982109375001 0.993494265625 0.9848752359375 0.993494265625 0.9613347453125 0.9566855000000001 0.9142537671875001 0.9575415171874999 0.7824270249999999
5 0 0.6659016 0.002225646875 0.7200447265625 0 0.8439854046875 0.0047937 0.902483521875 0.0433145 0.895421375 0.037322376562499995 0.85304849375 0.047594590625 0.8424552734375 0.07241910625 0.8601106390625001 0.10066769375 0.85187146875 0.123780175 0.85187146875 0.14175654843750002 0.8565795671875 0.14090053125 0.8707038609375 0.1460366375 0.95191855 0.14523475 0.9894067796874999 0.1580208875 0.988406309375 0.159732921875 0.85304849375 0.19739770625 0.85187146875 0.23163841875000002 0.8412782484375001 0.2667351484375 0.82362288125 0.2710152375 0.8071445374999999 0.285567540625 0.815383709375 0.287279575 0.78125 0.279575415625 0.7800729750000001 0.2710152375 0.76477165625 0.25132682812499996 0.7824270249999999 0.25132682812499996 0.8106756125000001 0.25132682812499996 0.818914784375 0.24276665 0.82362288125 0.2350624890625 0.7989053671875 0.2239342578125 0.7930202453125 0.2145180609375 0.7753648765625 0.23163841875000002 0.758886534375 0.250470809375 0.7365230703125001 0.27272727343750003 0.717690678125 0.290703646875 0.7000353109375 0.3026878953125 0.6694326734375 0.3009758609375 0.661193503125 0.2924156828125 0.65413135625 0.3026878953125 0.6576624296875 0.3121040921875 0.645892184375 0.3026878953125 0.6270597921875 0.26416709531250004 0.6294138421875 0.24447868437500003 0.6517773078125 0.22564629374999998 0.667078625 0.2102379734375 0.667078625 0.205957884375 0.6635475515625 0.21366204375 0.6364759890625 0.21879815156250002 0.6188206218750001 0.20167779531250002 0.6188206218750001 0.23420647187500002 0.5999882296875 0.2299263828125 0.5788017890625 0.222222221875 0.5635004703125001 0.2145180609375 0.56820856875 0.186269475 0.5917490578125 0.1648690296875 0.6011652546875 0.1682931 0.575270715625 0.17428522500000002 0.5705626171875 0.19140558125 0.5658545203124999 0.1982537234375 0.5705626171875 0.20681390156249999 0.554084275 0.21537407968750003 0.5411370046874999 0.2324944359375 0.5223046140625 0.23420647187500002 0.5011181734375 0.199109740625 0.46816148750000003 0.1905495625 0.44579802187500006 0.176853278125 0.431673728125 0.154596815625 0.432850753125 0.11265194375000001 0.4775776828125 0.098099640625 0.48228578125 0.11950008593749999 0.5070032953125 0.1366204421875 0.5423140296875 0.10494778281249999 0.56820856875 0.1023797296875 0.59410310625 0.0912514984375 0.6070503765625 0.08269132031250001 0.61058145 0.0655709640625 0.59410310625 0.058722821875 0.5917490578125 0.0424584828125 0.5882179859375001 0.037322376562499995 0.576447740625 0.014209895312500002 0.5635004703125001 0.0030816640625 0.572916665625 0.0030816640625 0.6082274015625 0.0013696281249999998 0.62470574375 0.012497859375 0.6294138421875 0.0116418421875 0.6400070625 0 0.6551252875 0 0.6659016
4 0.71640625 0.8859375 0.09921875 0.1953125
8 0.5046875 0.6203125 0.09765625 0.14453125
8 0.69375 0.6203125 0.1234375 0.13984375
8 0.50390625 0.85390625 0.0984375 0.1390625
4 0.29375 0.878125 0.0875 0.19296875
8 0.9140625 0.84765625 0.0828125 0.13046875
8 0.909375 0.3859375 0.08671875 0.14609375
8 0.53515625 0.384375 0.0328125 0.15546875
8 0.321875 0.33359375 0.10390625 0.03203125
8 0.47109375 0.15234375 0.02578125 0.14140625
8 0.26484375 0.1515625 0.121875 0.14375
8 0.096875 0.153125 0.0859375 0.1375
8 0.36171875 0.6765625 0.025 0.03984375
8 0.784375 0.44296875 0.02578125 0.0328125