7 0.49921875 0.4984375 0.99765625 0.99296875
8 0.575 0.40234375 0.0859375 0.1296875
8 0.7390625 0.39921875 0.07578125 0.1203125
8 0.740625 0.1984375 0.07890625 0.1140625
8 0.57265625 0.196875 0.08046875 0.12265625
8 0.415625 0.196875 0.08203125 0.12890625
8 0.41640625 0.4015625 0.07734375 0.11875
8 0.73984375 0.62109375 0.07578125 0.1328125
8 0.57265625 0.6171875 0.078125 0.13203125
8 0.41484375 0.62265625 0.07890625 0.13125
8 0.246875 0.62265625 0.0796875 0.1375
8 0.90234375 0.6171875 0.0859375 0.13515625
2 0.4984375 0.70859375 0.990625 0.04453125
2 0.5046875 0.9671875 0.3296875 0.06328125
2 0.88984375 0.9640625 0.21875 0.06875
2 0.09921875 0.9671875 0.18359375 0.0546875
4 0.26796875 0.8859375 0.08984375 0.19140625
8 0.43203125 0.84921875 0.0765625 0.128125
8 0.59375 0.86171875 0.09140625 0.15078125
8 0.75703125 0.84921875 0.09375 0.134375
5 0.8917073171875 0.902960365625 0.9223693374999999 0.888353296875 0.9428106843749999 0.8601129609375 0.9576771203125001 0.8562177421875001 0.966968640625 0.8260297984375 0.9539605109375 0.80168468125 0.9390940765625 0.7724705421875 0.94095238125 0.74909923125 0.9437398375000001 0.7286493328125 0.9093612078125 0.7218327 0.8731242734375 0.7150160671875 0.866620209375 0.747151621875 0.8619744484374999 0.765653909375 0.8471080140625 0.753968253125 0.8498954703124999 0.7666277140625 0.834099884375 0.7802609796875 0.8368873406249999 0.795841853125 0.8359581890625 0.8085013156249999 0.8201626015624999 0.8211607750000001 0.818304296875 0.8338202359375 0.8359581890625 0.8464796968750001 0.8275958187500001 0.8513487203125001 0.834099884375 0.8640081796875 0.8266666656250001 0.8932223203125 0.8136585359374999 0.8932223203125 0.8229500578125 0.9214626546875 0.8554703828125 0.9399649421875 0.8852032515625 0.9399649421875 0.8870615562499999 0.937043528125 0.8917073171875 0.902960365625
5 0.7291841890625 0.01255200625 0.7283431453125 0.0196036953125 0.715168409375 0.041143246875 0.7356097562499999 0.04309085625 0.7541927984375 0.053802707812499996 0.7402555171875 0.0684097765625 0.7616260171875 0.08496445625 0.7606968640625 0.097623915625 0.7699883859375001 0.128785665625 0.7829965156250001 0.1570260015625 0.79507549375 0.162868828125 0.7904297328125 0.1648164375 0.7616260171875 0.1755282890625 0.777421603125 0.1930567734375 0.8062253187499999 0.1930567734375 0.8378164921875 0.19013535937499998 0.842462253125 0.21058525625 0.8536120796875 0.2154542796875 0.8591869921875 0.23493037343749998 0.8629035999999999 0.262196903125 0.8694076656249999 0.269987340625 0.9158652734375 0.26803973124999997 0.92515679375 0.2904372375 0.896353078125 0.2982276765625 0.8647619046875 0.2904372375 0.84060395 0.2943324578125 0.8350290359375 0.3284156203125 0.8192334499999999 0.3401012765625 0.8034378640625001 0.3303632296875 0.774634146875 0.35568215 0.7969337984375 0.36736780625 0.7932171890624999 0.3897653125 0.809012775 0.422874671875 0.8368873406249999 0.41508423437499997 0.8638327515625001 0.4024247734375 0.8749825781249999 0.41118901562500004 0.8675493609375 0.4306651078125 0.8731242734375 0.4520888109375 0.8982113828125 0.4345603265625 0.926085946875 0.4082676015625 0.9483855984374999 0.3848962890625 0.999024390625 0.462097171875 0.999024390625 0.0028559328125 0.72413793125 0.001974471875 0.7291841890625 0.01255200625
5 0 0 0 0.5521079125 0.007035646875 0.5924178062500001 0.0811475265625 0.5652053859375 0.09360211874999999 0.5793462734375 0.10537836249999999 0.9863405171874999 0.12163852343749999 0.9889622984375 0.132938903125 0.5577051578125001 0.171443321875 0.5195194437499999 0.2005040375 0.5434501765624999 0.2430572296875 0.58152179375 0.2565497046875 0.6000137234375 0.272117946875 0.593487159375 0.277307359375 0.5597665828125 0.26173911875 0.542362415625 0.2804210078125 0.5445379359375 0.33023937812500004 0.5782585124999999 0.3561864453125 0.6065402859375 0.38939869374999997 0.5826095546875 0.4412928296875 0.56085434375 0.44752012656250006 0.548888978125 0.40289116875 0.490149909375 0.3489212671875 0.44446396874999994 0.3271257296875 0.44663948906249995 0.3115574890625 0.41183115312499996 0.334390909375 0.3596186484375 0.3561864453125 0.346565521875 0.336466675 0.332424634375 0.35411068125 0.3128449453125 0.3665652734375 0.3128449453125 0.3821335140625 0.2910897359375 0.33231514375 0.27912436875 0.31570902031250003 0.27912436875 0.3260878484375 0.24866707500000002 0.361375859375 0.18557696562499998 0.321936315625 0.20515665468750002 0.30844384062499997 0.2171220203125 0.29806501406249997 0.1877524859375 0.334390909375 0.1877524859375 0.31259537187499997 0.168172796875 0.30844384062499997 0.1518563890625 0.269004296875 0.1322767 0.3074059578125 0.1279256578125 0.3063680765625 0.10181940468749999 0.3354287921875 0.05287018125 0.31259537187499997 0.0365537734375 0.2648527671875 0.0332904921875 0.24513299531250002 0.018061845312499998 0.22279549687500003 0 0 0
5 0.09357550625 0.7905843453125 0.08527244375000001 0.7818822609375 0.0676284375 0.741635121875 0.0313025421875 0.730757515625 0.026113128125000003 0.7568637687499999 0.0105448890625 0.7862333031250001 0.00950700625 0.8232171609375 0.013658535937499999 0.8852195109375 0.01884795 0.9015359187499999 0.01884795 0.9319932124999999 0.0333783078125 0.95592394375 0.0769693828125 0.95592394375 0.091499740625 0.9189400859375001 0.09357550625 0.7905843453125
5 0.5495103609374999 0.87361809375 0.55464515 0.8628549890625001 0.555378690625 0.8551670578125 0.542908490625 0.8328720578125001 0.541441409375 0.8121146421875001 0.5355730796875 0.790588434375 0.5341059968749999 0.7805941234375 0.5319053734375 0.7698310187499999 0.525303503125 0.7575303296875 0.5150339265625 0.74599843125 0.5062314328124999 0.729853775 0.491560609375 0.742154465625 0.470287915625 0.7644494671875 0.47248853906250005 0.789819640625 0.46882083281250003 0.8028891249999999 0.45855125625 0.8128834359375 0.4556170921875 0.8167274015625001 0.4519493859375 0.830565678125 0.4600183390625 0.8497855078125 0.4519493859375 0.8651613703125 0.446814596875 0.8889939578125 0.44241335 0.8851499921875 0.459284796875 0.9166705109375 0.44828167968750005 0.9205144765625001 0.42920960937499997 0.9289712015625 0.411604621875 0.933583959375 0.43654502187500005 0.9412718921875 0.5238364203125 0.937427925 0.5326389140625001 0.917439303125 0.5355730796875 0.902832234375 0.5407078671875001 0.88976275 0.5495103609374999 0.87361809375