7 0.1328889015625 1 0.9892899609375 0.9933866140625 0.9892899609375 0.00873485625 0.5570269515625 0.016613809375 0.5476580734375001 0.056322059375 0.445452128125 0.051097289062499995 0.44630384375 0.0176587640625 0.0053703625 0.0176587640625 0.008518635937500001 1 0.1328889015625 1
8 0.4921875 0.18359375 0.11328125 0.1640625
2 0.47734375 0.20546875 0.07890625 0.04296875
2 0.4953125 0.37265625 0.109375 0.05234375
2 0.49375 0.53671875 0.10703125 0.04140625
2 0.49296875 0.70390625 0.1078125 0.04453125
8 0.49140625 0.8453125 0.1109375 0.09765625
8 0.49296875 0.3078125 0.10859375 0.07890625
8 0.49375 0.47265625 0.10859375 0.07734375
8 0.49140625 0.6421875 0.10859375 0.08203125
8 0.23828125 0.475 0.01484375 0.103125
8 0.371875 0.2984375 0.01484375 0.103125
8 0.06875 0.3015625 0.0140625 0.103125
8 0.21171875 0.65234375 0.01328125 0.09921875
8 0.371875 0.65078125 0.0109375 0.103125
8 0.06796875 0.65078125 0.01796875 0.103125
8 0.61953125 0.29765625 0.0125 0.1015625
8 0.7546875 0.29921875 0.0140625 0.10546875
8 0.9078125 0.475 0.0125 0.0984375
8 0.63671875 0.4734375 0.0109375 0.10234375
8 0.7796875 0.6515625 0.0125 0.103125
8 0.92265625 0.6484375 0.01015625 0.10234375
8 0.0875 0.47421875 0.0140625 0.10234375