7 0.96118348125 0.3808341609375 0.9928236296874999 0.3477701546875 0.993920896875 0.013893653124999999 0.0424906671875 0 0.044382504687500005 0.2148370484375 0.0033926953125 0.19982847343750001 0.0046539203125 0.7680102921875 0.0714988390625 0.7958833624999999 0.068436865625 0.9934084796875 0.9994450609375001 0.9981132078125 0.9994450609375001 0.9170804374999999 0.9594310421875001 0.79990069375 0.96118348125 0.3808341609375
8 0.255007221875 0.34100471718750003 0.056194309374999994 0.29834680156250004 0.055711753125 0.70359700625 0.255489778125 0.7200038984375 0.255007221875 0.34100471718750003
8 0.14765625 0.859375 0.05234375 0.153125
5 0.051946478124999994 1 0.219882984375 0.9957273609374999 0.21883592968749999 0.972587453125 0.19946541874999998 0.972587453125 0.191874271875 0.97169745625 0.186115471875 0.9690274671875001 0.186115471875 0.960127503125 0.1934448546875 0.9476675531250001 0.1963242546875 0.9360975984375 0.1976330734375 0.9182976703125 0.1926595625 0.8844778062499999 0.19135074531250001 0.8622278937500001 0.186115471875 0.8462079578124999 0.184806653125 0.8230680515625 0.1821890171875 0.80615811875 0.17224199843750002 0.8141680875 0.16465085156249998 0.8257380390625 0.1575832328125 0.8426479734375001 0.1505156140625 0.8613378984375 0.146589159375 0.8809178187500001 0.1442332859375 0.894267765625 0.14815974062499998 0.9209676609375 0.1510391421875 0.9343176062499999 0.1567979421875 0.9521175359375 0.1581067609375 0.9610175 0.1570597046875 0.9708074609375 0.155227359375 0.972587453125 0.1450185765625 0.9708074609375 0.1421391765625 0.9708074609375 0.1379509578125 0.97169745625 0.12800393906250002 0.9708074609375 0.10287462812499999 0.9708074609375 0.114130465625 0.958347509375 0.1180569203125 0.94677755625 0.11962750156249999 0.9245276453125 0.11988926562499999 0.8933777703124999 0.11491575624999999 0.8746878453125 0.1125598828125 0.8533279296874999 0.1013040453125 0.8355280015625001 0.0952834828125 0.83463800625 0.0853364625 0.8364179984375 0.0806247171875 0.8453179625 0.07486591718749999 0.8729078515625 0.0698924078125 0.9058377203125 0.0693791453125 0.870397828125 0.06538938749999999 0.8654650374999999 0.06393856718749999 0.8482002718749999 0.057772578124999995 0.8494334671875 0.053420115625 0.8494334671875 0.055596346875 0.8210699218749999 0.053782821875 0.8001055609375 0.0479795390625 0.7865403875 0.037098382812500004 0.7902399796874999 0.029844278125000002 0.7902399796874999 0.02657993125 0.7951727703125 0.0240409953125 0.8395678875 0.0291188671875 0.8864293984374999 0.029481573437500002 0.9098601546875 0.023315584375 0.8753306203125 0.0130738703125 0.8582529093750001 0 0.8795121609375001 0 0.8951609171875001 0.012450342187500001 0.936692596875 0.0130738703125 0.97485244375 0.0080856546875 0.9939323671875 0.0152240453125 1 0.051946478124999994 1
8 0.30078125 0.38671875 0.0171875 0.13125
8 0.30078125 0.6078125 0.01640625 0.13515625
8 0.24609375 0.921875 0.0375 0.1359375
8 0.3 0.85 0.01796875 0.1609375
8 0.1328125 0.178125 0.0796875 0.11875
8 0.2453125 0.1671875 0.01640625 0.12890625
8 0.30234375 0.1671875 0.0171875 0.125
8 0.47265625 0.18671875 0.10234375 0.11796875
8 0.61640625 0.1875 0.1015625 0.109375
8 0.75703125 0.1875 0.10234375 0.11328125
8 0.90078125 0.1859375 0.10078125 0.12109375
2 0.596875 0.50859375 0.4859375 0.05234375
2 0.82890625 0.7109375 0.0390625 0.053125
8 0.73515625 0.66484375 0.12578125 0.1625
8 0.60078125 0.66484375 0.1265625 0.16171875
8 0.59921875 0.82578125 0.12421875 0.0796875
8 0.73515625 0.825 0.1265625 0.07265625
8 0.825 0.825 0.03984375 0.07734375
8 0.82890625 0.63203125 0.03828125 0.0921875
2 0.44609375 0.77734375 0.07265625 0.04765625
2 0.51171875 0.77890625 0.02421875 0.0484375
2 0.44375 0.85703125 0.0734375 0.0453125
2 0.3733596734375 0.748574696875 0.3739469109375 0.6986595515625 0.36161493437500003 0.6771960390625 0.34341058750000003 0.6776951906249999 0.34282335 0.7321026984375 0.36337664531249997 0.7345984546875 0.3733596734375 0.748574696875
2 0.896875 0.8328125 0.08046875 0.04921875
2 0.93984375 0.74765625 0.10859375 0.0453125
2 0.9521878375 0.8781193203125 0.993920896875 0.9477011703124999 0.993920896875 0.8033948671875001 0.953836171875 0.8052629796874999 0.9521878375 0.8781193203125
8 0.91837983125 0.48420441875 0.8951213593749999 0.49877156562499997 0.8955294031250001 0.57160730625 0.9189918953125 0.5605085265625 0.91837983125 0.48420441875
8 0.9187878734374999 0.6028226203125 0.8943052734375 0.6160024203125001 0.8949173375000001 0.6881444875 0.9191959171875 0.6784330546875 0.9187878734374999 0.6028226203125
8 0.8871645140625001 0.619470790625 0.8834921234375 0.619470790625 0.8841041890625 0.6902255078125 0.8875725578125 0.689531834375 0.8871645140625001 0.619470790625
8 0.8869604921875001 0.5015462625 0.8834921234375 0.5043209562500001 0.8843082109375 0.57715669375 0.8875725578125 0.575769346875 0.8869604921875001 0.5015462625
8 0.9355270640625 0.475475546875 0.9277772921875 0.480180765625 0.927500515625 0.554993734375 0.9346967312500001 0.5507590375 0.9355270640625 0.475475546875
8 0.9338663984375 0.5968701734375 0.9266701828125001 0.6001638265625 0.9273621265624999 0.6726241843749999 0.9340047874999999 0.6716831421875 0.9338663984375 0.5968701734375
8 0.9708162 0.5789903453125 0.9546247140625 0.5869892171875 0.954209546875 0.6655663578125 0.969847478125 0.6603906187499999 0.9708162 0.5789903453125
8 0.9710929765625 0.4528905015625 0.9547631015625001 0.46277145781250006 0.9547631015625001 0.5408780796875 0.9710929765625 0.5361728609374999 0.9710929765625 0.4528905015625
8 0.98869474375 0.434317696875 0.9812574171874999 0.4440434296875 0.9829737234374999 0.5413007734375 0.98869474375 0.5354653328125 0.98869474375 0.434317696875
8 0.9875505406249999 0.5782585625000001 0.9801132140625001 0.5860391515625001 0.9806853156249999 0.65217414375 0.9875505406249999 0.6482838484375 0.9875505406249999 0.5782585625000001