7 0.9958452859375001 0.103273928125 0.975442675 0.10702843437500001 0.975442675 0.094513415625 0.883940053125 0.0920104125 0.883940053125 0.0081597921875 0.6545652390625001 0.010662795312499999 0.6267434953125 0.0895074078125 0.4443565140625 0.09326191406249999 0.44497477500000004 0.0569683625 0.32626867187499997 0.060722867187499995 0.3281234546875 0.0920104125 0.0115738453125 0.08700440468750001 0.0103373234375 0.10702843437500001 0.0029181921875 0.10452543125 0 0.98458029375 0.9951033734375001 0.9823788546875001 0.9958452859375001 0.103273928125
2 0.33125 0.10234375 0.63671875 0.01171875
2 0.73515625 0.96796875 0.4875 0.0390625
2 0.13984375 0.96484375 0.27890625 0.0375
2 0.5203125 0.34765625 0.03359375 0.0234375
2 0.46640625 0.1875 0.03359375 0.0234375
2 0.63046875 0.2703125 0.03359375 0.0234375
2 0.90234375 0.1890625 0.03359375 0.0234375
2 0.95859375 0.18984375 0.03359375 0.0234375
2 0.68515625 0.26796875 0.03359375 0.0234375
2 0.740625 0.26640625 0.03359375 0.0234375
2 0.79453125 0.26875 0.03359375 0.0234375
2 0.8484375 0.26640625 0.03359375 0.0234375
2 0.90234375 0.2671875 0.03359375 0.0234375
2 0.9578125 0.26796875 0.03359375 0.0234375
2 0.68515625 0.3515625 0.03359375 0.0234375
2 0.74140625 0.35234375 0.03359375 0.0234375
2 0.79375 0.35234375 0.03359375 0.0234375
2 0.84765625 0.35 0.03359375 0.0234375
2 0.9015625 0.35078125 0.03359375 0.0234375
2 0.9578125 0.3515625 0.03359375 0.0234375
2 0.68515625 0.434375 0.03359375 0.0234375
2 0.740625 0.4328125 0.03359375 0.0234375
2 0.79453125 0.43515625 0.03359375 0.0234375
2 0.8484375 0.43203125 0.03359375 0.0234375
2 0.9015625 0.4328125 0.03359375 0.0234375
2 0.9578125 0.43359375 0.03359375 0.0234375
2 0.68359375 0.5109375 0.03359375 0.0234375
2 0.7390625 0.509375 0.03359375 0.0234375
2 0.79296875 0.51171875 0.03359375 0.0234375
2 0.8484375 0.6703125 0.03359375 0.0234375
2 0.90234375 0.67109375 0.03359375 0.0234375
2 0.95859375 0.671875 0.03359375 0.0234375
2 0.6875 0.5953125 0.03359375 0.0234375
2 0.7421875 0.59375 0.03359375 0.0234375
2 0.79609375 0.59609375 0.03359375 0.0234375
2 0.85 0.59375 0.03359375 0.0234375
2 0.90390625 0.59453125 0.03359375 0.0234375
2 0.96015625 0.5953125 0.03359375 0.0234375
2 0.6859375 0.67265625 0.03359375 0.0234375
2 0.79453125 0.6734375 0.03359375 0.0234375
2 0.8484375 0.6703125 0.03359375 0.0234375
2 0.90234375 0.67109375 0.03359375 0.0234375
2 0.95859375 0.671875 0.03359375 0.0234375
2 0.79296875 0.51171875 0.03359375 0.0234375
2 0.9 0.5125 0.03359375 0.0234375
2 0.95625 0.51328125 0.03359375 0.0234375
2 0.84609375 0.51171875 0.03359375 0.0234375
2 0.84609375 0.51171875 0.03359375 0.0234375
2 0.303125 0.35 0.03359375 0.0234375
2 0.5765625 0.34765625 0.03359375 0.0234375
2 0.465625 0.26796875 0.03359375 0.0234375
2 0.90234375 0.1890625 0.03359375 0.0234375
2 0.95859375 0.18984375 0.03359375 0.0234375
2 0.68515625 0.26796875 0.03359375 0.0234375
2 0.740625 0.26640625 0.03359375 0.0234375
2 0.79453125 0.26875 0.03359375 0.0234375
2 0.8484375 0.26640625 0.03359375 0.0234375
2 0.90234375 0.2671875 0.03359375 0.0234375
2 0.9578125 0.26796875 0.03359375 0.0234375
2 0.68515625 0.3515625 0.03359375 0.0234375
2 0.74140625 0.35234375 0.03359375 0.0234375
2 0.79375 0.35234375 0.03359375 0.0234375
2 0.84765625 0.35 0.03359375 0.0234375
2 0.9015625 0.35078125 0.03359375 0.0234375
2 0.9578125 0.3515625 0.03359375 0.0234375
2 0.68515625 0.434375 0.03359375 0.0234375
2 0.740625 0.4328125 0.03359375 0.0234375
2 0.79453125 0.43515625 0.03359375 0.0234375
2 0.8484375 0.43203125 0.03359375 0.0234375
2 0.9015625 0.4328125 0.03359375 0.0234375
2 0.9578125 0.43359375 0.03359375 0.0234375
2 0.68359375 0.5109375 0.03359375 0.0234375
2 0.7390625 0.509375 0.03359375 0.0234375
2 0.79296875 0.51171875 0.03359375 0.0234375
2 0.8484375 0.6703125 0.03359375 0.0234375
2 0.90234375 0.67109375 0.03359375 0.0234375
2 0.95859375 0.671875 0.03359375 0.0234375
2 0.6875 0.5953125 0.03359375 0.0234375
2 0.41328125 0.5921875 0.03359375 0.0234375
2 0.35703125 0.5921875 0.03359375 0.0234375
2 0.85 0.59375 0.03359375 0.0234375
2 0.90390625 0.59453125 0.03359375 0.0234375
2 0.96015625 0.5953125 0.03359375 0.0234375
2 0.6859375 0.67265625 0.03359375 0.0234375
2 0.79453125 0.6734375 0.03359375 0.0234375
2 0.8484375 0.6703125 0.03359375 0.0234375
2 0.90234375 0.67109375 0.03359375 0.0234375
2 0.95859375 0.671875 0.03359375 0.0234375
2 0.79296875 0.51171875 0.03359375 0.0234375
2 0.9 0.5125 0.03359375 0.0234375
2 0.95625 0.51328125 0.03359375 0.0234375
2 0.95625 0.51328125 0.03359375 0.0234375
2 0.46640625 0.34921875 0.03359375 0.0234375
2 0.63046875 0.346875 0.03359375 0.0234375
2 0.51875 0.18984375 0.03359375 0.0234375
2 0.62890625 0.1890625 0.03359375 0.0234375
2 0.90234375 0.1890625 0.03359375 0.0234375
2 0.95859375 0.18984375 0.03359375 0.0234375
2 0.68515625 0.26796875 0.03359375 0.0234375
2 0.740625 0.26640625 0.03359375 0.0234375
2 0.79453125 0.26875 0.03359375 0.0234375
2 0.8484375 0.26640625 0.03359375 0.0234375
2 0.90234375 0.2671875 0.03359375 0.0234375
2 0.9578125 0.26796875 0.03359375 0.0234375
2 0.68515625 0.3515625 0.03359375 0.0234375
2 0.74140625 0.35234375 0.03359375 0.0234375
2 0.79375 0.35234375 0.03359375 0.0234375
2 0.84765625 0.35 0.03359375 0.0234375
2 0.9015625 0.35078125 0.03359375 0.0234375
2 0.9578125 0.3515625 0.03359375 0.0234375
2 0.68515625 0.434375 0.03359375 0.0234375
2 0.740625 0.4328125 0.03359375 0.0234375
2 0.79453125 0.43515625 0.03359375 0.0234375
2 0.8484375 0.43203125 0.03359375 0.0234375
2 0.9015625 0.4328125 0.03359375 0.0234375
2 0.9578125 0.43359375 0.03359375 0.0234375
2 0.68359375 0.5109375 0.03359375 0.0234375
2 0.7390625 0.509375 0.03359375 0.0234375
2 0.79296875 0.51171875 0.03359375 0.0234375
2 0.8484375 0.6703125 0.03359375 0.0234375
2 0.90234375 0.67109375 0.03359375 0.0234375
2 0.95859375 0.671875 0.03359375 0.0234375
2 0.57421875 0.86953125 0.03359375 0.0234375
2 0.41015625 0.6703125 0.03359375 0.0234375
2 0.35546875 0.6765625 0.03359375 0.0234375
2 0.85 0.59375 0.03359375 0.0234375
2 0.90390625 0.59453125 0.03359375 0.0234375
2 0.96015625 0.5953125 0.03359375 0.0234375
2 0.6859375 0.67265625 0.03359375 0.0234375
2 0.7375 0.6765625 0.03984375 0.025
2 0.79453125 0.6734375 0.03359375 0.0234375
2 0.8484375 0.6703125 0.03359375 0.0234375
2 0.90234375 0.67109375 0.03359375 0.0234375
2 0.95859375 0.671875 0.03359375 0.0234375
2 0.79296875 0.51171875 0.03359375 0.0234375
2 0.9 0.5125 0.03359375 0.0234375
2 0.95625 0.51328125 0.03359375 0.0234375
2 0.84609375 0.51171875 0.03359375 0.0234375
2 0.84609375 0.51171875 0.03359375 0.0234375
2 0.57578125 0.26796875 0.03359375 0.0234375
2 0.521875 0.27109375 0.03359375 0.0234375
2 0.575 0.1875 0.03359375 0.0234375
2 0.90234375 0.1890625 0.03359375 0.0234375
2 0.95859375 0.18984375 0.03359375 0.0234375
2 0.68515625 0.26796875 0.03359375 0.0234375
2 0.740625 0.26640625 0.03359375 0.0234375
2 0.79453125 0.26875 0.03359375 0.0234375
2 0.8484375 0.26640625 0.03359375 0.0234375
2 0.90234375 0.2671875 0.03359375 0.0234375
2 0.9578125 0.26796875 0.03359375 0.0234375
2 0.68515625 0.3515625 0.03359375 0.0234375
2 0.74140625 0.35234375 0.03359375 0.0234375
2 0.13984375 0.18984375 0.03359375 0.0234375
2 0.19375 0.1875 0.03359375 0.0234375
2 0.246875 0.18828125 0.03359375 0.0234375
2 0.303125 0.1890625 0.03359375 0.0234375
2 0.03046875 0.271875 0.03359375 0.0234375
2 0.0859375 0.2703125 0.03359375 0.0234375
2 0.13984375 0.27265625 0.03359375 0.0234375
2 0.19375 0.26953125 0.03359375 0.0234375
2 0.24765625 0.2703125 0.03359375 0.0234375
2 0.303125 0.27109375 0.03359375 0.0234375
2 0.0296875 0.3484375 0.03359375 0.0234375
2 0.084375 0.346875 0.03359375 0.0234375
2 0.13828125 0.34921875 0.03359375 0.0234375
2 0.19453125 0.5078125 0.03359375 0.0234375
2 0.24765625 0.50859375 0.03359375 0.0234375
2 0.30390625 0.509375 0.03359375 0.0234375
2 0.0328125 0.4328125 0.03359375 0.0234375
2 0.0875 0.43125 0.03359375 0.0234375
2 0.14140625 0.43359375 0.03359375 0.0234375
2 0.19609375 0.43125 0.03359375 0.0234375
2 0.24921875 0.43203125 0.03359375 0.0234375
2 0.30546875 0.4328125 0.03359375 0.0234375
2 0.0328125 0.51015625 0.03359375 0.0234375
2 0.0875 0.50859375 0.03359375 0.0234375
2 0.14140625 0.5109375 0.03359375 0.0234375
2 0.1953125 0.5078125 0.03359375 0.0234375
2 0.2484375 0.50859375 0.03359375 0.0234375
2 0.3046875 0.509375 0.03359375 0.0234375
2 0.13828125 0.34921875 0.03359375 0.0234375
2 0.2453125 0.35 0.03359375 0.0234375
2 0.1953125 0.34921875 0.03359375 0.0234375
2 0.0859375 0.18828125 0.03359375 0.0234375
2 0.03046875 0.1875 0.03359375 0.0234375
2 0.63125 0.43046875 0.03359375 0.0234375
2 0.57734375 0.43125 0.03359375 0.0234375
2 0.52109375 0.43046875 0.03359375 0.0234375
2 0.4671875 0.43203125 0.03359375 0.0234375
2 0.3578125 0.43125 0.03359375 0.0234375
2 0.41328125 0.43203125 0.03359375 0.0234375
2 0.51953125 0.5125 0.03359375 0.0234375
2 0.465625 0.5140625 0.03359375 0.0234375
2 0.41171875 0.51328125 0.03359375 0.0234375
2 0.35625 0.5125 0.03359375 0.0234375
2 0.51953125 0.675 0.03359375 0.0234375
2 0.79296875 0.8671875 0.03359375 0.0234375
2 0.85 0.871875 0.03359375 0.0234375
2 0.68515625 0.87109375 0.03359375 0.0234375
2 0.30234375 0.67109375 0.03359375 0.0234375
2 0.57578125 0.67421875 0.03359375 0.0234375
2 0.4640625 0.596875 0.0421875 0.02578125
2 0.6296875 0.86640625 0.03359375 0.0234375
2 0.7375 0.87109375 0.03359375 0.0234375
2 0.46640625 0.66953125 0.03359375 0.0234375
2 0.6265625 0.678125 0.03359375 0.0234375
2 0.68515625 0.775 0.03359375 0.0234375
2 0.73984375 0.77578125 0.03359375 0.0234375
2 0.79296875 0.7765625 0.03359375 0.0234375
2 0.85078125 0.77734375 0.03359375 0.0234375
2 0.9046875 0.771875 0.03359375 0.0234375
2 0.959375 0.77109375 0.03359375 0.0234375
2 0.51953125 0.590625 0.03359375 0.0234375
2 0.03515625 0.58828125 0.03359375 0.0234375
2 0.08984375 0.58671875 0.03359375 0.0234375
2 0.14375 0.5890625 0.03359375 0.0234375
2 0.19765625 0.5859375 0.03359375 0.0234375
2 0.2515625 0.58671875 0.03359375 0.0234375
2 0.30234375 0.58984375 0.03359375 0.0234375
2 0.03125 0.66875 0.03359375 0.0234375
2 0.140625 0.675 0.0375 0.02109375
2 0.034375 0.76640625 0.03359375 0.0234375
2 0.0828125 0.765625 0.03359375 0.0234375
2 0.13984375 0.7671875 0.03359375 0.0234375
2 0.19375 0.765625 0.03359375 0.0234375
2 0.2484375 0.7671875 0.03359375 0.0234375
2 0.1390625 0.8671875 0.03359375 0.0234375
2 0.2484375 0.86875 0.03046875 0.02421875
2 0.6296875 0.77109375 0.03359375 0.0234375
2 0.5734375 0.77109375 0.03359375 0.0234375
2 0.51875 0.77109375 0.03359375 0.0234375
2 0.51796875 0.86875 0.03359375 0.0234375
2 0.1921875 0.865625 0.03359375 0.0234375
2 0.08671875 0.66953125 0.034375 0.025
2 0.19609375 0.67109375 0.034375 0.025
2 0.25078125 0.6703125 0.034375 0.025
8 0.51796875 0.7390625 0.02578125 0.03515625
8 0.57265625 0.73828125 0.02734375 0.0359375
8 0.62734375 0.7390625 0.02578125 0.03515625
8 0.6828125 0.73828125 0.02734375 0.0359375
8 0.5171875 0.83359375 0.02578125 0.03515625
8 0.571875 0.83359375 0.02734375 0.0359375
8 0.6265625 0.83359375 0.02578125 0.03515625
8 0.68203125 0.83359375 0.02734375 0.0359375
8 0.515625 0.93125 0.02578125 0.03515625
8 0.57109375 0.93125 0.02734375 0.0359375
8 0.62578125 0.93125 0.02578125 0.03515625
8 0.68125 0.93125 0.02734375 0.0359375
8 0.846875 0.73984375 0.02578125 0.03515625
8 0.790625 0.73828125 0.02265625 0.0359375
8 0.7421875 0.73984375 0.009375 0.03515625
8 0.7421875 0.83359375 0.0140625 0.03984375
8 0.7890625 0.83515625 0.01953125 0.0359375
8 0.84453125 0.83671875 0.01796875 0.03828125
8 0.74140625 0.93046875 0.0109375 0.0390625
8 0.7890625 0.93203125 0.02109375 0.03515625
8 0.84453125 0.9328125 0.0203125 0.034375
8 0.25078125 0.73671875 0.02578125 0.03515625
8 0.25078125 0.83125 0.02578125 0.03515625
8 0.24921875 0.92890625 0.02578125 0.03515625
8 0.20625 0.73359375 0.01015625 0.0390625
8 0.20703125 0.83359375 0.009375 0.0390625
8 0.2078125 0.92734375 0.009375 0.0421875
8 0.14375 0.8328125 0.0265625 0.0375
8 0.1453125 0.9234375 0.0234375 0.0390625
8 0.14609375 0.73671875 0.02578125 0.0421875
8 0.08984375 0.734375 0.0265625 0.03359375
8 0.0375 0.7359375 0.02421875 0.0390625
2 0.3859375 0.88984375 0.1484375 0.0203125
2 0.38359375 0.821875 0.08984375 0.02421875