7 0.9898293390624999 0.46955209218749994 0.997059196875 0.459097825 0.997059196875 0.380346028125 0.761392534375 0.3017597296875 0.7618641734375 0.0181906390625 0.6884262890625 0.0256457171875 0.488603696875 0.286892053125 0.054459309375 0.3696980578125 0.0555752640625 0.46318023124999996 0.1686014078125 0.5226509421875 0.173847346875 0.98354895 0.9039866984374999 0.9368219625 0.902079084375 0.8922189296875 0.9893524359375 0.8794752062500001 0.9898293390624999 0.46955209218749994
8 0.3703125 0.61328125 0.02109375 0.2796875
8 0.3953125 0.61328125 0.02109375 0.2796875
8 0.42890625 0.61484375 0.01875 0.26328125
8 0.45625 0.6171875 0.0140625 0.25625
8 0.48515625 0.60859375 0.01484375 0.26484375
8 0.51171875 0.6109375 0.0140625 0.2375
8 0.540625 0.61171875 0.01640625 0.24765625
8 0.5671875 0.6140625 0.015625 0.23671875
8 0.5953125 0.60859375 0.015625 0.25625
8 0.6234375 0.6125 0.0140625 0.2453125
8 0.65234375 0.609375 0.0171875 0.26015625
8 0.6796875 0.60546875 0.01328125 0.2390625
8 0.70625 0.54921875 0.0171875 0.1328125
8 0.73359375 0.5484375 0.01328125 0.1234375
8 0.759375 0.54765625 0.0171875 0.12734375
8 0.784375 0.54609375 0.0125 0.11171875
8 0.8109375 0.54453125 0.01875 0.12734375
8 0.8390625 0.54921875 0.015625 0.1125
8 0.8640625 0.54609375 0.01796875 0.128125
8 0.88984375 0.54453125 0.0140625 0.12109375
8 0.96640625 0.55 0.0140625 0.1109375
8 0.9421875 0.54296875 0.01171875 0.11484375
8 0.91640625 0.54921875 0.01640625 0.1171875