7 0 0.01644100625 0.0016391374999999999 0.9870757875 0.9882738625 0.9853173906249999 0.99142605 0.011165815625 0 0.01644100625
8 0.1525568953125 0.14658655 0.1066574140625 0.14449924375 0.10541014687500001 0.25234333593749997 0.141082025 0.24956026250000002 0.1525568953125 0.14658655
8 0.2438569484375 0.253734875 0.23662279062499997 0.1451950140625 0.167025209375 0.14658655 0.1672746625 0.2662587046875 0.2438569484375 0.2641713984375 0.2438569484375 0.253734875
8 0.36583980625 0.14589078125 0.287261890625 0.1451950140625 0.2870124375 0.25025603125 0.3613496390625 0.25234333593749997 0.36583980625 0.14589078125
8 0.403125 0.20703125 0.04765625 0.12109375
8 0.4953125 0.1984375 0.04765625 0.109375
8 0.5703125 0.2078125 0.078125 0.1203125
8 0.6999422234375 0.1485400515625 0.6523765203125 0.14606026249999998 0.65815553125 0.2514513265625 0.6999422234375 0.2520712734375 0.6999422234375 0.1485400515625
8 0.7914220875 0.2657997484375 0.7924664875 0.146366503125 0.7195674015625 0.146366503125 0.7147631640625 0.244243503125 0.714554284375 0.26521714687500003 0.7914220875 0.2657997484375
8 0.8822135 0.1463525046875 0.84396888125 0.1459098875 0.8353995484375 0.2623181390625 0.882689575 0.268514775 0.8822135 0.1463525046875
8 0.9118887859375 0.1463525046875 0.8960196500000001 0.14856558749999998 0.896654415625 0.2654164578125 0.91268224375 0.26674430781249997 0.9118887859375 0.1463525046875
8 0.9723112203125 0.14758707499999998 0.9264612187499999 0.1507841609375 0.94078934375 0.251492315625 0.9711649703124999 0.249893771875 0.9723112203125 0.14758707499999998
8 0.1536931046875 0.371752384375 0.1063440671875 0.3680952171875 0.10546993125 0.48349921093750003 0.1413095109375 0.48431191562500003 0.1536931046875 0.371752384375
8 0.15179914218749999 0.5960587421875 0.1038673484375 0.592807925 0.1063440671875 0.7086182734375 0.1414552 0.7102436812499999 0.15179914218749999 0.5960587421875
8 0.15238190000000001 0.8163015781249999 0.10605268906250001 0.817520634375 0.1070725140625 0.9353627421875 0.1433491609375 0.9365817984374999 0.15238190000000001 0.8163015781249999
8 0.17578125 0.43046875 0.0171875 0.12421875
8 0.236566121875 0.370091590625 0.1984169296875 0.37095316562499997 0.1977991296875 0.48726579687499993 0.24536978281250002 0.48898894843749996 0.236566121875 0.370091590625
8 0.23687502187499998 0.5936703156250001 0.16582794375 0.5919471640625 0.16783579531249998 0.7108445203125 0.24428863125000003 0.711275309375 0.23687502187499998 0.5936703156250001
8 0.236720571875 0.8176798265624999 0.197644678125 0.8176798265624999 0.1979535796875 0.9352848203124999 0.24490643125 0.9357156078125 0.236720571875 0.8176798265624999
8 0.366832415625 0.814887778125 0.288491015625 0.814887778125 0.288491015625 0.9341749531250001 0.362235853125 0.9364046187499999 0.366832415625 0.814887778125
8 0.3125 0.65546875 0.04765625 0.12265625
8 0.35859375 0.6546875 0.0171875 0.11796875
8 0.366832415625 0.3717414953125 0.28789146250000003 0.367839578125 0.2882911640625 0.48043775312500003 0.36323510625 0.48211000156250006 0.366832415625 0.3717414953125
8 0.4257883171875 0.3706266609375 0.37882344687499997 0.3706266609375 0.3782238953125 0.49047125312500006 0.42658771875 0.4915860875 0.4257883171875 0.3706266609375
8 0.40390625 0.6515625 0.046875 0.121875
8 0.41875 0.8765625 0.01640625 0.11640625
8 0.49375 0.42578125 0.0484375 0.1203125
8 0.57109375 0.4296875 0.07890625 0.1234375
8 0.51015625 0.65546875 0.078125 0.1234375
8 0.5859375 0.65234375 0.04609375 0.11796875
8 0.525 0.8765625 0.04765625 0.12109375
8 0.60078125 0.87734375 0.01640625 0.12265625
8 0.6921875 0.87421875 0.0796875 0.11875
8 0.699967503125 0.37290126875 0.65373541875 0.37290126875 0.6584700296875 0.4847606984375 0.699688996875 0.4832070953125 0.699967503125 0.37290126875
8 0.7913176484375 0.49097511093749996 0.790760634375 0.372124465625 0.75065569375 0.372124465625 0.74536406875 0.47388547656249996 0.745642575 0.4917519125 0.7913176484375 0.49097511093749996
8 0.912467990625 0.49097511093749996 0.912189484375 0.371347665625 0.845904928125 0.3697940625 0.83643570625 0.47854628593750004 0.8361572 0.48864470625 0.912467990625 0.49097511093749996
8 0.9737784203125001 0.4824336265625 0.9731831578125 0.3695340171875 0.9279431765625 0.3703641609375 0.939550803125 0.4633403109375 0.939253171875 0.47911305000000004 0.9737784203125001 0.4824336265625
8 0.69965985625 0.711553425 0.70025511875 0.5953332375 0.6526340859374999 0.59367295 0.6526340859374999 0.610275834375 0.6588843468750001 0.7132137140625 0.69965985625 0.711553425
8 0.790139815625 0.7090629921875 0.789842184375 0.59367295 0.72049405625 0.59367295 0.714839059375 0.6966108296875 0.714839059375 0.7090629921875 0.790139815625 0.7090629921875
8 0.8806197765625001 0.711553425 0.8821079328125 0.597823671875 0.845201634375 0.59367295 0.835379796875 0.7024218390625 0.8356774281250001 0.7107232796875 0.8806197765625001 0.711553425
8 0.972885525 0.5911825171875 0.9267526515625001 0.5903523734375 0.9401460671875 0.7098931375 0.972885525 0.7107232796875 0.972885525 0.5911825171875
8 0.9710997375 0.9315416359375 0.9716950000000001 0.8194721703125 0.92526449375 0.8178118812499999 0.92585975625 0.9049770234375 0.929728965625 0.9348622140625 0.9710997375 0.9315416359375
8 0.9130616046875 0.8153214500000001 0.8332963765624999 0.8153214500000001 0.845796896875 0.9348622140625 0.9121687093749999 0.9340320703125 0.9130616046875 0.8153214500000001
8 0.751745359375 0.9340320703125 0.7904374468750001 0.9332019265625 0.7907350796875 0.8161515937500001 0.7440069421875 0.8186420265625 0.751745359375 0.9340320703125
2 0.12109375 0.28203125 0.05234375 0.05625
2 0.3234375 0.2796875 0.08125 0.05625
2 0.49921875 0.28359375 0.05234375 0.046875
2 0.68515625 0.2828125 0.05078125 0.05078125
2 0.49921875 0.51328125 0.05234375 0.046875
2 0.68515625 0.51328125 0.05078125 0.05078125
2 0.971875 0.2796875 0.05078125 0.05078125
2 0.96875 0.50859375 0.05078125 0.05078125
2 0.68359375 0.7421875 0.05078125 0.05078125
2 0.9671875 0.73671875 0.05078125 0.05078125
2 0.7796875 0.9640625 0.05 0.04453125
2 0.8828125 0.96015625 0.06875 0.046875
2 0.59453125 0.74453125 0.05078125 0.05078125
2 0.5296875 0.9625 0.04921875 0.04296875
2 0.40390625 0.7421875 0.05078125 0.05078125
2 0.32421875 0.5125 0.08125 0.04921875
2 0.121875 0.50859375 0.05 0.05
2 0.11875 0.7421875 0.05078125 0.05078125
2 0.325 0.9640625 0.08203125 0.040625
8 0.903125 0.65703125 0.01484375 0.12265625