7 0.49488636406250003 0.0059288531249999995 0 0.235607153125 0.00625 0.9985222374999999 0.05625 0.9816080906250001 0.9994999999999999 0.9824506609375 0.99943181875 0.22759320624999999 0.49488636406250003 0.0059288531249999995
8 0.1984375 0.6375 0.1453125 0.15546875
8 0.85546875 0.6328125 0.15234375 0.15859375
4 0.54296875 0.8984375 0.16171875 0.171875
4 0.70703125 0.8984375 0.16015625 0.171875
4 0.86640625 0.89609375 0.1609375 0.1765625
4 0.115625 0.89765625 0.1203125 0.1703125
8 0.27878787968749996 0.557270709375 0.28106060624999996 0.62611425625 0.7765151515625 0.6160251156250001 0.7765151515625 0.5275967671874999 0.44090909062500006 0.531157640625 0.39318181874999997 0.5121663171875 0.396969696875 0.3679509546875 0.775 0.363796603125 0.778030303125 0.2991074078125 0.9378787875000001 0.2943595765625 0.9356060609375 0.2759617328125 0.5257575765625 0.0996985125 0.1128787875 0.2997008875 0.121969696875 0.55667723125 0.27878787968749996 0.557270709375
2 0.49921875 0.66875 0.88125 0.09375
8 0.85859375 0.33125 0.1625 0.0703125
8 0.70625 0.790625 0.48984375 0.03671875