7 0.321708340625 0.43425378124999997 0.0008460234375 0.44155891562500005 0.0017605859375000002 0.9605647515625 0.9700507609375 0.8859634984375001 0.969927703125 0.005907196875 0.321822284375 0.011884128125 0.321708340625 0.43425378124999997
8 0.23203125 0.81171875 0.1734375 0.146875
4 0.36171875 0.82109375 0.04609375 0.1359375
8 0.4734375 0.8140625 0.14765625 0.14453125
2 0.9700507609375 0.7233883765625 0.720843909375 0.7758875734374999 0.7219014375 0.8991617359375 0.9700507609375 0.8662886249999999 0.9700507609375 0.7233883765625
8 0.7265625 0.5796875 0.084375 0.1421875
8 0.64140625 0.36484375 0.08515625 0.1203125
5 0.9669663875 0 0.6409884375 0.0138465515625 0.637707496875 0.023762 0.6436099875 0.0436387640625 0.6353465 0.061986546875000006 0.625115515625 0.08950821875000001 0.6184260265625 0.1216168375 0.61488453125 0.16901527656249998 0.63180500625 0.16748629375 0.637313996875 0.1720732390625 0.6510864749999999 0.1827761125 0.6432164874999999 0.1812471296875 0.6274765125 0.1950079671875 0.6278700109375001 0.23170353124999998 0.6321985046874999 0.27910196875 0.641642490625 0.2943917875 0.649905978125 0.27910196875 0.6565954671875 0.26381215 0.661710959375 0.2576962234375 0.6743029390624999 0.2592252046875 0.6809924296875 0.26839909687499997 0.6865014203124999 0.2821599328125 0.68807541875 0.302036696875 0.697519403125 0.34790615156250004 0.6920104125 0.3616669875 0.6849274234375 0.39224662499999996 0.6727289421875 0.43658709843750004 0.6746964390625 0.43658709843750004 0.6746964390625 0.45340590000000003 0.683746925 0.45646386406249995 0.683746925 0.48092757343750003 0.6825664265625 0.50233331875 0.6900429156250001 0.4870435015625 0.6986999015625 0.4763406265625 0.7002739 0.5053912828125 0.6963389062500001 0.5344419375 0.6908299140625 0.5696085203125001 0.7034218937500001 0.5466737921875 0.714439878125 0.53597091875 0.7187683703125 0.5527897203125 0.7250643609375 0.5680795390625 0.726244859375 0.6154779765625 0.72781885625 0.6506445578125 0.7333278484375 0.684282159375 0.729786353125 0.7163907796875 0.729786353125 0.7270936515625 0.734508346875 0.7362675421875 0.7333278484375 0.7760210703125 0.74377245625 0.78262215625 0.7471890906249999 0.7465881703125 0.7471890906249999 0.6365896859375 0.75353426875 0.5550390875 0.7647603515625 0.503832896875 0.7818435234375001 0.45452323281250007 0.7984386031249999 0.397627465625 0.8082004140624999 0.36349000625 0.8135694109375 0.34831780156250003 0.8169860453125001 0.3540073765625 0.8238193140625001 0.3710761078125 0.8194264984374999 0.3995239921875 0.8160098640625 0.424178825 0.8160098640625 0.4412475546875 0.8233312234374999 0.4412475546875 0.8330930343749999 0.43555797656250006 0.834069215625 0.44504060624999997 0.83846203125 0.526591203125 0.836021578125 0.6233140078125 0.836021578125 0.7579673234375 0.8579856546875 0.7522777453125 0.8599380171875 0.693485453125 0.8633546515624999 0.5171085765625001 0.8677474671875001 0.4677989109375 0.8848306375 0.43935102812500004 0.9038661703124999 0.4279718734375 0.9189969781249999 0.4203857734375 0.928758790625 0.41279967031250003 0.93315160625 0.45262670624999995 0.937544421875 0.5171085765625001 0.9390086921874999 0.5569356140624999 0.9448657796875001 0.6043487515625 0.9409610546874999 0.646072315625 0.9448657796875001 0.6574514671875 0.9531633203125001 0.666934096875 0.9565799546875 0.693485453125 0.9565799546875 0.7314159640625 0.9710762453124999 0.733312490625 0.970953215625 0 0.9669663875 0
8 0.5359375 0.11640625 0.24296875 0.08359375
8 0.4546875 0.35859375 0.08203125 0.13046875
8 0.5390625 0.3578125 0.02421875 0.1296875
8 0.425 0.578125 0.0203125 0.13203125
8 0.509375 0.578125 0.0828125 0.13828125
8 0.609375 0.5828125 0.021875 0.1328125
8 0.88984375 0.58515625 0.05859375 0.1453125