7 0.937315353125 0 0.897002890625 0.0779751734375 0.897002890625 0.038089132812499996 0.8849879265625 0.046636140625 0.8844417921875 0.1805392765625 0.8762497703125 0.22327431718750002 0.8866263312499999 0.20902930312499998 0.8871724656250001 0.314442409375 0.85440438125 0.31159340625 0.853858246875 0.25461334999999996 0.8451200906249999 0.25461334999999996 0.839112609375 0.2688583640625 0.840204878125 0.314442409375 0.818905625 0.3400834359375 0.8221824328125 0.1919352859375 0.8380203406250001 0.15204924687500002 0.8369280703124999 0.12925722343749999 0.8238208359374999 0.1349552296875 0.8265515109375 0.063730159375 0.8145365468750001 0.058032153125 0.8041599859374999 0.0836731796875 0.80525225625 0.1264082203125 0.6667159390624999 0.12892849374999998 0.6667159390624999 0.053977803125 0.655373140625 0.050033029687499994 0.6527264875000001 0.069756896875 0.65310458125 0.12892849374999998 0.6497017406250001 0.1387904265625 0.6334437296875 0.21374111718750002 0.625881865625 0.2196582765625 0.6217228390625 0.2334649828125 0.6116629234375 0.235973596875 0.5186632078125 0.2293729359375 0.51043874375 0.1798679859375 0.498418371875 0.169966996875 0.4937070390625 0.23181818281250002 0.425743053125 0.2308080796875 0.41838512968749997 0.2297979796875 0.41664246250000003 0.2348484828125 0.4145125375 0.2297979796875 0.411502978125 0.2196582765625 0.41238261249999997 0.1712121203125 0.408316390625 0.146969696875 0.392438765625 0.15808080625 0.387598025 0.1712121203125 0.380627359375 0.1651515171875 0.371046996875 0.20979634374999998 0.35819182656250004 0.14865235937500001 0.3521423328125 0.1447075859375 0.3532766140625 0.0835636 0.3506299609375 0.0737016703125 0.3392871625 0.069756896875 0.33966525625 0.13484565312500002 0.20580471406249998 0.149500140625 0.20412319375000001 0.096868559375 0.1973971140625 0.0793247 0.18730799375 0.085172653125 0.1878685 0.1436521859375 0.0544679046875 0.15534809375 0.053346892187499995 0.09979253593750001 0.042136757812499995 0.073476746875 0.03260814375 0.0822486765625 0.0342896640625 0.1641200234375 0.0236400375 0.17581592968749998 0.02420054375 0.193359790625 0.018595476562499998 0.193359790625 0.020456646875 0.15204924687500002 0.012810760937499999 0.1378042328125 0.0007957968750000001 0.1406532359375 0 0.590070740625 0 0.9394709000000001 0.991713575 0.9394709000000001 0.991713575 0 0.937315353125 0
8 0.15625 0.6453125 0.01328125 0.1640625
8 0.06875 0.3046875 0.025 0.1671875
8 0.09921875 0.30546875 0.02734375 0.1625
8 0.128125 0.3046875 0.02109375 0.1734375
8 0.15546875 0.3046875 0.0125 0.1609375
8 0.2484375 0.2953125 0.02890625 0.165625
8 0.21796875 0.3015625 0.025 0.1671875
8 0.2796875 0.29453125 0.02421875 0.1609375
8 0.30703125 0.29765625 0.015625 0.1671875
2 0.734375 0.3828125 0.125 0.103125
8 0.06484375 0.646875 0.015625 0.17109375
8 0.10078125 0.646875 0.0234375 0.17109375
8 0.13125 0.64921875 0.02421875 0.17265625
8 0.215625 0.64375 0.01953125 0.159375
8 0.25 0.64140625 0.02578125 0.16484375
8 0.28125 0.646875 0.0265625 0.16484375
8 0.30703125 0.6484375 0.01640625 0.17421875
5 0.7850216109375 0.73527715625 0.78156144375 0.7521243296875 0.781330765625 0.7737849796875 0.7877897453125 0.7737849796875 0.7963248265625 0.7749883468750001 0.791019234375 0.7954456296875 0.7882511015625 0.8002591062500001 0.7797160203125 0.8098860640625001 0.7746411078125 0.8098860640625001 0.77348771875 0.7894287796875 0.7797160203125 0.7641580234375 0.7778705984375 0.7605479171875 0.76949970625 0.748588546875 0.771379053125 0.717215996875 0.7668686218749999 0.7015297234375 0.7582236296875 0.6995689406250001 0.756344284375 0.668196390625 0.7578477609375 0.6270199203125 0.757096021875 0.58584345 0.7537132 0.5878042328124999 0.7503303765625 0.5544709 0.74356473125 0.56623560625 0.7488269 0.60349050625 0.7424371234375 0.6152552140624999 0.7360473468750001 0.6446669765624999 0.7319127859375001 0.636823840625 0.730033440625 0.6446669765624999 0.7307851796875 0.678000309375 0.7315369171875 0.6956473703125 0.729657571875 0.70349050625 0.72740235625 0.7211375671875 0.7262747484375 0.74270619375 0.7202608421875001 0.717215996875 0.7172538875 0.679961096875 0.713871065625 0.6074120765625 0.70672955 0.609372859375 0.6969569515625 0.6387846234375 0.693949996875 0.6642748203125 0.688687828125 0.6583924671875 0.685680875 0.6211375671875 0.6762841453124999 0.62309835 0.66425633125 0.6623140359375 0.6612493765624999 0.7211375671875 0.6604976390624999 0.7780003093750001 0.6495974312499999 0.797608153125 0.6499733015625 0.8191767828125001 0.6548596 0.8270199203124999 0.6552354703125001 0.84270619375 0.6499733015625 0.8564316828124999 0.64884569375 0.8701571734375 0.651852646875 0.8838826640624999 0.6612493765624999 0.8897650171875 0.661625246875 0.9054512906250001 0.6616188203125 0.9394709000000001 0.656839965625 0.9966666671875 0.999361021875 0.9966666671875 0.999361021875 0.59994949375 0.9898828546875 0.611111109375 0.991713575 0.35477840625 0.972830684375 0.34355135937500003 0.962254503125 0.3918272203125 0.9613731546875 0.34355135937500003 0.9653392234375 0.31136745 0.9503562984375 0.30676975 0.9437461859375 0.32745940625 0.9366953984374999 0.3044709 0.9344920265625 0.2401030828125 0.93184798125 0.1941260734375 0.926559890625 0.22401112968749998 0.9168650578124999 0.2424019328125 0.9146616859375 0.2355053828125 0.9010007859375 0.2355053828125 0.8965940421875 0.2538961859375 0.8992380875 0.260792740625 0.91025494375 0.28148239375 0.9076108984375001 0.288378946875 0.8992380875 0.33435595625 0.890424603125 0.33435595625 0.8837517296874999 0.3766730671875 0.8782154609375 0.418790996875 0.8763700390625001 0.45128197031250006 0.8708337703125 0.49099316406250004 0.8710644484375001 0.517467290625 0.874985971875 0.518670659375 0.87936885 0.53311109375 0.876600715625 0.5716189140625 0.874524615625 0.5944829328125001 0.8719871593749999 0.5848559765625 0.8671429249999999 0.5884660859374999 0.8583771671875 0.595686303125 0.8519181874999999 0.582449240625 0.8533022546875 0.5728222828125 0.8576851328125 0.499416746875 0.84845801875 0.4585021859375 0.8470739515625001 0.4043505640625 0.846151240625 0.38148654375 0.8417683609375001 0.40675730000000004 0.8357707375000001 0.397130346875 0.833925315625 0.440451646875 0.828619725 0.45970555625 0.8228527781249999 0.47895946718750004 0.8189312546874999 0.499416746875 0.8154710875 0.539127940625 0.814548375 0.5752290234374999 0.8083200734375 0.560788590625 0.8073973625 0.5282976140625 0.80186109375 0.5018234859375 0.7972475375 0.560788590625 0.797478215625 0.582449240625 0.797016859375 0.61373684375 0.7962032609375 0.6614849328125 0.786175 0.684735640625 0.7824841546875 0.694362596875 0.7776399203125 0.706396290625 0.7817921218749999 0.719633353125 0.7850216109375 0.73527715625