7 0.0234830296875 0.9537492046875 0.973493584375 0.9600049234375 0.9734252624999999 0.030753853125 0.023060853125 0.0351689703125 0.0234830296875 0.9537492046875
8 0.1336663171875 0.1949374953125 0.0353185609375 0.2006383171875 0.035765595312499995 0.5673911296874999 0.135454459375 0.5559894890625 0.1345603890625 0.43627224687500005 0.1336663171875 0.1949374953125
8 0.21484375 0.2703125 0.11484375 0.14609375
8 0.35625 0.37265625 0.1171875 0.36640625
8 0.4921875 0.27578125 0.12734375 0.15390625
8 0.35703125 0.825 0.12421875 0.28984375
8 0.63046875 0.37578125 0.12890625 0.36484375
4 0.6328125 0.81171875 0.0546875 0.25546875
8 0.771875 0.81640625 0.12578125 0.2890625
8 0.7703125 0.26875 0.1265625 0.16328125
8 0.90546875 0.3734375 0.1109375 0.37265625
4 0.47890625 0.8078125 0.025 0.26015625
4 0.2484375 0.809375 0.025 0.26015625
8 0.45078125 0.81328125 0.0328125 0.284375
8 0.58828125 0.81875 0.03671875 0.26484375
8 0.678125 0.81796875 0.03515625 0.28203125