7 0.9989528796875 0.9642379406250001 0.9989528796875 0.19343739375 0.9948960187500001 0.1911637421875 0.9937260531250001 0.06526870781250001 0.6415660015625 0.0554331578125 0.6403960328125 0.002321190625 0.001009096875 0.002321190625 0 0.8671113234375 0.096361403125 0.9937445921875 0.9989528796875 0.9642379406250001
8 0.1140625 0.3359375 0.08203125 0.2421875
4 0.81875 0.828125 0.34140625 0.29453125
8 0.81953125 0.3140625 0.3546875 0.47578125
8 0.4546875 0.24453125 0.08515625 0.06796875
8 0.58359375 0.24609375 0.0875 0.06484375
8 0.5828125 0.6421875 0.090625 0.07421875
8 0.45390625 0.63203125 0.08828125 0.07265625
8 0.20234375 0.3359375 0.08203125 0.2421875
8 0.11015625 0.7484375 0.0875 0.27265625
8 0.2078125 0.75390625 0.08515625 0.2921875