7 0.018407253125000002 0.979899846875 0.5316230531249999 0.990332453125 0.5335994937499999 0.9694672421874999 0.9947690203124999 0.960773403125 0.9967454609375 0.642578940625 0.9710517296875001 0.6304075671875 0.969734103125 0.43740436718750003 0.9927925796875 0.3921964109375 0.9927925796875 0.333078315625 0.6998876468749999 0 0.4321421984375 0.3921964109375 0.431483384375 0.51043260625 0.40447202656250003 0.5121713734375 0.2226394703125 0.2843928234375 0.0019369125 0.5452079578125 0 0.7963145578125 0.0177484390625 0.814716928125 0.018407253125000002 0.979899846875
8 0.22265625 0.70078125 0.0421875 0.50546875
8 0.2890625 0.6453125 0.021875 0.11640625
8 0.340625 0.64296875 0.04140625 0.10859375
8 0.39140625 0.64453125 0.0203125 0.1078125
4 0.425 0.89921875 0.04765625 0.17109375
8 0.5921875 0.840625 0.06796875 0.14609375
8 0.81640625 0.53671875 0.28828125 0.19765625
8 0.83828125 0.83984375 0.07734375 0.16171875
8 0.746875 0.8375 0.0390625 0.1546875
8 0.6734375 0.84375 0.03515625 0.15625
8 0.449827371875 0.9516787859375 0.5310389984375 0.9483122359375 0.5310389984375 0.7429526890625 0.385623415625 0.7463192390625 0.3826470734375 0.953923153125 0.39922955312499997 0.953923153125 0.40093032031250003 0.8147724203125 0.4506777546875 0.8125280531250001 0.449827371875 0.9516787859375
8 0.28515625 0.8734375 0.059375 0.1125
8 0.3453125 0.8734375 0.01484375 0.10859375
5 0.9867292609374999 0.5067045703125 0.9786001703125 0.5388865046875 0.9765678984375 0.5817957515625001 0.9765678984375 0.60861403125 0.9867292609374999 0.64347779375 0.9994004796875 0.648622778125 0.9994004796875 0.3511585484375 0.9968906234375 0.38870414062499997 0.992826078125 0.45038618281250004 0.9836808515625 0.46647714999999995 0.9765678984375 0.474522634375 0.9867292609374999 0.5067045703125
2 0.1078125 0.89453125 0.17890625 0.16796875