7 0.5887358593750001 0.3133081796875 0.586079096875 0.049974453125 0.5154092203125 0.0460441 0.5164719265625 0.022461975000000002 0.0047795156249999995 0.032287859375 0.00265410625 0.78102031875 0.0127498015625 0.78691585 0.0132811546875 0.9814683796875 0.9865860078124999 0.9936770421875 0.9865860078124999 0.30301556406249996 0.5887358593750001 0.3133081796875
4 0.6671875 0.9109375 0.128125 0.1515625
8 0.60390625 0.56171875 0.01640625 0.15546875
8 0.6390625 0.55859375 0.01640625 0.15234375
8 0.71875 0.559375 0.07109375 0.1546875
8 0.43359375 0.85859375 0.15 0.1515625
8 0.3 0.57109375 0.0671875 0.128125
8 0.26875 0.85703125 0.15078125 0.14921875
8 0.8328125 0.55625 0.01640625 0.15234375
8 0.90234375 0.54375 0.01640625 0.15546875
8 0.93671875 0.55703125 0.01640625 0.15546875
8 0.0984375 0.86328125 0.153125 0.1515625
8 0.40234375 0.26875 0.06640625 0.11953125
8 0.13515625 0.57265625 0.046875 0.11796875
8 0.2203125 0.27109375 0.05 0.11796875
8 0.378125 0.57421875 0.01484375 0.12421875
8 0.41171875 0.5734375 0.01484375 0.115625
8 0.49921875 0.265625 0.01484375 0.115625
8 0.46484375 0.26640625 0.01484375 0.12421875
8 0.48046875 0.56484375 0.046875 0.115625
8 0.29921875 0.26875 0.03203125 0.10390625
8 0.2125 0.57109375 0.03203125 0.10390625
8 0.0921875 0.27109375 0.03046875 0.11796875
8 0.0671875 0.58125 0.01484375 0.11640625
8 0.03125 0.57734375 0.01484375 0.11640625
8 0.04140625 0.2703125 0.03125 0.1203125
8 0.1359375 0.271875 0.015625 0.1234375
8 0.5543259265625 0.311412525 0.5774021609375 0.307741721875 0.5769058984375001 0.1572388234375 0.5183468484375 0.156321121875 0.5190912437499999 0.929025034375 0.5786428203125 0.9308604359375 0.5783946875 0.7821929375 0.5501076890625 0.7776044343749999 0.5493632953125 0.3572975546875 0.5543259265625 0.311412525
5 0.8719379046875 0.8590123999999999 0.8666396703125001 0.8548134265625 0.8590707656250001 0.8506144499999999 0.8643689999999999 0.8268202562500001 0.87080256875 0.8114240109375 0.866261225 0.814223328125 0.8579354296874999 0.8100243546874999 0.8571785390625 0.7890294765625 0.8613414374999999 0.7722335765625 0.8590707656250001 0.7722335765625 0.8602061015625001 0.7526383562500001 0.8670181156250001 0.7344427953125 0.8726947953125 0.7232455265625 0.8689103421875 0.7232455265625 0.8602061015625001 0.7288441609375 0.8571785390625 0.7106486015625 0.8571785390625 0.6910533828125 0.860584546875 0.6714581640625 0.8469605171874999 0.6672591890625 0.8416622828125 0.6854547484375 0.8412838375 0.7204462125 0.8409053921874999 0.758236990625 0.8356071593750001 0.7330431374999999 0.83636405 0.7540380156250001 0.8371209390625 0.7834308421875 0.8371209390625 0.7946281109375 0.835985603125 0.8240209390625 0.834093378125 0.846415475 0.842040728125 0.8702096687499999 0.8458251812500001 0.906600790625 0.8586923203125 0.8772079609375 0.8639905546875 0.8674103515624999 0.8719379046875 0.8590123999999999