7 0.9939973578125001 0.010073259375000001 0.0002584875 0.0161782671875 0 0.968575159375 0.9983054734374999 0.974664225 0.9939973578125001 0.010073259375000001
4 0.42578125 0.8703125 0.0390625 0.1890625
4 0.49765625 0.86875 0.0375 0.18984375
8 0.103125 0.29609375 0.01171875 0.06171875
8 0.16484375 0.30078125 0.01171875 0.06171875
8 0.18203125 0.2984375 0.01171875 0.06171875
8 0.41328125 0.303125 0.028125 0.05703125
8 0.65078125 0.2984375 0.06015625 0.05234375
8 0.09921875 0.58359375 0.01171875 0.06171875
8 0.3234375 0.45625 0.01171875 0.06171875
8 0.359375 0.4625 0.01171875 0.06171875
8 0.32421875 0.7390625 0.01171875 0.06171875
8 0.359375 0.73671875 0.01171875 0.06171875
8 0.48359375 0.30390625 0.015625 0.059375
8 0.578125 0.5765625 0.0453125 0.065625
8 0.73203125 0.29921875 0.0296875 0.05546875
8 0.5953125 0.30546875 0.0140625 0.05390625
8 0.82265625 0.56640625 0.0140625 0.05390625
8 0.90234375 0.30078125 0.0140625 0.05390625
8 0.7734375 0.29140625 0.0140625 0.05390625
8 0.83828125 0.2984375 0.0140625 0.05390625
8 0.82265625 0.56640625 0.0140625 0.05390625
8 0.8203125 0.29609375 0.0140625 0.05390625
8 0.90078125 0.5734375 0.0140625 0.05390625