7 0 0 0.0030189109375 0.95966640625 0.994133059375 0.9425965671875 0.995557075 0.31832813125000003 0.7342503984375 0.311012484375 0.7335383921874999 0.2134705421875 0.2493734328125 0.1964007015625 0.210329984375 0 0 0
4 0.41640625 0.8453125 0.06484375 0.2078125
8 0.24765625 0.48984375 0.0234375 0.08984375
8 0.571875 0.490625 0.03515625 0.12578125
8 0.31796875 0.62890625 0.0296875 0.10859375
8 0.13046875 0.49375 0.0296875 0.1125
8 0.05625 0.25546875 0.05078125 0.2078125
8 0.6109375 0.81640625 0.034375 0.12421875
8 0.415625 0.6359375 0.05703125 0.2046875
5 0.827812284375 0.8467686765625 0.8532381671874999 0.78767805 0.8668591765624999 0.7534676859375 0.8786640515625 0.7503576546875 0.896825396875 0.7814579828125 0.908630271875 0.8001181796875001 0.919527078125 0.806338246875 0.9286077515625 0.8001181796875001 0.9322400203125 0.840548609375 0.9385964906250001 0.9120793687500001 0.9404126265625001 0.97116999375 0.9449529625 0.97116999375 0.9449529625 0.8094482812500001 0.9767353171875 0.7161472921875001 0.97945951875 0.6508365984375 0.9767353171875 0.58552590625 0.9504013656250001 0.5357653796874999 0.92951581875 0.5295453140624999 0.9204351453124999 0.56064564375 0.9013657328125 0.5544255765625 0.9177109437500001 0.510885115625 0.9004576656250001 0.4704546859375 0.87945330625 0.4899723234375 0.8835523390625 0.451867153125 0.888236946875 0.3977177015625 0.8853090671875 0.3977177015625 0.8659850562500001 0.4137619828125 0.8337783703125 0.395712165625 0.823823578125 0.423789659375 0.79922938125 0.4659059015625 0.7816620984375 0.4819501828125 0.7722928812500001 0.52807749375 0.7564823265625 0.5721992703125001 0.7512121421875 0.604287834375 0.75179771875 0.6564317515625 0.7529688703125 0.7065701328125 0.7535544468750001 0.7466808390625 0.7476986859375 0.7607195859375 0.7535544468750001 0.8028358265625 0.7640948171875 0.7948136859375 0.79220246875 0.8008302921875 0.800400534375 0.8248967140625 0.8062562953124999 0.8910793796875 0.803913990625 0.96728971875 0.8232719484375 0.9836101265625 0.827812284375 0.9338495984374999 0.827812284375 0.8467686765625
5 0.19951193750000001 0.7729463140624999 0.2061073734375 0.7503576546875 0.21160357031250002 0.6675325640625001 0.21325242968749997 0.6355319640625 0.20226003593750003 0.614825690625 0.2044585140625 0.5809427 0.205557753125 0.55647165 0.1929165015625 0.532000603125 0.1918172625 0.481176115625 0.18082486874999998 0.5018823890624999 0.163237040625 0.4849408921875 0.1385041546875 0.4849408921875 0.1385041546875 0.5188238843749999 0.1302598609375 0.5414125453125 0.11322165 0.5414125453125 0.1022292578125 0.5583540390625 0.11047355156250001 0.59600180625 0.091786484375 0.5847074765625 0.0840918078125 0.601648971875 0.088488765625 0.633649575 0.10332849687500001 0.695768390625 0.122565184375 0.7654167625 0.13740491562499998 0.804946915625 0.145099590625 0.8463594609375 0.1500461671875 0.8953015578124999 0.15389350625 0.9649499296874999 0.1621378 0.8858896156249999 0.1725805734375 0.8200060234375 0.1830233484375 0.791770196875 0.19951193750000001 0.7729463140624999
5 0 0.7352261484375 0.008386349999999999 0.8067569062500001 0.014812673437500002 0.8700341140625 0.014812673437500002 0.9800814359375 0.024673753125 0.9600167718750001 0.02035260625 0.7799565875 0.0239535625 0.760223965625 0.037637196875 0.7355581859375 0.06572465625 0.7355581859375 0.0779679078125 0.7232252984375 0.0844496296875 0.668960584375 0.08805058593750001 0.6196290249999999 0.0714861859375 0.567830890625 0.06644484843750001 0.5308322234375 0.050600639062499994 0.48643382187500006 0.0354766234375 0.49136697656250006 0.0167516484375 0.49383355624999997 0 0.4963175640625 0 0.7352261484375
5 0.685089159375 0.7750234328125 0.6865295421875001 0.7306250296875 0.6973324109375 0.7059592515625 0.705254515625 0.69855951875 0.7095756640625 0.69855951875 0.7203785328125 0.7034926734375 0.7268602546875 0.7034926734375 0.725419871875 0.6911597859375 0.72253910625 0.6714271609375 0.723259296875 0.6516945390625 0.732621784375 0.627028759375 0.7427044625 0.5875635156250001 0.7643101999999999 0.5406985343749999 0.7736726875 0.5283656453125001 0.7851957484375001 0.45190173125 0.7736726875 0.4297025296875 0.767190965625 0.427235953125 0.7563880968750001 0.41243648437499997 0.75206695 0.4050367515625 0.7513467578124999 0.3828375515625 0.7477458015625 0.36557150625 0.7441448453125 0.340905728125 0.7434246531250001 0.3162399484375 0.7268602546875 0.32610625937500004 0.721818915625 0.298973903125 0.7074150890625 0.30144048125 0.7081352812499999 0.33350599375 0.70237375 0.33350599375 0.6944516468749999 0.3162399484375 0.6951718375 0.28910759218750004 0.6901304984375 0.286641015625 0.685089159375 0.32610625937500004 0.6757266734375 0.33350599375 0.670685334375 0.31130679375 0.6642036124999999 0.3285728390625 0.6562815078125 0.345838884375 0.6461988296875 0.353238615625 0.6461988296875 0.3236396828125 0.643318065625 0.3162399484375 0.6353959609375 0.3483054609375 0.6382767265625 0.3927038625 0.62963443125 0.41983621875 0.615950796875 0.4149030640625 0.615950796875 0.47410093125 0.6253132828125 0.4963001328125 0.6361161515625 0.5505648453124999 0.630354621875 0.575230625 0.6224325187499999 0.5875635156250001 0.6181113703125 0.599896403125 0.6181113703125 0.6171624484375 0.6332353875 0.6492279609375 0.639717109375 0.6714271609375 0.65124016875 0.69855951875 0.6627632296875 0.725691875 0.6757266734375 0.7429579203125 0.6822083953125 0.9427507281249999 0.6807680125 0.9748162406249999 0.690850690625 0.9649499296874999 0.685089159375 0.7750234328125
8 0.93984375 0.51953125 0.01953125 0.03203125
8 0.28828125 0.79140625 0.01484375 0.115625
8 0.1859375 0.8390625 0.02421875 0.1328125