7 0.9991624796874999 0.0044007640625 0.14904534687499998 0 0.15103294218750002 0.4410774421875 0.00214033125 0.4747474734375 0 0.9939393937500001 0.9991624796874999 0.9939393937500001 0.9991624796874999 0.0044007640625
4 0.18046875 0.90078125 0.01640625 0.1859375
4 0.28828125 0.88359375 0.025 0.2078125
8 0.1265625 0.678125 0.05390625 0.1
8 0.28671875 0.40390625 0.03515625 0.29765625
4 0.4171875 0.8796875 0.0140625 0.1734375
4 0.515625 0.88046875 0.01328125 0.18203125
4 0.61328125 0.878125 0.01328125 0.1875
4 0.759375 0.87890625 0.0140625 0.17421875
8 0.73359375 0.43984375 0.06328125 0.20078125
8 0.6421875 0.43828125 0.0734375 0.19921875
8 0.54296875 0.43828125 0.0734375 0.19921875
8 0.44609375 0.43515625 0.0734375 0.19921875
8 0.35078125 0.45 0.0734375 0.20078125
8 0.07578125 0.4265625 0.15 0.08515625