7 0.9397721562499999 0.550727578125 0.9649019937500001 0.5072467953124999 0.9632266703125 0.315931359375 0.9933824765624999 0.2666531390625 0.9858435249999999 0.0115658890625 0.3408443625 0.014464607812499999 0.339169040625 0.09852745 0 0.10954802500000001 0.003266878125 0.9188648609375001 0.9623890109375 0.9449533296875 0.9632266703125 0.7304481421875 0.938096834375 0.713055828125 0.9397721562499999 0.550727578125
8 0.6625 0.6296875 0.50234375 0.60703125
4 0.61875 0.734375 0.16171875 0.45234375
8 0.34765625 0.821875 0.03515625 0.19140625
8 0.20703125 0.4265625 0.04921875 0.19453125
8 0.34453125 0.4203125 0.03515625 0.19140625
8 0.27890625 0.62578125 0.04921875 0.19453125
8 0.2046875 0.82578125 0.04921875 0.19453125
8 0.28203125 0.271875 0.05 0.09609375
8 0.134375 0.26953125 0.05625 0.10078125
8 0.13046875 0.62578125 0.05859375 0.2046875
8 0.05546875 0.42578125 0.05078125 0.171875
8 0.05703125 0.821875 0.05234375 0.18671875