7 0 0.718953978125 0.1143107703125 0.76026605 0.11341589999999999 0.9805970984375 0.9322225015625 0.9943677875000001 0.9358019828125 0.749249496875 0.998442925 0.7437412203125 0.998442925 0.016648764062499998 0.746089415625 0.013894626562500002 0.6700254140624999 0.278291884375 0.50894870625 0.27002946875 0.5035794828125 0.016648764062499998 0 0.0003589078125 0 0.718953978125
8 0.2953125 0.86796875 0.30859375 0.22890625
4 0.36484375 0.87578125 0.09375 0.2234375
2 0.621875 0.31953125 0.2296875 0.08515625
8 0.05859375 0.22421875 0.0359375 0.096875
8 0.1125 0.2203125 0.0515625 0.1515625
8 0.1625 0.21328125 0.0375 0.1125
8 0.20078125 0.24765625 0.025 0.078125
8 0.31015625 0.20859375 0.05 0.15703125
8 0.35546875 0.1609375 0.02578125 0.0921875
8 0.403125 0.1984375 0.04609375 0.1515625
8 0.45234375 0.246875 0.0296875 0.0984375
8 0.35546875 0.26484375 0.02578125 0.078125
8 0.79609375 0.1953125 0.05078125 0.15078125
8 0.84375 0.1609375 0.0234375 0.090625
8 0.88984375 0.21953125 0.046875 0.1421875
8 0.93984375 0.21640625 0.03203125 0.090625
8 0.84453125 0.25625 0.0265625 0.07578125
8 0.04375 0.52421875 0.02734375 0.0796875
8 0.12109375 0.54453125 0.02890625 0.09609375
8 0.07890625 0.646875 0.028125 0.0796875
8 0.159375 0.46484375 0.028125 0.07265625
8 0.16875 0.60703125 0.05390625 0.14453125
8 0.28125 0.4890625 0.05234375 0.14296875
8 0.35234375 0.46328125 0.0265625 0.0765625
8 0.4 0.4984375 0.04921875 0.14765625
8 0.4453125 0.4796875 0.0296875 0.0765625
8 0.540625 0.5234375 0.03046875 0.09453125
8 0.60234375 0.4640625 0.025 0.084375
8 0.64921875 0.4984375 0.04921875 0.153125
8 0.70546875 0.6125 0.04453125 0.1609375
8 0.69375 0.46640625 0.02578125 0.0828125
8 0.646875 0.63828125 0.02734375 0.07109375
8 0.590625 0.60625 0.04609375 0.14140625
8 0.5421875 0.63984375 0.02890625 0.08515625
8 0.4484375 0.6015625 0.0328125 0.09453125
8 0.3984375 0.6375 0.02734375 0.084375
8 0.340625 0.6078125 0.05 0.15
8 0.29296875 0.6359375 0.025 0.0765625
8 0.95390625 0.61171875 0.05390625 0.146875
8 0.94375 0.46328125 0.03203125 0.08515625
8 0.89453125 0.49765625 0.05234375 0.146875
8 0.84765625 0.4640625 0.02734375 0.07578125
8 0.8375 0.60703125 0.05078125 0.159375
8 0.89609375 0.64140625 0.02421875 0.08359375
8 0.7875 0.5515625 0.028125 0.0796875