7 0.37269597656250003 0 0.369109946875 0.14641755625 0.28663128437499996 0.14641755625 0.28663128437499996 0.12920461875 0.28663128437499996 0.10195080000000001 0.27587319843749997 0.08473786093749999 0.25973606875 0.0947787421875 0.2642186046875 0.11772932656249999 0.257943053125 0.1406799125 0.1799469265625 0.1406799125 0.1817399421875 0.1148605046875 0.1709818546875 0.09047550625 0.1476726671875 0.087606684375 0.148569175 0.13637667656250002 0.0795381203125 0.1421143234375 0.075952090625 0.1148605046875 0.046367353124999997 0.08330345 0.0131965859375 0.08330345 0.0149896015625 0.11629491562500001 0 0.12646967343749999 0 0.9884171265624999 0.010507065625 0.9855483046875 0.9939754703125001 0.975507421875 0.9868034140624999 0.12920461875 0.9742523140625 0.13063902968750002 0.9760453265625 0.09047550625 0.9276339390624999 0.09621315312499999 0.9132898234375 0.13063902968750002 0.91418633125 0.1593272609375 0.845155275 0.152155203125 0.848741303125 0.09621315312499999 0.8128810156249999 0.0947787421875 0.8012264218749999 0.11772932656249999 0.8083984796875001 0.15789285 0.7321953671875 0.1507207921875 0.730402353125 0.11772932656249999 0.7357813953125001 0.09047550625 0.7079896734375 0.09621315312499999 0.701714121875 0.11199167968749998 0.6183389515625 0.12059815 0.617634521875 0 0.37269597656250003 0
4 0.8796875 0.8765625 0.0703125 0.1625
4 0.11171875 0.884375 0.0671875 0.1734375
8 0.11015625 0.67265625 0.07109375 0.22890625
8 0.22265625 0.67890625 0.07109375 0.22890625
8 0.325 0.68046875 0.07109375 0.22890625
8 0.6625 0.684375 0.07109375 0.22890625
8 0.7703125 0.68046875 0.07109375 0.22890625
8 0.87890625 0.67890625 0.06875 0.20234375
8 0.1046875 0.29453125 0.084375 0.14453125
8 0.2125 0.29921875 0.084375 0.14453125
8 0.32578125 0.303125 0.084375 0.14453125
8 0.6609375 0.303125 0.084375 0.14453125
8 0.76875 0.30703125 0.084375 0.14453125
8 0.88203125 0.3109375 0.084375 0.14453125
8 0.49609375 0.315625 0.125 0.13203125
5 0.7931840953125 0.5461075828124999 0.8023722015624999 0.492649515625 0.8207484125000001 0.45522886875 0.8207484125000001 0.4458737046875 0.7965252265625 0.44186435 0.8048780484375 0.41379886250000003 0.827430671875 0.3910791828125 0.8040427671874999 0.332275309375 0.7873371203125 0.28282659374999997 0.794019378125 0.24941530156249997 0.7539258265625 0.24807885000000002 0.677079853125 0.2614433671875 0.6662211828125 0.3028733703125 0.6419979953125 0.337621115625 0.632809890625 0.3509856328125 0.6127631140625 0.3964249921875 0.5960574671875001 0.39776144375 0.589375209375 0.42582692812499995 0.5868693609375 0.487303709375 0.5968927500000001 0.5233879046875 0.616939525 0.5541262953125 0.657868359375 0.6142666218749999 0.682091546875 0.6650517859375 0.6934834765625 0.67645693125 0.6974173343750001 0.6742090140625 0.7004677578125 0.7145005015625 0.7088205828125 0.6690611421875 0.749749415625 0.6009021046874999 0.7806548609374999 0.5715001671875 0.7931840953125 0.5461075828124999
5 0.45405947187500006 0.6610424328125 0.45489475468749996 0.6102572656249999 0.4599064484375 0.564817909375 0.4724356828125 0.5287337125 0.4849649171875 0.49665887187499996 0.47911794218750003 0.46725693125 0.4741062484375 0.4111259609375 0.46825927187499994 0.3830604734375 0.4582358828125 0.3509856328125 0.43735382500000003 0.3630136984375 0.424824590625 0.3710324078125 0.395589709375 0.356331440625 0.371366521875 0.34964918125 0.326261275 0.34964918125 0.3479786171875 0.4311727375 0.371366521875 0.4565653171875 0.3580020046875 0.47393919218749997 0.3412963578125 0.479284996875 0.307885065625 0.48329435312499996 0.29619111249999996 0.5140327421875 0.342131640625 0.580855328125 0.36635482812500003 0.5968927500000001 0.39726027343750003 0.6971266296875 0.40325826249999996 0.6950313453125 0.40712793124999996 0.6857441375 0.40644837968749997 0.687771465625 0.423154025 0.6770798515625 0.44236551874999996 0.7024724359375 0.45405947187500006 0.6610424328125
8 0.49453125 0.61328125 0.08203125 0.13125
4 0.49140625 0.890625 0.059375 0.125
5 0.9490372640625001 0.5440655234375 0.9538269953125 0.553644984375 0.9729859187500001 0.5689721234375 0.9921448421875001 0.5938787234375 0.9741833515625 0.6072899703125 0.975380784375 0.5977105093749999 0.9574192937499999 0.5862151546875001 0.93227320625 0.5823833703125 0.91670658125 0.5938787234375 0.91670658125 0.6034581859375 0.93227320625 0.6187853249999999 0.9478398312499999 0.61686943125 0.945444965625 0.655187278125 0.9334706390624999 0.6666826328125001 0.9334706390624999 0.680093878125 0.955024428125 0.7030845859375 0.9717884859374999 0.7050004796875 0.9982876718749999 0.70116869375 0.9982876718749999 0.46700673750000005 0.9717884859374999 0.4846728609375 0.961011590625 0.4885046453125 0.9490372640625001 0.5440655234375