7 0.662717190625 0.13452149062500002 0.49158359375 0.0046990109374999995 0.32886640312500004 0.13452149062500002 0.15773280781250001 0.0018767812500000002 0 0.14969512499999998 0.0024968671875 0.9953009890625 0.9988123515625 0.9898291046875001 0.9872164140624999 0.13452149062500002 0.830278003125 0 0.662717190625 0.13452149062500002
8 0.065625 0.39921875 0.0359375 0.10703125
8 0.0671875 0.834375 0.03125 0.29140625
8 0.15703125 0.3921875 0.0359375 0.10703125
8 0.15859375 0.828125 0.03125 0.29140625
8 0.73203125 0.39765625 0.0359375 0.10703125
8 0.7328125 0.83046875 0.03671875 0.2734375
8 0.8296875 0.3984375 0.0359375 0.10703125
8 0.8265625 0.82734375 0.03125 0.27265625
8 0.92578125 0.3953125 0.0359375 0.10703125
8 0.9265625 0.83125 0.034375 0.271875
8 0.2578125 0.834375 0.03125 0.29140625
8 0.25390625 0.3953125 0.0359375 0.10703125
8 0.3953125 0.39375 0.0359375 0.10703125
8 0.49296875 0.39609375 0.0359375 0.10703125
8 0.58984375 0.3953125 0.0359375 0.10703125
8 0.49453125 0.83671875 0.09453125 0.2921875