7 0 0 0.005882353125 0.99744481875 0.9994999999999999 0.996095346875 0.9994999999999999 0 0.8389705875000001 0.00255518125 0.8007352937500001 0.10041317812499999 0.7338235296875 0.0990540390625 0.7095588234375 0.1710883984375 0.4509803921875 0.1810554171875 0.43781769531250003 0 0 0
8 0.5328125 0.8734375 0.90703125 0.2484375
4 0.61953125 0.87734375 0.10859375 0.24296875
5 0.2794520546875 0.9659053500000001 0.2623287671875 0.948180690625 0.24041095937499998 0.9595751140625 0.2226027390625 0.964639303125 0.19109589062500001 0.9608411625000001 0.1890410953125 0.9494467375 0.15205479375 0.9253918421874999 0.14178082187500002 0.9279239359375 0.1301369859375 0.9735016328125001 0.125342465625 0.9735016328125001 0.1116438359375 0.9431165015625 0.09931506875 0.9266578890625 0.089726028125 0.9317220781250001 0.075342465625 0.9405844078125 0.056849315624999994 0.948180690625 0.0041095890625 0.9912262937499999 0.2867123296875 0.9990757859375 0.2883561640625 0.9861621046875 0.2794520546875 0.9659053500000001
5 0.5554794515625 0.9570430203125 0.542465753125 0.948180690625 0.558904109375 0.93045603125 0.5602739718749999 0.920327653125 0.5513698625 0.91906160625 0.5438356171875001 0.9101992750000001 0.5465753421875 0.8874104265625 0.5376712328125001 0.8709518140625001 0.5369863015624999 0.848162965625 0.53150685 0.8342364468750001 0.523972603125 0.8114475984375 0.5184931500000001 0.792456890625 0.5047945203124999 0.787392703125 0.48972602812500005 0.7696680421875 0.4732876703125 0.7696680421875 0.46506849375000003 0.7797964203125 0.4541095890625 0.81904388125 0.45342465781249996 0.8380345890625 0.45342465781249996 0.8557592484375001 0.4452054796875 0.8684197203125 0.4452054796875 0.89120856875 0.44109589062500004 0.9228597484375 0.4301369859375 0.9317220781250001 0.4205479453125 0.9760337281250001 0.408904109375 0.9735016328125001 0.40479452031249996 0.948180690625 0.3952054796875 0.93552021875 0.3794520546875 0.93552021875 0.36917808124999996 0.945648596875 0.3630136984375 0.9570430203125 0.3630136984375 0.9747676796875 0.357534246875 0.9760337281250001 0.35 0.977299775 0.3356164390625 0.9570430203125 0.3205479453125 0.9595751140625 0.3116438359375 0.9709695390625 0.30958904062500003 0.9950244343750001 0.58150685 0.9950244343750001 0.5719178078125 0.9735016328125001 0.5554794515625 0.9570430203125
5 0.941780821875 0.9595751140625 0.9212328765625 0.9519788312499999 0.907534246875 0.9405844078125 0.8876712328125 0.932988125 0.86643835625 0.9291899828125001 0.85068493125 0.9367862656250001 0.8486301375 0.9228597484375 0.860273971875 0.906401134375 0.8801369859375001 0.8671536734374999 0.8787671234375001 0.8570252953124999 0.8547945203125 0.8152457390625001 0.840410959375 0.80258526875 0.8267123296875001 0.817777834375 0.8157534249999999 0.817777834375 0.8054794515625 0.7975210796875001 0.7883561640625001 0.787392703125 0.7712328765625001 0.817777834375 0.765753425 0.8494290124999999 0.7609589046874999 0.8532271546875 0.7575342468749999 0.8468969187500001 0.7458904109375 0.83550249375 0.7438356171875 0.8519611078124999 0.740410959375 0.87728205 0.741780821875 0.9000708984375001 0.74931506875 0.932988125 0.7458904109375 0.9443825484374999 0.7267123296875 0.9507127843750001 0.715753425 0.9595751140625 0.69794520625 0.9709695390625 0.691095890625 0.99629048125 0.98749315 0.9990757859375 0.9739726031249999 0.96337325625 0.941780821875 0.9595751140625
8 0.871875 0.53828125 0.15390625 0.4203125
8 0.64453125 0.53671875 0.1515625 0.41796875
8 0.41875 0.5328125 0.15625 0.42265625
8 0.1890625 0.528125 0.15703125 0.41875
8 0.2125 0.15859375 0.140625 0.3171875
8 0.39453125 0.1578125 0.0859375 0.3078125
8 0.04375 0.1609375 0.0796875 0.31171875
8 0.8390410953125 0.2873040796875 0.8397260281250001 0.3176892109375 0.9219178078124999 0.3176892109375 0.9164383562499999 0.0075076593750000005 0.8383561640625 0.004975565625 0.7684931500000001 0.177157978125 0.7726027390625 0.282239890625 0.8390410953125 0.2873040796875
2 0.64453125 0.3015625 0.39921875 0.03828125
5 0.4988235296875 0.1015004890625 0.5064705875 0.0971512453125 0.5064705875 0.0830162 0.5011764703125 0.0841035125 0.49705882343749996 0.08845275625 0.492352940625 0.08845275625 0.48764705937499997 0.0645319125 0.4829411765625 0.0395237578125 0.4794117640625 0.034087203125 0.4794117640625 0.0514841796875 0.48176470625 0.066706534375 0.47823529374999996 0.08084157812500001 0.4711764703125 0.0656192234375 0.46588235312500004 0.041698379687499995 0.46529411718749997 0.010166359375 0.4665633484375 0 0.45999999999999996 0.0112536703125 0.4547058828125 0.0199521578125 0.4588235296875 0.0373491359375 0.454117646875 0.0514841796875 0.4594117640625 0.06344460156250001 0.4647058828125 0.07214309062499999 0.4611764703125 0.0754050234375 0.4535294125 0.0743177125 0.45176470625 0.08084157812500001 0.45176470625 0.10911166718750001 0.45294117656250005 0.1221594 0.45705882343750004 0.1319452 0.457647059375 0.148254865625 0.464117646875 0.15477873125 0.457647059375 0.1656518421875 0.5041176468749999 0.1689137765625 0.5041176468749999 0.153691421875 0.5035294125 0.134119821875 0.49823529375 0.114548221875 0.4988235296875 0.1015004890625