7 0.00900815625 0.9879666078125 0.99099184375 0.9905169562499999 0.9870081374999999 0.110646853125 0.0030325968750000002 0.09959534375 0.00900815625 0.9879666078125
2 0.50078125 0.93125 0.99609375 0.1203125
4 0.60390625 0.7984375 0.13828125 0.15
8 0.146875 0.34453125 0.08046875 0.13125
8 0.28359375 0.34375 0.08046875 0.13125
8 0.4078125 0.3390625 0.08046875 0.13125
8 0.66796875 0.3453125 0.08046875 0.13125
8 0.81640625 0.34609375 0.08046875 0.13125
8 0.16796875 0.55703125 0.08046875 0.13125
8 0.2765625 0.78671875 0.08046875 0.13125
8 0.40625 0.790625 0.08046875 0.13125
8 0.8421875 0.559375 0.08046875 0.13125
8 0.15 0.78671875 0.08046875 0.13125
8 0.27421875 0.78671875 0.08046875 0.13125
8 0.38671875 0.5609375 0.08046875 0.13125
8 0.40625 0.790625 0.08046875 0.13125
8 0.76640625 0.78984375 0.08046875 0.13125
8 0.8921875 0.7890625 0.08046875 0.13125
8 0.640625 0.56328125 0.08046875 0.13125