7 0.0033574046875 0.994108703125 0.9988597484374999 0.995752803125 0.9932640734374999 0.006735926562499999 0 0.006735926562499999 0.0033574046875 0.994108703125
4 0.1859375 0.91015625 0.14453125 0.15703125
8 0.82109375 0.69921875 0.2078125 0.09140625
8 0.6125 0.1484375 0.05859375 0.0875
8 0.37890625 0.14921875 0.06015625 0.09375
8 0.17734375 0.15 0.20625 0.09375
8 0.1734375 0.32734375 0.20625 0.09375
8 0.17734375 0.51171875 0.20625 0.09375
8 0.1796875 0.6953125 0.20625 0.09375
8 0.3796875 0.33125 0.06015625 0.09375
8 0.3765625 0.5140625 0.06015625 0.09375
8 0.3859375 0.6953125 0.06015625 0.09375
8 0.61015625 0.33203125 0.05859375 0.0875
8 0.81796875 0.52265625 0.2078125 0.09140625
8 0.8125 0.33125 0.2078125 0.09140625
8 0.81328125 0.15234375 0.2078125 0.09140625
8 0.49453125 0.1484375 0.065625 0.08671875
8 0.496875 0.33203125 0.05625 0.0953125
8 0.496875 0.51796875 0.0578125 0.09296875
8 0.61640625 0.515625 0.059375 0.0953125
8 0.61875 0.69609375 0.065625 0.08984375
8 0.4984375 0.69765625 0.05859375 0.08125
8 0.82265625 0.88203125 0.20390625 0.08984375
8 0.621875 0.88203125 0.0578125 0.08359375
8 0.37890625 0.86875 0.059375 0.06875
8 0.496875 0.86796875 0.059375 0.05546875
5 0.9988597484374999 0.9147806453125 0.9877739765625 0.911757253125 0.9576840234375 0.9085898890624999 0.9497656140625 0.9180919812500001 0.922843025 0.9386798421875 0.9149246171875 0.94184720625 0.8911693906249999 0.9481819343750001 0.8626631203124999 0.9497656140625 0.8610794374999999 0.940263525 0.8341568484374999 0.9038388453125 0.8135689859375 0.894336753125 0.7787279859375 0.8990878 0.7489167609375 0.89179019375 0.67594070625 0.8954389968750001 0.6686431015625 0.9018244015624999 0.6403648796875 0.9301026218749999 0.6029646515625 0.9273660203125 0.5473204109375 0.89179019375 0.5354618015625 0.8945267953125 0.5126567843750001 0.8972633984374999 0.49441277031249997 0.888141390625 0.4816419609375 0.867160775 0.4570125421875 0.8726339796874999 0.44150513125 0.8945267953125 0.3895096921875 0.8927023937499999 0.366704675 0.8735461796875 0.3393386546875 0.8498289625 0.33386545 0.8562143671875001 0.3302166484375 0.8817559859375 0.32565564375 0.90820980625 0.32565564375 0.9310148234375 0.329304446875 0.95838084375 0.3320410484375 0.9693272515625001 0.34004814375 0.9988597484374999 0.9988597484374999 0.9988597484374999 0.9988597484374999 0.9147806453125