7 0 0 0.00641025625 0.9952581671875 0.9987179484375 0.9932293218750001 0.9987179484375 0 0 0
4 0.50625 0.9328125 0.146875 0.09765625
4 0.2 0.9421875 0.109375 0.0953125
4 0.721875 0.9203125 0.05703125 0.07890625
2 0.12421875 0.115625 0.16015625 0.040625
2 0.87265625 0.1140625 0.16015625 0.040625
2 0.70546875 0.1140625 0.09453125 0.0375
2 0.56640625 0.1140625 0.09453125 0.0375
2 0.42734375 0.11171875 0.09453125 0.0375
2 0.29375 0.11640625 0.09453125 0.0375
2 0.12421875 0.23203125 0.16015625 0.040625
2 0.87265625 0.23125 0.16015625 0.040625
2 0.70546875 0.23125 0.09453125 0.0375
2 0.56640625 0.23125 0.09453125 0.0375
2 0.42734375 0.228125 0.09453125 0.0375
2 0.29375 0.2328125 0.09453125 0.0375
2 0.121875 0.3484375 0.16015625 0.040625
2 0.8703125 0.346875 0.16015625 0.040625
2 0.703125 0.346875 0.09453125 0.0375
2 0.5640625 0.346875 0.09453125 0.0375
2 0.425 0.34453125 0.09453125 0.0375
2 0.29140625 0.34921875 0.09453125 0.0375
2 0.1203125 0.45859375 0.16015625 0.040625
2 0.86953125 0.45703125 0.16015625 0.040625
2 0.70234375 0.45703125 0.09453125 0.0375
2 0.56328125 0.45703125 0.09453125 0.0375
2 0.42421875 0.4546875 0.09453125 0.0375
2 0.290625 0.459375 0.09453125 0.0375
2 0.13046875 0.57421875 0.16015625 0.040625
2 0.8796875 0.57265625 0.16015625 0.040625
2 0.71171875 0.57265625 0.09453125 0.0375
2 0.5734375 0.57265625 0.09453125 0.0375
2 0.434375 0.56953125 0.09453125 0.0375
2 0.3 0.57421875 0.09453125 0.0375
2 0.1203125 0.6859375 0.16015625 0.040625
2 0.86953125 0.684375 0.16015625 0.040625
2 0.70234375 0.684375 0.09453125 0.0375
2 0.56328125 0.684375 0.09453125 0.0375
2 0.42421875 0.68203125 0.09453125 0.0375
2 0.290625 0.68671875 0.09453125 0.0375
2 0.12265625 0.80390625 0.16015625 0.040625
2 0.87109375 0.80234375 0.16015625 0.040625
2 0.70390625 0.80234375 0.09453125 0.0375
2 0.56484375 0.80234375 0.09453125 0.0375
2 0.42578125 0.8 0.09453125 0.0375
2 0.2921875 0.8046875 0.09453125 0.0375
8 0.13671875 0.078125 0.134375 0.0328125
8 0.4296875 0.07265625 0.08984375 0.03515625
8 0.30078125 0.07578125 0.08046875 0.034375
8 0.56640625 0.075 0.08828125 0.03515625
8 0.703125 0.07421875 0.08984375 0.0390625
8 0.87109375 0.07734375 0.14296875 0.03125
8 0.12890625 0.19140625 0.1515625 0.04140625
8 0.42734375 0.18828125 0.09375 0.040625
8 0.29921875 0.19140625 0.0859375 0.03984375
8 0.565625 0.18984375 0.09375 0.03828125
8 0.703125 0.19375 0.08828125 0.03203125
8 0.875 0.3046875 0.15234375 0.03984375
8 0.13046875 0.30703125 0.1515625 0.04140625
8 0.42890625 0.30390625 0.09375 0.040625
8 0.30078125 0.30703125 0.0859375 0.03984375
8 0.5671875 0.3046875 0.09375 0.03828125
8 0.7046875 0.309375 0.08828125 0.03203125
8 0.875 0.3046875 0.15234375 0.03984375
8 0.1234375 0.41640625 0.1515625 0.04140625
8 0.421875 0.41328125 0.09375 0.040625
8 0.29375 0.41640625 0.0859375 0.03984375
8 0.559375 0.4140625 0.09375 0.03828125
8 0.70703125 0.41875 0.096875 0.034375
8 0.8671875 0.4140625 0.15234375 0.03984375
8 0.1265625 0.53125 0.1515625 0.04140625
8 0.425 0.52890625 0.09375 0.040625
8 0.296875 0.53203125 0.0859375 0.03984375
8 0.5625 0.5296875 0.09375 0.03828125
8 0.70625 0.53359375 0.090625 0.0390625
8 0.87109375 0.5296875 0.15234375 0.03984375
8 0.13203125 0.64765625 0.1515625 0.04140625
8 0.43046875 0.64453125 0.09375 0.040625
8 0.30234375 0.64765625 0.0859375 0.03984375
8 0.56875 0.64609375 0.09375 0.03828125
8 0.70859375 0.6453125 0.09296875 0.034375
8 0.8765625 0.64609375 0.15234375 0.03984375
8 0.1328125 0.7640625 0.1515625 0.04140625
8 0.2984375 0.7625 0.0828125 0.04453125
8 0.56953125 0.7625 0.09375 0.03828125
8 0.70859375 0.7625 0.09453125 0.0328125
8 0.87734375 0.7625 0.15234375 0.03984375
8 0.6702596765625 0.8543790640625 0.67107626875 0.9610954875 0.6906745062499999 0.960424315625 0.694757471875 0.8792124453125 0.7527355874999999 0.8792124453125 0.7543687734375 0.9563972796875 0.9405520171875 0.9563972796875 0.9405520171875 0.8543790640625 0.6702596765625 0.8543790640625
8 0.261146496875 0.9745189375000001 0.3313735109375 0.9718342468750001 0.33219010312499997 0.8530367203125 0.0594479828125 0.8584061000000001 0.061081168750000005 0.973847765625 0.1435570796875 0.973847765625 0.14437367343750002 0.8953205859375 0.2562469375 0.8919647234375001 0.261146496875 0.9745189375000001
8 0.43828125 0.76015625 0.0859375 0.0421875