7 0.9189448796875 0.0227901171875 0.7763410671875 0.25693515312500004 0.7645189890624999 0.25693515312500004 0.735702675 0.0027205421875 0.5871878234375 0.2680849171875 0.577582384375 0.2636250109375 0.5517215906249999 0.0071804484375000005 0.4113344171875 0.2480153421875 0.38990690156249996 0.2502452953125 0.367293146875 0 0.2236589328125 0.2502452953125 0.20075365781249999 0.2457853890625 0.1816277515625 0 0.0463277671875 0.23240567343750002 0 0.22882059531249999 0.0036721156249999998 0.9951379953125 0.9992537312499999 0.997277378125 0.9957883843750001 0.2658549640625 0.939633515625 0.25916510625 0.9189448796875 0.0227901171875
8 0.1109375 0.5109375 0.12421875 0.146875
8 0.29921875 0.50390625 0.12734375 0.14140625
8 0.48671875 0.50703125 0.1265625 0.146875
8 0.675 0.51015625 0.125 0.1484375
8 0.85703125 0.5140625 0.12109375 0.146875
4 0.1140625 0.86796875 0.146875 0.2125
4 0.48671875 0.865625 0.146875 0.2078125
4 0.67421875 0.86484375 0.1484375 0.209375
4 0.85703125 0.86875 0.14375 0.2078125
4 0.30234375 0.8640625 0.1546875 0.21484375