7 0 0.512919896875 0.0411918328125 0.5488084984375 0.0423789171875 0.599052540625 0.0821462484375 0.627763421875 0.0821462484375 0.9507608390625 0.0910493828125 0.9507608390625 0.091642925 0.992391615625 0.34330484375000003 0.9909560718750001 0.3424307171875 0.9987080109375001 0.9629629625 0.9823428078124999 0.9653371312499999 0.5459374109375 0.9991690406249999 0.505742175 0.9623694203125 0.5028710875 0.9623694203125 0.0908699390625 0.9994658125000001 0.0464623265625 0.9994658125000001 0.014786103125 0.79855175625 0.0033017515625 0.7107075015625 0.043496985937499996 0.34330484375000003 0.0305770890625 0.2465574546875 0.0779500421875 0 0.07078267499999999 0.0026115859375 0.0851277640625 0.04415954375 0.16838931875000002 0.0411918328125 0.5 0 0.4971535203125 0 0.512919896875
8 0.421875 0.3421875 0.03515625 0.16640625
8 0.4703125 0.34296875 0.034375 0.16796875
8 0.56796875 0.2515625 0.034375 0.1640625
8 0.61640625 0.25234375 0.03359375 0.16796875
4 0.446875 0.78671875 0.09296875 0.37265625
8 0.728125 0.77734375 0.07890625 0.3515625
8 0.84140625 0.77578125 0.0328125 0.33671875
8 0.88671875 0.775 0.03125 0.33671875
8 0.1828125 0.78984375 0.07890625 0.315625
8 0.840625 0.353125 0.034375 0.29140625
8 0.884375 0.35859375 0.03046875 0.29375
2 0.30234375 0.4328125 0.08125 0.1578125
2 0.7265625 0.43359375 0.078125 0.1390625