7 0 0.9899216125000001 0.01182795625 0.997872340625 0.9994999999999999 0.9759238531250001 0.9994999999999999 0.0072788359375 0 0.001694434375 0 0.9899216125000001
8 0.38984375 0.7828125 0.1328125 0.3546875
8 0.5 0.2625 0.99921875 0.259375
8 0.61328125 0.7765625 0.1328125 0.3359375
8 0.16796875 0.77578125 0.1234375 0.328125
8 0.82109375 0.83828125 0.0640625 0.22890625
4 0.61015625 0.79921875 0.046875 0.3125
4 0.390625 0.8046875 0.04609375 0.3171875
4 0.16875 0.79921875 0.04765625 0.31328125
5 0.2897849453125 0.624685428125 0.29677419375 0.6155342015625 0.30107526875 0.5446122171875001 0.29516129062499996 0.53546099375 0.29139784999999996 0.5240219640625 0.299462365625 0.5011439015625 0.30322580625 0.4965682921875 0.313440859375 0.505719515625 0.3198924734375 0.5171585453125 0.3193548390625 0.48741706875 0.311290321875 0.46911461875000005 0.30268817187499997 0.4553877828125 0.31182795625000004 0.4256463046875 0.3209677421875 0.38217799218750004 0.3236559140625 0.3432852890625 0.3236559140625 0.31125600625 0.3215053765625 0.281514528125 0.3166666671875 0.25863646875 0.313440859375 0.24490963125 0.305913978125 0.20144131718749997 0.3150537640625 0.2060169296875 0.31182795625000004 0.1808510640625 0.306989246875 0.1762754515625 0.30645161249999997 0.15339739218749998 0.311290321875 0.1122168828125 0.31182795625000004 0.0939144359375 0.299462365625 0.0893388234375 0.30537634375 0.057309540625 0.304838709375 0.029855868749999997 0.296236559375 0.029855868749999997 0.2935483875 0.0046900015625 0.2926157984375 0 0.20161290312500002 0.0001143890625 0.20376344062500001 0.025280254687499996 0.20913978437499997 0.059597346875 0.208064515625 0.08247540625000001 0.20591397812499998 0.0962022421875 0.21129032187500002 0.1328071390625 0.2166666671875 0.14882178125 0.21881720468750002 0.1785632578125 0.2284946234375 0.2037291234375 0.23333333281250002 0.24490963125 0.22473118281249999 0.2357584078125 0.22096774218749998 0.21059254218749998 0.21720430156249998 0.21059254218749998 0.2129032265625 0.217455959375 0.2161290328125 0.2540608546875 0.22096774218749998 0.281514528125 0.2252688171875 0.30668039375 0.2295698921875 0.31125600625 0.2258064515625 0.334134065625 0.21881720468750002 0.375314571875 0.23064516093749998 0.40048043906249997 0.24247311875 0.4027682453125 0.24731182812500002 0.4256463046875 0.24731182812500002 0.49428048437500005 0.238709678125 0.4988560984375 0.2284946234375 0.44394875312500004 0.22473118281249999 0.4279341109375 0.21397849375 0.42107069375000006 0.20913978437499997 0.4325097234375 0.21344085937499999 0.4782658421875 0.21881720468750002 0.5011439015625 0.22688172031249998 0.5217341578125 0.2274193546875 0.5469000234375 0.22258064531250002 0.5629146640625 0.22311827968750003 0.585792725 0.23817204374999998 0.6361244578125 0.24731182812500002 0.64527568125 0.2521505375 0.6773049640625 0.263440859375 0.6361244578125 0.26881720468750003 0.6178220078125001 0.2844086015625 0.6178220078125001 0.2897849453125 0.624685428125
5 0.6798507468749999 0 0.676119403125 0.0347729453125 0.675621890625 0.045358315625 0.678358209375 0.044299778125 0.6828358203125 0.061236371874999994 0.6833333328125 0.074997353125 0.6840796015625 0.1035778546875 0.6845771140625 0.1480364125 0.6848258703125001 0.1882608234375 0.6860696515625 0.226368159375 0.6845771140625 0.2221340109375 0.6813432828125 0.19884619375 0.675373134375 0.19778765781250002 0.669900496875 0.21049010156249998 0.669402984375 0.2200169359375 0.6716417906250001 0.2274266953125 0.676368159375 0.224251084375 0.6776119406250001 0.2231925484375 0.674378109375 0.2464803640625 0.672139303125 0.2549486609375 0.6716417906250001 0.26447549531250003 0.670895521875 0.277177940625 0.6696517421875 0.2930559953125 0.671890546875 0.3025828296875 0.675124378125 0.2962316078125 0.676865671875 0.29940721875 0.6823383078124999 0.31210966406249996 0.6878109453125 0.3301047953125 0.6900497515625 0.34704138906250004 0.6970149250000001 0.3809145765625 0.69925373125 0.3904414109375 0.70621890625 0.43384143125 0.7087064671875 0.42960728281250005 0.7154228859375 0.4391341171875 0.718905471875 0.459246321875 0.719900496875 0.5121731765625 0.7397297296875001 0.525876940625 0.7470270265625001 0.514376078125 0.7497297296875 0.527027028125 0.7567567562499999 0.502875215625 0.7567567562499999 0.4752731453125 0.7608108109375 0.474123059375 0.7686486484375 0.4775733171875 0.77 0.46607245468749997 0.7745945937500001 0.45917193906250003 0.7724324328125001 0.432719953125 0.7689189187500001 0.42351926406249996 0.767297296875 0.4051178828125 0.767297296875 0.382116159375 0.7678378375 0.3660149515625 0.77108108125 0.359114434375 0.768378378125 0.3361127078125 0.7670270265625 0.324611846875 0.758378378125 0.34301322500000003 0.7559459453125 0.3568142609375 0.75891891875 0.3131109828125 0.7635135140625 0.2958596890625 0.7637837843749999 0.2751581359375 0.764864865625 0.2590569296875 0.764864865625 0.24295572187499997 0.7618918921875 0.226854515625 0.762702703125 0.2176538234375 0.7664864859375 0.2004025296875 0.7697297296875 0.18775158125 0.7735135140625 0.1670500296875 0.77675675625 0.1474985609375 0.7816216218750001 0.1256469234375 0.787297296875 0.08999424843750001 0.794324325 0.05664174843749999 0.79676616875 0.0231290359375 0.79427860625 0.015719276562500002 0.7865671640625 0.028421721875 0.7845771140625 0.054885148437499996 0.779850746875 0.0633534453125 0.773880596875 0.07817296562500001 0.770895521875 0.0824071125 0.7674129359374999 0.08981687187500001 0.7676616921875 0.061236371874999994 0.773631840625 0.0474753890625 0.771890546875 0.0199534234375 0.7689877984375 0 0.6798507468749999 0
5 0.96162790625 0.11900049531250001 0.9546511625 0.158584859375 0.9465116281249999 0.19322117656249999 0.9337209296875001 0.21301335937500002 0.9302325578125 0.2377535875 0.9441860468750001 0.247649678125 0.9709302328125 0.2525977234375 0.9686046515625 0.29218208749999997 0.9627906968750001 0.331766453125 0.9755813953124999 0.34166254218750003 0.9918604656250001 0.34661058906250003 0.9994999999999999 0.386194953125 0.9994999999999999 0.09920831249999999 0.9994999999999999 0.095977946875 0.96162790625 0.11900049531250001
5 0.817605634375 0.31944860625 0.8116197187499999 0.352412346875 0.81126760625 0.377884328125 0.81232394375 0.3629008078125 0.8225352109375 0.3434222359375 0.8281690140625001 0.3359304765625 0.8235915500000001 0.3479172921875 0.818309859375 0.376385975 0.8207746484375 0.3943661984375 0.83767605625 0.43332334531249994 0.843661971875 0.46029367656250003 0.8514084499999999 0.46928378750000005 0.8542253515624999 0.49026071250000003 0.8605633812500001 0.5187293984375 0.86267605625 0.533712915625 0.8633802812500001 0.491759065625 0.86091549375 0.42283488125 0.8623239437500001 0.331435421875 0.8580985921875 0.286484865625 0.855985915625 0.25052442343750003 0.8489436625 0.23404255312500002 0.8390845062500001 0.23703925781250001 0.8260563375000001 0.2715013484375 0.8292253515624999 0.30746179218749997 0.817605634375 0.31944860625