7 0.8546612625 0.0737819234375 0.8300521140624999 0.07813998125 0.8314997109375 0.0694238640625 0.5097954062500001 0 0.13231036406250002 0.0729103109375 0.138100753125 0.12782184218749998 0 0.15411769375 0.0049218296875 0.9976902296875 0.999203821875 0.9993326609375 0.999203821875 0.1591998609375 0.853213665625 0.12782184218749998 0.8546612625 0.0737819234375
2 0.17578125 0.41328125 0.309375 0.03984375
2 0.81875 0.29921875 0.30859375 0.040625
2 0.4984375 0.52578125 0.2390625 0.03515625
2 0.82109375 0.75703125 0.315625 0.04140625
2 0.184375 0.640625 0.309375 0.03671875
4 0.53046875 0.89609375 0.07578125 0.0859375
2 0.440625 0.92109375 0.87265625 0.03359375
8 0.5722024484375 0.9027785609375 0.6127919328125 0.903718534375 0.6112307984375 0.81865095 0.3833052328125 0.8177109765624999 0.3817440984375 0.903718534375 0.4894623453125 0.9032485484375 0.4925846140625 0.8529599765625001 0.57142188125 0.8515500156250001 0.5722024484375 0.9027785609375
8 0.1890625 0.60859375 0.29296875 0.0265625
8 0.50234375 0.49609375 0.22578125 0.02421875
8 0.80703125 0.7203125 0.29296875 0.02890625
8 0.19140625 0.3859375 0.28671875 0.015625
8 0.80859375 0.2578125 0.2921875 0.04296875
5 0 0.8523489937500001 0.0143312109375 0.855544903125 0.023619957812500002 0.8651326296875 0.0421974515625 0.8731224031249999 0.048832271875 0.885906040625 0.087314225 0.877117290625 0.089968153125 0.885906040625 0.066082803125 0.9058804734375 0.095276009375 0.9058804734375 0.11252653906250001 0.9114733140625001 0.16295116875 0.9122722921875001 0.23858811093750001 0.9130712687500001 0.2983014859375 0.90428251875 0.320859871875 0.9018855859375 0.359341825 0.9026845640625 0.3991507421875 0.907478428125 0.4336518046875 0.901086609375 0.45222930000000006 0.8922978578125 0.480095540625 0.8723234265625001 0.48274946874999997 0.845957175 0.49601910781249997 0.8171939921875 0.4840764328125 0.8020134234375 0.4509023359375 0.788430809375 0.46151804687500003 0.7764461484375 0.47611465 0.7708533078124999 0.4548832265625 0.756471715625 0.4283439484375 0.74448705625 0.4482484078125 0.7277085328124999 0.44161358906250003 0.7189197828125 0.42967091249999995 0.708533078125 0.4283439484375 0.686960690625 0.4177282375 0.6821668265625 0.3925159234375 0.6877596671874999 0.379246284375 0.6797698953125 0.372611465625 0.671780121875 0.35005307812500003 0.6581975078125 0.3195329078125 0.641418984375 0.30095541406250004 0.641418984375 0.2823779203125 0.6454138703125001 0.267781315625 0.647011825 0.2624734609375 0.6246404609375 0.2412420375 0.6046660265625 0.2027600859375 0.5655161390625 0.18816348125 0.5503355703125 0.1934713375 0.5167785234375 0.1855095546875 0.5047938640625 0.16295116875 0.5039948859375001 0.1417197453125 0.5215723875 0.1058917203125 0.5463406843749999 0.107218684375 0.5535314796875 0.1244692140625 0.5719079578125 0.1098726109375 0.576701821875 0.0979299359375 0.5846915953125 0.0926220796875 0.598274209375 0.08200636875 0.6030680734375 0.111199575 0.609459890625 0.13508492656249999 0.607062959375 0.15233545625 0.6174496640625 0.0886411890625 0.6366251203125 0.087314225 0.6462128468749999 0.089968153125 0.6629913703125 0.0912951171875 0.674177053125 0.066082803125 0.6845637578125 0.054140128125 0.70134228125 0.063428875 0.7125279640625 0.08200636875 0.7285075109375 0.0567940546875 0.738894215625 0.0050424625 0.7500798984375 0 0.7652604671875001 0 0.8227868328125 0 0.8523489937500001
5 0.9851133171875001 0.8021249078125001 0.9758554296874999 0.7909763875 0.9517849203125 0.809928871875 0.9240112578125 0.819962540625 0.9036439046875 0.8277665046875 0.8795733968749999 0.853408103125 0.8517997328125 0.86232691875 0.8555028890624999 0.8846239609375001 0.8573544656250001 0.8901982203125 0.8758702406250001 0.9292180421875 0.8536513109375001 0.9437111187499999 0.848096578125 0.9693527171874999 0.83143238125 0.97715668125 0.7925492515625 0.97715668125 0.748111390625 0.9782715328125 0.670345134375 0.9749269765624999 0.6610872453125001 0.9782715328125 0.6407198937499999 0.986075496875 0.611094653125 0.9972240187500001 0.999203821875 0.9995206140624999 0.999203821875 0.8180948359375 0.9851133171875001 0.8021249078125001