7 0.6162407015625 0.35243055624999997 0.6357391406249999 0.34809027812500004 0.6609777765625 0.1020735984375 0.66299630625 0.053884345312500005 0.48385175937499997 0.03636098125 0.4757776390625 0.00569509375 0 0.022082596875 0.0007355937499999999 0.117300725 0.0077785078125 0.1422101453125 0.0093436 0.4977355078125 0.0023006859375 0.51585145 0.007289417187499999 0.9861111109375 0.9972102234375001 0.9796006937499999 0.9949604031250001 0.47612847187499996 0.6162407015625 0.47612847187499996 0.6162407015625 0.35243055624999997
4 0.521875 0.79609375 0.0484375 0.32734375
8 0.5984375 0.7875 0.1046875 0.3109375
8 0.5546875 0.35546875 0.0375 0.19375
8 0.06484375 0.7234375 0.08359375 0.24921875
8 0.2484375 0.7234375 0.03203125 0.22265625
8 0.390625 0.71953125 0.03359375 0.23515625
8 0.25 0.3328125 0.03671875 0.2140625
8 0.3890625 0.32578125 0.040625 0.21953125
5 0.7752843359375 0.44355130000000004 0.7743479953125 0.42819725468750003 0.772787425 0.4137463875 0.7693541749999999 0.3857478328125 0.7674814921875 0.36407153124999997 0.7634240125 0.3333634390625 0.754996940625 0.32704118437499996 0.7443850734375 0.3098807796875 0.7359580015625 0.2981394515625 0.7265945890625 0.29181719687499996 0.720664428125 0.2873013 0.7125494703124999 0.294526734375 0.7041223984375 0.3071712421875 0.6963195546875001 0.3116871390625 0.6919499609375 0.305364884375 0.6878924828125 0.297236271875 0.6847713453125001 0.292720375 0.68102598125 0.299945809375 0.6766563875 0.3089776015625 0.6747837046875 0.32613800625 0.67197468125 0.33787933593749997 0.665108178125 0.3523302015625 0.6660445203124999 0.3360729765625 0.66261126875 0.32704118437499996 0.6573053343749999 0.33065390156249996 0.6504388328124999 0.324331646875 0.646381353125 0.3279443640625 0.6454450125 0.3432984109375 0.6392027359375 0.36226517343750003 0.6345210296875 0.3758128609375 0.63171200625 0.3785223984375 0.6257818453125 0.3830382953125 0.6251576171875 0.387554190625 0.6226607078125 0.4083273125 0.620163796875 0.4137463875 0.6167305453124999 0.4200686421875 0.6157942046875 0.434519509375 0.61641843125 0.45800216718750003 0.6167305453124999 0.47335621406249995 0.6235970484375 0.4760657515625 0.7418881640625 0.47696893124999995 0.7434487328125 0.44355130000000004 0.7752843359375 0.44355130000000004
5 0.8448857046875 0.47787210937499996 0.8554975718750001 0.4787752890625 0.8932633359375 0.427294075 0.892639109375 0.4182622828125 0.8920148812500001 0.4047145953125 0.8917027671875 0.390263728125 0.88577260625 0.371296965625 0.8838999234375 0.34510476875 0.8789061031250001 0.3333634390625 0.8782818765625 0.3125903171875 0.8689184640625 0.3098807796875 0.8611156187500001 0.2963330921875 0.8573702546874999 0.2827854046875 0.8505037515625 0.278269509375 0.84550993125 0.2800758671875 0.8402039968749999 0.2900108375 0.83614651875 0.3008489890625 0.832401153125 0.2854949421875 0.827407334375 0.2909140171875 0.8192923765625 0.2990426296875 0.8118016453125 0.313493496875 0.8018140046875001 0.3171062140625 0.7977565265625 0.324331646875 0.79900498125 0.34510476875 0.8008776640624999 0.3523302015625 0.7977565265625 0.36768424843749997 0.793699046875 0.35052384375 0.789017340625 0.3541365609375 0.7887052265625 0.363168353125 0.7887052265625 0.37310332343749997 0.787456771875 0.3785223984375 0.7824629515625 0.382135115625 0.779653928125 0.3839414734375 0.7743479953125 0.3866510109375 0.7696662875 0.387554190625 0.7752843359375 0.44174494218750004 0.8439493625000001 0.44355130000000004 0.8448857046875 0.47787210937499996