7 0 0 0 0.99882214375 0.007352940625 0.9936603609375 0.9994999999999999 0.9953156125 0.9994999999999999 0.0998752859375 0.5926470593750001 0.09121457656250001 0.6029411765625 0.0115360640625 0.5888150453125001 0 0 0
8 0.02109375 0.2859375 0.0421875 0.346875
8 0.31953125 0.29296875 0.084375 0.3375
8 0.6234375 0.359375 0.06875 0.31171875
8 0.76328125 0.34765625 0.07109375 0.27734375
8 0.96015625 0.7640625 0.07890625 0.35859375
8 0.80390625 0.76640625 0.0859375 0.33984375
8 0.62421875 0.77421875 0.06953125 0.303125
4 0.49609375 0.7921875 0.1078125 0.3171875
8 0.3328125 0.78359375 0.07890625 0.32421875
2 0.49921875 0.9 0.99765625 0.1703125