7 0.0003889921875 0.9884294875 0.9993131875 0.9935382234375 0.9971798109375 0.009505271875 0 0.0086317015625 0.0003889921875 0.9884294875
4 0.50078125 0.94140625 0.0640625 0.11171875
8 0.0453125 0.1140625 0.03828125 0.07890625
8 0.165625 0.1125 0.03828125 0.07890625
8 0.228125 0.11484375 0.03828125 0.07890625
8 0.3484375 0.1140625 0.03828125 0.07890625
8 0.2875 0.1140625 0.03828125 0.07890625
8 0.4125 0.1140625 0.03828125 0.07890625
8 0.53203125 0.1125 0.03828125 0.07890625
8 0.5953125 0.11484375 0.03828125 0.07890625
8 0.7125 0.1140625 0.03828125 0.07890625
8 0.6515625 0.1140625 0.03828125 0.07890625
8 0.46796875 0.11171875 0.03828125 0.07890625
8 0.76875 0.11171875 0.03828125 0.07890625
8 0.83203125 0.1140625 0.03828125 0.07890625
8 0.94921875 0.1125 0.03828125 0.07890625
8 0.88828125 0.1125 0.03828125 0.07890625
8 0.0453125 0.37734375 0.03828125 0.07890625
8 0.04453125 0.2453125 0.03828125 0.07890625
8 0.1078125 0.246875 0.03828125 0.07890625
8 0.228125 0.24609375 0.03828125 0.07890625
8 0.1671875 0.24609375 0.03828125 0.07890625
8 0.29140625 0.24609375 0.03828125 0.07890625
8 0.41171875 0.2453125 0.03828125 0.07890625
8 0.475 0.246875 0.03828125 0.07890625
8 0.5921875 0.24609375 0.03828125 0.07890625
8 0.53125 0.24609375 0.03828125 0.07890625
8 0.346875 0.24375 0.03828125 0.07890625
8 0.65 0.24296875 0.03828125 0.07890625
8 0.7109375 0.24609375 0.03828125 0.07890625
8 0.1078125 0.37578125 0.03984375 0.08203125
8 0.04453125 0.50078125 0.04140625 0.09375
8 0.10625 0.50234375 0.0390625 0.0921875
8 0.2265625 0.38046875 0.03828125 0.07890625
8 0.165625 0.38046875 0.03828125 0.07890625
8 0.290625 0.38046875 0.03828125 0.07890625
8 0.4078125 0.371875 0.04296875 0.09375
8 0.46875 0.37578125 0.040625 0.096875
8 0.58984375 0.37421875 0.03984375 0.09140625
8 0.52890625 0.3734375 0.03984375 0.09375
8 0.34609375 0.37890625 0.03828125 0.07890625
8 0.65 0.37265625 0.0375 0.0953125
8 0.7125 0.37265625 0.0390625 0.10234375
8 0.77265625 0.3703125 0.0375 0.1015625
8 0.95546875 0.37265625 0.0390625 0.09921875
8 0.89375 0.371875 0.03828125 0.0984375
8 0.8328125 0.37265625 0.0390625 0.09765625
8 0.771875 0.24375 0.04296875 0.0875
8 0.16953125 0.50625 0.034375 0.0921875
8 0.2296875 0.5078125 0.0390625 0.09375
8 0.28515625 0.6359375 0.04140625 0.09375
8 0.346875 0.6375 0.0390625 0.0921875
8 0.41015625 0.6421875 0.034375 0.0921875
8 0.47109375 0.6359375 0.0390625 0.09375
8 0.2890625 0.50546875 0.0390625 0.09375
8 0.34765625 0.5046875 0.0390625 0.09375
8 0.4078125 0.50390625 0.040625 0.0953125
8 0.46796875 0.5078125 0.0421875 0.09609375
8 0.5296875 0.5078125 0.0375 0.096875
8 0.5890625 0.5078125 0.0421875 0.09375
8 0.65078125 0.50703125 0.04375 0.096875
8 0.7109375 0.50625 0.04375 0.10078125
8 0.77265625 0.5078125 0.04140625 0.0984375
8 0.83359375 0.50703125 0.0421875 0.0953125
8 0.89453125 0.50625 0.03984375 0.09921875
8 0.9546875 0.50625 0.0390625 0.09921875
8 0.7125 0.63828125 0.0390625 0.09375
8 0.65078125 0.6390625 0.0375 0.0921875
8 0.59453125 0.6390625 0.0390625 0.0921875
8 0.5328125 0.6375 0.04140625 0.09375
8 0.95 0.6390625 0.0390625 0.09375
8 0.88828125 0.63984375 0.0375 0.0921875
8 0.83203125 0.63984375 0.0390625 0.0921875
8 0.7703125 0.63828125 0.04140625 0.09375
8 0.12578125 0.63515625 0.24765625 0.09140625
8 0.04140625 0.7671875 0.04609375 0.0921875
8 0.10390625 0.7671875 0.04296875 0.08828125
8 0.165625 0.7703125 0.0359375 0.09453125
8 0.22578125 0.7671875 0.04375 0.0921875
8 0.2859375 0.77265625 0.0421875 0.0921875
8 0.34765625 0.76796875 0.04453125 0.08984375
8 0.40859375 0.76796875 0.04609375 0.09296875
8 0.590625 0.76953125 0.03828125 0.09609375
8 0.65078125 0.77109375 0.03984375 0.0953125
8 0.71171875 0.76796875 0.04140625 0.09296875
8 0.7734375 0.77109375 0.04140625 0.0890625
8 0.834375 0.76953125 0.04453125 0.09609375
8 0.89453125 0.771875 0.0390625 0.09765625
8 0.95625 0.76484375 0.040625 0.09296875
8 0.04375 0.9234375 0.0421875 0.14296875
8 0.10546875 0.9203125 0.0421875 0.14296875
8 0.1671875 0.921875 0.0375 0.140625
8 0.22890625 0.92109375 0.0390625 0.14609375
8 0.77734375 0.925 0.0421875 0.14296875
8 0.715625 0.928125 0.0421875 0.14296875
8 0.6515625 0.92578125 0.0421875 0.14296875
8 0.58984375 0.928125 0.0421875 0.14140625
8 0.83359375 0.9265625 0.0421875 0.14296875
8 0.9 0.925 0.0421875 0.14296875
8 0.959375 0.928125 0.0421875 0.14296875
8 0.3484375 0.9234375 0.0390625 0.14609375
8 0.28671875 0.9234375 0.0375 0.140625
8 0.41015625 0.921875 0.0390625 0.14609375
8 0.90625 0.23671875 0.1859375 0.1015625
8 0.44926244843749996 0.9930251140624999 0.4678249671875 0.9930251140624999 0.4696812203125 0.8858000359375 0.53155628125 0.8858000359375 0.533412534375 0.9888202093749999 0.5501188 0.9919738875 0.5501188 0.7207575140625 0.4480249484375 0.7197062875 0.44926244843749996 0.9930251140624999
8 0.1046875 0.10390625 0.04140625 0.0921875