7 0.014515335937500002 0.9965232500000001 0.9871248156249999 0.9780530203125 0.9960484984375 0 0.0063145812499999995 0.00347675 0.014515335937500002 0.9965232500000001
4 0.5046875 0.93359375 0.03984375 0.1078125
4 0.82734375 0.92890625 0.03671875 0.1
4 0.62578125 0.9375 0.04140625 0.09921875
8 0.5283010578125 0.8800454312499999 0.5304991984375 0.9579474625 0.5447871109375 0.9594035765625 0.5453366453124999 0.8472828937499999 0.4019079859375 0.845098725 0.4024575203125 0.9543071812499999 0.48543732031250003 0.9550352375 0.4859868546875 0.8771332062500001 0.5283010578125 0.8800454312499999
8 0.8486800171875 0.9572194062499999 0.864067 0.9586755203124999 0.8662651390624999 0.845098725 0.771745103125 0.8480109499999999 0.771745103125 0.9586755203124999 0.8085639546875001 0.9586755203124999 0.8080144203125 0.8800454312499999 0.8464818765625 0.8778612609374999 0.8486800171875 0.9572194062499999
8 0.05546875 0.18515625 0.0328125 0.1734375
8 0.10703125 0.184375 0.0328125 0.1734375
8 0.175 0.18671875 0.0328125 0.1734375
8 0.22578125 0.1859375 0.0328125 0.1734375
8 0.2984375 0.1859375 0.0328125 0.1734375
8 0.35 0.18515625 0.0328125 0.1734375
8 0.41796875 0.1875 0.0328125 0.1734375
8 0.93046875 0.3984375 0.02109375 0.07890625
8 0.540625 0.18671875 0.0328125 0.1734375
8 0.59375 0.184375 0.0375 0.17109375
8 0.66328125 0.1875 0.0390625 0.171875
8 0.71484375 0.18359375 0.040625 0.165625
8 0.784375 0.15078125 0.0421875 0.10703125
8 0.834375 0.1515625 0.04140625 0.103125
8 0.921875 0.16015625 0.0734375 0.1171875
8 0.93203125 0.5625 0.025 0.07890625
8 0.46953125 0.1859375 0.04140625 0.1734375
8 0.88671875 0.396875 0.02109375 0.07890625
8 0.8875 0.56015625 0.025 0.07890625
8 0.85234375 0.3984375 0.02109375 0.07890625
8 0.85390625 0.5609375 0.025 0.07890625
8 0.809375 0.559375 0.025 0.07890625
8 0.8078125 0.396875 0.02109375 0.07890625
8 0.77265625 0.39765625 0.02109375 0.07890625
8 0.72578125 0.3953125 0.02109375 0.07890625
8 0.69140625 0.396875 0.02109375 0.07890625
8 0.646875 0.39453125 0.02109375 0.07890625
8 0.6421875 0.5625 0.025 0.07890625
8 0.6921875 0.56015625 0.025 0.07890625
8 0.72734375 0.5578125 0.025 0.07890625
8 0.77109375 0.5609375 0.025 0.07890625
8 0.60625 0.40234375 0.02109375 0.07890625
8 0.5625 0.40078125 0.02109375 0.07890625
8 0.528125 0.40234375 0.02109375 0.07890625
8 0.484375 0.40078125 0.02109375 0.07890625
8 0.4484375 0.40234375 0.02109375 0.07890625
8 0.4015625 0.4015625 0.02109375 0.07890625
8 0.36796875 0.40234375 0.02109375 0.07890625
8 0.3234375 0.40078125 0.02109375 0.07890625
8 0.60703125 0.565625 0.025 0.07890625
8 0.5625 0.5640625 0.025 0.07890625
8 0.52890625 0.56484375 0.025 0.07890625
8 0.48515625 0.56328125 0.025 0.07890625
8 0.44609375 0.56484375 0.025 0.07890625
8 0.40234375 0.56171875 0.025 0.07890625
8 0.3671875 0.5640625 0.025 0.07890625
8 0.31796875 0.56640625 0.025 0.07890625
8 0.08125 0.3984375 0.02109375 0.07890625
8 0.125 0.4 0.02109375 0.07890625
8 0.15859375 0.39921875 0.02109375 0.07890625
8 0.20625 0.4 0.02109375 0.07890625
8 0.24140625 0.3984375 0.02109375 0.07890625
8 0.2859375 0.4 0.02109375 0.07890625
8 0.07890625 0.56484375 0.01953125 0.08203125
8 0.125 0.5625 0.0234375 0.0796875
8 0.159375 0.5671875 0.0203125 0.07734375
8 0.20546875 0.56484375 0.0171875 0.0828125
8 0.23828125 0.56484375 0.01796875 0.08203125
8 0.2859375 0.5625 0.021875 0.08125
8 0.93203125 0.72421875 0.025 0.07890625
8 0.8875 0.721875 0.025 0.07890625
8 0.85390625 0.72265625 0.025 0.07890625
8 0.809375 0.72109375 0.025 0.07890625
8 0.77109375 0.72265625 0.025 0.07890625
8 0.70625 0.72109375 0.06171875 0.12734375
8 0.6421875 0.72421875 0.025 0.07890625
8 0.60703125 0.72734375 0.025 0.07890625
8 0.5625 0.72578125 0.025 0.07890625
8 0.52890625 0.7265625 0.025 0.07890625
8 0.48515625 0.725 0.025 0.07890625
8 0.44609375 0.7265625 0.025 0.07890625
8 0.40234375 0.72421875 0.025 0.07890625
8 0.3671875 0.72578125 0.025 0.07890625
8 0.31796875 0.728125 0.025 0.07890625
8 0.2859375 0.72421875 0.021875 0.08125
8 0.23828125 0.7265625 0.01796875 0.08203125
8 0.20546875 0.7265625 0.0171875 0.0828125
8 0.159375 0.72890625 0.0203125 0.07734375
8 0.125 0.725 0.0234375 0.0796875
8 0.07890625 0.72734375 0.01953125 0.08203125