7 0.9928821609374999 0.0072950875 0.91591345625 0.0072950875 0.8276465937499999 0.0340310140625 0.7711558015625 0.026392178125 0.765506721875 0.0053853796875 0.64263925 0.0454892671875 0.6158061234375001 0.02448246875 0.6108631796874999 0.0025208156249999997 0.49505705468750005 0.0426247046875 0.463280984375 0.027347032812499998 0.45127669218750005 0.004430524999999999 0.3375889734375 0.0426247046875 0.3044006328125 0.022572759375 0.29451474375000003 0.006340234375000001 0.18930064375 0.046444121875 0.159642978125 0.033076159375000004 0.137752796875 0.0025208156249999997 0.00288103125 0.0034756703125000004 0 0.5772722796875 0.0057055703125 0.990795203125 0.286041125 0.986975784375 0.30016382343750003 0.9946146203125 0.9942944296875 0.9898403484375 0.9928821609374999 0.0072950875
4 0.18515625 0.9078125 0.05625 0.14375
8 0.33773890624999997 0.0596195453125 0.3018517765625 0.038128778125 0.3028771234375 0.7313792921875 0.3372262328125 0.7313792921875 0.33773890624999997 0.0596195453125
8 0.33773890624999997 0.0596195453125 0.3018517765625 0.038128778125 0.3028771234375 0.7313792921875 0.3372262328125 0.7313792921875 0.33773890624999997 0.0596195453125
8 0.6412414890625 0.062392546874999996 0.6120191125 0.0395152796875 0.6140698046875 0.27868670624999997 0.613044459375 0.7327657921874999 0.6422668359375 0.7320725421875001 0.6412414890625 0.062392546874999996
8 0.8278545656249999 0.0457545328125 0.7673591171874999 0.033276025 0.7688971375 0.2689812 0.8252911984375 0.266901446875 0.8278545656249999 0.0457545328125
8 0.8555389218749999 0.5816371796875 0.7673591171874999 0.56638566875 0.7663337703125 0.9580722078124999 0.8560515953125 0.9566857078125001 0.8555389218749999 0.5816371796875
8 0.8263165453125 0.3320669953125 0.765821096875 0.3195884875 0.7673591171874999 0.5393488984375 0.8278545656249999 0.5407354 0.8263165453125 0.3320669953125
8 0.646875 0.85859375 0.0734375 0.19296875
8 0.5299913875 0.5878764359375 0.4556537609375 0.569851921875 0.45360306875 0.9532194546874999 0.5310167328125 0.9532194546874999 0.5299913875 0.5878764359375
8 0.374138709375 0.78614608125 0.2982630625 0.78475958125 0.30031375625 0.9518329546875 0.374138709375 0.9539127046875 0.374138709375 0.78614608125
8 0.22751415000000003 0.5864899343750001 0.1429230578125 0.570545171875 0.1429230578125 0.7272197890625 0.22802682343749997 0.7286062890625 0.22751415000000003 0.5864899343750001
8 0.187525634375 0.32998724375 0.15471454375 0.317508734375 0.15266385 0.5393488984375 0.187525634375 0.5393488984375 0.187525634375 0.32998724375
8 0.18803830625 0.0603127953125 0.1542018703125 0.0402085296875 0.151638503125 0.27106094999999997 0.18803830625 0.26967445 0.18803830625 0.0603127953125
8 0.21046142968749998 0.8334127171875 0.21970764375 0.831626578125 0.21970764375 0.7893546078125 0.1607079953125 0.7929268875 0.1607079953125 0.8405572749999999 0.21046142968749998 0.8381757562500001 0.21046142968749998 0.8334127171875
8 0.4902753546875 0.060473715625 0.45844924374999996 0.041346553125000005 0.45844924374999996 0.270075553125 0.4932222171875 0.27166948281250003 0.4902753546875 0.060473715625
8 0.4896859828125 0.3234722171875 0.45844924374999996 0.311517740625 0.45785987031250003 0.5410437046875 0.4896859828125 0.5426376359375 0.4896859828125 0.3234722171875