7 0 0 0 0.99646643125 0.0071615593749999994 0.9766209218749999 0.9994905749999999 0.98624673125 0.9994905749999999 0.187944565625 0.961789865625 0.05027305 0.9365804078125001 0 0 0
8 0.2125 0.6625 0.0890625 0.63359375
4 0.1828125 0.8 0.03125 0.34453125
4 0.24375 0.80859375 0.028125 0.3515625
8 0.36110030625 0.338987625 0.26749671875000003 0.338987625 0.2662419796875 0.79156295 0.29359530624999997 0.7828595796875 0.2928424625 0.474760221875 0.36185315 0.48520426875 0.36110030625 0.338987625
8 0.46423991718749996 0.33724695 0.3678759015625 0.340728296875 0.3686287453125 0.7880816046875 0.3987425 0.7846002546874999 0.3977387078125 0.48346359375 0.46524370781249996 0.47824157187500005 0.46423991718749996 0.33724695
8 0.5716873265625 0.489093921875 0.5713946937500001 0.347690996875 0.4770382625 0.340728296875 0.4760344703125 0.7793782296875 0.5058972765624999 0.7863409296875 0.506148225 0.48172291874999995 0.5716873265625 0.489093921875
4 0.6109375 0.80625 0.06640625 0.3484375
8 0.6448951625 0.9901654203125 0.6753269828125 0.99646643125 0.6742624734375 0.3348128375 0.5773475968749999 0.33640884843749996 0.5770470515625 0.627427375 0.6451205703125 0.627427375 0.6448951625 0.9901654203125
8 0.71139081875 0.483582975 0.7774356578125 0.496091184375 0.777661065625 0.3522467875 0.6823130578125001 0.335048 0.6816368296875 0.7978517140625 0.70981295625 0.80254229375 0.71139081875 0.483582975
8 0.8192299296875 0.5048538015624999 0.8844474421875 0.4951461984375 0.8841675390624999 0.3514736140625 0.7917993875 0.3495320921875 0.789560159375 0.799965053125 0.8175505078124999 0.8038480953124999 0.8192299296875 0.5048538015624999
8 0.986217240625 0.35473105625 0.89395483125 0.35473105625 0.8956529124999999 0.8023164515625 0.919992075 0.7905378875 0.9194260484375001 0.5 0.986217240625 0.5 0.986217240625 0.35473105625
8 0.086273478125 0.502849653125 0.14871904375 0.4857517390625 0.149540696875 0.3261712078125 0.06162391406249999 0.3318705125 0.06162391406249999 0.770716971875 0.083808521875 0.753619059375 0.086273478125 0.502849653125
8 0.0484647796875 0.35544490781250004 0.0021534765625000002 0.3474140703125 0 0.5291008374999999 0.046149215625000004 0.5 0.0484647796875 0.35544490781250004