7 0.0240283609375 0 0.0023634453125 0.0167664 0 0.033024725 0 0.12063904218749999 0.0634191171875 0.32161002656250004 0.0772058828125 0.35999774218749997 0.0778623953125 0.5903240390625 0.0240283609375 0.5970983390625 0.013524159375 0.6219374515625 0.0214023109375 0.6490346625 0.0772058828125 0.6738737718750001 0.0764802640625 0.9505505609375 0.36254699218750003 0.9707546218750001 0.5986842109375 0.9788362453125 0.726738721875 0.9848974640625 0.9994419640625001 0.985397503125 0.9994419640625001 0 0.0240283609375 0
4 0.63125 0.87109375 0.06796875 0.22109375
5 0.8263017984375001 0.798164128125 0.8263017984375001 0.7732560687500001 0.8165042265625001 0.7307658499999999 0.807984596875 0.7029274296875 0.7986130046875 0.645785409375 0.7926492640625 0.6560416703125 0.783277671875 0.68534526875 0.7611266359375 0.698531890625 0.7555888765625001 0.69999706875 0.7509030812499999 0.7102533296875 0.7491991546875 0.748348009375 0.744513359375 0.7732560687500001 0.7428094328125 0.7908382296875 0.740679525 0.8084203890625 0.752181025 0.8450498890624999 0.7398275625 0.8846097484375001 0.7500511171875 0.9080526296875 0.7615526171875 0.9358910500000001 0.76538645 0.9651946484374999 0.784555615625 0.982776809375 0.8062806703125001 0.9549383890625001 0.8207640406250001 0.9300303296875001 0.8305616140625001 0.9007267296875 0.8288576875 0.8772838484375001 0.8263017984375001 0.798164128125
8 0.2859375 0.80234375 0.0828125 0.2484375
8 0.40390625 0.80234375 0.0875 0.2328125
8 0.51953125 0.80390625 0.0859375 0.2328125
8 0.7296875 0.80390625 0.03984375 0.240625
8 0.8703125 0.8 0.08203125 0.2375
8 0.971875 0.79453125 0.05546875 0.228125
8 0.97734375 0.43515625 0.04296875 0.31796875
8 0.8734375 0.4328125 0.0734375 0.29921875
8 0.75546875 0.42578125 0.0734375 0.31328125
8 0.6359375 0.434375 0.0765625 0.3125
8 0.51796875 0.43359375 0.071875 0.3140625
8 0.40234375 0.4390625 0.071875 0.3015625
8 0.284375 0.4296875 0.06953125 0.31015625
8 0.16953125 0.42890625 0.071875 0.31171875
8 0.09375 0.43125 0.015625 0.3015625
8 0.1921875 0.79765625 0.046875 0.20078125
5 0.1852106234375 0.81620650625 0.1794871796875 0.794059746875 0.1902186359375 0.7522269781250001 0.2081043953125 0.6710221953125 0.21597412968750002 0.63657168125 0.201665521875 0.6513361875 0.18950320468749998 0.6316501796875 0.1709020140625 0.621807175 0.159455128125 0.5898174125 0.1637477109375 0.5479846453125 0.1630322796875 0.5184556328125 0.15659340625 0.5307593875000001 0.1501545328125 0.5430631421875 0.14657738125 0.525837884375 0.14657738125 0.474162115625 0.13298420312499998 0.48400511875 0.13083791250000001 0.5159948812499999 0.13584592499999998 0.54552389375 0.12439903906250001 0.5406023921875 0.12153731718750001 0.4987696234375 0.1208218875 0.48154436718750004 0.111521290625 0.5086126281250001 0.1086595703125 0.5504453953125 0.101505265625 0.5701314046875 0.091489240625 0.5775136562500001 0.07217261875 0.5135341312499999 0.0585794421875 0.520916384375 0.0428399734375 0.520916384375 0.0349702375 0.5406023921875 0.0263850734375 0.57259215625 0.04069368125 0.63657168125 0.051425137499999996 0.6513361875 0.06287202343750001 0.703011959375 0.07431890937499999 0.7596092328124999 0.07574977187500001 0.7817559921874999 0.0736034796875 0.794059746875 0.065018315625 0.808824253125 0.051425137499999996 0.8285102609375 0.054286859374999996 0.8531177718749999 0.06859546718750001 0.8851075359375 0.080042353125 0.9023327921875 0.0864812265625 0.9220188 0.1059625671875 0.9980806140625 0.1558779765625 0.9980806140625 0.16231685 0.9294010531250001 0.1680402921875 0.8974112890624999 0.1658940015625 0.867882278125 0.1852106234375 0.81620650625
8 0.63359375 0.725 0.0734375 0.075