7 0.00030205156250000004 0.1853996859375 0.0081816515625 0.996600496875 0.9992711375000001 0.9927506125000001 0.9992711375000001 0.108699609375 0.257702309375 0.0072995078125 0.00030205156250000004 0.1853996859375
5 0.9660305671874999 0.44606964375 0.9527785140624999 0.49854242343750005 0.9240657296875 0.54518489375 0.9115499015624999 0.5364394296875 0.9012427484375 0.5481000468749999 0.8938804953125 0.5903697875 0.8762110906249999 0.6224364859375 0.858541684375 0.6617910703125001 0.8533881093750001 0.6924001921875 0.8659039375 0.7332123546875 0.8732661890625 0.7361275093749999 0.8953529453125 0.77548209375 0.8946167203125001 0.8017184828125 0.8909355953125001 0.8075487921875 0.8828371171875 0.8148366781249999 0.9005065218749999 0.8527336859375 0.904923875 0.876054921875 0.918175928125 0.896461003125 0.935845334375 0.9037488890625 0.9498336125 0.9081216203125001 0.976337721875 0.911036775 0.9932709015625001 0.9285277015625001 0.9992711375000001 0.46097145156249997 0.98590865 0.46793330156249996 0.9660305671874999 0.44606964375
4 0.6625 0.8234375 0.065625 0.33203125
4 0.56328125 0.83125 0.065625 0.33203125
8 0.4265625 0.82109375 0.16171875 0.328125
8 0.20234375 0.82265625 0.15 0.33359375
4 0.065625 0.82578125 0.06015625 0.34765625
8 0.0859375 0.3859375 0.08515625 0.20078125
8 0.1859375 0.39375 0.08515625 0.20078125
8 0.33046875 0.38359375 0.08515625 0.20078125
8 0.45390625 0.37890625 0.078125 0.16328125
8 0.55859375 0.3734375 0.078125 0.16328125
8 0.78125 0.4328125 0.121875 0.27421875