7 0.188072434375 0 0.1953995921875 0.036720589062499996 0.1849322234375 0.041783753125 0.19121264531249998 0.05106621875 0.196446328125 0.094103103125 0.011173915625 0.09325924218750001 0.028968440625 0.132076825 0.0122206515625 0.1329206859375 0.0457162296875 0.20211724531250003 0.0415292828125 0.813916103125 0.0310619140625 0.815603825 0.027921703125000003 0.8265740109375 0 0.830037084375 0.00489349375 0.9970338296874999 0.829722090625 0.9919706671874999 0.830768828125 0.9345881531250001 0.959517453125 0.8637038718750001 0.9563772437500001 0.8569529890625001 0.952190296875 0.8569529890625001 0.9500968234375 0.840075778125 0.959517453125 0.8358564765625 0.9354425078125 0.8316371734375 0.933349034375 0.5810106078125 0.9626576640625 0.5556947921875001 0.9343957703125 0.554007071875 0.93858271875 0.49831227968749997 0.9626576640625 0.4729964640625 0.9312555609375 0.47468418593750006 0.9323022968749999 0.1447347328125 0.9989637312499999 0.044580575 0.9794054531249999 0.043471473437500005 0.9989637312499999 0.0106750046875 0.9989637312499999 0 0.188072434375 0
8 0.31875 0.15390625 0.0484375 0.0671875
8 0.39921875 0.13359375 0.10234375 0.08203125
8 0.6328125 0.33203125 0.0484375 0.0671875
8 0.553125 0.32265625 0.10234375 0.08203125
8 0.8515625 0.3359375 0.0484375 0.0671875
8 0.7734375 0.32265625 0.10234375 0.08203125
8 0.534375 0.71328125 0.0484375 0.0671875
8 0.6109375 0.70703125 0.10234375 0.08203125
8 0.80078125 0.51796875 0.16875 0.0703125
8 0.6328125 0.5203125 0.0484375 0.0671875
8 0.42578125 0.5234375 0.05 0.075
8 0.31875 0.71015625 0.05 0.075
8 0.2765625 0.934375 0.15625 0.12734375
4 0.31640625 0.93359375 0.0671875 0.1328125
8 0.7734375 0.70703125 0.10625 0.08515625
8 0.6588946453125 0.122866690625 0.61053540625 0.12445797031250001 0.6095484828125 0.0974062140625 0.5049346171875 0.098201853125 0.5059215406249999 0.18333532187499998 0.657907721875 0.18333532187499998 0.6588946453125 0.122866690625
8 0.4203125 0.334375 0.05625 0.06875
8 0.441798565625 0.9978198921875 0.6433742625 0.999164578125 0.8747604515624999 0.8948226734375 0.8775995468750001 0.8719344015624999 0.43895947187499995 0.873078815625 0.441798565625 0.9978198921875
5 0.9860249578125 0.7259169046875 0.9989637312499999 0.7172244 0.9989637312499999 0.70120724375 0.9989637312499999 0.6176650546875 0.9918630953124999 0.600015296875 0.9874844921875001 0.5847188390625 0.9801868203125 0.555302575 0.9758082171875 0.5623624781250001 0.95683426875 0.5764822859375001 0.932022184375 0.587072140625 0.934941253125 0.769452975 0.9334817187500001 0.790632684375 0.9422389250000001 0.8012225390625 0.9612128734375001 0.790632684375 0.9670510109375 0.7612164203125 0.9728891484375 0.7423900125 0.9860249578125 0.7259169046875