7 0.4115950125 0 0.4108195296875 0.03584075 0.422451765625 0.0492391609375 0.4255536953125 0.0702938078125 0.3844531296875 0.06742271875 0.383677646875 0.0894343953125 0.38988150625 0.1171882484375 0.2673552953125 0.19279356875 0.2673552953125 0.181309215625 0.259600471875 0.168867834375 0.25262113125 0.166953775 0.2572740234375 0.1573834828125 0.251070165625 0.1468561578125 0.24253985937500003 0.1325007171875 0.22703021250000002 0.1391999234375 0.2216018359375 0.15451239375 0.23168310625 0.168867834375 0.21152056562500002 0.1698248640625 0.21152056562500002 0.1860943625 0.22392828437499998 0.219590390625 0.10760593125 0.2894535359375 0.10372851875 0.2770121546875 0.099075625 0.27222700781250003 0.0959736953125 0.2559575078125 0.0820150140625 0.22820365625 0.065729884375 0.23107474374999998 0.05564861250000001 0.25021533125 0.061852471875 0.257871565625 0.06107699062500001 0.2731840375 0.049444754687499995 0.2703129484375 0.0362615546875 0.27222700781250003 0.0424654140625 0.2588285953125 0.040138965625 0.2492583015625 0.017649978125 0.2253325671875 0 0.24089113125 0.00214033125 0.26935591875 0 0.6048138578125 0.00136485 0.9842568671875 0.00136485 0.9984496125 0.009119671875 0.9957412187499999 0.9893293625 0.9919131015625 0.9916558109375 0.2961527421875 0.996308703125 0.294238684375 0.9987437187499999 0.2832200859375 0.9939822578124999 0.268398890625 0.983125503125 0.26648483125 0.987002915625 0.2483012734375 0.990880328125 0.23968800781250002 0.9792480921875001 0.2243755375 0.9513307281250001 0.2463872140625 0.9513307281250001 0.264570771875 0.9443513875 0.2703129484375 0.9303927046875 0.271269978125 0.934270115625 0.2550004796875 0.9303927046875 0.2320317734375 0.9133320921875001 0.23490286249999998 0.90014889375 0.2406450375 0.8931695515625 0.2530864203125 0.8970469640625 0.2607426546875 0.90014889375 0.26935591875 0.8908431046875 0.27414106718750003 0.890067621875 0.2817973 0.8869656921875 0.290410565625 0.7698678578125 0.2243755375 0.7698678578125 0.20810603906249997 0.7706433406250001 0.1918365390625 0.776071715625 0.17078189375 0.7582356234375001 0.1698248640625 0.7644394812499999 0.14302804062500002 0.7582356234375001 0.1325007171875 0.7411750109375 0.13537180625 0.7341956703125 0.15929754062499998 0.7287672921875 0.1726959515625 0.718686021875 0.1774811 0.722563434375 0.1966216875 0.598486259375 0.11623121875 0.6008127062499999 0.06455163124999999 0.5620385875 0.06455163124999999 0.5628140703125 0.0473251015625 0.5744463046875 0.0339266921875 0.5700727609375 0 0.4115950125 0
8 0.49296875 0.490625 0.09140625 0.2125
8 0.66015625 0.49609375 0.09453125 0.21953125
8 0.83203125 0.54296875 0.0890625 0.11171875
8 0.328125 0.48984375 0.09140625 0.20390625
8 0.16171875 0.5328125 0.09453125 0.11796875
8 0.49375 0.2375 0.0875 0.11015625
8 0.66015625 0.81953125 0.09609375 0.221875
8 0.33359375 0.81484375 0.09296875 0.2328125
8 0.16484375 0.81484375 0.0859375 0.23203125
5 0.6932974046875 0.924240721875 0.6939043046875 0.9047672546875001 0.7054353890625 0.894281540625 0.7102905828125 0.894281540625 0.7072560859375 0.907763171875 0.7108974828125 0.91749990625 0.714538878125 0.9564468421875001 0.716966475 0.983410103125 0.7230354671875 0.9774182687499999 0.7206078703125 0.9452121484375 0.7206078703125 0.894281540625 0.7284975609375001 0.8770550125 0.7533804281250001 0.8598284843749999 0.7624839171875 0.87930195 0.7624839171875 0.8912856234375001 0.76127011875 0.9272366406250001 0.7618770171875 0.9676815328125 0.7643046140624999 0.98191214375 0.768552909375 0.984159084375 0.7673391109375001 0.945961128125 0.769159809375 0.8965284812500001 0.773408103125 0.881548890625 0.7819046921874999 0.8763060328125001 0.798290971875 0.874808075 0.8067875609374999 0.848593790625 0.8195324453125 0.8455978734375 0.828029034375 0.8426019546875001 0.835311825 0.8665692999999999 0.8334911265624999 0.892034603125 0.8334911265624999 0.940718271875 0.835311825 0.9856570421875 0.8425946156249999 0.9894019390625 0.8425946156249999 0.98191214375 0.8425946156249999 0.8673182796875001 0.8480567078125001 0.8575815453125 0.862622290625 0.8455978734375 0.8905396546875 0.8073999171875 0.9142087249999999 0.802906040625 0.9081397328125 0.8186346109375 0.8978224453125 0.8351121593749999 0.9002500421875 0.8463468531249999 0.9208846171875 0.843350934375 0.951229578125 0.8373590984374999 0.9530502750000001 0.8463468531249999 0.9572985703124999 0.8763060328125001 0.9548709734375 0.988652959375 0.9670089578125 0.9894019390625 0.9694365546875 0.8403550171875 0.9987437187499999 0.8231284875 0.9987437187499999 0.49133056249999996 0.9987437187499999 0.4284162828125 0.9987437187499999 0.39867430625 0.9918918265625001 0.3902183265625 0.971257253125 0.3744897578125 0.9433398875 0.37523873750000003 0.9318088031249999 0.384975471875 0.9330225999999999 0.4149346515625 0.9427329890625 0.42916526250000003 0.9324157015625 0.45088566874999997 0.9227053140624999 0.457626484375 0.916636321875 0.45687750312500003 0.89903624375 0.44938770781250004 0.8935741500000001 0.45238362812500005 0.87900856875 0.4748530125 0.8638360890625 0.511553009375 0.8541257015625 0.5377672921875 0.8462360109375 0.5632325953125 0.8498774062500001 0.565479534375 0.8504843046874999 0.5909448375 0.8456291125 0.6074223875 0.837132521875 0.6089203453125 0.8292428328125 0.603677490625 0.8249945375 0.6089203453125 0.8177117468749999 0.629891771875 0.8152841499999999 0.643373403125 0.8177117468749999 0.654608096875 0.8067875609374999 0.6703366671875 0.7995047703125 0.6740815640625 0.7855460875 0.6695876875 0.767946009375 0.6598509531250001 0.7503459328125001 0.66659176875 0.7454907390625001 0.6770774828125 0.7351734515625 0.70179380625 0.729104459375 0.7032917640624999 0.717573375 0.686814215625 0.71211128125 0.6898101328124999 0.704828490625 0.7070366625 0.694511203125 0.73924278125 0.679338721875 0.7669550234375 0.6672007375 0.7924203265624999 0.659917946875 0.8148897125 0.6562765515625 0.85009175 0.659917946875 0.8890386859375001 0.6708421328124999 0.8995243984375 0.6878353109375 0.9130060296875 0.6854077140625 0.962438678125 0.684800815625 0.9781672468749999 0.6908698078125 0.9774182687499999 0.6932974046875 0.924240721875
5 0.34842691718749996 0.8589484328125 0.34774415625 0.8412537921875 0.3409165390625 0.814290528125 0.3368199703125 0.7822716546875 0.31838540625 0.7561509937500001 0.3136060734375 0.7409841593750001 0.3013163640625 0.7376137515625001 0.29858531718750003 0.7418267609375 0.2992680796875 0.7258173234374999 0.2917577015625 0.7258173234374999 0.272640375 0.7392989546875001 0.25830238125 0.7435119640625001 0.23850229375 0.7376137515625001 0.2439643875 0.7258173234374999 0.2466954328125 0.7081226828125 0.2480609578125 0.6954836546875 0.2391850546875 0.6794742171875 0.23167467656250001 0.661779575 0.2248470609375 0.6533535546875 0.213922875 0.6676777890625 0.211874590625 0.644084934375 0.20299868906250002 0.63734411875 0.1941227875 0.65082575 0.18934345625 0.661779575 0.1879779328125 0.657566565625 0.17432270156250002 0.6558813609375 0.16544679843750001 0.6516683515625 0.16135022968749999 0.636501515625 0.1579364203125 0.6348163125 0.1565708984375 0.62639029375 0.167495084375 0.61543646875 0.16681232343750002 0.5977418265625001 0.162715753125 0.5522413203125 0.1545226125 0.544657903125 0.131991478125 0.52949106875 0.11082586875 0.510953825 0.0999016828125 0.495786990625 0.0923913046875 0.4738793390625 0.08146711875 0.4511290875 0.073273978125 0.43427704843750004 0.061667031250000004 0.4452308734375 0.057754990625 0.46508135937499995 0.04530535625 0.4567008875 0.0481348171875 0.44203505937500004 0.05096428125 0.4245757375 0.043607678125 0.419687128125 0.0385146453125 0.421083875 0.0277626875 0.43086109375000003 0.0221037625 0.44133668593750003 0.02153786875 0.451113903125 0.017576621875 0.455304140625 0 0.4558961 0.0088507859375 0.98303533125 0.015795054687499997 0.9806980640624999 0.015795054687499997 0.8942191578124999 0.03536526875 0.8887655328124999 0.04357213125 0.8685092125 0.0498851046875 0.8420201781250001 0.0536728875 0.8202056796875 0.06187975 0.8124147875000001 0.08334385625 0.8272174828125 0.109227040625 0.845136534375 0.1224842796875 0.8552646968750001 0.12816595625 0.976023528125 0.1376354140625 0.9721280828125 0.135110225 0.8544856062499999 0.1565743296875 0.825659303125 0.166675084375 0.8334501968750001 0.1729880546875 0.8677301234374999 0.21402237343750002 0.8700673906249999 0.22917350625 0.866951034375 0.2525315015625 0.8887655328124999 0.2512689078125 0.9012309609375 0.2575818796875 0.9471972265625 0.2575818796875 0.9752444390624999 0.2645261484375 0.9752444390624999 0.2632635546875 0.9495344953125 0.266420040625 0.9394063328125 0.2727330109375 0.9246036390624999 0.27841468593749996 0.9051264078125 0.28409636250000003 0.9012309609375 0.29167192656249996 0.9066845859375 0.2891467390625 0.9339527078125001 0.2891467390625 0.9596626546874999 0.287252846875 0.9752444390624999 0.2979849 0.9651162796874999 0.2972197953125 0.9474216390624999 0.3040474109375 0.9078193453125 0.31701988124999997 0.8901247046874999 0.3354544453125 0.8732726671875 0.34842691718749996 0.8589484328125
4 0.49453125 0.934375 0.1015625 0.11875
8 0.49296875 0.784375 0.10625 0.17109375