7 0.9993261453125 0.878102440625 0.9993261453125 0.8389716953124999 0.9444571890625 0.8371492796875 0.9444571890625 0.7666717453125 0.9989390374999999 0.7466713656249999 0.9982221718750001 0.7171469921875 0.9466077875 0.7161945937499999 0.9466077875 0.660955446875 0.9960715718750001 0.6295262765625 0.99535470625 0.59904950625 0.945890921875 0.59809710625 0.945890921875 0.5504771515625 0.9967884390625 0.5104763906249999 0.9989390374999999 0.477142421875 0.9451740546874999 0.4780948203125 0.9466077875 0.44761805 0.9975053046875001 0.3952361 0.9967884390625 0.3599973328125 0.9444571890625 0.3609497328125 0.9444571890625 0.34190175 0.9960715718750001 0.2771386125 0.9960715718750001 0.23904264843749998 0.945890921875 0.23713785 0.945890921875 0.2295186578125 0.9967884390625 0.15523152812500002 0.99535470625 0.11904036250000001 0.7544875828125 0.1209451609375 0.7817285078125 0.0323720453125 0.7790617656250001 0 0.0010609624999999999 0.0038000718750000003 0 0.0398460875 0.052675345312499997 0.1266595546875 0.0003440953125 0.1209451609375 0 0.1496180359375 0.048374146875 0.2295186578125 0.050524745312499994 0.24285224374999997 0.001777828125 0.24285224374999997 0 0.27203581250000003 0.0498078796875 0.339996953125 0.052675345312499997 0.3609497328125 0.0032115609375 0.3580925359375 0.0032115609375 0.391426503125 0.050524745312499994 0.4466656515625 0.0548259453125 0.4780948203125 0.001777828125 0.47904722031249997 0.0010609624999999999 0.50666679375 0.0533922125 0.5571439453125 0.0533922125 0.6000019046875 0.0003440953125 0.59809710625 0 0.627906509375 0.0548259453125 0.66476504375 0.0533922125 0.7142897953125 0.0010609624999999999 0.7152421953125 0 0.748703321875 0.052675345312499997 0.7666717453125 0.052675345312499997 0.83524448125 0.0003440953125 0.838101678125 0 0.8868527578125001 0.13296438593749998 0.9000076187499999 0.13439811875000002 0.9933427312499999 0.8627344156250001 0.988580734375 0.8648850140625 0.8952456234374999 0.9993261453125 0.878102440625
8 0.3921875 0.10078125 0.6703125 0.04921875
8 0.49921875 0.209375 0.88046875 0.05546875
8 0.50234375 0.3296875 0.8828125 0.05703125
8 0.503125 0.4421875 0.8875 0.06796875
8 0.4984375 0.56171875 0.88671875 0.07265625
8 0.5 0.67890625 0.8828125 0.0734375
8 0.496875 0.79921875 0.8953125 0.07421875
4 0.80625 0.2125 0.05546875 0.05546875
4 0.80703125 0.33125 0.05546875 0.05546875
4 0.8078125 0.4453125 0.05546875 0.06796875
4 0.80703125 0.56171875 0.05546875 0.06796875
4 0.8078125 0.6796875 0.05546875 0.06796875
4 0.796875 0.79609375 0.03359375 0.08203125
8 0.22109375 0.93984375 0.1125 0.10234375
8 0.3609375 0.93984375 0.1125 0.10234375
8 0.4984375 0.93828125 0.121875 0.10078125
8 0.6375 0.9421875 0.121875 0.10078125
8 0.7796875 0.9265625 0.11796875 0.06640625
4 0.4984375 0.93984375 0.07734375 0.1078125
4 0.36015625 0.9390625 0.05625 0.10078125