7 0 0.42702711875 0.0092876296875 0.444846078125 0.0092876296875 0.52545565625 0 0.5316286531250001 0.0037022859375 0.9972338187500001 0.999329759375 0.998066853125 0.999329759375 0.24035230625 0.9851270265625001 0.212351084375 0.9236882421875 0.215745171875 0.9117196468750001 0.27514170312499997 0.6531980093749999 0.22083630312500002 0.6516021953125 0.18604690625 0.6571875406250001 0.161439771875 0.62766500625 0.105437328125 0.5981424734375 0.1707735125 0.5949508484375 0.195380646875 0.5367036890625 0.13089298437500002 0.5375015953125 0.0927095 0.5231392828125 0.09101245625 0.5223413765625 0.053677493750000006 0.50079790625 0.0061602687500000005 0.4808502484375 0.049434884375 0.4808502484375 0.0893154125 0.46728584218749997 0.090163934375 0.46569002968750006 0.11731663437499999 0.40744287031250004 0.193683603125 0.3986659015625 0.164833859375 0.37073917968750003 0.10119471875 0.34121664687500003 0.173319078125 0.3452061796875 0.1911380375 0.3452061796875 0.22338186875 0.0914719765625 0.27599022500000003 0.0739180390625 0.2182907375 0.0172666921875 0.21404812812500001 0 0.2485687140625 0 0.42702711875
4 0.2171875 0.90234375 0.1546875 0.1765625
4 0.78203125 0.903125 0.15234375 0.17421875
8 0.21484375 0.78984375 0.1515625 0.04140625
8 0.14609375 0.58671875 0.04765625 0.15234375
8 0.2203125 0.58671875 0.04765625 0.15234375
8 0.29765625 0.584375 0.04765625 0.15234375
8 0.54140625 0.58515625 0.06171875 0.15546875
8 0.7 0.5875 0.04765625 0.15234375
8 0.77734375 0.5875 0.04765625 0.15234375
8 0.8546875 0.590625 0.04765625 0.15234375
8 0.44609375 0.4203125 0.0328125 0.0796875
8 0.4953125 0.41953125 0.0375 0.07890625
8 0.5515625 0.41953125 0.03046875 0.07890625
8 0.46015625 0.5859375 0.06171875 0.15546875