7 0.49819266874999996 1 0.9927792171875 0.9996068015624999 0.9927792171875 0.8000646203124999 0.961521165625 0.7992157953125 0.964383625 0.1277957125 0.9414839546874999 0.1260980640625 0.938166 0.0021272625 0.239846528125 0 0.2366376265625 0.15472699375 0.21309159375000003 0.1267979328125 0.187226046875 0.1260980640625 0.1643263765625 0.828075825 0 0.8272283671875 0 0.8312348171874999 0.011159226562500001 1 0.49819266874999996 1
4 0.58515625 0.921875 0.15703125 0.1546875
4 0.3171875 0.9171875 0.3203125 0.1421875
8 0.58203125 0.70625 0.15390625 0.1203125
8 0.72578125 0.50859375 0.43828125 0.05078125
8 0.725 0.375 0.4328125 0.103125
2 0.7171875 0.23828125 0.43125 0.04453125
8 0.73984375 0.10234375 0.18359375 0.0484375
2 0.33984375 0.2359375 0.08828125 0.06875
2 0.63671875 0.4 0.09453125 0.06015625
5 0.9688377312500001 0.6292041296875001 0.9508702984375 0.653846153125 0.9239191468750001 0.659174159375 0.9351487921875 0.6671661671875 0.9494550546875 0.66595505 0.9254574546875001 0.6884895921874999 0.9144585546874999 0.6873035640625 0.8934606546875001 0.689675621875 0.8934606546875001 0.6991638499999999 0.8974602546874999 0.70568700625 0.9024597546875001 0.7139892062500001 0.8894610546875 0.7128031781249999 0.8634636531250001 0.702128921875 0.862463753125 0.70568700625 0.864463553125 0.7110241359375 0.8764623546875001 0.714582221875 0.8844615546875 0.7211053781250001 0.8774622546874999 0.7288145640625 0.861463853125 0.7234774359375 0.828467153125 0.7193263359375 0.829467053125 0.7234774359375 0.8364663531250001 0.7359307359375 0.852464753125 0.74067485 0.8364663531250001 0.7537211640625 0.830466953125 0.7483840359375 0.815468453125 0.7359307359375 0.807469253125 0.74067485 0.8044695531249999 0.751942121875 0.8094690531250001 0.7560932218749999 0.8274672531249999 0.768546521875 0.838466153125 0.77151159375 0.858464153125 0.7792207796875 0.864463553125 0.785150921875 0.819130878125 0.77886841875 0.791970803125 0.780881909375 0.81573586875 0.7969898328125 0.8666610078125 0.80504379375 0.9107961296875 0.7959830859375 0.9498387375 0.803030303125 0.9736038015625 0.8110842640625 0.9769988109375 0.825178696875 0.9922763546875 0.8302124234375 0.9992700734375 0.6175463421875 0.9856822 0.6178821171875 0.9688377312500001 0.6292041296875001
5 0.24635036562499998 0.8239538234375001 0.26216545 0.8210678218749999 0.2572992703125 0.8073593078125001 0.24148418437500002 0.803030303125 0.2159367390625 0.8008658015625001 0.204987834375 0.8001443 0.20012165468749998 0.7922077921875 0.1855231140625 0.7871572875 0.170924575 0.7763347765625 0.15632603437499998 0.778499278125 0.13929440312500002 0.7828282828125 0.11131386875 0.7857142859375 0.0942822390625 0.790043290625 0.072384428125 0.7893217890625001 0.06265206718750001 0.778499278125 0.041970803125 0.76911976875 0.0152068125 0.7604617609375001 0.0018248171875 0.766233765625 0.011557178125000001 0.7799422796875 0.0273722625 0.7835497828125 0.0346715328125 0.7871572875 0.0285888078125 0.790764790625 0.013990267187499999 0.790764790625 0 0.8033910531249999 0.0042579078125000005 0.80663780625 0.012773721875 0.8167388171875001 0.018856446875 0.822510821875 0.0310218984375 0.8239538234375001 0.1733576640625 0.8239538234375001 0.1976885640625 0.81962481875 0.21107055937500002 0.821789321875 0.24635036562499998 0.8239538234375001