7 0.9950980390625 0.67049559375 0.9828431375 0.66471608125 0.9812290765625 0.5666053468750001 0.84851745625 0.5718914859375 0.8532998562499999 0.5380601984375 0.9795751625 0.395968790625 0.9959150328125 0.3757405 0.9983660125 0.34973269687499997 0.98039215625 0.3468429421875 0.9812290765625 0.24626534375000003 0.8927546625 0.24943702656250002 0.98366013125 0.07809565156250001 0.9942810453125001 0.052087848437499994 0.9950980390625 0.0130761453125 0.9477124187499999 0.014521023437499999 0.9477124187499999 0 0.0057189546875 0.008741510937499999 0.006959034375000001 0.9946126703125 0.8513071890624999 0.99414824375 0.8496732031249999 0.749963878125 0.9934640515625001 0.7051726625 0.9950980390625 0.67049559375
4 0.20625 0.884375 0.0734375 0.21484375
8 0.243543759375 0.9820958484375 0.2991391671875 0.9820958484375 0.30033476875 0.7114455468750001 0.1730033484375 0.7019304984375 0.17360114843750002 0.771707528125 0.245337159375 0.7695930734374999 0.243543759375 0.9820958484375
8 0.6375 0.85078125 0.11796875 0.27578125
2 0.9125 0.6203125 0.11640625 0.09609375
2 0.9125 0.30078125 0.11640625 0.09609375
8 0.77265625 0.20703125 0.11328125 0.2703125
8 0.5078125 0.85078125 0.11796875 0.27578125
8 0.77109375 0.85546875 0.1140625 0.2703125
8 0.37109375 0.84609375 0.1140625 0.2703125
8 0.37265625 0.53203125 0.1140625 0.2703125
8 0.50625 0.53125 0.11796875 0.27578125
8 0.640625 0.53203125 0.11796875 0.27578125
8 0.77109375 0.53203125 0.11796875 0.27578125
8 0.2375 0.5265625 0.1140625 0.2703125
8 0.36875 0.20625 0.1140625 0.2703125
8 0.2375 0.20703125 0.1140625 0.2703125
8 0.503125 0.20859375 0.1140625 0.2703125
8 0.6375 0.20625 0.1140625 0.2703125