7 0.055759804687500004 0 0.0302287578125 0.01093210625 0.0057189546875 0.0210857640625 0 0.027496506250000004 0 0.9932985859375 0.0077614375 0.9949908625000001 0.9986111109375001 0.9884493703125001 0.9953022875 0.2901577203125 0.984068628125 0.285080890625 0.98508986875 0.0667772296875 0.9983660125 0.03970080625 0.9968916546875001 0 0.055759804687500004 0
4 0.5140625 0.89609375 0.09453125 0.1078125
8 0.2640625 0.89140625 0.0953125 0.1109375
8 0.14453125 0.8921875 0.0953125 0.1109375
8 0.8953125 0.88828125 0.0953125 0.1109375
8 0.86796875 0.753125 0.0421875 0.084375
8 0.7484375 0.7484375 0.0421875 0.084375
8 0.61796875 0.74921875 0.0421875 0.084375
8 0.86484375 0.62421875 0.0421875 0.084375
8 0.74609375 0.61953125 0.0421875 0.084375
8 0.6734375 0.35546875 0.0421875 0.084375
8 0.9171875 0.48828125 0.040625 0.0734375
8 0.79375 0.4875 0.0421875 0.084375
8 0.66875 0.48984375 0.0421875 0.084375
8 0.9140625 0.35859375 0.03984375 0.071875
8 0.79609375 0.35625 0.04296875 0.07734375
8 0.63359375 0.22890625 0.07109375 0.0875
8 0.621875 0.61640625 0.0421875 0.084375
8 0.7578125 0.23203125 0.07109375 0.0875
8 0.878125 0.23203125 0.07109375 0.0875
8 0.51328125 0.37109375 0.10546875 0.0484375
8 0.51640625 0.2421875 0.10546875 0.065625
8 0.51171875 0.49296875 0.10546875 0.065625
8 0.515625 0.62265625 0.10859375 0.0625
8 0.5140625 0.74921875 0.10546875 0.065625
8 0.13515625 0.23515625 0.06640625 0.08046875
8 0.2546875 0.23203125 0.07734375 0.08671875
8 0.37578125 0.23359375 0.06953125 0.078125
8 0.0390625 0.11015625 0.06015625 0.09140625
8 0.04296875 0.2359375 0.06015625 0.09140625
8 0.03828125 0.3609375 0.06015625 0.09140625
8 0.1359375 0.1046875 0.06640625 0.08046875
8 0.25546875 0.1015625 0.07734375 0.08671875
8 0.3765625 0.10234375 0.06953125 0.078125
8 0.1671875 0.3609375 0.0421875 0.084375
8 0.290625 0.36171875 0.04296875 0.07734375
8 0.4125 0.3578125 0.03984375 0.071875
8 0.165625 0.48359375 0.0421875 0.084375
8 0.2890625 0.4859375 0.0421875 0.084375
8 0.40859375 0.48984375 0.0421875 0.084375
8 0.35859375 0.6203125 0.0421875 0.084375
8 0.2390625 0.61640625 0.0421875 0.084375
8 0.115625 0.61328125 0.0421875 0.084375
8 0.359375 0.75625 0.0421875 0.084375
8 0.240625 0.75234375 0.0421875 0.084375
8 0.1171875 0.74921875 0.0421875 0.084375
8 0.03515625 0.49140625 0.06015625 0.09140625
8 0.51328125 0.1171875 0.11796875 0.06328125
8 0.6375 0.10703125 0.06953125 0.0828125
8 0.75625 0.103125 0.06875 0.084375
8 0.87890625 0.103125 0.06875 0.0875
5 0.67071759375 0.9183448406249999 0.6692708328125 0.9039604906250001 0.65914351875 0.8859800546875001 0.6359953703125 0.8835826609374999 0.627314815625 0.8847813578125001 0.6099537046875 0.9027617953125 0.607060184375 0.9087552734375001 0.607060184375 0.9315304953125001 0.6171875 0.943517453125 0.6504629625 0.9375239734375 0.6678240734374999 0.9351265828124999 0.6779513890625 0.921940928125 0.67071759375 0.9183448406249999
8 0.03671875 0.87734375 0.06640625 0.0734375
8 0.0109375 0.63046875 0.01484375 0.0890625