7 0 0 0 0.9986807390625 0.0046052625 0.991251215625 0.9994999999999999 0.9743153953125001 0.9994999999999999 0.024371614062499998 0.5625 0.10595750468750001 0.379964115625 0 0 0
2 0.6921875 0.31953125 0.6140625 0.03125
8 0.9994999999999999 0.0361554984375 0.548026315625 0.1129009859375 0.38289473749999997 0.0070129140625 0.3842105265625 0.2969032078125 0.9994999999999999 0.3038466875 0.9994999999999999 0.0361554984375
2 0.18828125 0.6296875 0.37421875 0.03984375
8 0.37894736875 0.3854325796875 0.23684210625 0.4375086796875 0.001973684375 0.41147062968750003 0 0.6059180515625 0.37960526250000004 0.6145674203125 0.37894736875 0.3854325796875
4 0.4625 0.92734375 0.11484375 0.115625
8 0.4043103453125 0.86582961875 0.5209770109375 0.8681042078125 0.5198275859375 0.981075425 0.9994999999999999 0.9692800609375001 0.9994999999999999 0.6949654859375001 0.545266271875 0.7197467640624999 0.38402366875 0.6916441578125 0.387795275 0.9627802140625 0.40393700781249997 0.9835559796875 0.4043103453125 0.86582961875
5 0.8036082468749999 0.9862225609375 0.8097938140625001 0.9984631296875 0.8634020625 0.9986807390625 0.955670103125 0.9986807390625 0.955670103125 0.9780621828125 0.9541237109375 0.94814079375 0.926288659375 0.9386203515625 0.9005154640624999 0.9345401624999999 0.8881443296875 0.941340478125 0.8721649484375 0.9318200375 0.8618556703125 0.9222995953125 0.8541237109375001 0.91957946875 0.8469072171875001 0.9250197203124999 0.8304123703125 0.926379784375 0.8046391749999999 0.9386203515625 0.7814432984375 0.9386203515625 0.7618556703125 0.9331800984375 0.7427835046875 0.9290999109375001 0.7211340203125001 0.9236596578125 0.7211340203125001 0.9386203515625 0.7180412375 0.9767021187499999 0.7927835046875 0.9712618671875 0.8 0.9753420546875 0.8036082468749999 0.9862225609375
8 0.396875 0.51484375 0.01015625 0.271875
8 0.415625 0.5140625 0.00546875 0.2734375
8 0.4453125 0.5140625 0.01015625 0.271875
8 0.465625 0.5140625 0.00546875 0.2734375
8 0.42578125 0.5140625 0.00546875 0.2734375
8 0.484375 0.51484375 0.0078125 0.27265625
8 0.56328125 0.51171875 0.00546875 0.2734375
8 0.5328125 0.5109375 0.01015625 0.271875
8 0.55390625 0.5109375 0.00546875 0.2734375
8 0.51484375 0.51015625 0.00546875 0.2734375
8 0.4953125 0.51328125 0.0078125 0.27265625
8 0.60234375 0.515625 0.00703125 0.2671875
8 0.809375 0.51640625 0.0078125 0.26953125
8 0.5828125 0.515625 0.01015625 0.271875
8 0.62109375 0.51640625 0.00546875 0.2734375
8 0.65234375 0.5140625 0.00703125 0.271875
8 0.671875 0.51328125 0.00546875 0.2734375
8 0.63359375 0.51328125 0.00546875 0.2734375
8 0.690625 0.515625 0.0078125 0.27265625
8 0.77109375 0.51640625 0.00546875 0.2734375
8 0.73984375 0.51328125 0.009375 0.26796875
8 0.75859375 0.515625 0.00546875 0.2734375
8 0.71953125 0.51640625 0.00546875 0.2734375
8 0.70234375 0.51640625 0.0078125 0.27265625
8 0.828125 0.51796875 0.00703125 0.2671875
8 0.7890625 0.515625 0.0078125 0.26953125
8 0.8390625 0.51484375 0.00703125 0.2671875
8 0.8578125 0.51171875 0.0078125 0.26953125
8 0.8765625 0.5140625 0.00703125 0.2671875
8 0.89453125 0.5109375 0.0078125 0.26953125
8 0.90625 0.5140625 0.0078125 0.26953125
8 0.9265625 0.5109375 0.0078125 0.26953125
8 0.9453125 0.51171875 0.00703125 0.2671875
8 0.96328125 0.5125 0.0078125 0.26953125
8 0.9765625 0.5171875 0.0078125 0.26953125
8 0.99375 0.50390625 0.00703125 0.2671875
8 0.2484375 0.1953125 0.00703125 0.2671875
8 0.26640625 0.1921875 0.0078125 0.26953125
8 0.278125 0.1953125 0.0078125 0.26953125
8 0.2984375 0.19296875 0.0078125 0.26953125
8 0.3171875 0.19375 0.00703125 0.2671875
8 0.33515625 0.19375 0.0078125 0.26953125
8 0.3484375 0.1984375 0.0078125 0.26953125
8 0.365625 0.18515625 0.00703125 0.2671875
8 0.1109375 0.1921875 0.00703125 0.2671875
8 0.1296875 0.1890625 0.0078125 0.26953125
8 0.14140625 0.1921875 0.0078125 0.26953125
8 0.16171875 0.1890625 0.0078125 0.26953125
8 0.1796875 0.18984375 0.00703125 0.2671875
8 0.19765625 0.190625 0.0078125 0.26953125
8 0.2109375 0.1953125 0.0078125 0.26953125
8 0.22890625 0.18203125 0.00703125 0.2671875
8 0.25 0.81796875 0.00859375 0.25390625
8 0.2671875 0.815625 0.00703125 0.25859375
8 0.27890625 0.81796875 0.0078125 0.25625
8 0.29921875 0.81640625 0.0078125 0.259375
8 0.31796875 0.81640625 0.00703125 0.25546875
8 0.3359375 0.815625 0.0078125 0.25625
8 0.34921875 0.81875 0.0078125 0.2515625
8 0.36640625 0.81484375 0.00703125 0.2671875
8 0.00390625 0.20078125 0.0078125 0.2703125
8 0.02421875 0.19765625 0.0078125 0.26953125
8 0.0421875 0.1984375 0.00703125 0.2671875
8 0.06015625 0.19921875 0.0078125 0.26953125
8 0.0734375 0.20390625 0.0078125 0.26953125
8 0.09140625 0.190625 0.00703125 0.2671875
8 0.16015625 0.81953125 0.00859375 0.253125
8 0.17890625 0.82109375 0.009375 0.2515625
8 0.19765625 0.81953125 0.009375 0.25078125
8 0.209375 0.82265625 0.0078125 0.24609375
8 0.228125 0.81328125 0.0078125 0.24375
8 0.02265625 0.82265625 0.00703125 0.253125
8 0.04453125 0.81953125 0.009375 0.253125
8 0.0609375 0.81875 0.00625 0.24765625
8 0.0921875 0.825 0.00546875 0.2515625
8 0.1109375 0.81875 0.00859375 0.2625
8 0.13984375 0.81953125 0.0078125 0.259375
8 0.12890625 0.815625 0.0078125 0.25703125
8 0.071875 0.8171875 0.00625 0.24765625
5 0.272 0.9525065968750001 0.2713333328125 0.9375549703124999 0.2706666671875 0.9252418640625001 0.2653333328125 0.9278803859375 0.2596666671875 0.9349164468750001 0.257 0.9507475812499999 0.2576666671875 0.9656992078125001 0.256 0.9753737906250001 0.2562760421875 0.9986807390625 0.2736666671875 0.9986807390625 0.2733333328125 0.9938434468749999 0.27599999999999997 0.9780123125 0.2753333328125 0.970976253125 0.272 0.9648197 0.272 0.9525065968750001
5 0.3944675125 0.9986807390625 0.3931372546875 0.9867470296875 0.390196078125 0.973813096875 0.38856209218750004 0.9419093937499999 0.386274509375 0.9272509359375001 0.3807189546875 0.9177660515625 0.377777778125 0.9281131984375 0.3702614375 0.93759808125 0.3689542484375 0.9531188015625001 0.3702614375 0.9651904734375 0.37254901875 0.9832979796875 0.3692810453125 0.9986807390625 0.3931372546875 0.9986807390625 0.3944675125 0.9986807390625