7 0.9994186046875001 0.3069900875 0.7107558140625 0.29786124062499997 0.7099483203125 0.200052165625 0.49757751875 0.0031298906250000003 0.28036175625 0.1974439234375 0.28036175625 0.29525299843749997 0.0001614984375 0.30177360468750003 0.0009689921875 0.9434011468750001 0.026808785937500003 0.9420970265624999 0.027616279687500002 0.97339593125 0.9925710593750001 0.9903495046874999 0.9933785531250001 0.3813249875 0.9994186046875001 0.36279081875 0.9994186046875001 0.3069900875
8 0.547238371875 0.103286384375 0.4505813953125 0.097417840625 0.31177325625 0.2230046953125 0.3125 0.3086854453125 0.6845930234375001 0.306338028125 0.683139534375 0.22769953125 0.547238371875 0.103286384375
4 0.11640625 0.86171875 0.04375 0.2109375
4 0.31640625 0.86640625 0.05625 0.2296875
4 0.49609375 0.8703125 0.05859375 0.22890625
8 0.1171875 0.53203125 0.05078125 0.1703125
8 0.31875 0.534375 0.05078125 0.1703125
8 0.49765625 0.534375 0.05078125 0.1703125
8 0.68046875 0.53125 0.05078125 0.1703125
8 0.87734375 0.53671875 0.05078125 0.1703125
8 0.6796875 0.83359375 0.04765625 0.1328125
8 0.8765625 0.83125 0.04765625 0.1328125
8 0.5921875 0.85234375 0.02109375 0.1125
8 0.59375 0.56015625 0.01484375 0.1171875