7 0.7443077125 0.9625528140625 0.9458410109375001 0.93784925625 0.9515991046875 0.8134796234375001 0.949953934375 0.7964426875 0.9960186890625 0.792183453125 0.9968412734375001 0.568999590625 0.9861476703125 0.5587774296875 0.9845025015625 0.5144813953125 0.9269215578125 0.49318522500000006 0.9260989734375 0.3798896015625 0.912937615625 0.3739266734375 0.9145827859375 0.3211121703125 0.8866148984375 0.306630775 0.88137355625 0.169035675 0.8018570171875 0.1183617109375 0.8036920140625 0.0607200765625 0.71022226875 0 0.6358778625 0.043083004687499996 0.5709923671875 0.010671937500000001 0.468702290625 0.06284585000000001 0.2664122140625 0.06363636406249999 0.08931297656250001 0.20750988124999997 0.091057796875 0.38795172187500004 0.073166575 0.40030350156249994 0.073166575 0.44265245625 0.066350871875 0.44971061562500003 0.06720283437499999 0.5520539234374999 0.051015540625 0.55734754375 0.0501635765625 0.5996964984375001 0.012677207812499999 0.621753246875 0.00841739375 0.813205815625 0.0740185390625 0.807912196875 0.07307844218750001 0.9736268234375001 0.2548697015625 0.9966266875 0.2721439859375 0.986404525 0.7114043171875 0.9608491203125 0.7443077125 0.9625528140625
2 0.3203125 0.4921875 0.115625 0.0625
4 0.66875 0.8640625 0.05859375 0.1703125
8 0.4390625 0.86484375 0.39765625 0.15859375
8 0.24488046875 0.785188515625 0.0923229875 0.801756171875 0.0871806 0.9727580421875001 0.241452209375 0.9940593124999999 0.24488046875 0.785188515625
8 0.9293893125 0.8195072296875001 0.764261553125 0.8088565953125 0.76540430625 0.9467231546875 0.9293893125 0.9378476250000001 0.9293893125 0.8195072296875001
8 0.9745280421875 0.6088613296875 0.833969465625 0.57136583125 0.8425401109375 0.6946581140625 0.9756707953125 0.7171427890625 0.9745280421875 0.6088613296875
8 0.75511953125 0.698800028125 0.753405403125 0.569217296875 0.22545367343749997 0.5662587859375 0.05804040781249999 0.636671321875 0.0591831609375 0.7366689546875 0.2271678015625 0.700575134375 0.75511953125 0.698800028125
8 0.24373771562500002 0.397623725 0.0848950953125 0.4816454046875 0.0831809671875 0.5662587859375 0.24716597343750002 0.50472178125 0.24373771562500002 0.397623725
8 0.5890625 0.43671875 0.33515625 0.109375
8 0.8979636140625 0.419516696875 0.8265415734375001 0.3905233015625 0.8242560671874999 0.494071146875 0.9019632484375 0.51951433125 0.8979636140625 0.419516696875
2 0.9825273125 0.5130056093750001 0.9265324312500001 0.490520934375 0.9231041734375 0.5425907078125001 0.9830986875000001 0.5638919796875 0.9825273125 0.5130056093750001
2 0.914533528125 0.3230692765625 0.8819650765624999 0.3053182171875 0.8813937015625 0.3567962890625 0.911676646875 0.3727722421875 0.914533528125 0.3230692765625
8 0.59140625 0.22421875 0.12421875 0.02890625
8 0.860824153125 0.25028993437499997 0.7876879828125001 0.211237603125 0.7859738546874999 0.2810584375 0.8591100234375 0.3183356609375 0.860824153125 0.25028993437499997
8 0.1517461265625 0.288158859375 0.11232115937500001 0.3183356609375 0.11060703125 0.3786892625 0.152317503125 0.35561288593749996 0.1517461265625 0.288158859375
8 0.23916670468749998 0.2319471734375 0.1985989859375 0.259757165625 0.198027609375 0.3248443828125 0.23916670468749998 0.2964426875 0.23916670468749998 0.2319471734375
8 0.3045617578125 0.41547216562499995 0.3041785453125 0.463490325 0.3708574765625 0.45952188281249995 0.372390325 0.433727003125 0.3045617578125 0.41547216562499995