7 0.9423084546875 0.017238432812500003 0.0557110609375 0.014390282812499999 0 0.10103003749999999 0.0088395671875 0.9955782453124999 0.9350466734375 0.9955782453124999 0.99941245625 0.9914642499999999 0.9990823750000001 0.1041070328125 0.9423084546875 0.017238432812500003
8 0.44375 0.93203125 0.1015625 0.10390625
8 0.553125 0.93359375 0.10390625 0.1
8 0.65546875 0.93359375 0.0796875 0.09921875
8 0.33671875 0.93359375 0.09140625 0.1078125
4 0.3359375 0.94140625 0.05859375 0.08671875
4 0.65390625 0.94296875 0.05390625 0.08359375
8 0.128125 0.9171875 0.13984375 0.1328125
8 0.165625 0.71796875 0.21328125 0.11875
8 0.16328125 0.5265625 0.21328125 0.11875
8 0.1640625 0.3328125 0.21328125 0.11875
8 0.16171875 0.14140625 0.21328125 0.11875
8 0.83125 0.7140625 0.21328125 0.11875
8 0.8296875 0.52265625 0.21328125 0.11875
8 0.8296875 0.3296875 0.21328125 0.11875
8 0.828125 0.13828125 0.21328125 0.11875
8 0.86640625 0.9171875 0.1359375 0.12421875
8 0.9876010031250001 0.9886780859375 0.986389571875 0.0988658484375 0.9409609078125 0.030921301562499996 0.9397676875000001 0.9987325734375 0.9876010031250001 0.9886780859375
8 0.054799084374999994 0.03614780625 0.01058185 0.1014791 0.011184664062499999 0.9987325734375 0.0529819375 0.9952112156249999 0.054799084374999994 0.03614780625
4 0.9651048125000001 0.901056484375 0.94209609375 0.900170171875 0.939630875 0.9958919406250001 0.9655156828125 0.994119315625 0.9651048125000001 0.901056484375
4 0.053833725 0.897061153125 0.031188796875 0.8997016265625 0.031188796875 0.996739015625 0.053833725 0.9954187796875 0.053833725 0.897061153125
4 0.55078125 0.93125 0.040625 0.1
4 0.4390625 0.93203125 0.05 0.1046875