7 0.3369107734375 0 0.329896184375 0.017701878125 0.16856060625 0.0205841375 0.16593013437499998 0.0349954359375 0.052819865625 0.03691694375 0.037037037499999995 0.0426814625 0 0.0405823828125 0 0.78438295625 0.0124859703125 0.7987942546875 0.0072250281250000005 0.9957486671875 0.9980359140624999 0.9957486671875 0.9883908531250001 0.0945621375 0.9989127390625001 0.07054330625 0.9883908531250001 0.041720709375 0.94981060625 0.0426814625 0.9454264875 0.017701878125 0.702546296875 0.0100158515625 0.6876402921875 0.017701878125 0.55874719375 0.01866263125 0.560166553125 0 0.3369107734375 0
4 0.44375 0.921875 0.09453125 0.146875
8 0.1359375 0.88515625 0.09609375 0.215625
8 0.28203125 0.8859375 0.1234375 0.21484375
8 0.75703125 0.8828125 0.09609375 0.215625
8 0.6078125 0.884375 0.1234375 0.21484375
4 0.88203125 0.9359375 0.0453125 0.115625
8 0.4453125 0.65625 0.1046875 0.10859375
8 0.284375 0.6546875 0.1046875 0.10859375
8 0.6109375 0.65390625 0.10703125 0.10546875
8 0.7515625 0.6515625 0.06640625 0.10703125
8 0.1390625 0.64921875 0.06640625 0.10703125
8 0.89296875 0.74296875 0.06640625 0.10703125
8 0.89140625 0.56484375 0.06640625 0.10703125
8 0.89296875 0.38359375 0.06640625 0.10703125
8 0.89453125 0.21015625 0.06640625 0.10703125
8 0.7515625 0.471875 0.06640625 0.10703125
8 0.7546875 0.2921875 0.06640625 0.10703125
8 0.7515625 0.1296875 0.06796875 0.07578125
8 0.60703125 0.2953125 0.10078125 0.10703125
8 0.609375 0.4796875 0.1046875 0.10859375
8 0.446875 0.29921875 0.1015625 0.10625
8 0.4453125 0.475 0.103125 0.11953125
8 0.28203125 0.47890625 0.1046875 0.10859375
8 0.28203125 0.3046875 0.103125 0.11953125
8 0.13828125 0.47265625 0.07265625 0.1078125
8 0.13828125 0.29375 0.06875 0.1140625
8 0.44375 0.1328125 0.10625 0.07421875
8 0.6078125 0.1359375 0.10625 0.07421875
8 0.284375 0.13046875 0.10625 0.07421875
8 0.13984375 0.13203125 0.06640625 0.07109375
8 0.446875 0.828125 0.0953125 0.04453125