7 0 0.6971954421875 0.1305010609375 0.7410166515625 0.1702677625 0.8134169109375 0.16198303281249998 0.936306825 0.311108165625 0.9925122890625 0.97388653125 0.994417559375 0.9622879109375001 0.7248218578125 0.9821712625 0.7181534125 0.9854851546875001 0.6962428078125 0.9689156953125 0.693384903125 0.9722295875 0.605742484375 0.9921129375 0.591452959375 0.9722295875 0.58287924375 0.9705726406249999 0.49714209531250003 0.990455990625 0.4885683796875 0.980514315625 0.4723735859375 0.9854851546875001 0.3170940828125 0.93411983125 0.3142361765625 0.932462884375 0.2551728078125 0.884411453125 0.048451015624999996 0.86287115625 0.0322562203125 0.8264183453125 0.0208246015625 0.7667682921875 0.008440346875000001 0.0807926828125 0.005582440625 0.0277704125 0.018919331249999997 0 0.0399656359375 0 0.6971954421875
8 0.091247571875 0.3937432625 0.7482192953125 0.3976212453125 0.837254478125 0.40615280781249996 0.8561407296875 0.41468437031249994 0.8642348375 0.3410026921875 0.8507446578125 0.32626635625 0.8129721562500001 0.31153001874999997 0.7738506375 0.29834487656249997 0.081804446875 0.29601808749999997 0.0453809640625 0.3099788265625 0.0440319453125 0.40072363125 0.0642672140625 0.3952944546875 0.091247571875 0.3937432625
8 0.0885495359375 0.52171670625 0.7455212609374999 0.5255946890625001 0.83455644375 0.5341262515625 0.8534426937499999 0.5426578140625 0.8615368015625 0.46897613437499996 0.8480466218749999 0.4542398 0.8102741203124999 0.4395034625 0.7711526 0.4263183203125 0.07910640937499999 0.4239915296875 0.0426829265625 0.43795227031249995 0.0413339078125 0.528697075 0.061569178125 0.5232678984375 0.0885495359375 0.52171670625
8 0.0939456078125 0.6520169390625 0.7509173328125 0.655894921875 0.8399525156250001 0.6644264843750001 0.858838765625 0.6729580484375 0.8669328734375 0.59927636875 0.8534426937499999 0.5845400328125 0.8156701921874999 0.569803696875 0.776548671875 0.5566185531250001 0.08450248125000001 0.5542917640625 0.0480789984375 0.568252503125 0.0467299796875 0.6589973078125 0.06696525 0.6535681328125 0.0939456078125 0.6520169390625
2 0.94453125 0.3375 0.07421875 0.04609375
8 0.94140625 0.42421875 0.059375 0.09375
8 0.94375 0.53515625 0.06171875 0.096875
8 0.9390625 0.6484375 0.06328125 0.0953125
8 0.31788258125 0.992503859375 0.969458234375 0.990952665625 0.9681092171874999 0.7202694421875 0.779246709375 0.7140646703125 0.7293330453125 0.82652618125 0.715842865625 0.7939511218749999 0.7198899203125 0.6993283328125 0.1748866828125 0.6962259468750001 0.18298078906249998 0.8079118609375 0.160047484375 0.9335585140625 0.31788258125 0.992503859375
4 0.3875 0.9484375 0.09375 0.08125
4 0.6140625 0.95234375 0.0796875 0.08828125
4 0.85859375 0.9515625 0.1140625 0.08359375