7 0.8895575328125 0.0051430125 0.1773068203125 0.010976296875 0.20347113125 0.057642574999999995 0.037763823437499996 0.061531431250000004 0.040670968749999994 0.9938847734375 0.9987789984375001 0.991493634375 0.9913076343749999 0.057642574999999995 0.89827896875 0.0625036453125 0.8895575328125 0.0051430125
8 0.2703125 0.2140625 0.12734375 0.13671875
8 0.52578125 0.196875 0.28515625 0.11015625
8 0.76640625 0.21640625 0.13125 0.14453125
8 0.34921875 0.37890625 0.28515625 0.11171875
8 0.678125 0.56484375 0.28828125 0.103125
8 0.434375 0.58046875 0.13359375 0.13984375
8 0.2671875 0.58046875 0.1296875 0.13984375
8 0.6015625 0.396875 0.13203125 0.14375
8 0.77109375 0.39453125 0.140625 0.1421875
4 0.503125 0.928125 0.76796875 0.11640625
8 0.75703125 0.7625 0.11953125 0.128125
8 0.50859375 0.74921875 0.29375 0.09921875
8 0.26640625 0.7625 0.14375 0.13359375