7 0.8595802921875 0.0133613671875 0.2543850453125 0.0048833421875 0.25504001875000004 0.0642295171875 0.0035303062500000003 0.055751492187499994 0.0035303062500000003 0.093054803125 0.0441386453125 0.17105263125 0.04479361875 0.372829625 0.0015653859374999998 0.369438415625 0.0009104124999999999 0.39487249062499996 0.045448590625 0.44574063906249994 0.043483671875000005 0.67634291875 0.0015653859374999998 0.6814297328125 0.0015653859374999998 0.70177699375 0.043483671875000005 0.7238198578125 0.047625770312499996 0.9964668624999999 0.9993646765624999 0.9853084000000001 0.9993646765624999 0.07779435625 0.8595802921875 0.0760987515625 0.8595802921875 0.0133613671875
8 0.7015625 0.26875 0.0625 0.221875
8 0.5484375 0.2609375 0.06640625 0.22734375
8 0.39765625 0.2625 0.0703125 0.2234375
8 0.24921875 0.26171875 0.06640625 0.221875
8 0.09609375 0.26015625 0.06640625 0.221875
8 0.7015625 0.56015625 0.059375 0.24609375
8 0.5484375 0.55625 0.06328125 0.2578125
8 0.39609375 0.55390625 0.06953125 0.24765625
8 0.2484375 0.553125 0.0640625 0.24609375
8 0.09453125 0.5515625 0.06640625 0.24609375
8 0.7 0.85390625 0.059375 0.24609375
8 0.546875 0.85 0.06328125 0.2578125
8 0.39453125 0.8484375 0.06953125 0.24765625
8 0.246875 0.84765625 0.0640625 0.24609375
8 0.09296875 0.84609375 0.06640625 0.24609375
2 0.5609375 0.0359375 0.6 0.071875