7 0.0017540296875 0.989335275 0.993161828125 0.998972075 0.9982459703125001 0.00209868125 0.0017540296875 0.0031694359375000003 0.0017540296875 0.989335275
4 0.59375 0.94375 0.071875 0.1078125
8 0.49453125 0.78125 0.2796875 0.065625
8 0.81171875 0.78046875 0.2796875 0.065625
8 0.496875 0.609375 0.2796875 0.065625
8 0.81328125 0.6078125 0.2796875 0.065625
8 0.4953125 0.4390625 0.2796875 0.065625
8 0.8125 0.4375 0.2796875 0.065625
8 0.4953125 0.27421875 0.28359375 0.05
8 0.81640625 0.27421875 0.275 0.0484375
8 0.8171875 0.1109375 0.27578125 0.04140625
8 0.49609375 0.11328125 0.28359375 0.0390625
8 0.06875 0.1140625 0.01640625 0.04140625
8 0.11328125 0.1140625 0.01328125 0.03828125
8 0.1609375 0.1171875 0.01875 0.04140625
8 0.2046875 0.115625 0.01484375 0.03828125
8 0.25 0.115625 0.01796875 0.0359375
8 0.29765625 0.115625 0.02265625 0.03828125