7 0.005057803125 0 0.0059609828125 0.991169221875 0.999421965625 0.9341742765625 0.999421965625 0 0.5388367046875 0 0.5379335265625 0.078997809375 0.4214234109375 0.0781421140625 0.4214234109375 0.02252190625 0.41293352656250004 0 0.005057803125 0
8 0.0765625 0.06015625 0.01796875 0.0390625
8 0.04921875 0.36640625 0.07109375 0.0703125
8 0.48359375 0.46171875 0.07421875 0.06875
8 0.63203125 0.46015625 0.0734375 0.06796875
8 0.4828125 0.18046875 0.07734375 0.06953125
8 0.634375 0.646875 0.0734375 0.06796875
8 0.48046875 0.64921875 0.0734375 0.06796875
8 0.3453125 0.54921875 0.0734375 0.06796875
8 0.34453125 0.2703125 0.07421875 0.06875
8 0.34609375 0.08515625 0.07734375 0.06953125
8 0.19765625 0.2703125 0.07734375 0.06953125
8 0.19921875 0.08359375 0.07421875 0.06875
8 0.0484375 0.175 0.07734375 0.06953125
8 0.04375 0.73984375 0.07421875 0.06875
4 0.10078125 0.94375 0.08125 0.07421875
8 0.1890625 0.93359375 0.0234375 0.05078125
8 0.06796875 0.85234375 0.0265625 0.04609375
8 0.13046875 0.8515625 0.0265625 0.04609375
8 0.19140625 0.8515625 0.0265625 0.04609375
8 0.2484375 0.8515625 0.0265625 0.04609375
8 0.30390625 0.85078125 0.0265625 0.04609375
8 0.36953125 0.85078125 0.0265625 0.04609375
8 0.24921875 0.75703125 0.0265625 0.04609375
8 0.18671875 0.75859375 0.0265625 0.04609375
8 0.23203125 0.675 0.0265625 0.04609375
8 0.30703125 0.67734375 0.0234375 0.046875
8 0.36484375 0.675 0.0234375 0.046875
8 0.24921875 0.59296875 0.0234375 0.046875
8 0.23359375 0.5140625 0.021875 0.0515625
8 0.13046875 0.5078125 0.0234375 0.046875
8 0.07265625 0.5109375 0.0234375 0.046875
8 0.25 0.425 0.0203125 0.04765625
8 0.19140625 0.42734375 0.0203125 0.04765625
8 0.4265625 0.34140625 0.0234375 0.04609375
8 0.59375 0.3453125 0.0234375 0.04609375
8 0.60234375 0.2609375 0.0234375 0.04609375
8 0.428125 0.2609375 0.025 0.04296875
8 0.5859375 0.18125 0.0234375 0.04609375
8 0.77578125 0.26484375 0.0234375 0.04609375
8 0.42109375 0.421875 0.01171875 0.0328125
8 0.13046875 0.05859375 0.01796875 0.0390625
8 0.4203125 0.76171875 0.02109375 0.05
4 0.65859375 0.85546875 0.03125 0.0515625
8 0.42421875 0.50859375 0.01484375 0.04453125
8 0.42421875 0.58984375 0.0234375 0.04921875
8 0.48828125 0.5828125 0.021875 0.03125
8 0.66484375 0.58203125 0.02265625 0.02890625
8 0.66484375 0.759375 0.01953125 0.053125
8 0.6046875 0.75859375 0.01875 0.0375
8 0.06875 0.67109375 0.02421875 0.0375
8 0.04375 0.58984375 0.0203125 0.03515625
8 0.12890625 0.340625 0.021875 0.04921875
8 0.4234375 0.9484375 0.0265625 0.04375
8 0.6125 0.9296875 0.03828125 0.04921875
8 0.6703125 0.9328125 0.05703125 0.05390625
8 0.13125 0.18125 0.021875 0.04140625