7 0.38879647031250003 0.9832743328125 0.3951251265625 0.9991845984375001 0.6166280921875 0.994212640625 0.9972515546875 0.997195815625 0.9990597421875 0.33791416406249997 0.9936351796875 0.336919771875 0.9927310859375 0.2693011421875 0.9994394625 0.2545443703125 0.9994394625 0.2046656859375 0.5110481765625 0 0.49276725 0.0018097921874999999 0 0.2031685328125 0.0018443515625 0.9991845984375001 0.08411688125 0.997195815625 0.11847244374999999 0.988246290625 0.1555402859375 0.9872519000000001 0.38879647031250003 0.9832743328125
2 0.23359375 0.3640625 0.30546875 0.09140625
2 0.76640625 0.3609375 0.30546875 0.09140625
2 0.76640625 0.3609375 0.30546875 0.09140625
2 0.75859375 0.65546875 0.30546875 0.09140625
2 0.234375 0.65546875 0.3109375 0.084375
2 0.50078125 0.36171875 0.14453125 0.09140625
2 0.50078125 0.65546875 0.14453125 0.09140625
8 0.71171875 0.9015625 0.21484375 0.1703125
8 0.2890625 0.896875 0.203125 0.171875
4 0.6734375 0.90703125 0.07109375 0.16875
4 0.334375 0.9 0.0734375 0.1703125
8 0.5046875 0.89765625 0.1109375 0.1734375