7 0 0.99390338125 0.0040374109375 0.9958326890625001 0.9937841296875 0.98232751875 0.9988672015625 0.002238 0.830399675 0.008025929687499999 0.7534274421875 0.040824203125 0.7527012890625 0.0794104015625 0.173231090625 0.0716931609375 0.17758800937500002 0.008025929687499999 0 0.004556578125 0 0.99390338125
8 0.753125 0.903125 0.48671875 0.18828125
5 0.7169590343750001 0.9482774046875001 0.7131675171875 0.943800228125 0.7055844828125 0.9023863343749999 0.7081121609375 0.9012670406250001 0.7245420703125001 0.9158178687499999 0.730439984375 0.9225336328125 0.73128254375 0.909102103125 0.7262271874999999 0.89567056875 0.72791230625 0.8788811531249999 0.7317038234375 0.8620917359375 0.7258059078125 0.845302321875 0.7085334421875 0.8329900828125 0.71106111875 0.822916434375 0.7097972796875001 0.8106041968750001 0.7047419234375 0.79829195625 0.6992652875 0.7938147796874999 0.6925248140625 0.7994112515625 0.6904184156250001 0.7826218359375 0.6937886515625 0.7647131265625 0.7013716859375 0.7400886484375 0.69420993125 0.7344921765625 0.6853630578125001 0.7232992312500001 0.6744097874999999 0.7132255828125 0.67609490625 0.674050278125 0.6739885078125 0.6449486249999999 0.6659841937500001 0.6449486249999999 0.6541883625 0.6483065078125 0.636494615625 0.6415907421875 0.621749828125 0.6326363875000001 0.6162731906250001 0.6337556796875 0.6103752765625 0.6539029796875 0.6154306328125 0.6606187453125 0.616694471875 0.6706923953125 0.612902953125 0.6774081609375 0.6044773609375 0.6729309859375 0.5968943265625 0.6695731 0.5893112921875 0.6650959234375 0.5926815296875 0.6886011062499999 0.59394536875 0.7087484046875 0.60405608125 0.7400886484375 0.599843284375 0.761355240625 0.5947879281249999 0.7770253640625 0.5842559359374999 0.779263953125 0.5749877828125001 0.7815025390625 0.574566503125 0.8083656078124999 0.584677215625 0.8352286718749999 0.60068584375 0.8688075046874999 0.6120603953125 0.8911933921875 0.613324234375 0.9180564578125001 0.6011071218749999 0.9236529296875 0.5817282578125 0.9314879906250001 0.5690898671875 0.9359651671875 0.55897915625 0.94603881875 0.5640345109375 0.9516352906250001 0.57372394375 0.9639475281250001 0.582992096875 0.9818562375000001 0.5792005796875 0.9874527093750001 0.576251621875 0.9970674484375 0.7169590343750001 0.9970674484375 0.7169590343750001 0.9482774046875001
8 0.25 0.13984375 0.153125 0.128125
8 0.41875 0.14140625 0.11875 0.1265625
8 0.58046875 0.14609375 0.11875 0.1265625
8 0.73828125 0.14765625 0.11484375 0.12109375
8 0.41875 0.140625 0.11875 0.1265625
8 0.39375 0.36953125 0.1109375 0.15703125
8 0.559375 0.36875 0.11328125 0.15625
8 0.72734375 0.36875 0.11328125 0.15625
8 0.440625 0.5859375 0.096875 0.15
8 0.259375 0.58515625 0.10078125 0.15625
8 0.23359375 0.3703125 0.121875 0.165625
8 0.6109375 0.58828125 0.096875 0.15
8 0.778125 0.5875 0.096875 0.15
8 0.778125 0.5875 0.096875 0.15
8 0.94140625 0.58984375 0.0875 0.153125
8 0.08828125 0.890625 0.15078125 0.184375
5 0.1955348671875 0.9292575125000001 0.193935225 0.8995069906250001 0.190202728125 0.8938402265625 0.19126915625000002 0.8669230875 0.18966951406250002 0.8584229390625 0.18060487812499998 0.8584229390625 0.16780774375000002 0.8655063953125 0.16300881875 0.8626730140625 0.1475456171875 0.8357558765625 0.140080621875 0.82442234375 0.13421526875 0.8173388859375 0.1240842046875 0.8258390359375 0.11981849375 0.8527561734375 0.12621706093750001 0.8796733109374999 0.12248456249999999 0.90517375625 0.11981849375 0.9320908937500001 0.1128867125 0.946257809375 0.1038220765625 0.9618414171874999 0.089425303125 0.9788417125000001 0.0952906546875 0.9915919359375 0.09906891875 0.9970674484375 0.188069871875 0.9944253203125 0.187536659375 0.9873418624999999 0.1907359421875 0.964674796875 0.1944684390625 0.9405910437499999 0.1955348671875 0.9292575125000001
4 0.26640625 0.9109375 0.05 0.17265625