7 0.206685703125 0.9826119140625 0.217549196875 0.9535614890625 0.25634738281249997 0.9535614890625 0.2585259765625 0.999165971875 0.9935129437500001 0.999165971875 0.9904090890624999 0.843919559375 0.9927369796875001 0.8382968953125 0.991961015625 0.8223660171875 0.9973927625 0.819554684375 0.991961015625 0.811120690625 0.9911850515625 0.6639943390624999 0.9993093921874999 0.662262890625 0.991961015625 0.6499376828125001 0.991961015625 0.5365473109375001 0.9950648703124999 0.5168679890625001 0.9993093921874999 0.5168679890625001 0.9942889062500001 0.5084339953125 0.9911850515625 0.37442719062499996 0.9993093921874999 0.37246488125 0.991961015625 0.3594334234375 0.9888571609374999 0.2516657140625 0.9993093921874999 0.2476795421875 0.9973927625 0.21980395625 0.9942889062500001 0.2160555140625 0.991961015625 0.09610536875 0.991961015625 0.0820487109375 0.9993093921874999 0.0825707359375 0.9927369796875001 0.0670549421875 0.9888571609374999 0.0586209484375 0.967130175 0.0567467265625 0.9993093921874999 0.0406659109375 0.9993093921874999 0.0042685390625 0.0018312734375 0.00145720625 0.0033832015625000003 0.0173880859375 0.0336457875 0.0436271796875 0.027438078124999998 0.0576838375 0.019678440624999998 0.0586209484375 0.0189024765625 0.22167817812499999 0.008038984374999999 0.2254266203125 0.019678440624999998 0.2404203875 0.017402096875000002 0.999165971875 0.0445092796875 0.999165971875 0.048389100000000004 0.9910459093749999 0.0755478296875 0.9601212625000001 0.128313365625 0.965743925 0.1259854734375 0.98636035625 0.206685703125 0.9826119140625
8 0.09140625 0.1640625 0.09765625 0.103125
8 0.0796875 0.309375 0.06640625 0.10625
8 0.328125 0.16796875 0.1 0.1140625
8 0.2078125 0.1640625 0.09765625 0.1015625
8 0.44453125 0.16015625 0.1 0.10546875
8 0.5640625 0.16328125 0.09609375 0.1078125
8 0.07578125 0.74296875 0.06640625 0.10625
8 0.328125 0.44609375 0.09921875 0.0984375
8 0.5625 0.30390625 0.103125 0.103125
8 0.4453125 0.30859375 0.1 0.10078125
8 0.67890625 0.3046875 0.096875 0.1
8 0.79921875 0.30546875 0.10078125 0.109375
8 0.20859375 0.30859375 0.096875 0.1078125
8 0.32578125 0.3078125 0.10390625 0.10078125
8 0.6796875 0.1625 0.09765625 0.10078125
8 0.8 0.16484375 0.1015625 0.10703125
8 0.91953125 0.1609375 0.0921875 0.1
8 0.92109375 0.30390625 0.09765625 0.0984375
8 0.08046875 0.4453125 0.06640625 0.10625
8 0.21171875 0.44765625 0.09765625 0.1046875
8 0.79921875 0.4484375 0.1 0.10078125
8 0.68203125 0.45 0.0984375 0.10234375
8 0.56640625 0.446875 0.0984375 0.1078125
8 0.4453125 0.44921875 0.10234375 0.09765625
8 0.91875 0.4453125 0.10078125 0.10546875
8 0.07734375 0.5953125 0.06640625 0.10625
8 0.21328125 0.59609375 0.0984375 0.10546875
8 0.8 0.58984375 0.10078125 0.1046875
8 0.68203125 0.58828125 0.09921875 0.10390625
8 0.56484375 0.58828125 0.09453125 0.11015625
8 0.44765625 0.5875 0.09921875 0.1
8 0.92109375 0.5890625 0.09765625 0.1140625
8 0.3296875 0.5890625 0.10234375 0.10625
8 0.32734375 0.7421875 0.096875 0.11953125
8 0.2109375 0.73828125 0.090625 0.10703125
8 0.446875 0.7390625 0.096875 0.1109375
8 0.5640625 0.7421875 0.09765625 0.11484375
8 0.68359375 0.74140625 0.10078125 0.11640625
8 0.91875 0.740625 0.090625 0.10625
8 0.79921875 0.73984375 0.09765625 0.1078125
4 0.14140625 0.9390625 0.13515625 0.0859375
8 0.32734375 0.91875 0.10390625 0.11171875
8 0.446875 0.91484375 0.10390625 0.11171875
8 0.57109375 0.915625 0.10390625 0.11171875
8 0.6859375 0.915625 0.10390625 0.11171875
8 0.80078125 0.9171875 0.10390625 0.11171875
8 0.91953125 0.9140625 0.09375 0.10625