7 0.93333055 0.14575089531250002 0.9274860140625 0.146693046875 0.9149620109375001 0.172131146875 0.909952409375 0.103354059375 0.8765550640625 0.10429621250000001 0.874885196875 0.0468249484375 0.8707105296875 0.0477671 0.8615262593749999 0.07414735312500001 0.8556817234375 0.0675522890625 0.8515813984375 0 0.1434833421875 0.0044281140625 0.1451532109375 0.0628415296875 0.134299071875 0.0750895046875 0.1201052015625 0.0411720375 0.12177506874999999 0.1052383640625 0.0816982546875 0.103354059375 0.0850379890625 0.172131146875 0.063329715625 0.1410401359375 0.0649995828125 0.21264367812499999 0.0207481 0.21358583125 0.0157384984375 0.9983983421874999 0.9976204390625 0.9908611265625 0.9792519000000001 0.21452798281250002 0.934165484375 0.21452798281250002 0.93333055 0.14575089531250002
8 0.42734375 0.08125 0.09921875 0.04140625
8 0.56484375 0.08203125 0.1046875 0.04609375
8 0.6984375 0.0828125 0.10390625 0.0453125
8 0.2921875 0.08359375 0.10234375 0.04296875
8 0.17734375 0.18515625 0.02578125 0.05625
8 0.284375 0.1859375 0.10703125 0.05703125
8 0.42421875 0.18828125 0.10625 0.05703125
8 0.56640625 0.18828125 0.10859375 0.053125
8 0.7109375 0.1890625 0.10703125 0.05625
8 0.81484375 0.1875 0.02265625 0.05
8 0.71953125 0.32265625 0.109375 0.11015625
8 0.57265625 0.31953125 0.11171875 0.10390625
8 0.425 0.31953125 0.09921875 0.1078125
8 0.27265625 0.3203125 0.11328125 0.096875
8 0.85234375 0.32109375 0.06953125 0.11015625
8 0.1421875 0.3203125 0.06640625 0.103125
8 0.71484375 0.47734375 0.109375 0.11015625
8 0.5671875 0.475 0.11171875 0.10390625
8 0.4203125 0.47421875 0.09921875 0.1078125
8 0.2671875 0.475 0.11328125 0.096875
8 0.84765625 0.47578125 0.06953125 0.11015625
8 0.1375 0.475 0.06640625 0.103125
8 0.7203125 0.62578125 0.1109375 0.11796875
8 0.571875 0.62578125 0.11171875 0.11796875
8 0.4234375 0.62421875 0.09765625 0.11875
8 0.27109375 0.628125 0.1125 0.11328125
8 0.85234375 0.62578125 0.06953125 0.1203125
8 0.14140625 0.625 0.06640625 0.11484375
8 0.71953125 0.77734375 0.1109375 0.11796875
8 0.57109375 0.77734375 0.11171875 0.11796875
8 0.42265625 0.77578125 0.09765625 0.11875
8 0.2703125 0.77890625 0.1125 0.11328125
8 0.8515625 0.77734375 0.06953125 0.1203125
8 0.14140625 0.7765625 0.06640625 0.11484375
8 0.85546875 0.92109375 0.06953125 0.1203125
8 0.7234375 0.92109375 0.1109375 0.11796875
8 0.575 0.92109375 0.11171875 0.11796875
8 0.42578125 0.91953125 0.09765625 0.11875
8 0.2734375 0.92265625 0.1125 0.11328125
8 0.14453125 0.9203125 0.06640625 0.11484375
4 0.2828125 0.94140625 0.05234375 0.1109375
4 0.7109375 0.9390625 0.05390625 0.109375
5 0.210411621875 0.9437158468750001 0.2055690078125 0.9251366125 0.198789346875 0.9131147546875 0.1813559328125 0.90874316875 0.1581113796875 0.9207650265625 0.1416464890625 0.9426229515625 0.15133171875 0.9524590156249999 0.172639225 0.9710382515625 0.177481840625 0.9819672125000001 0.183292978125 0.991803278125 0.18619854687499998 0.9808743171875 0.19782082343750002 0.972131146875 0.207506053125 0.9579234968750001 0.210411621875 0.9437158468750001
5 0.8147699765624999 0.9535519125 0.8263922515625 0.94480874375 0.8254237281249999 0.9153005468750001 0.8089588375 0.8989071031250001 0.7944309921875 0.9 0.771186440625 0.9174863390624999 0.7702179171875 0.9273224046875 0.774092009375 0.9404371578124999 0.778934625 0.949180328125 0.7944309921875 0.9612021859375 0.8002421312499999 0.9644808749999999 0.8002421312499999 0.9928961749999999 0.8062127203125 0.9986338796875 0.8070217921875 0.9612021859375 0.8147699765624999 0.9535519125