7 0.9920267140625001 0.101095703125 0.95522693125 0.09767163125 0.9102494203125 0.1250642015625 0.91297533125 0.0933915421875 0.5763254734375 0.06343091875 0.5122665937499999 0.1302003078125 0.5122665937499999 0.16444102031250002 0.4645631734375 0.162728984375 0.465926128125 0.0480225984375 0.30100858750000004 0.0291902078125 0.216505384375 0.0420304734375 0.16335014375 0.0514466703125 0.122461496875 0.08140729375 0.110194903125 0.12078411250000001 0.10746899218749999 0.1558808421875 0.06249148125 0.1533127890625 0.05567670625 0.004365690625 0.003884421875 0.0026536546875 0.006609278125 0.9995291906249999 0.027054654687500002 0.9982023625 0.9756712562500001 0.9297209390625 0.9797601203124999 0.8235747296874999 0.9933896687500001 0.8218626953125 0.9920267140625001 0.101095703125
8 0.0796875 0.33984375 0.053125 0.1265625
8 0.084375 0.528125 0.06328125 0.13046875
8 0.5447065624999999 0.171851246875 0.46251874062500004 0.1644771171875 0.461615578125 0.211558096875 0.545609725 0.2189322265625 0.5447065624999999 0.171851246875
2 0.8163672406250001 0.3100801171875 0.9032622234375 0.3164976296875 0.90506855 0.2660132046875 0.8120427734375 0.2614752796875 0.5790267515624999 0.3357838125 0.3035620734375 0.3244389984375 0.3080778890625 0.3732217 0.6016440921874999 0.38748443906249996 0.8163672406250001 0.3100801171875
2 0.483482834375 0.590970028125 0.583542565625 0.59047489375 0.5844457281250001 0.5416921921875 0.4869041375 0.5411249515625001 0.24034067343749999 0.433349215625 0.12112317343750001 0.427676809375 0.115704196875 0.48553536093750005 0.2369959078125 0.4888282421875 0.483482834375 0.590970028125
8 0.49296875 0.50390625 0.0484375 0.065625
8 0.88359375 0.53203125 0.05625 0.121875
8 0.82265625 0.70390625 0.1671875 0.1078125
8 0.32734375 0.7140625 0.1078125 0.1171875
4 0.715404346875 0.9155038234375 0.7732067703125 0.9126676203124999 0.77049728125 0.8196401421875 0.7379834187500001 0.8213418640624999 0.7379834187500001 0.8338211609374999 0.7117916937500001 0.8360901234375 0.715404346875 0.9155038234375
8 0.34921875 0.30859375 0.0859375 0.03046875
8 0.46875 0.31328125 0.103125 0.0359375
5 0.8735420421875 0.8814357312500001 0.871000940625 0.867870025 0.8443193656249999 0.867870025 0.8265316484375 0.8734559031250001 0.8189083421875001 0.8838296781249999 0.8189083421875001 0.8965974015624999 0.8214494437500001 0.910961090625 0.8214494437500001 0.9197388999999999 0.8239905468750001 0.9261227625 0.8316138531249999 0.9325066234375001 0.8455899171875 0.934900571875 0.86083653125 0.9301126749999999 0.8633776328125 0.9173449515625001 0.8811653500000001 0.9133550390625 0.8824359015625 0.8965974015624999 0.8735420421875 0.8814357312500001
5 0.68422991875 0.9093651250000001 0.681688815625 0.897395384375 0.681688815625 0.8894155578125 0.68422991875 0.8830316953124999 0.68422991875 0.8702639734375 0.6766066109375 0.8590922140625 0.6639011 0.8630821281250001 0.6499250375 0.8758498515625 0.65627779375 0.8926074875 0.6639011 0.9045772281250001 0.6639011 0.9085671421875 0.6588188953125 0.9253247796874999 0.674065509375 0.9253247796874999 0.666442203125 0.942082415625 0.652466140625 0.9588400515625001 0.7032881859375 0.9596380343750001 0.694394328125 0.9412844328125001 0.6855004703125 0.9277187265625001 0.68295936875 0.9197388999999999 0.68422991875 0.9093651250000001
5 0.6346784234375 0.9221328484375 0.6346784234375 0.9101631078124999 0.64357228125 0.903779246875 0.635948975 0.8981933671875 0.6423017296875 0.8870216093750001 0.635948975 0.867870025 0.6232434625 0.87505186875 0.618161259375 0.8934054703125 0.6219729109375 0.903779246875 0.6232434625 0.910961090625 0.6105379515625 0.9221328484375 0.606726296875 0.9301126749999999 0.6029146453124999 0.942082415625 0.6003735421874999 0.9484662765625 0.6029146453124999 0.9716077750000001 0.6308667703124999 0.9676178625 0.6295962187499999 0.9484662765625 0.633407871875 0.9404864500000001 0.64357228125 0.9356985546875001 0.6346784234375 0.9221328484375