7 0.004373178125 0.9966473453125 0.9994897953124999 0.9989075843749999 0.9905247812500001 0.0067621328125 0 0.0101343890625 0.004373178125 0.9966473453125
8 0.7625 0.796875 0.4546875 0.35
8 0.93515625 0.14453125 0.02890625 0.1078125
8 0.85546875 0.14453125 0.02890625 0.1078125
8 0.78046875 0.146875 0.02890625 0.1078125
8 0.7 0.146875 0.02890625 0.1078125
8 0.62734375 0.1421875 0.02890625 0.1078125
8 0.546875 0.1421875 0.02890625 0.1078125
8 0.471875 0.14453125 0.02890625 0.1078125
8 0.390625 0.32734375 0.02890625 0.1078125
8 0.934375 0.32734375 0.02890625 0.1078125
8 0.85390625 0.32734375 0.02890625 0.1078125
8 0.77890625 0.32734375 0.02890625 0.1125
8 0.7 0.32578125 0.03125 0.115625
8 0.62578125 0.3265625 0.02890625 0.11171875
8 0.5453125 0.325 0.02890625 0.1078125
8 0.47109375 0.51171875 0.02890625 0.1078125
8 0.39140625 0.51171875 0.02890625 0.1078125
8 0.3953125 0.50625 0.02890625 0.1078125
8 0.934375 0.50703125 0.028125 0.11796875
8 0.85546875 0.50546875 0.0296875 0.1203125
8 0.77890625 0.50234375 0.02890625 0.1171875
8 0.69921875 0.50859375 0.02890625 0.11875
8 0.6265625 0.50390625 0.0296875 0.1203125
8 0.546875 0.503125 0.0296875 0.12109375
8 0.47109375 0.5046875 0.028125 0.12265625
8 0.2015625 0.81796875 0.11484375 0.34609375
4 0.2421875 0.9359375 0.034375 0.1125
8 0.39453125 0.88125 0.03671875 0.1625
8 0.47421875 0.8875 0.03671875 0.175
8 0.46875 0.68125 0.03046875 0.11875
8 0.3953125 0.6796875 0.02890625 0.109375
8 0.31953125 0.684375 0.0328125 0.12421875
8 0.4703125 0.32578125 0.03203125 0.109375
8 0.39296875 0.14375 0.02890625 0.1078125
8 0.16328125 0.14765625 0.02890625 0.1078125
8 0.2421875 0.14765625 0.02890625 0.1078125
8 0.31796875 0.14609375 0.02890625 0.1078125
8 0.0859375 0.14375 0.02890625 0.1078125
8 0.0109375 0.14140625 0.021875 0.11484375
8 0.31796875 0.32421875 0.02890625 0.1078125
8 0.2421875 0.32734375 0.02890625 0.1078125
8 0.16328125 0.32734375 0.02890625 0.1078125
8 0.0859375 0.32265625 0.02890625 0.1078125
8 0.0109375 0.3203125 0.021875 0.11484375
8 0.31875 0.50390625 0.02890625 0.1078125
8 0.24296875 0.5078125 0.02890625 0.1078125
8 0.16328125 0.50859375 0.02890625 0.1078125
8 0.0859375 0.50390625 0.02890625 0.1078125
8 0.0109375 0.503125 0.021875 0.11484375
8 0.0125 0.6828125 0.025 0.10703125