7 0 0.0237211703125 0.0032894734375 0.9958805203125 0.9994999999999999 0.9889945656249999 0.9994999999999999 0.004474578125 0.0177631578125 0.0058788359375 0 0.0237211703125
8 0.83125 0.8078125 0.09765625 0.240625
8 0.1703125 0.80625 0.0953125 0.2359375
4 0.83046875 0.8578125 0.03828125 0.14609375
4 0.17109375 0.85546875 0.04375 0.1375
8 0.303125 0.81171875 0.05703125 0.11015625
8 0.4328125 0.81171875 0.05703125 0.11015625
8 0.565625 0.80859375 0.05703125 0.11015625
8 0.696875 0.80859375 0.05703125 0.11015625
8 0.0171875 0.27578125 0.034375 0.0515625
8 0.0265625 0.0875 0.0296875 0.02109375
8 0.06953125 0.27109375 0.03515625 0.0515625
8 0.07265625 0.084375 0.0296875 0.02109375
8 0.14453125 0.271875 0.03984375 0.046875
8 0.1328125 0.07421875 0.0375 0.01953125
8 0.2015625 0.26953125 0.0421875 0.04921875
8 0.23046875 0.07578125 0.04453125 0.01953125
8 0.18125 0.07578125 0.0375 0.01953125
8 0.0421875 0.80234375 0.05703125 0.11015625
8 0.9625 0.80703125 0.05703125 0.11015625
8 0.9625 0.475 0.05703125 0.11015625
8 0.696875 0.47578125 0.05703125 0.11015625
8 0.56484375 0.4671875 0.059375 0.13125
8 0.4328125 0.465625 0.05703125 0.11015625
8 0.3046875 0.465625 0.05703125 0.11015625
8 0.0421875 0.47109375 0.05703125 0.11015625
8 0.17265625 0.46484375 0.05703125 0.11015625
8 0.4640625 0.2703125 0.0421875 0.04921875
8 0.40546875 0.27578125 0.03984375 0.046875
8 0.33203125 0.27421875 0.03984375 0.05703125
8 0.27109375 0.271875 0.03515625 0.0515625
8 0.98359375 0.2765625 0.0328125 0.05625
8 0.93125 0.2765625 0.034375 0.046875
8 0.85859375 0.275 0.03828125 0.053125
8 0.803125 0.27578125 0.03984375 0.053125
8 0.725 0.2734375 0.0421875 0.05390625
8 0.66953125 0.278125 0.04609375 0.05390625
8 0.5953125 0.2734375 0.046875 0.05625
8 0.5359375 0.2734375 0.04296875 0.053125
8 0.2796875 0.07265625 0.0375 0.01875
8 0.33046875 0.075 0.04375 0.0234375
8 0.37734375 0.0734375 0.0390625 0.01953125
8 0.42734375 0.071875 0.040625 0.021875
8 0.4765625 0.0734375 0.0421875 0.0171875
8 0.52578125 0.07421875 0.03984375 0.0171875
8 0.57421875 0.07109375 0.0421875 0.015625
8 0.62734375 0.07265625 0.0421875 0.015625
8 0.6765625 0.075 0.0421875 0.015625
8 0.7265625 0.07109375 0.0421875 0.015625
8 0.7734375 0.07109375 0.0421875 0.015625
8 0.82421875 0.07265625 0.0421875 0.015625
8 0.8734375 0.07109375 0.0421875 0.015625
8 0.93125 0.07890625 0.03203125 0.01875
8 0.97890625 0.07890625 0.03203125 0.01875
8 0.8296875 0.46953125 0.05390625 0.11484375