7 0.005443496875 0 0.009929773437500001 0.9954555062500001 0.9976213859374999 0.9937645312500001 0.9929083703125 0 0.005443496875 0
4 0.55390625 0.9390625 0.09296875 0.09921875
4 0.68203125 0.9390625 0.1078125 0.1
8 0.12265625 0.11484375 0.15625 0.07578125
8 0.31640625 0.11875 0.15625 0.07578125
8 0.12578125 0.27265625 0.15625 0.07578125
8 0.309375 0.26796875 0.15625 0.07578125
8 0.11875 0.421875 0.15625 0.07578125
8 0.50625 0.11484375 0.15625 0.07578125
8 0.690625 0.1171875 0.15625 0.07578125
8 0.509375 0.27265625 0.15625 0.07578125
8 0.69296875 0.2671875 0.15625 0.07578125
8 0.5015625 0.421875 0.15625 0.07578125
8 0.31484375 0.421875 0.15625 0.07578125
8 0.69296875 0.425 0.15625 0.07578125
8 0.68671875 0.578125 0.15625 0.07578125
8 0.50078125 0.57734375 0.1625 0.0890625
8 0.315625 0.58125 0.1625 0.08984375
8 0.11953125 0.58359375 0.15625 0.07578125
8 0.12109375 0.728125 0.15 0.09375
8 0.30703125 0.7296875 0.15234375 0.0890625
8 0.5 0.7265625 0.1609375 0.0921875
8 0.68984375 0.73203125 0.1625 0.08984375
8 0.88203125 0.11640625 0.15625 0.07578125
8 0.88046875 0.26953125 0.14921875 0.08359375
8 0.884375 0.42421875 0.15625 0.07578125
8 0.878125 0.57734375 0.15625 0.07578125
8 0.878125 0.73515625 0.15625 0.07578125
8 0.3125 0.9046875 0.16171875 0.1140625
8 0.1234375 0.90390625 0.15546875 0.1203125
8 0.8796875 0.8984375 0.1515625 0.121875