7 0.38375 0 0.305 0.12773904375 0.27605862812500004 0 0.20187499999999997 0.1090637453125 0.16038026249999998 0 0.096875 0.10159362499999999 0.04261968125 0 0 0.08348033906249999 0.003125 0.9942729078125 0.9994999999999999 0.9881317859375001 0.9994999999999999 0.12151394374999999 0.991875 0.12898406406250001 0.9669254578125 0 0.881875 0.12898406406250001 0.853875 0 0.7618750000000001 0.1327191234375 0.739325 0 0.649375 0.1327191234375 0.625365990625 0 0.61875 0 0.535625 0.1264940234375 0.5097754421875 0 0.499375 0 0.416875 0.1327191234375 0.3928463109375 0 0.38375 0
8 0.5 0.91015625 0.99921875 0.1171875
4 0.38125 0.94765625 0.040625 0.09609375
8 0.408203125 0.69336715625 0.355859375 0.69414529375 0.35234375 0.7633995265625 0.408984375 0.7633995265625 0.408203125 0.69336715625
8 0.40859375 0.50583603125 0.35625 0.50661416875 0.352734375 0.5758684015625 0.409375 0.5758684015625 0.40859375 0.50583603125
8 0.408203125 0.32608627968750004 0.355859375 0.32686441718750003 0.352734375 0.3891154140625 0.409375 0.3867810015625 0.408203125 0.32608627968750004
8 0.48671875 0.32530814218750004 0.430078125 0.32686441718750003 0.428515625 0.3883372765625 0.48671875 0.3867810015625 0.48671875 0.32530814218750004
8 0.5640625 0.48871700625000003 0.508203125 0.48793886875 0.50625 0.5743121265625 0.56484375 0.5750902640625 0.5640625 0.48871700625000003
8 0.48828125 0.6816950953124999 0.43203125 0.6863639187499999 0.431640625 0.7641776640625 0.4875 0.7626213890625 0.48828125 0.6816950953124999
8 0.488671875 0.5175080921874999 0.42890625 0.5175080921874999 0.43203125 0.5743121265625 0.487890625 0.5774246765625 0.488671875 0.5175080921874999
8 0.565625 0.7174894171874999 0.51015625 0.7143768671874999 0.508984375 0.7626213890625 0.56484375 0.7602869765625 0.565625 0.7174894171874999
8 0.640234375 0.48871700625000003 0.587109375 0.49027328125 0.58515625 0.5719777140625 0.64140625 0.5719777140625 0.640234375 0.48871700625000003
8 0.643359375 0.29729519375 0.58671875 0.29885146875 0.585546875 0.3867810015625 0.641796875 0.3891154140625 0.643359375 0.29729519375
8 0.56484375 0.32686441718750003 0.508984375 0.32608627968750004 0.509375 0.3860028640625 0.564453125 0.3883372765625 0.56484375 0.32686441718750003
8 0.720703125 0.29651705625 0.66484375 0.29573891875 0.663671875 0.3883372765625 0.71875 0.39300609999999997 0.720703125 0.29651705625
8 0.7875 0.33244106875 0.74140625 0.32893945 0.74375 0.3874294484375 0.7947916671875 0.3843169 0.7875 0.33244106875
8 0.8614583328125001 0.33244106875 0.8153645828125 0.32893945 0.8177083328125001 0.3874294484375 0.86875 0.3843169 0.8614583328125001 0.33244106875
8 0.945061728125 0.330308396875 0.9061728390624999 0.33399734375 0.893634259375 0.3886590984375 0.9475308640625 0.3868722640625 0.945061728125 0.330308396875
8 0.985064934375 0.30467739374999997 0.964935065625 0.387463134375 0.9994999999999999 0.387463134375 0.9994999999999999 0.305970921875 0.985064934375 0.30467739374999997
8 0.7188596484375 0.518976725 0.667543859375 0.5181030265625 0.662061403125 0.5731460125 0.7190789468750001 0.574456559375 0.7188596484375 0.518976725
8 0.7942982453125 0.48752358906250004 0.7471491234375 0.48621304218750006 0.7396929828125 0.5740197109375 0.794956140625 0.574456559375 0.7942982453125 0.48752358906250004
8 0.872072071875 0.48933395468749996 0.8268768765625 0.48843664374999995 0.8166666671874999 0.5751767703125 0.8734234234375 0.5763731859375001 0.872072071875 0.48933395468749996
8 0.89176470625 0.578509490625 0.95 0.578509490625 0.9494117640624999 0.4871103828125 0.9070588234375 0.4847668140625 0.89176470625 0.578509490625
8 0.9705882359375 0.5747011953125 0.9994999999999999 0.5726068984375 0.9994999999999999 0.52343566875 0.9845588234375 0.5219709406249999 0.9705882359375 0.5747011953125
8 0.6416216218749999 0.6810595453125 0.5881081078125 0.6815979328124999 0.5878378375 0.7645095296875 0.6421621625 0.7639711421875 0.6416216218749999 0.6810595453125
8 0.7183783781249999 0.6810595453125 0.6686486484375 0.6805211578125 0.66324324375 0.7650479156250001 0.7181081078125 0.7645095296875 0.7183783781249999 0.6810595453125
8 0.795675675 0.6805211578125 0.748378378125 0.6821363203125 0.74108108125 0.7650479156250001 0.796216215625 0.7650479156250001 0.795675675 0.6805211578125
8 0.817509728125 0.7634830328125 0.87159533125 0.7634830328125 0.8721789890625 0.7127133484375 0.827626459375 0.715038678125 0.817509728125 0.7634830328125
8 0.8941489359375 0.76489785625 0.9457446812500001 0.76489785625 0.9468085109375 0.6822497234375 0.9058510640625 0.6854284984375 0.8941489359375 0.76489785625
8 0.9706666671875 0.7682602921874999 0.9994999999999999 0.7650091453125001 0.9994999999999999 0.684594953125 0.9846666671875001 0.684594953125 0.9706666671875 0.7682602921874999
8 0.32971698125 0.3307524625 0.327358490625 0.29692550624999997 0.27641509375 0.297395325 0.2747641515625 0.38807036093749997 0.331839621875 0.3894798171875 0.32971698125 0.3307524625
8 0.1995283015625 0.3918289109375 0.256132075 0.3885401796875 0.2504716984375 0.3307524625 0.20047169843749998 0.3316921 0.1995283015625 0.3918289109375
8 0.1258413453125 0.29900111093750004 0.125 0.391419896875 0.18076923125 0.39261703125 0.1697115390625 0.3023530875 0.1258413453125 0.29900111093750004
8 0.0482843140625 0.3947445515625 0.1040441171875 0.3945004296875 0.091789215625 0.3307847046875 0.0486519609375 0.33151706875000003 0.0482843140625 0.3947445515625
8 0 0.3956543265625 0.025 0.39247555312500004 0.014772728125 0.3370155734375 0 0.3358837375 0 0.3956543265625
8 0.089772728125 0.492077146875 0.047727271875 0.49320898281250003 0.047159090625 0.5803603765625 0.10227272812499999 0.5814922124999999 0.089772728125 0.492077146875
8 0.16818181875 0.49094530937499997 0.12443181875 0.49094530937499997 0.12386363593750001 0.5814922124999999 0.177272728125 0.5792285406250001 0.16818181875 0.49094530937499997
8 0.2487179484375 0.5201416546875001 0.2010683765625 0.521844246875 0.200641025 0.575901521875 0.25405982968749996 0.5767528171875 0.25405982968749996 0.5656859734374999 0.2487179484375 0.5201416546875001
8 0.32820512812499997 0.486089828125 0.2771367515625 0.48992065937499996 0.274786325 0.575475875 0.33162393125 0.5750502265625 0.32820512812499997 0.486089828125
8 0.014473684375 0.5065527359375 0.0046052625 0.511794925 0 0.5782473828125 0.0276315796875 0.5825644796875 0.014473684375 0.5065527359375
8 0.27610619375 0.6809046999999999 0.2756637171875 0.764640553125 0.3327433625 0.764640553125 0.327433628125 0.6813454140624999 0.27610619375 0.6809046999999999
8 0.2013274328125 0.762436978125 0.2550884953125 0.763759121875 0.24712389375 0.6813454140624999 0.2002212390625 0.6795825546875001 0.2013274328125 0.762436978125
8 0.0481781375 0.6846863562500001 0.047975707812500004 0.7645289296875 0.10080971718750001 0.764932175 0.09048582968749999 0.685492846875 0.0481781375 0.6846863562500001
8 0.12307692343750001 0.715333 0.12267206562499999 0.7641256828125 0.1775303640625 0.76331919375 0.1688259109375 0.7169459812500001 0.12307692343750001 0.715333
8 0.0030120484375 0.758004128125 0.02228915625 0.758004128125 0.012650603125000002 0.7220035515625 0 0.716963471875 0.0030120484375 0.758004128125