7 0.998057640625 0.00104130625 0.0006299546875 0.0075494625 0.00128615625 0.964248525 0.000840509375 0.998134328125 0.007191978125 0.996789309375 0.0503176015625 0.998134328125 0.2604861140625 0.9729260671875 0.999435665625 0.9963137046874999 0.998057640625 0.00104130625
4 0.32109375 0.8328125 0.0375 0.18125
4 0.85078125 0.834375 0.0359375 0.178125
8 0.0515625 0.25859375 0.02734375 0.1765625
8 0.08125 0.546875 0.025 0.16328125
8 0.18671875 0.259375 0.121875 0.175
8 0.31953125 0.253125 0.03046875 0.171875
8 0.409375 0.25859375 0.0328125 0.1765625
8 0.496875 0.25625 0.03515625 0.165625
8 0.584375 0.2625 0.03203125 0.171875
8 0.67265625 0.25546875 0.0296875 0.16015625
8 0.7609375 0.25625 0.03125 0.15859375
8 0.84921875 0.25546875 0.03203125 0.1734375
8 0.9375 0.25625 0.03515625 0.1546875
8 0.67265625 0.82578125 0.2109375 0.175
8 0.409375 0.8203125 0.03515625 0.153125
8 0.49765625 0.8203125 0.03515625 0.14609375
8 0.9390625 0.825 0.025 0.1453125
8 0.05234375 0.83203125 0.02734375 0.17109375
8 0.1609375 0.83203125 0.06796875 0.16171875
8 0.16953125 0.53984375 0.03125 0.17109375
8 0.26015625 0.540625 0.03203125 0.16875
8 0.34921875 0.5421875 0.03359375 0.1734375
8 0.43828125 0.5421875 0.03359375 0.165625
8 0.9015625 0.54296875 0.0765625 0.17265625
8 0.7890625 0.5359375 0.03515625 0.165625
8 0.70078125 0.54296875 0.0296875 0.15859375
8 0.6125 0.5484375 0.03203125 0.1546875
8 0.52578125 0.5421875 0.03359375 0.16640625
5 0.2168599671875 0.6415337109375 0.2178329578125 0.5289500765625 0.21977893750000002 0.46783324843749996 0.2246438859375 0.37133299062499997 0.2051840890625 0.2909161078125 0.192535221875 0.2008492015625 0.17015645625 0.1493824 0.174048415625 0.1815491515625 0.1798863546875 0.2233659296875 0.1876702734375 0.281266084375 0.192535221875 0.3262995375 0.18572429375 0.364899640625 0.1876702734375 0.43888317031249996 0.192535221875 0.503216675 0.189616253125 0.5900669062499999 0.1935082125 0.6640504359375 0.19448120156249998 0.718733915625 0.1905892421875 0.7509006703125001 0.1915622328125 0.8088008234374999 0.19934615 0.873134328125 0.20323810937500003 0.89565105625 0.2149139875 0.9664179109375001 0.21977893750000002 0.9278178078125 0.2275628546875 0.83131755 0.2285358453125 0.779850746875 0.2168599671875 0.6415337109375