7 0 0.9956276140625 0.0051470593750000005 0.9929118453125 0.9994999999999999 0.996977440625 0.9994999999999999 0.11571886406250001 0.980147059375 0.1143609796875 0.980147059375 0.0464667859375 0.9852941171875 0.035603715625 0.9845588234375 0.019309109375 0.9492647062499999 0.0220248765625 0.9468794125000001 0 0.026470587499999997 0.00165661875 0.0088235296875 0.11843463125 0 0.11959853125 0 0.9956276140625
5 0.9771604937499999 0.8568049421874999 0.9845679015625001 0.8659245578125001 0.9994999999999999 0.86478460625 0.9994999999999999 0.4601619375 0.996296296875 0.44072250156250004 0.986419753125 0.4145036078125 0.98148148125 0.41336365624999993 0.9703703703125001 0.43502274218750003 0.9685185187500001 0.44870216406249996 0.9685185187500001 0.46352153906250004 0.9574074078124999 0.4897404328125 0.9543209875 0.4897404328125 0.9456790125 0.4977200953125 0.9388888890624999 0.5250789421875 0.9358024687500001 0.5444581234375 0.93271605 0.5467380281249999 0.923456790625 0.5626973546875 0.91851851875 0.60145571875 0.9240740734375 0.6071554781249999 0.9388888890624999 0.6208349015625 0.92716049375 0.6493336984375 0.9160493828125 0.6584533125 0.9154320984375 0.6721327359375 0.9117283953124999 0.6903719671874999 0.90987654375 0.712031053125 0.90123456875 0.7302702828125 0.9061728390624999 0.7382499453125 0.90987654375 0.746229609375 0.90987654375 0.7678886953124999 0.9061728390624999 0.7792882140625 0.9024691359375 0.7975274437500001 0.904938271875 0.8134867703124999 0.9135802468750001 0.8431255203125 0.9209876546875 0.8385657125 0.9395061734375 0.8374257609375 0.9413580250000001 0.8465453765625 0.9549382718749999 0.8613647500000001 0.96419753125 0.876184125 0.9586419749999999 0.998158978125 0.9680867515625 0.9990766390625 0.972222221875 0.867064509375 0.9771604937499999 0.8568049421874999
8 0.3234375 0.37421875 0.0390625 0.10703125
5 0.35617283906249997 0.8180465781249999 0.369135803125 0.840845615625 0.3796296296875 0.829446096875 0.38148148125 0.8055071078125 0.3746913578125 0.7975274437500001 0.3660493828125 0.7849879734375 0.367901234375 0.7747284062500001 0.3783950609375 0.7792882140625 0.3888888890625 0.7724485015625 0.39074074062499997 0.754209271875 0.39074074062499997 0.7416698015625001 0.385185184375 0.727990378125 0.3802469140625 0.712031053125 0.386419753125 0.69949158125 0.39074074062499997 0.678972446875 0.3925925921875 0.6550334578125 0.38703703749999996 0.6265346609375 0.380864196875 0.633374371875 0.3617283953125 0.6493336984375 0.3574074078125 0.6288145640625 0.35987654375 0.6219748515625 0.3660493828125 0.6037356218750001 0.36419753125 0.57865668125 0.3654320984375 0.5444581234375 0.3604938265625 0.5102595671875 0.3611111109375 0.48632057656249994 0.3697530859375 0.449842115625 0.36666666718749996 0.43046293437500005 0.363580246875 0.4167835109375 0.354938271875 0.4327428390625 0.350617284375 0.441862453125 0.34629629687499996 0.4430024046875 0.34876543125000004 0.4167835109375 0.350617284375 0.3939844734375 0.3580246921875 0.3734653390625 0.3617283953125 0.343826590625 0.34876543125000004 0.35750601249999997 0.3432098765625 0.334706975 0.3438271609375 0.314187840625 0.3382716046875 0.2845490921875 0.3339506171875 0.25491034218749997 0.323456790625 0.23325125624999998 0.32283950625 0.2674498140625 0.3240740734375 0.3084880828125 0.3240740734375 0.317607696875 0.3203703703125 0.317607696875 0.31851851875000003 0.34724644531250004 0.3216049390625 0.3882847140625 0.3061728390625 0.3597859171875 0.3067901234375 0.366625628125 0.3197530859375 0.3974043296875 0.3216049390625 0.42134331875 0.3129629625 0.427043078125 0.30987654375 0.43502274218750003 0.3067901234375 0.44870216406249996 0.3030864203125 0.46124163593749995 0.2956790125 0.4703612515625 0.2876543203125 0.48632057656249994 0.3 0.5193791812499999 0.30123456875 0.5410382671875 0.3030864203125 0.5740968734375 0.30123456875 0.5809365843750001 0.285185184375 0.554717690625 0.28209876562499997 0.550157884375 0.2796296296875 0.5832164890625 0.26851851875 0.6037356218750001 0.2623456796875 0.6345143234374999 0.2561728390625 0.6527535546875 0.2666666671875 0.6721327359375 0.27098765468749997 0.682392303125 0.2654320984375 0.712031053125 0.26851851875 0.7188707640625001 0.27283950625000003 0.7473695609375001 0.276543209375 0.7781482625 0.28209876562499997 0.7941075890625 0.26728395 0.8032272046875001 0.273456790625 0.8169066265625 0.29753086406249996 0.8055071078125 0.3018518515625 0.7998073484375 0.3061728390625 0.8169066265625 0.31728395 0.8362858093750001 0.33271605000000004 0.8419855671875001 0.335185184375 0.878464028125 0.337517746875 0.9990766390625 0.3432098765625 0.9947391218750001 0.3432098765625 0.8533850875000001 0.3481481484375 0.8533850875000001 0.3524691359375 0.8340059046875 0.35617283906249997 0.8180465781249999
8 0.0671875 0.378125 0.0390625 0.10703125
8 0.15390625 0.378125 0.0390625 0.10703125
8 0.23671875 0.37421875 0.0390625 0.10703125
8 0.4125 0.37890625 0.04375 0.10703125
8 0.496875 0.37578125 0.0390625 0.10703125
8 0.590625 0.3765625 0.0390625 0.10703125
8 0.6734375 0.37578125 0.0390625 0.10703125
8 0.75703125 0.378125 0.0390625 0.10703125
8 0.8484375 0.38125 0.04296875 0.10390625
8 0.9296875 0.51015625 0.0390625 0.10703125
8 0.06328125 0.51015625 0.0390625 0.10703125
8 0.15 0.51015625 0.0390625 0.10703125
8 0.23984375 0.50546875 0.0390625 0.10703125
8 0.40859375 0.51171875 0.04375 0.10703125
8 0.49375 0.5078125 0.0390625 0.10703125
8 0.58671875 0.509375 0.0390625 0.10703125
8 0.66953125 0.5078125 0.0390625 0.10703125
8 0.753125 0.51015625 0.0390625 0.10703125
8 0.84453125 0.51328125 0.04296875 0.10390625
8 0.9296875 0.51015625 0.0390625 0.10703125
8 0.065625 0.63828125 0.0390625 0.10703125
8 0.153125 0.6390625 0.0390625 0.10703125
8 0.23828125 0.64140625 0.0390625 0.10703125
8 0.40703125 0.6421875 0.04375 0.10703125
8 0.4984375 0.64140625 0.04296875 0.10234375
8 0.5890625 0.6390625 0.0390625 0.10703125
8 0.67265625 0.63828125 0.0390625 0.10703125
8 0.75859375 0.63984375 0.0390625 0.10703125
8 0.8453125 0.6421875 0.04296875 0.10390625
8 0.93046875 0.63984375 0.0390625 0.10703125
8 0.06796875 0.78125 0.0390625 0.10703125
8 0.15546875 0.7828125 0.0390625 0.10703125
8 0.240625 0.78359375 0.0390625 0.10703125
8 0.6765625 0.8359375 0.04296875 0.21796875
8 0.759375 0.834375 0.03671875 0.2109375
8 0.846875 0.8375 0.0421875 0.209375
8 0.590625 0.834375 0.03828125 0.21328125
8 0.41015625 0.83203125 0.03984375 0.2265625
8 0.23671875 0.89765625 0.040625 0.1
8 0.1515625 0.89453125 0.040625 0.09609375
8 0.06484375 0.8921875 0.0421875 0.09375
8 0.31953125 0.8953125 0.040625 0.1
4 0.5 0.9203125 0.0484375 0.15703125
5 0 0 0.0012345687500000002 0.0474390984375 0.0456790125 0.11241635624999999 0.06851851875000001 0.144335009375 0.080864196875 0.193352940625 0.1 0.2172919296875 0.1203703703125 0.22527159375 0.1290123453125 0.208172315625 0.12716049375 0.1534546234375 0.114814815625 0.11469625937500001 0.1104938265625 0.080497703125 0.12283950625 0.05997856875 0.13580246875 0.07935775 0.1425925921875 0.1226759234375 0.1604938265625 0.1283756828125 0.18580246875 0.1340754421875 0.21172839531249998 0.1249558265625 0.21172839531249998 0.10101683749999998 0.20802469218750003 0.04857905 0.190740740625 0.024640059375000002 0.1818456796875 0 0 0
5 0.42592592656250006 0.136355346875 0.42469135781249995 0.147754865625 0.4166666671875 0.1602943359375 0.42222222187499997 0.17967351874999998 0.43827160468750004 0.1910730375 0.45370370312499997 0.2036125078125 0.45987654375 0.17625366250000002 0.45 0.167134046875 0.44753086406250003 0.1602943359375 0.450617284375 0.155734528125 0.46481481562500004 0.1682739984375 0.46851851875 0.1967727953125 0.486419753125 0.2435108234375 0.5104938265625 0.2777093796875 0.5283950609375 0.2902488515625 0.5475308640625001 0.2925287546875 0.5641975312499999 0.2925287546875 0.5746913578124999 0.265169909375 0.5746913578124999 0.230971353125 0.5574074078125 0.22641154531250002 0.5456790125000001 0.201332603125 0.5679012343750001 0.204752459375 0.5845679015624999 0.2172919296875 0.5882716046875001 0.204752459375 0.5925925921874999 0.1830933734375 0.600617284375 0.1625742390625 0.590740740625 0.136355346875 0.5858024687500001 0.0861974625 0.582098765625 0.0474390984375 0.594311221875 0 0.4018518515625 0.005260878125 0.40493827187500003 0.0462991453125 0.40679012343750004 0.077077846875 0.41543209843750006 0.12381587499999999 0.42592592656250006 0.136355346875
8 0.23515625 0.20625 0.05078125 0.05
8 0.14921875 0.20546875 0.05078125 0.05
8 0.0625 0.2109375 0.0515625 0.03671875
8 0.32109375 0.2078125 0.0546875 0.04375
8 0.4078125 0.21015625 0.0546875 0.04375
8 0.67578125 0.209375 0.0546875 0.04375
8 0.76171875 0.21015625 0.0546875 0.04375
8 0.8515625 0.2078125 0.0546875 0.04375
8 0.93515625 0.21015625 0.04765625 0.0453125
8 0.93125 0.38046875 0.03828125 0.10078125
8 0.66484375 0.09140625 0.059375 0.05234375
8 0.75 0.08984375 0.05859375 0.04375
8 0.8359375 0.0953125 0.0609375 0.05078125
8 0.91796875 0.09375 0.05625 0.05234375
8 0.5859375 0.09140625 0.059375 0.05234375
8 0.33046875 0.090625 0.06484375 0.05
8 0.2484375 0.09296875 0.06484375 0.05