7 0.9994541484375 0.7316213484375 0.9075691406249999 0.73497818125 0.9087821453125 0.620845921875 0.9994541484375 0.5497752078125 0.9994541484375 0.39425981875 0.8978651140625 0.39090298749999997 0.898471615625 0.1324269890625 0.88148956875 0.1341054046875 0.8796700640624999 0.019973145312500003 0.1512615234375 0.019973145312500003 0.15186802500000002 0.1391406515625 0 0.135831396875 0.0033291546875 0.9800933265625 0.89614769375 0.9726152375 0.8978651140625 0.8608593484375 0.9994541484375 0.867716290625 0.9994541484375 0.7316213484375
2 0.51484375 0.08046875 0.73203125 0.12421875
2 0.94921875 0.459375 0.09921875 0.134375
2 0.94921875 0.79375 0.1 0.134375
8 0.08359375 0.31484375 0.06953125 0.1625
8 0.18671875 0.31015625 0.09609375 0.1546875
8 0.30625 0.30703125 0.090625 0.1546875
8 0.42265625 0.30859375 0.09609375 0.1546875
8 0.0828125 0.6671875 0.06953125 0.1625
8 0.18515625 0.6625 0.09609375 0.1546875
8 0.3046875 0.659375 0.090625 0.1546875
8 0.42109375 0.6625 0.09609375 0.1546875
8 0.54296875 0.30390625 0.09609375 0.1546875
8 0.5421875 0.6578125 0.09609375 0.1546875
8 0.66171875 0.315625 0.09609375 0.1546875
8 0.66015625 0.66953125 0.09609375 0.1546875
8 0.77734375 0.31171875 0.09609375 0.1546875
8 0.77578125 0.66640625 0.09609375 0.1546875