7 0.43901964375 0 0.4377221890625 0.045437290625 0 0.047201248437499996 0.0121571484375 0.9868281203124999 0.1289280421875 0.9972669296875001 0.9988452656250001 0.9991165640625 0.9969250328125 0.3405709078125 0.9229701328125 0.3386729421875 0.9294574046875 0.2599073796875 0.8905337718749999 0.2599073796875 0.8892736781250001 0 0.43901964375 0
8 0.1068989234375 0.99058366875 0.18732845781250002 0.9991554046875001 0.18429069843749998 0.9887866593749999 0.8759029046875 0.99058366875 0.873446021875 0.9991554046875001 0.9616513203125001 0.9991554046875001 0.9582084421875001 0.8656914890625 0.0553044078125 0.8656914890625 0.049162203125 0.9690195515625 0.1056704828125 0.971715065625 0.1068989234375 0.99058366875
4 0.915625 0.94609375 0.0984375 0.10625
8 0.20078125 0.603125 0.134375 0.08984375
8 0.4109375 0.60234375 0.1578125 0.09765625
8 0.63984375 0.6015625 0.1625 0.096875
8 0.86796875 0.60390625 0.1703125 0.0984375
8 0.134375 0.76015625 0.134375 0.08984375
8 0.34453125 0.75859375 0.1578125 0.09765625
8 0.5734375 0.75859375 0.1625 0.096875
8 0.8015625 0.7609375 0.1703125 0.0984375
8 0.1421875 0.44609375 0.134375 0.08984375
8 0.35234375 0.44453125 0.1578125 0.09765625
8 0.58125 0.44453125 0.1625 0.096875
8 0.809375 0.446875 0.1703125 0.0984375
8 0.209375 0.28984375 0.134375 0.08984375
8 0.3890625 0.2875 0.09609375 0.0953125
8 0.62578125 0.26875 0.1625 0.14453125
8 0.815625 0.2703125 0.059375 0.14609375
8 0.74296875 0.1109375 0.21640625 0.146875
8 0.51484375 0.10703125 0.09453125 0.14375