7 0.030601192187499997 0 0.0285952125 0.3163289484375 0 0.3163289484375 0.008535435937499999 0.9951500687499999 0.034613146875 0.9976893 0.0506609703125 0.9900716062500001 0.925267296875 0.9824539124999999 0.9312852296875 0.9943036578125 0.9982548 0.9951731171875 0.9982548 0.2316879109375 0.9754167421875 0.237612784375 0.9734107640625 0.2553874015625 0.9653868531249999 0.25454099218750004 0.9714047875 0.037013525000000005 0.6845499578124999 0.03955275625 0.6845499578124999 0.083566096875 0.520059778125 0.083566096875 0.467132571875 0 0.030601192187499997 0
8 0.18671875 0.14140625 0.16796875 0.090625
2 0.6046875 0.16796875 0.24453125 0.034375
8 0.81796875 0.17578125 0.1453125 0.09296875
8 0.621875 0.39375 0.4359375 0.06796875
8 0.2765625 0.2640625 0.3609375 0.059375
2 0.15234375 0.440625 0.23046875 0.03828125
8 0.20546875 0.40625 0.12578125 0.02734375
2 0.465625 0.5734375 0.15234375 0.040625
8 0.68046875 0.55390625 0.1625 0.10078125
8 0.4765625 0.534375 0.11640625 0.0390625
8 0.18203125 0.6765625 0.1703125 0.09921875
8 0.4875 0.86875 0.8640625 0.2328125
4 0.37890625 0.93515625 0.31328125 0.10859375
2 0.73359375 0.7015625 0.38671875 0.0390625
8 0.6640625 0.6640625 0.18828125 0.04140625
8 0.8484375 0.65625 0.0859375 0.05
5 0.9685484484375 0.6856950765625001 0.9571667046875 0.6920983546875 0.9381971328125 0.7009028625 0.905948859375 0.6880963062500001 0.8812884140625 0.6872958953125 0.8509370984375 0.694499584375 0.8433492671874999 0.7265159765625 0.826276653125 0.7433245828125 0.8357614375000001 0.7729397453125 0.837658396875 0.7865467125000001 0.8205857796875 0.7857463015625 0.78833750625 0.7745405640625 0.76557401875 0.772139334375 0.7940283781249999 0.7977524484375 0.805410121875 0.8049561375 0.7902344640625001 0.8145610546875 0.77505880625 0.816962284375 0.78644055 0.832170071875 0.805410121875 0.8457770375000001 0.8281736093750001 0.8529807265624999 0.8471431812500001 0.8553819562499999 0.864215796875 0.8545815453125 0.9021549437499999 0.8553819562499999 0.8585249265625 0.8625856437499999 0.8699066703125 0.8681885125000001 0.9135366875 0.8713901515625 0.9173306015625 0.880194659375 0.8888762421875 0.8865979375 0.8907731984374999 0.8978036749999999 0.9040519 0.9130114609375 0.9211245171875 0.9218159703125 0.9268153874999999 0.9290196578125001 0.9268153874999999 0.9354229359374999 0.9306093015625001 0.9466286734375 0.9268153874999999 0.954632771875 0.9002579859375001 0.964237690625 0.886979284375 0.9794454765625 0.9457849609375 0.9914516234375 0.9982548 0.9941351796875001 0.9982548 0.6416725359375001 0.9894149796875 0.644073765625 0.9609606203125001 0.65047704375 0.953372790625 0.6640840109374999 0.964754534375 0.673688928125 0.9685484484375 0.6856950765625001