7 0.728571428125 0.9976030671875 0.9992857140625 0.9953115140625 0.9969387749999999 0.0033557046875000002 0.00612245 0.0033557046875000002 0.010199371875 0.999328859375 0.013265306250000001 0.998561840625 0.2704081640625 0.9956855234375 0.3040816328125 0.985139021875 0.7020408171875 0.985139021875 0.728571428125 0.9976030671875
8 0.08671875 0.09765625 0.075 0.09140625
8 0.2046875 0.0953125 0.0796875 0.08671875
8 0.32421875 0.09609375 0.07890625 0.0953125
8 0.4984375 0.92578125 0.184375 0.12734375
4 0.43046875 0.94296875 0.05078125 0.09453125
4 0.56484375 0.94140625 0.05546875 0.09765625
8 0.68203125 0.09296875 0.07890625 0.0953125
8 0.5625 0.09140625 0.0796875 0.08671875
8 0.4453125 0.09453125 0.075 0.09140625
8 0.9125 0.09375 0.0796875 0.08671875
8 0.79453125 0.09609375 0.075 0.09140625
8 0.67421875 0.228125 0.07890625 0.0953125
8 0.5546875 0.2359375 0.0796875 0.08671875
8 0.4390625 0.23125 0.075 0.09140625
8 0.90625 0.2265625 0.0796875 0.08671875
8 0.78828125 0.22890625 0.075 0.09140625
8 0.31875 0.2296875 0.07890625 0.0953125
8 0.20078125 0.365625 0.0796875 0.08671875
8 0.0828125 0.36796875 0.075 0.09140625
8 0.67578125 0.365625 0.07890625 0.0953125
8 0.55703125 0.3734375 0.0796875 0.08671875
8 0.440625 0.36875 0.075 0.09140625
8 0.9078125 0.3640625 0.0796875 0.08671875
8 0.790625 0.36640625 0.075 0.09140625
8 0.3203125 0.3671875 0.07890625 0.0953125
8 0.20078125 0.365625 0.0796875 0.08671875
8 0.0828125 0.49921875 0.075 0.09140625
8 0.67578125 0.4953125 0.07890625 0.0953125
8 0.55703125 0.5046875 0.0796875 0.08671875
8 0.440625 0.5 0.075 0.09140625
8 0.9078125 0.49453125 0.0796875 0.08671875
8 0.790625 0.496875 0.075 0.09140625
8 0.3203125 0.49765625 0.07890625 0.0953125
8 0.20078125 0.496875 0.0796875 0.08671875
8 0.0828125 0.49921875 0.075 0.09140625
8 0.91328125 0.63984375 0.0796875 0.08671875
8 0.78984375 0.63671875 0.075 0.09140625
8 0.675 0.634375 0.07890625 0.0953125
8 0.55625 0.64453125 0.0796875 0.08671875
8 0.43984375 0.63984375 0.075 0.09140625
8 0.31953125 0.6375 0.07890625 0.0953125
8 0.19921875 0.6375 0.0796875 0.08671875
8 0.08203125 0.63984375 0.075 0.09140625
8 0.9171875 0.77421875 0.0796875 0.09765625
8 0.79375 0.76796875 0.075 0.09140625
8 0.20390625 0.76953125 0.0796875 0.08671875
8 0.0859375 0.77109375 0.075 0.09140625
8 0.915625 0.9125 0.07421875 0.1
8 0.79453125 0.90859375 0.0734375 0.103125
8 0.20390625 0.91015625 0.07734375 0.0984375
8 0.0890625 0.90859375 0.07734375 0.09609375
8 0.66171875 0.78359375 0.0734375 0.09296875
8 0.55390625 0.784375 0.075 0.09140625
8 0.44375 0.78515625 0.07421875 0.08671875
8 0.3375 0.784375 0.075 0.09140625
8 0.65859375 0.90546875 0.0734375 0.09296875
8 0.334375 0.90625 0.075 0.09140625
8 0.20234375 0.23046875 0.08203125 0.09375
8 0.08515625 0.23125 0.0765625 0.084375