7 0.951811646875 0.1858937765625 0.686298959375 0.08595088281249999 0.5403403250000001 0.06596230625 0.34010561875 0.031696175 0.0056476453125 0.023129640625 0.0173623640625 0.99514563125 0.018849934375 0.9940034265625 0.992151971875 0.98543689375 0.9884846703125 0.374357509375 0.9510781875 0.3572244421875 0.951811646875 0.1858937765625
8 0.12421875 0.47578125 0.0296875 0.6484375
8 0.05390625 0.2984375 0.021875 0.328125
8 0.175 0.6390625 0.02421875 0.31953125
8 0.20078125 0.3125 0.025 0.31953125
8 0.275 0.3125 0.02578125 0.325
8 0.24765625 0.6359375 0.0265625 0.33671875
8 0.34609375 0.31328125 0.0203125 0.321875
8 0.3953125 0.3171875 0.0234375 0.33203125
8 0.53046875 0.50078125 0.0265625 0.646875
8 0.6953125 0.35859375 0.01796875 0.30703125
8 0.71328125 0.66796875 0.02109375 0.31328125
8 0.73125 0.3609375 0.01640625 0.31171875
8 0.7640625 0.66953125 0.0203125 0.3046875
8 0.84140625 0.67734375 0.015625 0.2984375
8 0.81171875 0.45234375 0.01640625 0.1484375
8 0.88125 0.40078125 0.01484375 0.29296875
8 0.89296875 0.69375 0.0140625 0.30078125
8 0.915625 0.41328125 0.015625 0.28984375
8 0.94453125 0.70234375 0.0125 0.290625
8 0.95390625 0.47265625 0.01015625 0.18984375
8 0.97578125 0.4703125 0.0078125 0.18984375
8 0.98359375 0.71015625 0.0078125 0.2703125