7 0.2679951625 0 0.2686524 0.09946595312499999 0.20490036250000002 0.09744305625 0.2035858875 0.16015293125000002 0.15297860000000002 0.0306873796875 0.004442925 0.03473318125 0.0077291140625000004 0.67599223125 0.0379620390625 0.704312821875 0.0051001625 0.704312821875 0.0051001625 0.9915645109375 0.9975287875 0.9956103078125 0.9981860250000001 0.700267021875 0.9679530984375001 0.698244125 0.9989878546875 0.6709523234375 0.9989878546875 0.042824774999999995 0.8568799625000001 0.042824774999999995 0.801014775 0.200610915625 0.664309375 0.19454221875 0.6649666125 0.06305376875 0.5138019875000001 0.059007968749999994 0.5120591140624999 0 0.2679951625 0
8 0.29921875 0.8671875 0.0125 0.2125
8 0.32421875 0.8421875 0.009375 0.21875
8 0.346875 0.81015625 0.01328125 0.1515625
8 0.6078125 0.8203125 0.01328125 0.171875
8 0.36953125 0.84765625 0.00859375 0.2234375
8 0.41640625 0.815625 0.00625 0.16953125
8 0.390625 0.83359375 0.00546875 0.13828125
8 0.46640625 0.81796875 0.0109375 0.159375
8 0.5609375 0.8171875 0.01171875 0.1609375
8 0.53671875 0.8171875 0.0125 0.153125
8 0.48984375 0.8640625 0.0125 0.1921875
8 0.51328125 0.809375 0.00546875 0.1421875
8 0.675 0.8140625 0.0078125 0.1546875
8 0.6296875 0.8140625 0.00703125 0.16953125
8 0.64921875 0.8484375 0.00703125 0.2234375
8 0.77109375 0.81484375 0.009375 0.1625
8 0.74609375 0.8140625 0.00859375 0.1578125
8 0.721875 0.8453125 0.00625 0.22109375
8 0.696875 0.8609375 0.00390625 0.18359375
8 0.86953125 0.43828125 0.046875 0.25625
8 0.96640625 0.259375 0.0109375 0.221875
8 0.61953125 0.55 0.00703125 0.196875
8 0.571875 0.55 0.01484375 0.19921875
8 0.54765625 0.5453125 0.00625 0.19765625
8 0.52890625 0.54296875 0.0109375 0.19296875
8 0.60625 0.271875 0.009375 0.23515625
2 0.39453125 0.578125 0.20625 0.0703125
8 0.3609375 0.26796875 0.0609375 0.2375
8 0.4203125 0.2640625 0.0296875 0.2390625
8 0.484375 0.2765625 0.025 0.234375
8 0.315625 0.47578125 0.03671875 0.13203125
8 0.36328125 0.47578125 0.02421875 0.13828125
8 0.3875 0.47421875 0.01015625 0.134375
8 0.44609375 0.4765625 0.05078125 0.134375
8 0.490625 0.478125 0.01484375 0.12890625
8 0.30390625 0.2640625 0.0078125 0.24375
8 0.125 0.525 0.01328125 0.22890625