7 0.987653240625 0.00567351875 0.004575390625 0.006609743749999999 0.0026325515625 0.7977193578125 0.0356608578125 0.8052091515625 0.033718015625 0.99245403125 0.9682248250000001 0.99339025625 0.9604534593749999 0.8070816015625001 0.9973674484374999 0.79959180625 0.987653240625 0.00567351875
8 0.50390625 0.89453125 0.91875 0.1953125
4 0.86484375 0.93984375 0.07109375 0.1078125
4 0.68125 0.9421875 0.07109375 0.1078125
4 0.49921875 0.94453125 0.07109375 0.1078125
4 0.31484375 0.94453125 0.07109375 0.1078125
4 0.134375 0.94140625 0.07109375 0.1078125
8 0.059375 0.11953125 0.08671875 0.0796875
8 0.29921875 0.11640625 0.08671875 0.0796875
8 0.44765625 0.1171875 0.08671875 0.0796875
8 0.17890625 0.11953125 0.028125 0.07890625
8 0.59453125 0.115625 0.08671875 0.0796875
8 0.73984375 0.11875 0.08671875 0.0796875
8 0.86640625 0.68125 0.028125 0.07890625
8 0.96640625 0.68125 0.028125 0.07890625
8 0.06640625 0.68203125 0.08671875 0.0796875
8 0.30625 0.67890625 0.08671875 0.0796875
8 0.4546875 0.68046875 0.08671875 0.0796875
8 0.1796875 0.6828125 0.028125 0.07890625
8 0.6015625 0.678125 0.08671875 0.0796875
8 0.74609375 0.68125 0.08671875 0.0796875
8 0.86640625 0.68125 0.028125 0.07890625
8 0.9359375 0.2609375 0.08515625 0.07890625
8 0.04296875 0.25703125 0.08515625 0.0796875
8 0.25 0.2578125 0.08671875 0.0796875
8 0.40078125 0.25625 0.08671875 0.0796875
8 0.1265625 0.2578125 0.028125 0.07890625
8 0.54609375 0.2578125 0.08671875 0.0796875
8 0.690625 0.25859375 0.08125 0.07578125
8 0.8125 0.25859375 0.028125 0.07890625
8 0.7421875 0.3953125 0.07734375 0.07890625
8 0.8140625 0.54296875 0.028125 0.07890625
8 0.94375 0.54375 0.08671875 0.0796875
8 0.690625 0.53984375 0.08671875 0.0796875
8 0.05390625 0.39453125 0.08671875 0.0796875
8 0.2046875 0.39765625 0.08671875 0.0796875
8 0.59765625 0.3984375 0.08671875 0.0796875
8 0.56953125 0.5375 0.028125 0.07890625
8 0.22578125 0.534375 0.028125 0.07890625
8 0.13125 0.540625 0.028125 0.07890625
8 0.028125 0.5359375 0.028125 0.07890625
8 0.85859375 0.39765625 0.028125 0.07890625
8 0.9578125 0.39765625 0.028125 0.07890625
8 0.396875 0.4828125 0.17109375 0.22578125
2 0.39375 0.575 0.171875 0.0421875
8 0.86484375 0.12109375 0.0359375 0.0859375
8 0.96171875 0.12109375 0.040625 0.07421875