7 0.0038632609375000002 0 0.0085001921875 0.9837702859374999 0.9906920390625 0.9960317453125 0.9891565421875 0 0.8660730781250001 0 0.789979028125 0.1923488484375 0.7741619890625 0.1990369171875 0.771232909375 0.0073122890625 0.6517264 0.0050829328125000005 0.6195065093750001 0.207954340625 0.555066725 0.2057249875 0.5574099890624999 0.011771 0.43614603281250003 0 0.43614603281250003 0.2012662734375 0.3717062484375 0.1923488484375 0.33890054062499997 0.011771 0.22192452343750002 0 0.2182224 0.2012662734375 0.20767770625 0.1923488484375 0.1221485390625 0 0.0038632609375000002 0
4 0.05 0.884375 0.02421875 0.1984375
4 0.096875 0.8859375 0.02421875 0.1984375
4 0.14375 0.890625 0.02421875 0.1984375
4 0.209375 0.890625 0.02421875 0.1984375
4 0.25625 0.89296875 0.02421875 0.1984375
4 0.303125 0.89765625 0.02421875 0.1984375
4 0.34765625 0.890625 0.02421875 0.1984375
4 0.41484375 0.890625 0.02421875 0.1984375
4 0.46328125 0.890625 0.02421875 0.1984375
4 0.52890625 0.90078125 0.02421875 0.1984375
4 0.6890625 0.90078125 0.02421875 0.1984375
4 0.5765625 0.90078125 0.02421875 0.1984375
4 0.63984375 0.89453125 0.02421875 0.1984375
4 0.78828125 0.90078125 0.02421875 0.1984375
4 0.7390625 0.8953125 0.02421875 0.1984375
4 0.89921875 0.90078125 0.02421875 0.1984375
4 0.85 0.8953125 0.02421875 0.1984375
4 0.94765625 0.90234375 0.0234375 0.1953125
8 0.9078125 0.63359375 0.0109375 0.12578125
8 0.86328125 0.6390625 0.009375 0.11953125
8 0.840625 0.63125 0.0109375 0.12578125
8 0.68203125 0.62265625 0.0109375 0.12578125
8 0.63671875 0.628125 0.009375 0.11953125
8 0.61484375 0.6203125 0.0109375 0.12578125
8 0.69765625 0.6265625 0.0109375 0.12578125
8 0.74296875 0.63046875 0.00859375 0.11953125
8 0.77734375 0.6234375 0.00859375 0.11953125
8 0.92734375 0.63125 0.0109375 0.12578125
8 0.96171875 0.62265625 0.0109375 0.12578125
8 0.58046875 0.63125 0.0109375 0.12578125
8 0.50625 0.6203125 0.0109375 0.12578125
8 0.484375 0.62890625 0.0109375 0.12578125
8 0.4546875 0.6265625 0.0109375 0.12578125
8 0.41953125 0.625 0.0109375 0.12578125
8 0.38046875 0.63125 0.0109375 0.12578125
8 0.3453125 0.62890625 0.0109375 0.12578125
8 0.31171875 0.628125 0.0109375 0.12578125
8 0.28203125 0.62578125 0.0109375 0.12578125
8 0.26015625 0.621875 0.0109375 0.12578125
8 0.21796875 0.621875 0.0109375 0.12578125
8 0.19609375 0.625 0.0109375 0.12578125
8 0.0671875 0.62890625 0.0109375 0.12578125
8 0.03984375 0.621875 0.0078125 0.125
8 0.103125 0.62578125 0.0109375 0.12578125
8 0.134375 0.62734375 0.0109375 0.12578125
8 0.15390625 0.625 0.0109375 0.12578125
8 0.22020144375 0.37973308281249996 0.1721416046875 0.3874922421875 0.14068425625 0.34315420625000004 0.13864535312499998 0.43848097968750005 0.22136653125 0.44845703593749997 0.22020144375 0.37973308281249996
8 0.43632508281250004 0.38416688906249996 0.385979359375 0.39615784062500004 0.3632158734375 0.37973308281249996 0.3620507859375 0.444023234375 0.436907625 0.44180633281250004 0.43632508281250004 0.38416688906249996
8 0.43603381093750004 0.246718984375 0.37399292812499996 0.23230912343750001 0.3731191125 0.31765983750000004 0.4354512671875 0.3187682890625 0.43603381093750004 0.246718984375
8 0.70176761875 0.092772384375 0.694478471875 0.088149175 0.6938710421875001 0.2191400828125 0.704399809375 0.22376329374999998 0.70176761875 0.092772384375
8 0.749754496875 0.0981661265625 0.7414529703125 0.0896902453125 0.7418579234375 0.22376329374999998 0.75117183125 0.232239175 0.749754496875 0.0981661265625
8 0.90859375 0.165625 0.00625 0.13046875
8 0.07421875 0.16015625 0.00703125 0.1265625
8 0.59609375 0.409375 0.08125 0.078125
8 0.58359375 0.28125 0.04765625 0.07421875