7 0.0129043984375 0.32013344843749997 0.19707985 0.42263804218749995 0.1962720625 0.4883957078125 0.1025687640625 0.49806595 0.1041843375 0.7881732890625 0.1962720625 0.7920413890625 0.19707985 0.9951165281250001 0.995173471875 0.989314378125 0.9895189625 0.030026109375 0.007249889062500001 0.0203558640625 0.0129043984375 0.32013344843749997
8 0.26171875 0.8828125 0.0359375 0.09375
8 0.34296875 0.88125 0.03515625 0.10546875
8 0.45625 0.87734375 0.0359375 0.09375
8 0.53671875 0.87578125 0.03515625 0.10546875
8 0.928125 0.8671875 0.03515625 0.10546875
8 0.84765625 0.86875 0.0359375 0.09375
8 0.73515625 0.87265625 0.03515625 0.10546875
8 0.65390625 0.640625 0.0359375 0.09375
8 0.2625 0.64921875 0.0359375 0.09375
8 0.34375 0.64765625 0.03515625 0.10546875
8 0.45625 0.64375 0.0359375 0.09375
8 0.5375 0.6421875 0.03515625 0.10546875
8 0.92890625 0.63359375 0.03515625 0.10546875
8 0.8484375 0.63515625 0.0359375 0.09375
8 0.7359375 0.6390625 0.03515625 0.10546875
8 0.65390625 0.640625 0.0359375 0.09375
8 0.065625 0.17734375 0.0359375 0.09375
8 0.26171875 0.40234375 0.0359375 0.09375
8 0.34296875 0.4015625 0.03515625 0.10546875
8 0.45625 0.396875 0.0359375 0.09375
8 0.53671875 0.3953125 0.03515625 0.10546875
8 0.928125 0.38671875 0.03515625 0.10546875
8 0.84765625 0.38828125 0.0359375 0.09375
8 0.73515625 0.3921875 0.03515625 0.10546875
8 0.65390625 0.39375 0.0359375 0.09375
8 0.15546875 0.17578125 0.0359375 0.09375
8 0.25625 0.17578125 0.0359375 0.09375
8 0.33828125 0.1734375 0.03515625 0.10546875
8 0.45078125 0.1671875 0.0359375 0.09375
8 0.53125 0.16640625 0.03515625 0.10546875
8 0.6484375 0.16484375 0.0359375 0.09375
8 0.7296875 0.16328125 0.03515625 0.10546875
8 0.8421875 0.15859375 0.0359375 0.09375
8 0.92265625 0.15703125 0.03515625 0.10546875
8 0.15078125 0.64765625 0.0359375 0.09375
8 0.6484375 0.865625 0.034375 0.09296875