7 0 0 0.0004876515625 0.2809363171875 0.027506128125 0.3220750375 0.0248701796875 0.9730952765625001 0.0373909375 0.997778509375 0.9948994390625 0.99469310625 0.998194375 0.3025341453125 0.987650578125 0.29739180468750004 0.986991590625 0.2377406609375 0.4354192484375 0.2264275140625 0.43352686562500004 0 0 0
2 0.215625 0.20859375 0.41015625 0.07109375
8 0.0875 0.43046875 0.02734375 0.1796875
8 0.68515625 0.8734375 0.05703125 0.16640625
8 0.80625 0.86953125 0.05625 0.16328125
8 0.9390625 0.86484375 0.0265625 0.16796875
8 0.5375 0.85703125 0.0640625 0.19140625
8 0.46015625 0.86171875 0.03046875 0.19296875
8 0.33203125 0.8625 0.03125 0.19609375
8 0.23984375 0.8609375 0.03671875 0.1890625
8 0.14609375 0.86796875 0.090625 0.16171875
8 0.48828125 0.65703125 0.09140625 0.16484375
8 0.67109375 0.65859375 0.034375 0.16015625
8 0.7609375 0.659375 0.02734375 0.15
8 0.8828125 0.65546875 0.08046875 0.159375
8 0.89609375 0.428125 0.05234375 0.15234375
8 0.82265625 0.4390625 0.0234375 0.1765625
8 0.71484375 0.43671875 0.05234375 0.178125
8 0.578125 0.4359375 0.0234375 0.1765625
8 0.48984375 0.4359375 0.02734375 0.1765625
8 0.3359375 0.4359375 0.03203125 0.17265625
8 0.259375 0.43203125 0.05625 0.17890625
8 0.14921875 0.4375 0.03046875 0.175
2 0.7140625 0.26171875 0.55078125 0.065625
8 0.3640625 0.65859375 0.028125 0.15625
8 0.33515625 0.6546875 0.03046875 0.1515625
8 0.3015625 0.659375 0.028125 0.1546875
8 0.20859375 0.659375 0.028125 0.1546875
8 0.11796875 0.659375 0.02734375 0.1640625
8 0.08515625 0.65625 0.0234375 0.1609375
8 0.1375 0.1625 0.1359375 0.01640625
8 0.32578125 0.16328125 0.13984375 0.02109375