7 0 0 0.015217390624999999 0.998313253125 0.9695652171875 0.9896385546875001 0.9717280718750001 0 0 0
8 0.49375 0.1203125 0.82109375 0.07578125
8 0.4875 0.2390625 0.82109375 0.07578125
8 0.5046875 0.365625 0.82109375 0.07578125
8 0.4921875 0.49453125 0.82109375 0.07578125
8 0.50625 0.61484375 0.82109375 0.07578125
8 0.509375 0.74609375 0.8296875 0.0921875
8 0.503125 0.90078125 0.825 0.18203125
4 0.60078125 0.9328125 0.10859375 0.11484375
2 0.490625 0.771875 0.86953125 0.0421875
2 0.4921875 0.515625 0.8640625 0.04140625
2 0.49296875 0.25859375 0.86796875 0.03984375
4 0.603125 0.725 0.1015625 0.04765625
4 0.60234375 0.47578125 0.103125 0.03984375
4 0.603125 0.22421875 0.1046875 0.03125