7 0.0081109375 0.021635137500000002 0.0048403984375 0.9848880187500001 0.994398709375 0.995433790625 0.9912349562499999 0.019460753125 0.0081109375 0.021635137500000002
8 0.19609375 0.64921875 0.140625 0.64140625
4 0.196875 0.83359375 0.06015625 0.29375
8 0.646875 0.54375 0.46328125 0.8328125
8 0.9140625 0.36328125 0.02578125 0.078125
8 0.9640625 0.31953125 0.01796875 0.07421875
8 0.9171875 0.7078125 0.01796875 0.0671875
8 0.33359375 0.30859375 0.02265625 0.06953125
8 0.3796875 0.33984375 0.01875 0.05
8 0.3796875 0.71015625 0.01796875 0.071875
8 0.33125 0.74609375 0.01875 0.05234375