7 0 0.976765759375 0.015377034375000001 0.9810803828125 0.8838743359375 0.9681365156249999 0.884479953125 0.9983388703125 0.9994337484375 0.9983388703125 0.9994337484375 0.672584890625 0.9956538359374999 0.66611295625 0.9934476625 0.0102903734375 0 0.0102903734375 0 0.976765759375
4 0.834375 0.859375 0.09140625 0.22109375
8 0.48046875 0.23046875 0.14609375 0.20859375
8 0.66953125 0.23359375 0.1125 0.209375
8 0.81796875 0.2265625 0.059375 0.2140625
8 0.921875 0.2359375 0.02421875 0.21640625
8 0.3125 0.5578125 0.0578125 0.23515625
2 0.5095974812499999 0.77380483125 0.5095974812499999 0.68089419375 0.4308981328125 0.5499746609375 0.3373226859375 0.554197871875 0.3406818046875 0.6555549296875001 0.44241511093749997 0.6611858765624999 0.5095974812499999 0.77380483125
8 0.371875 0.4953125 0.02890625 0.11796875
8 0.52109375 0.553125 0.0640625 0.23515625
8 0.6328125 0.55859375 0.06015625 0.23671875
8 0.725 0.56171875 0.05546875 0.22421875
8 0.8015625 0.55703125 0.0265625 0.20546875