7 0.9597129093750001 0.9584738625 0.959058046875 0.6541420734375001 0.9990046109374999 0.62515809375 0.9983497484375 0.219382378125 0.48428331875 0.2167474703125 0.4855930421875 0.2733979765625 0.40373533124999994 0.2733979765625 0.31794845 0.021764334375 0 0.0192559015625 0.0023051125 0.9966800171875001 0.4711860859375 0.9966800171875001 0.507858340625 0.9308073359375 0.8189176453125 0.9321247890625 0.9597129093750001 0.9584738625
8 0.4453125 0.4890625 0.0828125 0.190625
8 0.5203125 0.465625 0.01953125 0.228125
8 0.553125 0.46328125 0.03359375 0.22109375
8 0.59453125 0.4640625 0.03359375 0.22109375
8 0.63515625 0.4625 0.03359375 0.22109375
8 0.6765625 0.46328125 0.03359375 0.22109375
8 0.72109375 0.465625 0.03359375 0.22109375
8 0.7625 0.46640625 0.03359375 0.22109375
8 0.803125 0.4640625 0.03359375 0.22109375
8 0.84453125 0.465625 0.03359375 0.22109375
8 0.8828125 0.46796875 0.0265625 0.2234375
8 0.92578125 0.46640625 0.0296875 0.21875
8 0.7328125 0.82890625 0.4 0.19921875
4 0.6921875 0.83046875 0.08828125 0.19921875
4 0.553125 0.8296875 0.0421875 0.20546875