7 0.9864345390624999 0.0099986765625 0.018740296875 0.0099986765625 0.00025874218749999997 0.18068982656250002 0.003955053125 0.9826439468749999 0.018001034375 0.9958872265625001 0.9849560140625 0.9826439468749999 0.999401196875 0.9657889578125 0.999401196875 0.1144734328125 0.9864345390624999 0.0099986765625
8 0.11563080781249999 0.11725781875 0.0449101796875 0.0699930125 0.04284534375 0.9505569015625 0.11872806093749999 0.9454194250000001 0.11563080781249999 0.11725781875
8 0.2162915546875 0.11931281093749999 0.1548626890625 0.0638280375 0.152797853125 0.9505569015625 0.21371051093750001 0.9443919281250001 0.2162915546875 0.11931281093749999
8 0.3107577953125 0.11725781875 0.2596531078125 0.0689655171875 0.2570720625 0.9423369375 0.30817675 0.941309440625 0.3107577953125 0.11725781875
8 0.4078050796875 0.11417533124999998 0.3628949 0.071020509375 0.3592814375 0.60223583125 0.4072888703125 0.604290821875 0.4078050796875 0.11417533124999998
8 0.5069172 0.11725781875 0.46768531874999997 0.07410299687500001 0.4661366921875 0.6032633265625 0.5053685734375 0.60531831875 0.5069172 0.11725781875
8 0.6024158578125001 0.12239529843750001 0.56989469375 0.0720480046875 0.56628123125 0.601208334375 0.6024158578125001 0.60223583125 0.6024158578125001 0.12239529843750001
8 0.6979145156250001 0.11828531406250001 0.6736526953124999 0.080267971875 0.6721040671875 0.6032633265625 0.6979145156250001 0.6032633265625 0.6979145156250001 0.11828531406250001
8 0.7939293828125 0.1213678015625 0.7779269046875 0.084377953125 0.7743134421875 0.598125846875 0.7949618 0.601208334375 0.7939293828125 0.1213678015625
8 0.8894280406249999 0.1213678015625 0.8796200703125001 0.093625415625 0.8837497421875 0.9464469203125001 0.8883956234375001 0.9371994578124999 0.8894280406249999 0.1213678015625
8 0.5765625 0.80859375 0.40859375 0.28046875
4 0.503125 0.803125 0.1 0.26171875