7 0.002004915625 0.9873962374999999 0.0545530984375 0.991204021875 0.999417928125 0.9884591296874999 0.999417928125 0.004988195312500001 0 0.013552106250000001 0.002004915625 0.9873962374999999
8 0.721875 0.43984375 0.1515625 0.10390625
8 0.6921875 0.13359375 0.10390625 0.10625
8 0.9421875 0.44296875 0.10078125 0.09765625
5 0.7207023671874999 0.0659127265625 0.7392963390625 0.07923996718750001 0.741721640625 0.0973269359375 0.71261803125 0.12017363437499999 0.7085758625 0.1496839546875 0.693215625 0.1849059484375 0.693215625 0.2001370796875 0.7061505625 0.2068007 0.7021083953125 0.21632015781249997 0.6924071921875 0.22393572499999997 0.6859397234375 0.24011880312499997 0.6859397234375 0.2572538265625 0.6891734578125 0.2791485796875 0.690790325 0.2924758203125 0.71019273125 0.2943797125 0.693215625 0.3219861390625 0.6891734578125 0.3391211640625 0.68674815625 0.3553042421875 0.6875565906250001 0.36767953593749997 0.68674815625 0.3829106703125 0.68674815625 0.39338207187499996 0.7166601984375001 0.3876703984375 0.7433385078125 0.36767953593749997 0.7675915140625 0.3524484046875 0.7756758500000001 0.3505445125 0.7708252484375 0.369583428125 0.7724421171875 0.378150940625 0.7554650109375001 0.3952859640625 0.750614409375 0.4114690421875 0.7627409125 0.424796284375 0.7748674171875 0.43050795781250006 0.7886107875 0.44193130781249995 0.7966951234375 0.45430660312500004 0.8096300609375 0.47715330156249997 0.8096300609375 0.48572081406249995 0.8282240328125001 0.4980961078125 0.8476264390624999 0.4914324875 0.8605613765625 0.48952859687499994 0.8848143828125 0.4876247046875 0.9074505234375 0.472393571875 0.9317035312499999 0.43812352499999996 0.9422131671875 0.421940446875 0.976167378125 0.40004569375 0.9971866515625001 0.38576650625000003 0.999417928125 0.3839475578125 0.999417928125 0 0.7166601984375001 0.004988195312500001 0.7077674296875001 0.0154596 0.7328288703125 0.0221232203125 0.7328288703125 0.03925824375 0.7207023671874999 0.0659127265625
8 0.5203125 0.8328125 0.153125 0.30625
8 0.32109375 0.83671875 0.15859375 0.31640625
8 0.121875 0.83125 0.14765625 0.3125
8 0.71875 0.78671875 0.1453125 0.209375
8 0.91875 0.82421875 0.15625 0.2921875
4 0.3234375 0.93984375 0.11328125 0.11953125
4 0.125 0.93125 0.1078125 0.10625
4 0.5171875 0.93125 0.09453125 0.090625
4 0.90859375 0.9359375 0.05390625 0.096875
8 0.125 0.13515625 0.1640625 0.109375
8 0.325 0.13359375 0.1640625 0.109375
8 0.52265625 0.13359375 0.1640625 0.109375
8 0.125 0.28203125 0.1640625 0.109375
8 0.325 0.28046875 0.1640625 0.109375
8 0.52265625 0.28046875 0.1640625 0.109375
8 0.1265625 0.43984375 0.1640625 0.109375
8 0.3265625 0.43828125 0.1640625 0.109375
8 0.5234375 0.43828125 0.1640625 0.109375
8 0.13359375 0.5890625 0.1640625 0.109375
8 0.33359375 0.5875 0.1640625 0.109375
8 0.5171875 0.58828125 0.1640625 0.109375
8 0.71953125 0.5875 0.15625 0.10703125
8 0.91796875 0.5890625 0.1515625 0.1171875