7 0 0 0 0.969638115625 0.43196721250000003 0.969638115625 0.46967213125 0.932330415625 0.558196721875 0.932330415625 0.6040983609375 0.97402725625 0.9994999999999999 0.97402725625 0.9994999999999999 0 0 0
4 0.51171875 0.8203125 0.08828125 0.2515625
8 0.009375 0.34140625 0.01875 0.2921875
8 0.08515625 0.34375 0.0359375 0.2859375
8 0.1734375 0.34609375 0.03828125 0.28984375
8 0.25859375 0.34921875 0.0359375 0.2859375
8 0.34140625 0.35703125 0.0359375 0.2859375
8 0.4296875 0.35859375 0.03828125 0.28984375
8 0.93828125 0.346875 0.0328125 0.25859375
8 0.5078125 0.3421875 0.0359375 0.2859375
8 0.59609375 0.34375 0.03828125 0.28984375
8 0.68046875 0.34765625 0.0359375 0.2859375
8 0.76328125 0.35546875 0.0359375 0.2859375
8 0.853125 0.3484375 0.03671875 0.2734375
8 0.93984375 0.81875 0.0359375 0.26015625
8 0.85078125 0.8078125 0.0359375 0.26015625
8 0.76484375 0.80625 0.03984375 0.31171875
8 0.6828125 0.8125 0.04453125 0.29921875
8 0.33984375 0.80546875 0.04453125 0.29921875
8 0.25625 0.74765625 0.04375 0.19453125
8 0.17265625 0.74609375 0.04375 0.19453125
8 0.08515625 0.81328125 0.04140625 0.27109375
8 0.009375 0.821875 0.01875 0.27734375