7 0.4530944453125 0.9728835968749999 0.9994450609375001 0.95971975625 0.9994450609375001 0.671957671875 0.9849109453124999 0.584325396875 0.9307383328125001 0.415674603125 0.8792082875 0.27017195781250003 0.800591934375 0.11144179843749999 0.750383171875 0.0287698421875 0.7318852062500001 0.0105820109375 0.26216901875 0.013888889062500001 0.20006870625 0.0916005296875 0.13995032031250002 0.227182540625 0.079171290625 0.374338625 0.0342476609375 0.51818783125 0.0051794296875 0.615740740625 0 0.703240740625 0.0005549390625 0.9816784875 0.396279265625 0.9712301578125 0.39760055 0.98776455 0.45441572812500003 0.9894179890625001 0.4530944453125 0.9728835968749999
4 0.428125 0.87734375 0.05078125 0.23125
8 0.565625 0.825 0.05390625 0.12734375
8 0.71328125 0.82265625 0.04375 0.1359375
8 0.8546875 0.821875 0.0375 0.13359375
8 0.2859375 0.828125 0.0453125 0.14375
8 0.14140625 0.81640625 0.0484375 0.140625
8 0.1214523546875 0.6388888890625 0.17364304218749999 0.64384920625 0.1822313828125 0.4537037046875 0.14655673593750002 0.4537037046875 0.14391416875000002 0.5545634921875 0.12211299687499999 0.559523809375 0.1214523546875 0.6388888890625
8 0.26216901875 0.64384920625 0.311717140625 0.640542328125 0.31832355625000003 0.45866402031250003 0.27802441718750004 0.4636243390625 0.276703134375 0.552910053125 0.2608477359375 0.55621693125 0.26216901875 0.64384920625
8 0.4028856828125 0.6471560843749999 0.45243380312500003 0.652116403125 0.4530944453125 0.450396825 0.4094920984375 0.44874338593749996 0.4094920984375 0.55621693125 0.40222504062500003 0.5611772484374999 0.4028856828125 0.6471560843749999
8 0.599756884375 0.5578703703125 0.5858834093749999 0.5578703703125 0.5865440515625 0.45701058124999994 0.5442629890624999 0.45866402031250003 0.5409597796875001 0.6537698421875 0.6010781671875 0.6537698421875 0.599756884375 0.5578703703125
8 0.73584905625 0.5578703703125 0.7199936578125 0.552910053125 0.7206543 0.460317459375 0.6796945187500001 0.46527777812500004 0.688282859375 0.6504629625 0.7411341890625 0.652116403125 0.73584905625 0.5578703703125
8 0.8864753453124999 0.6471560843749999 0.8752444374999999 0.55621693125 0.8494794140625 0.552910053125 0.8474974890625001 0.45866402031250003 0.8138047671875 0.45535714374999997 0.8223931078125 0.5165343921875001 0.827678240625 0.6488095234375 0.8864753453124999 0.6471560843749999
8 0.3275725390625 0.24041005312500002 0.29586174062500004 0.24041005312500002 0.285291475 0.29001322812499997 0.33021510468750004 0.2867063484375 0.3275725390625 0.24041005312500002
8 0.4375 0.2578125 0.04453125 0.0578125
8 0.56015625 0.2640625 0.04453125 0.0515625
8 0.6828125 0.26640625 0.03671875 0.0515625
2 0.85546875 0.6046875 0.0640625 0.090625
2 0.7140625 0.60859375 0.05546875 0.090625
2 0.57265625 0.6078125 0.06015625 0.09296875
2 0.42734375 0.60390625 0.05625 0.09609375
2 0.28359375 0.60390625 0.053125 0.0859375
2 0.14609375 0.60390625 0.046875 0.09296875