7 0.9994305234375 0.004619209375000001 0.0014398078125 0.004619209375000001 0.002514290625 0.8571956234375 0 0.9858208109375 0.9416125843750001 0.9936426125000001 0.9405381015625001 0.8676246921875 0.9994305234375 0.8575203468750001 0.9994305234375 0.004619209375000001
8 0.47109375 0.92734375 0.9421875 0.1265625
4 0.046875 0.9453125 0.0546875 0.090625
4 0.5234375 0.94609375 0.05078125 0.08828125
4 0.8015625 0.94453125 0.05390625 0.09140625
8 0.08984375 0.0796875 0.0265625 0.059375
8 0.1390625 0.08046875 0.025 0.06171875
8 0.18828125 0.0796875 0.02734375 0.05859375
8 0.2390625 0.07890625 0.02734375 0.05859375
8 0.284375 0.0796875 0.02734375 0.05859375
8 0.334375 0.07890625 0.02734375 0.05859375
8 0.3828125 0.08046875 0.02734375 0.05859375
8 0.43359375 0.0796875 0.02734375 0.05859375
8 0.47578125 0.08046875 0.02734375 0.05859375
8 0.52578125 0.08046875 0.02734375 0.05859375
8 0.57109375 0.08046875 0.02734375 0.05859375
8 0.621875 0.08046875 0.02734375 0.05859375
8 0.6703125 0.08125 0.02734375 0.05859375
8 0.7203125 0.08046875 0.02734375 0.05859375
8 0.76015625 0.1796875 0.02734375 0.05859375
8 0.665625 0.18125 0.02734375 0.05859375
8 0.7171875 0.28203125 0.02734375 0.05859375
8 0.76171875 0.28125 0.02734375 0.05859375
8 0.76171875 0.28125 0.02734375 0.05859375
8 0.08671875 0.28125 0.02734375 0.05859375
8 0.1375 0.28046875 0.02734375 0.05859375
8 0.1859375 0.28125 0.02734375 0.05859375
8 0.2359375 0.28125 0.02734375 0.05859375
8 0.28125 0.28125 0.02734375 0.05859375
8 0.33203125 0.28125 0.02734375 0.05859375
8 0.3796875 0.28203125 0.02734375 0.05859375
8 0.43046875 0.28125 0.02734375 0.05859375
8 0.47265625 0.2828125 0.02734375 0.05859375
8 0.5234375 0.28203125 0.02734375 0.05859375
8 0.56953125 0.38203125 0.02734375 0.05859375
8 0.6203125 0.38203125 0.02734375 0.05859375
8 0.66796875 0.3828125 0.02734375 0.05859375
8 0.71875 0.38203125 0.02734375 0.05859375
8 0.7625 0.38125 0.02734375 0.05859375
8 0.08828125 0.38046875 0.02734375 0.05859375
8 0.13828125 0.38046875 0.02734375 0.05859375
8 0.18671875 0.38125 0.02734375 0.05859375
8 0.2375 0.38046875 0.02734375 0.05859375
8 0.2828125 0.38125 0.02734375 0.05859375
8 0.3328125 0.38046875 0.02734375 0.05859375
8 0.38125 0.38203125 0.02734375 0.05859375
8 0.43125 0.38125 0.02734375 0.05859375
8 0.47421875 0.38203125 0.02734375 0.05859375
8 0.52421875 0.38203125 0.02734375 0.05859375
8 0.56953125 0.38203125 0.02734375 0.05859375
8 0.6203125 0.38203125 0.02734375 0.05859375
8 0.66796875 0.3828125 0.02734375 0.05859375
8 0.71875 0.38203125 0.02734375 0.05859375
8 0.7625 0.38125 0.02734375 0.05859375
8 0.66875 0.28125 0.02734375 0.05859375
8 0.61953125 0.2796875 0.02734375 0.05859375
8 0.575 0.2796875 0.02734375 0.05859375
8 0.08828125 0.58359375 0.02734375 0.05859375
8 0.13828125 0.5828125 0.02734375 0.05859375
8 0.18671875 0.584375 0.02734375 0.05859375
8 0.2375 0.58359375 0.02734375 0.05859375
8 0.2828125 0.584375 0.02734375 0.05859375
8 0.3328125 0.58359375 0.02734375 0.05859375
8 0.38125 0.584375 0.02734375 0.05859375
8 0.43125 0.584375 0.02734375 0.05859375
8 0.47421875 0.58515625 0.02734375 0.05859375
8 0.52421875 0.584375 0.02734375 0.05859375
8 0.56953125 0.58515625 0.02734375 0.05859375
8 0.6203125 0.584375 0.02734375 0.05859375
8 0.66796875 0.58515625 0.02734375 0.05859375
8 0.71875 0.58515625 0.02734375 0.05859375
8 0.7625 0.584375 0.02734375 0.05859375
8 0.66953125 0.48359375 0.02734375 0.05859375
8 0.6203125 0.4828125 0.02734375 0.05859375
8 0.575 0.4828125 0.02734375 0.05859375
8 0.525 0.48359375 0.02734375 0.05859375
8 0.47578125 0.4828125 0.02734375 0.05859375
8 0.43125 0.4828125 0.02734375 0.05859375
8 0.3796875 0.48203125 0.02734375 0.05859375
8 0.334375 0.48203125 0.02734375 0.05859375
8 0.28515625 0.48359375 0.02734375 0.05859375
8 0.23515625 0.48203125 0.02734375 0.05859375
8 0.190625 0.48203125 0.02734375 0.05859375
8 0.76484375 0.48359375 0.02734375 0.05859375
8 0.715625 0.48203125 0.02734375 0.05859375
8 0.13828125 0.4796875 0.02734375 0.05859375
8 0.09375 0.4796875 0.02734375 0.05859375
8 0.665625 0.684375 0.02734375 0.05859375
8 0.61640625 0.68359375 0.02734375 0.05859375
8 0.57109375 0.68359375 0.02734375 0.05859375
8 0.52109375 0.684375 0.02734375 0.05859375
8 0.471875 0.68359375 0.02734375 0.05859375
8 0.42734375 0.68359375 0.02734375 0.05859375
8 0.37578125 0.6828125 0.02734375 0.05859375
8 0.33125 0.6828125 0.02734375 0.05859375
8 0.28125 0.684375 0.02734375 0.05859375
8 0.23203125 0.6828125 0.02734375 0.05859375
8 0.1875 0.6828125 0.02734375 0.05859375
8 0.76171875 0.684375 0.02734375 0.05859375
8 0.7125 0.6828125 0.02734375 0.05859375
8 0.13515625 0.68046875 0.02734375 0.05859375
8 0.090625 0.68046875 0.02734375 0.05859375
8 0.66796875 0.78359375 0.02734375 0.05859375
8 0.61875 0.78203125 0.02734375 0.05859375
8 0.5734375 0.78203125 0.02734375 0.05859375
8 0.5234375 0.78359375 0.02734375 0.05859375
8 0.47421875 0.78203125 0.02734375 0.05859375
8 0.4296875 0.78203125 0.02734375 0.05859375
8 0.378125 0.78125 0.02734375 0.05859375
8 0.33359375 0.78125 0.02734375 0.05859375
8 0.28359375 0.7828125 0.02734375 0.05859375
8 0.234375 0.78125 0.02734375 0.05859375
8 0.18984375 0.78125 0.02734375 0.05859375
8 0.7640625 0.7828125 0.02734375 0.05859375
8 0.71484375 0.78125 0.02734375 0.05859375
8 0.1375 0.77890625 0.02734375 0.05859375
8 0.090625 0.7859375 0.02734375 0.05859375
8 0.7640625 0.08046875 0.02734375 0.05859375
8 0.71796875 0.18046875 0.028125 0.06484375
4 0.28515625 0.95234375 0.05625 0.0734375
8 0.0890625 0.1796875 0.02734375 0.06171875
8 0.13515625 0.17734375 0.02734375 0.06171875
8 0.428125 0.1828125 0.02734375 0.06171875
8 0.37734375 0.178125 0.02734375 0.06171875
8 0.18828125 0.18046875 0.02734375 0.06171875
8 0.2859375 0.17890625 0.02734375 0.06171875
8 0.2359375 0.17890625 0.03046875 0.06484375
8 0.33125 0.1796875 0.02265625 0.06640625
8 0.575 0.18203125 0.02734375 0.05546875
8 0.52421875 0.18046875 0.02734375 0.06171875
8 0.47734375 0.18046875 0.02734375 0.0625
8 0.62265625 0.18046875 0.02734375 0.05546875