7 0.95258620625 0.7804487171875001 0.9573754796875 0.634437321875 0.98491379375 0.61841168125 0.9873084296875 0.0085470078125 0.0222701140625 0.003205128125 0.015086206250000001 0.616631053125 0.0486111109375 0.6326566953125 0.046216475 0.78133903125 0.027059387499999997 0.778668090625 0.029454023437499997 0.9923433046874999 0.9728593875 0.999358975 0.9633620687500001 0.778668090625 0.95258620625 0.7804487171875001
8 0.35625 0.18515625 0.09375 0.14765625
8 0.15546875 0.18125 0.09375 0.14765625
8 0.64765625 0.18125 0.09375 0.14765625
8 0.85234375 0.18671875 0.09375 0.14765625
8 0.353125 0.45078125 0.0921875 0.17109375
8 0.153125 0.45078125 0.090625 0.17734375
8 0.65234375 0.4484375 0.09921875 0.17890625
8 0.8484375 0.4546875 0.09375 0.17578125
2 0.1765625 0.88671875 0.2875 0.21796875
2 0.81875 0.8671875 0.3015625 0.1796875
8 0.1828125 0.71875 0.0984375 0.1265625
8 0.82578125 0.71953125 0.10078125 0.125
5 0.025155454687500002 0.52522068125 0.050593556250000005 0.536780159375 0.018762678125 0.5 0.0329614609375 0.49773755625 0.06034482812500001 0.5067873296875 0.07758620625 0.51508295625 0.07758620625 0.51055806875 0.069472615625 0.49396681718749996 0.054259634375 0.48868778281249997 0.0299188640625 0.47360482656249997 0.028904665625 0.4434389140625 0.02586206875 0.421568628125 0.031947262500000004 0.419306184375 0.0410750515625 0.44117647031249996 0.0481744421875 0.43363499218749996 0.06845841875 0.44042232343750004 0.07758620625 0.4630467578125 0.08874239375000001 0.4509803921875 0.11004056874999998 0.44645550468749995 0.11105476562500001 0.429864253125 0.11004056874999998 0.42232277500000004 0.11713995937499999 0.40723981875000004 0.0633874234375 0.386877828125 0.051217039062500004 0.37707390625000003 0.053245435937499995 0.3657616890625 0.0745436109375 0.361236803125 0.0664300203125 0.3484162890625 0.0420892484375 0.34690799375000003 0.026876268749999998 0.34238310781250003 0.0167342796875 0.336349925 0.0329614609375 0.32126696875 0.0420892484375 0.3054298640625 0.0420892484375 0.2903469078125 0.0420892484375 0.27903469062499997 0.022819471875 0.2730015078125 0.030933062500000004 0.117647059375 0.047160243750000004 0.11387632031249999 0.0745436109375 0.102564103125 0.12018255625 0.087481146875 0.118154159375 0.1040723984375 0.1313387421875 0.11387632031249999 0.1394523328125 0.130467571875 0.145537525 0.136500753125 0.1556795125 0.1546003015625 0.18306287968749999 0.1546003015625 0.20436105468750002 0.146304675 0.221602434375 0.1425339359375 0.22971602343750003 0.1372549015625 0.24391480625 0.13800905000000002 0.288539553125 0.1266968328125 0.3017241375 0.12292609375 0.3017241375 0.11613876406250001 0.30679513125 0.10331824999999999 0.32403651093749997 0.11010558125 0.3453346859375 0.104826546875 0.3331643 0.102564103125 0.326064909375 0.10105580781250001 0.30882352968750004 0.095022625 0.29056795156250004 0.093514328125 0.288539553125 0.0889894421875 0.284482759375 0.080693815625 0.2712981734375 0.07616892812500001 0.258113590625 0.0716440421875 0.246957403125 0.0663650078125 0.25507099375000003 0.0565610859375 0.26521298125000003 0.042232278125 0.2753549703125 0.033936651562499996 0.28346855937500004 0.0346908 0.29665314375 0.0407239828125 0.3169371203125 0.0460030171875 0.32403651093749997 0.044494721875 0.28346855937500004 0.015082956249999998 0.2672413796875 0.015082956249999998 0.24492900624999997 0.0211161390625 0.21957403593749997 0.027149321875 0.210446246875 0.033182503125 0.1891480734375 0.033182503125 0.1627789046875 0.0294117640625 0.159736309375 0.0218702859375 0.1526369171875 0.003016590625 0.1475659234375 0.003016590625 0.1374239359375 0.0067873296875000004 0.132352940625 0.024886878125 0.12018255625 0.0286576171875 0.1130831640625 0.030165912499999996 0.10496957343749999 0.033182503125 0.10598377187500001 0.044494721875 0.12525355 0.04977375625 0.13843813437500002 0.0512820515625 0.12119675468749999 0.06259426875 0.106997971875 0.053544495312499996 0.0846855984375 0.050527903124999995 0.08062880312500001 0.052790346875000005 0.0917849890625 0.0648567125 0.10902636875 0.07541478125 0.10294117656249999 0.077677225 0.0745436109375 0.0814479640625 0.067453115625 0.06702654062499999 0.059891106250000006 0.060278903125000005 0.067453115625 0.03441295625 0.0462794921875 0.040035987499999995 0.032667876562499996 0.040035987499999995 0.02510586875 0.025416104687500003 0.011494253125 0.016419253124999998 0.000907440625 0.017543859375 0 0.5303412437499999 0.00113058125 0.529424128125 0.025155454687500002 0.52522068125
5 0.686781609375 0.9380341874999999 0.6688218390625 0.954059828125 0.6526580453124999 0.97542735 0.6436781609375 0.9727564109375001 0.65086206875 0.9580662390624999 0.6526580453124999 0.9407051281250001 0.6598419546875001 0.9313568374999999 0.625718390625 0.9380341874999999 0.614942528125 0.9407051281250001 0.6059626437500001 0.9527243593750001 0.6023706890625 0.9407051281250001 0.5915948281250001 0.934027778125 0.5897988515625 0.9553953 0.5718390796875 0.9607371796875 0.559267240625 0.9447115390624999 0.5502873562499999 0.947382478125 0.5359195406249999 0.97542735 0.5323275859375001 0.9847756406249999 0.5107758625 0.9727564109375001 0.4964080453125 0.9553953 0.48922413750000004 0.9433760687499999 0.4568965515625 0.9433760687499999 0.4461206890625 0.9433760687499999 0.41558907968750003 0.95673076875 0.4012212640625 0.9767628203125 0.3922413796875 0.9847756406249999 0.403017240625 0.954059828125 0.37607758593749996 0.9420405984375 0.36889367812499996 0.9260149578125001 0.358117815625 0.9527243593750001 0.3347701140625 0.947382478125 0.3168103453125 0.934027778125 0.313218390625 0.9513888890625 0.291666665625 0.966079059375 0.2862787359375 0.954059828125 0.284482759375 0.934027778125 0.297054596875 0.9260149578125001 0.2772988515625 0.927350428125 0.25215517187500003 0.9407051281250001 0.2306034484375 0.971420940625 0.22701149375 0.9821047 0.21803160937500002 0.990117521875 0.20545977031249998 0.983440171875 0.201867815625 0.959401709375 0.1695402296875 0.9393696578125 0.16056034531250002 0.9607371796875 0.15876436875 0.9700854703124999 0.1443965515625 0.9553953 0.12464080468750001 0.9366987171875 0.1210488515625 0.959401709375 0.11386494218750001 0.96875 0.1030890796875 0.9727564109375001 0.08512931093750001 0.9847756406249999 0.0941091953125 0.96207265 0.08512931093750001 0.9500534187499999 0.067169540625 0.947382478125 0.0581896546875 0.9260149578125001 0.056393678125 0.9326923078125 0.04741379375 0.9487179484375 0.0438218390625 0.959401709375 0.0420258625 0.9941239312500001 0.702945403125 0.990117521875 0.701149425 0.9634081203125 0.708333334375 0.9460470078125001 0.686781609375 0.9380341874999999