7 0.47674987812499997 0.0003545515625 0 0.0025230515625000003 0.0080763578125 0.03635520625 0.028254328125 0.09360976875 0.0185595953125 0.09464691875 0.01817180625 0.10743844531249999 0.0047078468749999994 0.10888399687500001 0.007128334375000001 0.1450285109375 0.0313332046875 0.197357134375 0.0174154046875 0.198436075 0.0174154046875 0.2135412453125 0.0047078468749999994 0.213001775 0.004102725 0.25184364062500003 0.0367793 0.3052512046875 0.01923076875 0.30633014531249997 0.019835890624999998 0.3192774328125 0.0077334562499999995 0.32305372656250003 0.005918090625 0.35596141718749996 0.03798954375 0.410447921875 0.0174154046875 0.410447921875 0.0180205265625 0.42771097343750003 0.008338578125 0.42986885468749997 0.008338578125 0.4638554859375 0.0482766140625 0.5167235812500001 0.0174154046875 0.5167235812500001 0.019835890624999998 0.5350655718749999 0.0065232125 0.5361445140625001 0.00531296875 0.5728284968749999 0.08337367500000001 0.5976441328125001 0.0809531875 0.62461765 0.01923076875 0.6229992390625 0.019835890624999998 0.642420171875 0.0077334562499999995 0.6418807015625 0.005918090625 0.67910415625 0.082768553125 0.6974461468750001 0.08458391875 0.7298143687499999 0.019835890624999998 0.7303538390625001 0.01923076875 0.7503142421875 0.0047078468749999994 0.7508537125 0.00531296875 0.7853798140625 0.081558309375 0.7950902796875 0.083978796875 0.8350110859375001 0.021046134375 0.8317742640624999 0.018625646875 0.8560504296874999 0.004102725 0.8560504296874999 0.00531296875 0.893273884375 0.08700440468750001 0.894352825 0.0912402578125 0.98120755 0.11726049218750001 0.9909180171875 0.18321876406249998 0.9822864906250001 0.190480225 0.984444371875 0.191085346875 0.9952337796874999 0.20559281093749998 0.99950908125 0.3161503484375 0.982999984375 0.34457155 0.9901262140625 0.3429523625 0.99950908125 0.3605584765625 0.99950908125 0.547072615625 0.9695393296875 0.547072615625 0.99950908125 0.9645090234374999 0.99950908125 0.9671735109374999 0.8959016265624999 0.9938183890625 0.8951098234374999 0.9929302249999999 0.54117376875 0.5917767984375 0.542546228125 0.5930004890625 0.4552719140625 0.5832109640625001 0.439998909375 0.5770925109375 0.2119947640625 0.47674987812499997 0.0003545515625
2 0.10234375 0.1 0.16640625 0.01171875
2 0.26953125 0.1 0.140625 0.0125
2 0.41015625 0.1015625 0.11328125 0.0125
2 0.096875 0.20703125 0.16640625 0.01171875
2 0.26328125 0.20703125 0.140625 0.0125
2 0.4125 0.2078125 0.11328125 0.0125
2 0.1 0.31484375 0.16640625 0.01171875
2 0.2671875 0.3140625 0.140625 0.0125
2 0.41328125 0.315625 0.1078125 0.01328125
2 0.1 0.42109375 0.16640625 0.01171875
2 0.26640625 0.42109375 0.140625 0.0125
2 0.41328125 0.421875 0.1078125 0.01328125
2 0.1015625 0.5265625 0.165625 0.0140625
2 0.26953125 0.52734375 0.1421875 0.01640625
2 0.4109375 0.528125 0.10859375 0.01640625
2 0.10078125 0.63203125 0.16875 0.0203125
2 0.26953125 0.63359375 0.14140625 0.0234375
2 0.41171875 0.634375 0.109375 0.01953125
2 0.54765625 0.6359375 0.13125 0.01953125
2 0.7015625 0.6359375 0.14375 0.01953125
2 0.8828125 0.63671875 0.18671875 0.0203125
8 0.831345890625 0.62690795 0.908564990625 0.6286007703125 0.9060332171875001 0.6065941015625 0.831345890625 0.62690795
8 0.74779735625 0.5913587140625001 0.6832371265625 0.6173152984375 0.6832371265625 0.625779403125 0.7484303 0.6252151296874999 0.74779735625 0.5913587140625001
8 0.6003215359375 0.58966589375 0.5401919078125 0.618443846875 0.5389260218749999 0.62690795 0.600954478125 0.62690795 0.6003215359375 0.58966589375
2 0.88515625 0.74453125 0.18671875 0.0203125
2 0.703125 0.74296875 0.14375 0.01953125
2 0.54921875 0.74296875 0.13125 0.01953125
2 0.41328125 0.74140625 0.109375 0.01953125
2 0.103125 0.7390625 0.16875 0.0203125
2 0.27109375 0.740625 0.14140625 0.0234375
2 0.884375 0.85 0.18671875 0.0203125
2 0.70234375 0.8484375 0.14375 0.01953125
2 0.5484375 0.8484375 0.13125 0.01953125
2 0.4125 0.846875 0.109375 0.01953125
2 0.10234375 0.84453125 0.16875 0.0203125
2 0.2703125 0.84609375 0.14140625 0.0234375
8 0.8290198234374999 0.71575846875 0.83067180625 0.7309769265625 0.9066629953125 0.7334315171875 0.9066629953125 0.701030928125 0.8290198234374999 0.71575846875
8 0.8290198234374999 0.8065783015625 0.8290198234374999 0.8379970546875001 0.9072136562500001 0.8379970546875001 0.9083149781250001 0.7997054484375 0.8290198234374999 0.8065783015625
8 0.749174009375 0.7962690234375 0.682544053125 0.8046146296875 0.680341409375 0.8360333828125001 0.7480726875 0.8370152187500001 0.749174009375 0.7962690234375
8 0.538270925 0.8046146296875 0.5388215859375001 0.838487971875 0.60104625625 0.8370152187500001 0.5999449343750001 0.7962690234375 0.538270925 0.8046146296875
8 0.538270925 0.709376534375 0.537169603125 0.7295041734375001 0.6004955953125 0.7309769265625 0.6032488984375 0.6936671578125 0.538270925 0.709376534375
8 0.68529735625 0.7118311234375 0.68529735625 0.7314678453125001 0.7480726875 0.7319587624999999 0.7464207046875 0.6951399109375 0.68529735625 0.7118311234375
8 0.156112334375 0.8001963671875 0.158314978125 0.8335787921875 0.17758810625000002 0.8340697109375 0.1753854625 0.7938144328125001 0.156112334375 0.8001963671875
8 0.29377753281249996 0.801669121875 0.293226871875 0.8316151203125 0.33232378906250004 0.833087875 0.33287445 0.7908689250000001 0.29377753281249996 0.801669121875
8 0.440528634375 0.5994654453125 0.42462065625 0.6081928765625 0.42584434687500006 0.6261932031249999 0.44236417031249997 0.6251022749999999 0.440528634375 0.5994654453125
8 0.4435878609375 0.697103584375 0.42829172812499994 0.7041946218749999 0.42829172812499994 0.7331042375 0.44175232500000006 0.732013309375 0.4435878609375 0.697103584375
8 0.4448115515625 0.794741721875 0.42951541875 0.8018327609375 0.4276798828125 0.8372879515625 0.4435878609375 0.8383788796875 0.4448115515625 0.794741721875
8 0.3322320109375 0.6932853328124999 0.2930739109375 0.7096492671875 0.292462065625 0.728740521875 0.3310083203125 0.7292859875000001 0.3322320109375 0.6932853328124999
8 0.2845080765625 0.6218294875 0.330396475 0.6218294875 0.331620165625 0.5918289421875 0.2845080765625 0.6218294875
8 0.29858051875 0.51928216875 0.33529123906249997 0.5187367046875 0.33467939375 0.49309987499999997 0.29858051875 0.51928216875
8 0.30531081718749997 0.41509845624999997 0.33529123906249997 0.41509845624999997 0.333455703125 0.39164348437499996 0.30531081718749997 0.41509845624999997
8 0.176211453125 0.693830796875 0.1572442484375 0.7080128734375 0.15663240312499999 0.7292859875000001 0.17743514375 0.7292859875000001 0.176211453125 0.693830796875
8 0.1763189 0.5961880015625 0.1575158484375 0.6133501765625 0.15706815624999998 0.6205343421875 0.1772142828125 0.620135221875 0.1763189 0.5961880015625
8 0.15841123125 0.517960415625 0.177661975 0.517960415625 0.1772142828125 0.49640791718750005 0.15841123125 0.517960415625