7 0.9551100328125001 0.9725269093750001 0.992087721875 0.9665563531249999 0.992087721875 0.3396479078125 0.5417184203125001 0.335383225 0.5417184203125001 0.01041435625 0.4336297875 0.0027379265625 0.4345779328125 0.1323842984375 0.0050678390625 0.1357960453125 0.0050678390625 0.986173896875 0.953213740625 0.986173896875 0.9551100328125001 0.9725269093750001
2 0.76640625 0.4140625 0.43828125 0.0375
2 0.76640625 0.51484375 0.43828125 0.0375
2 0.7734375 0.6171875 0.43828125 0.0375
2 0.7734375 0.7171875 0.43828125 0.0375
2 0.76640625 0.815625 0.43828125 0.03125
8 0.10234375 0.22109375 0.05703125 0.0734375
8 0.225 0.21796875 0.05859375 0.078125
8 0.3453125 0.21796875 0.0671875 0.07578125
8 0.1 0.315625 0.05703125 0.0734375
8 0.221875 0.3125 0.05859375 0.078125
8 0.3421875 0.3125 0.0671875 0.07578125
8 0.10390625 0.41484375 0.05703125 0.0734375
8 0.22578125 0.4109375 0.05859375 0.078125
8 0.34609375 0.41171875 0.0671875 0.07578125
8 0.1 0.5125 0.05703125 0.0734375
8 0.221875 0.509375 0.05859375 0.078125
8 0.346875 0.50859375 0.05703125 0.078125
8 0.09765625 0.60546875 0.05703125 0.0734375
8 0.2203125 0.60234375 0.05859375 0.078125
8 0.34375 0.60234375 0.06015625 0.07734375
8 0.1 0.6984375 0.05703125 0.0734375
8 0.221875 0.6953125 0.05859375 0.078125
8 0.346875 0.69765625 0.0578125 0.07265625
8 0.09765625 0.79453125 0.05703125 0.0734375
8 0.2203125 0.790625 0.05859375 0.078125
8 0.340625 0.79140625 0.0671875 0.07578125
8 0.09765625 0.903125 0.05703125 0.1046875
8 0.22109375 0.8890625 0.0609375 0.0890625
8 0.3421875 0.903125 0.05546875 0.11640625
4 0.490625 0.92734375 0.084375 0.10546875
4 0.71796875 0.93828125 0.04375 0.084375
8 0.89375 0.9203125 0.12109375 0.13125
4 0.85078125 0.940625 0.04375 0.08515625
8 0.65078125 0.58671875 0.1890625 0.028125
8 0.85703125 0.5875 0.1890625 0.028125
8 0.65 0.684375 0.1890625 0.028125
8 0.85625 0.68515625 0.1890625 0.028125
8 0.6484375 0.78203125 0.1859375 0.03671875
8 0.85625 0.78125 0.18984375 0.0328125
8 0.86015625 0.48828125 0.18515625 0.0125
8 0.65546875 0.4875 0.18828125 0.01328125