7 0.0239166296875 0.007516848437499999 0.0026740640625 0.1399976953125 0.015169690625000001 0.9934431578125 0.9989878546875 0.9897335046875 0.982331184375 0.1409577015625 0.95484080625 0.0055968359375 0.0239166296875 0.007516848437499999
8 0.1453125 0.2609375 0.103125 0.12578125
8 0.39609375 0.26171875 0.09375 0.12890625
8 0.14453125 0.4265625 0.103125 0.12578125
8 0.3953125 0.42734375 0.09375 0.12890625
8 0.14765625 0.59453125 0.103125 0.12578125
8 0.3984375 0.5953125 0.09375 0.12890625
8 0.146875 0.759375 0.103125 0.12578125
4 0.2671875 0.92890625 0.15703125 0.12109375
8 0.6296875 0.24765625 0.1015625 0.1046875
8 0.85703125 0.2484375 0.09140625 0.10390625
8 0.62734375 0.415625 0.0984375 0.109375
8 0.8578125 0.4140625 0.09609375 0.1078125
8 0.63125 0.58125 0.09921875 0.10546875
8 0.85546875 0.5796875 0.0921875 0.103125
8 0.63046875 0.74921875 0.09921875 0.109375
8 0.85625 0.74375 0.0828125 0.09609375
8 0.39765625 0.75546875 0.10234375 0.1203125
8 0.192182478125 0.0534783796875 0.1066196421875 0.052676725 0.10453274374999999 0.099974346875 0.192182478125 0.09837103750000001 0.192182478125 0.0534783796875
8 0.44156684375 0.0558833421875 0.3560040078125 0.0534783796875 0.35391710781249996 0.0991726921875 0.4426102921875 0.09756938281250001 0.44156684375 0.0558833421875
8 0.669038775 0.04947010625 0.587649734375 0.0502717609375 0.5824324890625 0.099974346875 0.6752994703125 0.09756938281250001 0.669038775 0.04947010625
8 0.8871196625 0.04947010625 0.8067740734375001 0.0502717609375 0.8099044203125001 0.09837103750000001 0.9027714015624999 0.09756938281250001 0.8871196625 0.04947010625
8 0.625 0.90234375 0.10546875 0.08671875