7 0.04262715 0 0.043643534375 0.0170324640625 0.05177460625 0.029416246875000003 0.05177460625 0.059899404687500005 0 0.06151691875 0.00705370625 0.988683128125 0.1463983015625 0.9865749171875 0.6853484734374999 0.9730823718750001 0.7274550375 0.9758230453125 0.8361690453125 0.9738445703125 0.9264814375 0.9983808953125 0.947697540625 0.999485596875 0.955273434375 0.763104634375 0.9849651796875 0.7437091015624999 0.9894639296875001 0.080887809375 0.71593996875 0.0851042296875 0.7096417203125001 0.0673952640625 0.6889474718749999 0.04462659375 0.6538572281249999 0.0184847875 0.607070234375 0.00752209375 0.5793448515625 0 0.04262715 0
8 0.37421875 0.8671875 0.5609375 0.2203125
4 0.18515625 0.86796875 0.09921875 0.221875
8 0.17421875 0.359375 0.2203125 0.22734375
8 0.4296875 0.359375 0.24609375 0.22421875
8 0.784375 0.35546875 0.31171875 0.22265625
8 0.66875 0.5734375 0.0890625 0.13203125
8 0.503125 0.5734375 0.09921875 0.1265625
8 0.103125 0.57578125 0.0765625 0.134375
8 0.622982478125 0.0541838125 0.5538683578125 0.045610424999999996 0.08328251406250001 0.0446578265625 0.088364434375 0.0837143734375 0.6758344515625 0.08276177343749999 0.622982478125 0.0541838125
5 0.094212809375 0.9844667078124999 0.09961130781250001 0.9271233890625 0.085215309375 0.9254368203125001 0.0618218140625 0.9254368203125001 0.0186338203125 0.9220636843750001 0.0042378218750000005 0.9271233890625 0.0015385718749999998 0.98783984375 0.094212809375 0.9844667078124999