7 0.001121709375 0 0.003282275 0.8668081093750001 0.012764406249999999 0.8630363046875 0.0120350109375 0.9922206499999999 0.988694384375 0.9893917968749999 0.98723559375 0.0030645921875 0.001121709375 0
8 0.090625 0.1375 0.07265625 0.12421875
8 0.18515625 0.13515625 0.07265625 0.12421875
8 0.29296875 0.13984375 0.07265625 0.12421875
8 0.3875 0.13671875 0.07265625 0.12421875
8 0.50078125 0.1359375 0.07265625 0.12421875
8 0.5953125 0.1328125 0.07265625 0.12421875
8 0.70234375 0.1375 0.07265625 0.12421875
8 0.81015625 0.13359375 0.07265625 0.12421875
8 0.90859375 0.2953125 0.07265625 0.12421875
8 0.0921875 0.296875 0.07265625 0.12421875
8 0.18671875 0.29453125 0.07265625 0.12421875
8 0.29375 0.29921875 0.07265625 0.12421875
8 0.3890625 0.29609375 0.07265625 0.12421875
8 0.5015625 0.2953125 0.07265625 0.12421875
8 0.596875 0.2921875 0.07265625 0.12421875
8 0.70390625 0.296875 0.07265625 0.12421875
8 0.8078125 0.61875 0.07265625 0.12421875
8 0.90859375 0.46015625 0.07265625 0.12421875
8 0.0859375 0.46328125 0.07265625 0.12421875
8 0.18125 0.46015625 0.07265625 0.12421875
8 0.28828125 0.46484375 0.07265625 0.12421875
8 0.3828125 0.46171875 0.07265625 0.12421875
8 0.49609375 0.4609375 0.07265625 0.12421875
8 0.5921875 0.46015625 0.0703125 0.1203125
8 0.6984375 0.46328125 0.07265625 0.12421875
8 0.80625 0.459375 0.07265625 0.12421875
8 0.90390625 0.6203125 0.07265625 0.12421875
8 0.0875 0.62265625 0.07265625 0.12421875
8 0.1828125 0.61953125 0.07265625 0.12421875
8 0.28984375 0.62421875 0.07265625 0.12421875
8 0.384375 0.62109375 0.07265625 0.12421875
8 0.49765625 0.6203125 0.07265625 0.12421875
8 0.5921875 0.61796875 0.07265625 0.12421875
8 0.69921875 0.62265625 0.07265625 0.12421875
8 0.8078125 0.61875 0.07265625 0.12421875
8 0.915625 0.77421875 0.07265625 0.12421875
8 0.09296875 0.77734375 0.07265625 0.12421875
8 0.1875 0.77421875 0.07265625 0.12421875
8 0.29453125 0.7796875 0.07265625 0.12421875
8 0.38984375 0.7765625 0.07265625 0.12421875
8 0.50234375 0.77578125 0.07265625 0.12421875
8 0.59765625 0.77265625 0.07265625 0.12421875
8 0.7046875 0.77734375 0.07265625 0.12421875
8 0.8125 0.7734375 0.07265625 0.12421875
4 0.91015625 0.93515625 0.07265625 0.12421875
4 0.09453125 0.93671875 0.07265625 0.12421875
4 0.1890625 0.93359375 0.07265625 0.12421875
4 0.296875 0.93828125 0.0734375 0.1234375
4 0.39140625 0.9359375 0.07265625 0.12421875
4 0.5046875 0.93515625 0.07265625 0.12421875
4 0.59921875 0.93203125 0.07265625 0.12421875
4 0.70625 0.93671875 0.07265625 0.12421875
4 0.8140625 0.9328125 0.07265625 0.12421875
8 0.915625 0.77421875 0.07265625 0.12421875
2 0.08671875 0.165625 0.08125 0.065625
2 0.18828125 0.1640625 0.08125 0.065625
2 0.29921875 0.16796875 0.08125 0.065625
2 0.40078125 0.165625 0.08125 0.065625
2 0.5 0.16484375 0.08125 0.065625
2 0.6015625 0.16328125 0.08125 0.065625
2 0.71328125 0.1671875 0.08125 0.065625
2 0.81484375 0.16484375 0.08125 0.065625
2 0.90859375 0.3265625 0.08125 0.065625
2 0.08046875 0.325 0.08125 0.065625
2 0.18203125 0.3234375 0.08125 0.065625
2 0.29375 0.32734375 0.08125 0.065625
2 0.3953125 0.325 0.08125 0.065625
2 0.49453125 0.32421875 0.08125 0.065625
2 0.5953125 0.32265625 0.08125 0.065625
2 0.70703125 0.3265625 0.08125 0.065625
2 0.80859375 0.32421875 0.08125 0.065625
2 0.91015625 0.6515625 0.08125 0.065625
2 0.08984375 0.49375 0.078125 0.0609375
2 0.18984375 0.48984375 0.071875 0.0578125
2 0.29140625 0.48671875 0.07421875 0.059375
2 0.390625 0.490625 0.08125 0.0609375
2 0.49453125 0.4921875 0.07265625 0.05625
2 0.59296875 0.49140625 0.0703125 0.059375
2 0.69921875 0.48828125 0.0734375 0.06015625
2 0.80546875 0.48828125 0.07578125 0.0578125
2 0.91015625 0.6515625 0.08125 0.065625
2 0.08671875 0.65 0.071875 0.0671875
2 0.18359375 0.6484375 0.08125 0.065625
2 0.2953125 0.65234375 0.08125 0.065625
2 0.3890625 0.65234375 0.065625 0.0703125
2 0.49765625 0.653125 0.0765625 0.05859375
2 0.59765625 0.65390625 0.0796875 0.0546875
2 0.7046875 0.65390625 0.08125 0.065625
2 0.81015625 0.65 0.08125 0.065625
2 0.91015625 0.6515625 0.08125 0.065625
2 0.91015625 0.165625 0.08125 0.065625
2 0.9078125 0.48984375 0.0734375 0.06328125
2 0.9109375 0.8109375 0.08125 0.065625
2 0.8109375 0.809375 0.08125 0.065625
2 0.709375 0.8109375 0.08125 0.065625
2 0.59765625 0.80703125 0.08125 0.065625
2 0.4984375 0.8109375 0.07734375 0.06171875
2 0.3921875 0.80703125 0.0703125 0.059375
2 0.29609375 0.81171875 0.08125 0.065625
2 0.184375 0.8078125 0.08125 0.065625
2 0.0875 0.809375 0.071875 0.0671875
8 0.91015625 0.10546875 0.0765625 0.06015625
8 0.8078125 0.2625 0.0734375 0.06015625