7 0 0.3924284734375 0.0906622359375 0.49528195156250004 0.0187241640625 0.48867668125 0.023790225 0.5528421531250001 0.0035259796875 0.5528421531250001 0.007578828125000001 0.5915301578125 0.0400016203125 0.6075715265625 0.0734376265625 0.6358798218749999 0.11193969374999999 0.676455046875 0.09268865937500001 0.688721975 0.023790225 0.687778365625 0.0248034375 0.7547746656250001 0.005552403125 0.755718275 0.006565615625 0.7906318406249999 0.056213017187500006 0.7981807203125 0.10586041875 0.8142220890624999 0.12105860312500001 0.8227145765625 0.12105860312500001 0.9793538156249999 0.9802626249999999 0.9680304968750001 0.9812758359375 0.79440628125 0.998946259375 0.7938920140625 0.998946259375 0.7462821765625 0.9812758359375 0.7481693968750001 0.9812758359375 0.6358798218749999 0.9802626249999999 0.617951234375 0.998946259375 0.5701007765624999 0.998946259375 0.5386880046875 0.9843154734375 0.5443496640625 0.9802626249999999 0.464142825 0.998946259375 0.3798893890625 0.992421171875 0.346191590625 0.98228905 0.3443043703125 0.9782361999999999 0.27164641093749997 0.994447596875 0.1725673734375 0.992421171875 0.13387936875 0.9812758359375 0.134822978125 0.9863418984375001 0.07065750781249999 0.9741833515625 0.07065750781249999 0.9751965625000001 0.0055484265625 0.11396611875 0.0121536953125 0.1180189671875 0.10651468281250001 0.0551998046875 0.097078584375 0.0166977390625 0.09330414375 0.01771095 0.15935683437499998 0 0.151109684375 0 0.180116253125 0.0703979890625 0.30089831718750004 0.0217638 0.294293046875 0.019737374999999998 0.359402128125 0 0.35480674843750004 0 0.3924284734375
2 0.17070600625000001 0.180116253125 0.38854664843750003 0.1904959625 0.6215854734375 0.18860874218749998 0.7573559203125 0.1725673734375 0.9833022609375 0.13859741875 0.9833022609375 0.067826678125 0.9225095234375 0.0829244359375 0.76850125625 0.1074582921875 0.6074005031249999 0.1253868796875 0.4665639953125 0.1301049296875 0.3216746375 0.12444327031249999 0.14132285 0.11123273281249998 0.015684526562500002 0.09141692500000001 0.0166977390625 0.157469615625 0.0774904765625 0.168792934375 0.17070600625000001 0.180116253125
2 0.1737456421875 0.3801615453125 0.3915862859375 0.3905412546875 0.6286779609375001 0.3858232046875 0.7603955578125 0.37261266718749997 0.9812758359375 0.3443043703125 0.9792494125 0.2725900203125 0.9255491609375 0.2829697296875 0.77154089375 0.3075035859375 0.6063872890625001 0.3197705140625 0.46960363125000004 0.323544953125 0.32471427343750003 0.32448856406250004 0.1443624875 0.311278025 0.0187241640625 0.2914622171875 0.019737374999999998 0.35751490937499997 0.0805301125 0.368838228125 0.1737456421875 0.3801615453125
2 0.1777984921875 0.5651090812499999 0.395639134375 0.5745451796875 0.632730809375 0.5679399109375 0.76444840625 0.5603910328125 0.9833022609375 0.5434060546875 0.98228905 0.46603004375 0.9285887984375 0.476409753125 0.7725541046875 0.49056390156249996 0.6033476531249999 0.5 0.46960363125000004 0.5037744390625 0.329780334375 0.5047180484375 0.1443624875 0.49622556093750003 0.0217638 0.48490224218750005 0.0227770125 0.5509549328125 0.08356974843750001 0.5622782515625 0.1777984921875 0.5651090812499999
2 0.17171921875 0.759492715625 0.394625921875 0.7604363249999999 0.635770446875 0.759492715625 0.7634351953125 0.7576054953125 0.9833022609375 0.7434513468749999 0.9772229875 0.6736242171875 0.9285887984375 0.676455046875 0.7725541046875 0.6906091937500001 0.6033476531249999 0.693440025 0.46859041875 0.6943836343750001 0.333833184375 0.6943836343750001 0.1504417609375 0.688721975 0.0217638 0.684947534375 0.0227770125 0.7510002265625 0.0886358109375 0.755718275 0.17171921875 0.759492715625
8 0.26640625 0.67421875 0.11015625 0.03984375
8 0.54375 0.67265625 0.11015625 0.03984375
8 0.54296875 0.49140625 0.10625 0.01953125
8 0.2640625 0.49453125 0.10625 0.01953125
4 0.2296875 0.90078125 0.0609375 0.15390625
8 0.82890625 0.66015625 0.1078125 0.0421875
4 0.37265625 0.90234375 0.06953125 0.1546875
4 0.509375 0.89921875 0.065625 0.15390625
4 0.640625 0.89765625 0.06171875 0.146875
4 0.77265625 0.89609375 0.06328125 0.15390625