7 0.4851720046875 0 0.44351240000000003 0.013629679687499998 0.30088120625000003 0.0108019453125 0.3001751109375 0.114485540625 0.01067615625 0.10977265 0.004321301562499999 0.9835425859375 0.9991103203125 0.993698353125 0.9991103203125 0.0249406171875 0.973789753125 0.0023187421875 0.9208326265625001 0.0239980390625 0.8982375875 0.0013761640625 0.848104840625 0.0192851484375 0.844574365625 0.0013761640625 0.7407784000000001 0.0004335859375 0.6899395578124999 0.016457414062500002 0.6640498781249999 0 0.6482799531250001 0.0023187421875 0.6108569171875 0.015514835937499999 0.5882239703125001 0 0.5670790265625001 0 0.53106818125 0.013629679687499998 0.5183055140625 0 0.4851720046875 0
8 0.1671875 0.67734375 0.30390625 0.50078125
8 0.7796875 0.89375 0.2671875 0.19921875
4 0.68984375 0.91953125 0.0953125 0.14296875
8 0.468353675 0.8451354234374999 0.628376603125 0.8475266625 0.6295708046875 0.794919415625 0.33997707187500004 0.7877457 0.341171271875 0.9304229296875001 0.4671594734375 0.9296258500000001 0.468353675 0.8451354234374999
8 0.0859375 0.28203125 0.0265625 0.075
8 0.1265625 0.28046875 0.03515625 0.084375
8 0.2125 0.284375 0.03203125 0.084375
8 0.25 0.284375 0.02265625 0.07734375
8 0.2875 0.2875 0.0390625 0.08515625
8 0.384375 0.2859375 0.0859375 0.08828125
8 0.3859375 0.09921875 0.08203125 0.0671875
8 0.5265625 0.28671875 0.05078125 0.07421875
8 0.5953125 0.29140625 0.0546875 0.08125
8 0.52578125 0.10234375 0.0484375 0.065625
8 0.59375 0.1015625 0.05 0.06875
8 0.68984375 0.10390625 0.07578125 0.0703125
8 0.79453125 0.10546875 0.0734375 0.05703125
8 0.91171875 0.1078125 0.1078125 0.06875
8 0.68984375 0.2890625 0.07890625 0.08046875
8 0.79140625 0.2921875 0.06953125 0.0703125
8 0.91015625 0.29296875 0.1078125 0.078125
8 0.38515625 0.459375 0.0859375 0.08828125
8 0.52734375 0.46015625 0.05078125 0.07421875
8 0.5953125 0.46484375 0.0546875 0.08125
8 0.690625 0.46328125 0.07890625 0.08046875
8 0.7921875 0.465625 0.06953125 0.0703125
8 0.9109375 0.46640625 0.1078125 0.078125
8 0.91328125 0.64453125 0.1078125 0.078125
8 0.79453125 0.64375 0.06953125 0.0703125
8 0.69296875 0.640625 0.07890625 0.08046875
8 0.59765625 0.64296875 0.0546875 0.08125
8 0.5296875 0.6390625 0.05078125 0.07421875
8 0.3875 0.63828125 0.0859375 0.08828125