7 0.004879071875 0.9966887421875 0.9938093484375001 0.9854259578125 0.9957767171875 0.0021849796875 0.002255915625 0.0055638140625 0.004879071875 0.9966887421875
2 0.49765625 0.025 0.99453125 0.0484375
8 0.4375 0.15625 0.04765625 0.06015625
8 0.3140625 0.159375 0.04765625 0.06015625
8 0.6796875 0.15703125 0.04765625 0.06015625
8 0.55625 0.16015625 0.04765625 0.06015625
8 0.43515625 0.28671875 0.04765625 0.06015625
8 0.31171875 0.28984375 0.04765625 0.06015625
8 0.67734375 0.2875 0.04765625 0.06015625
8 0.5578125 0.55234375 0.04765625 0.06015625
8 0.440625 0.41796875 0.04765625 0.06015625
8 0.3171875 0.42109375 0.04765625 0.06015625
8 0.68359375 0.41875 0.04765625 0.06015625
8 0.56015625 0.421875 0.04765625 0.06015625
8 0.43828125 0.5484375 0.04765625 0.06015625
8 0.315625 0.5515625 0.04765625 0.06015625
8 0.68125 0.54921875 0.04765625 0.06015625
8 0.5546875 0.8046875 0.04765625 0.06015625
8 0.5546875 0.8046875 0.04765625 0.06015625
8 0.4375 0.67109375 0.04765625 0.06015625
8 0.31484375 0.67421875 0.04765625 0.06015625
8 0.68046875 0.671875 0.04765625 0.06015625
8 0.55703125 0.675 0.04765625 0.06015625
8 0.43515625 0.80078125 0.04765625 0.06015625
8 0.3125 0.80390625 0.04765625 0.06015625
8 0.67890625 0.8015625 0.04765625 0.06015625
8 0.5546875 0.8046875 0.04765625 0.06015625
8 0.80078125 0.7953125 0.04765625 0.06015625
8 0.80234375 0.66484375 0.04765625 0.06015625
8 0.80390625 0.54140625 0.04765625 0.06015625
8 0.80625 0.41171875 0.04765625 0.06015625
8 0.8 0.2796875 0.04765625 0.06015625
8 0.80234375 0.14921875 0.04765625 0.06015625
8 0.92109375 0.15625 0.0453125 0.07109375
8 0.921875 0.28203125 0.04765625 0.06953125
8 0.921875 0.41171875 0.04765625 0.06015625
8 0.9203125 0.540625 0.04765625 0.06015625
8 0.92421875 0.66953125 0.046875 0.0734375
8 0.92421875 0.79765625 0.04375 0.07109375
8 0.19140625 0.8 0.04765625 0.06015625
8 0.19375 0.66875 0.04765625 0.06015625
8 0.1953125 0.54609375 0.04765625 0.06015625
8 0.196875 0.41484375 0.04765625 0.06015625
8 0.19140625 0.2828125 0.04765625 0.06015625
8 0.19375 0.153125 0.04765625 0.06015625
8 0.9171875 0.9125 0.10703125 0.0453125
8 0.07109375 0.146875 0.04765625 0.06015625
8 0.06875 0.2765625 0.04765625 0.06015625
8 0.075 0.40859375 0.04765625 0.06015625
8 0.07265625 0.53984375 0.04765625 0.06015625
8 0.071875 0.6625 0.04765625 0.06015625
8 0.06875 0.79375 0.04765625 0.06015625
8 0.55703125 0.28515625 0.05 0.07890625
8 0.07578125 0.9140625 0.03515625 0.0484375