7 0 0 0.0044581625 0.9959100203125001 0.9991769546875 0.9744183640624999 0.9991769546875 0 0.82064471875 0 0.8103566531249999 0.0526584859375 0.3199588484375 0.05351056562499999 0.27088868125 0 0 0
2 0.5578125 0.02578125 0.515625 0.05078125
8 0.16484375 0.26796875 0.159375 0.246875
8 0.39140625 0.26484375 0.16640625 0.24375
8 0.625 0.2671875 0.1609375 0.24609375
8 0.8546875 0.271875 0.1546875 0.25234375
2 0.85859375 0.36328125 0.20234375 0.0765625
8 0.1640625 0.52109375 0.15078125 0.13046875
8 0.40390625 0.52109375 0.16484375 0.13203125
8 0.625 0.521875 0.1546875 0.13671875
8 0.85234375 0.51953125 0.16328125 0.14296875
4 0.22734375 0.834375 0.18203125 0.240625