7 0.0895189640625 0.1381118875 0 0.1365312828125 0.00493101875 0.9930069921875001 0.9976918640625 0.9877622390624999 0.9944132609375 0.015734265625 0.0895189640625 0.01923076875 0.0895189640625 0.1381118875
8 0.05234375 0.58125 0.07578125 0.77421875
4 0.26953125 0.90625 0.05390625 0.184375
4 0.49296875 0.89453125 0.05390625 0.1828125
4 0.71953125 0.9 0.05234375 0.18671875
4 0.94296875 0.8953125 0.05625 0.19765625
8 0.1682054234375 0.9860139859375 0.1843174140625 0.9830169828124999 0.1843174140625 0.9280719281250001 0.194059546875 0.9270729281250001 0.1933101515625 0.796203796875 0.11349959843749999 0.8001998 0.11387429687499999 0.9110889109375 0.1674560296875 0.90609390625 0.1682054234375 0.9860139859375
2 0.194847796875 0.306638565625 0.19445256875 0.20969441562500002 0.161648578125 0.1464699671875 0.0703507265625 0.1443624859375 0.06956026875 0.260273971875 0.1620438078125 0.253951528125 0.194847796875 0.306638565625
2 0.1960334828125 0.534246575 0.1960334828125 0.4341412015625 0.1640199515625 0.3909378296875 0.07114118281250001 0.398314015625 0.0691650390625 0.5163329812499999 0.162834265625 0.508956796875 0.1960334828125 0.534246575
2 0.422499584375 0.537407796875 0.4213138984375 0.43730242343750003 0.41301409375000003 0.396206534375 0.31539258124999997 0.3951527921875 0.315787809375 0.506849315625 0.4070856625 0.5057955734374999 0.422499584375 0.537407796875
2 0.4201282125 0.30347734531250004 0.42052344062499997 0.2065331921875 0.41064272187500006 0.145416228125 0.31657826718750004 0.14752370937499998 0.31697349531249996 0.2592202328125 0.40827134843749996 0.25816649062499997 0.4201282125 0.30347734531250004
2 0.6125 0.20234375 0.0953125 0.1078125
2 0.61171875 0.453125 0.09453125 0.109375
8 0.25625 0.1984375 0.0796875 0.17734375
8 0.4796875 0.2 0.0796875 0.17734375
8 0.70625 0.19375 0.0796875 0.17734375
8 0.70625 0.4265625 0.0796875 0.17734375
8 0.4796875 0.4328125 0.0796875 0.17734375
8 0.25625 0.43125 0.0796875 0.17734375
8 0.70625 0.64609375 0.0796875 0.17734375
8 0.4796875 0.65234375 0.0796875 0.17734375
8 0.25546875 0.65 0.0796875 0.17734375
8 0.37734375 0.64609375 0.08203125 0.16875
8 0.60234375 0.646875 0.08203125 0.16875
8 0.15546875 0.64921875 0.08203125 0.16875
8 0.67734375 0.890625 0.02734375 0.20390625
8 0.4515625 0.89453125 0.02734375 0.20390625
8 0.4515625 0.89453125 0.02734375 0.20390625
8 0.228125 0.9015625 0.02578125 0.1890625
8 0.39076148593750004 0.9875331562499999 0.41861830156249996 0.9907161796875 0.418220346875 0.7944297078125 0.3326601265625 0.7933687 0.33226217187499996 0.9100795749999999 0.3915573953125 0.907957559375 0.39076148593750004 0.9875331562499999
8 0.6179935140625 0.985411140625 0.644656465625 0.983289125 0.6442585109375 0.7944297078125 0.5618819265624999 0.791246684375 0.561483971875 0.907957559375 0.61839146875 0.9100795749999999 0.6179935140625 0.985411140625
8 0.842760646875 0.9854557203125 0.8689453859375 0.9854557203125 0.8684604828125 0.7889463484375 0.7874817546874999 0.7915319968750001 0.7889364640625 0.91305753125 0.842760646875 0.91305753125 0.842760646875 0.9854557203125
8 0.93203125 0.1953125 0.0796875 0.17734375
2 0.907376171875 0.2600262984375 0.9054034062499999 0.1508875734375 0.8092310656249999 0.14168310312500002 0.788517021875 0.2140039453125 0.7890102140625 0.31262327343749996 0.8723595765625 0.3165680484375 0.907376171875 0.2600262984375
2 0.9068829796875001 0.505917159375 0.9068829796875001 0.3967784359375 0.8116970218749999 0.3928336609375 0.7880238312500001 0.43359631875 0.7890102140625 0.5440499671875 0.8743323421874999 0.54010519375 0.9068829796875001 0.505917159375
8 0.82890625 0.6453125 0.08203125 0.165625
8 0.93359375 0.6453125 0.08203125 0.165625
8 0.9328125 0.415625 0.08203125 0.165625
8 0.903125 0.896875 0.01953125 0.203125