7 0.9991408937499999 0.3507062265625 0.7347356734375 0.007221750000000001 0.4986983234375 0.3159161703125 0.24356971875000002 0.0034456718749999995 0.001457878125 0.33385254375 0 0.9990654203125 0.9991408937499999 0.9990654203125 0.9991408937499999 0.3507062265625
8 0.41875 0.48828125 0.08828125 0.15234375
8 0.72734375 0.4859375 0.09140625 0.15234375
8 0.87890625 0.48671875 0.0890625 0.15078125
8 0.2640625 0.47109375 0.0890625 0.12578125
8 0.115625 0.46953125 0.0890625 0.12578125
8 0.2671875 0.68984375 0.08828125 0.15234375
8 0.58046875 0.69296875 0.08828125 0.15234375
8 0.878125 0.68984375 0.09140625 0.15234375
4 0.11875 0.91328125 0.09140625 0.15234375
2 0.24949347500000002 0.9990654203125 0.3650595296875 0.9990654203125 0.6054358015625 0.9153686390625 0.7338678890625 0.917256678125 0.9991408937499999 0.8257768234375 0.996806553125 0.7161804968750001 0.6930820234375 0.8247427546875 0.5733277796875 0.823798734375 0.247908640625 0.9361370718750001 0.24949347500000002 0.9990654203125
8 0.73515625 0.68515625 0.09453125 0.14609375
4 0.265625 0.9109375 0.10234375 0.153125
8 0.1140625 0.6890625 0.090625 0.15078125
2 0.3008434859375 0.455631078125 0.020549134375 0.4461908796875 0.02141691875 0.5358727453125 0.2991079171875 0.54059284375 0.3008434859375 0.455631078125
2 0.6514283734374999 0.4575191171875 0.5351452671875 0.45468705781249996 0.5394841890625 0.5443689218750001 0.6522961578124999 0.5424808828125001 0.6514283734374999 0.4575191171875
2 0.4140625 0.72578125 0.11171875 0.0859375
2 0.75 0.7234375 0.12890625 0.07890625
8 0.58125 0.43203125 0.0875 0.0453125
8 0.421875 0.65 0.09140625 0.0671875
4 0.4203125 0.8609375 0.0859375 0.05390625
2 0.09453125 0.7265625 0.13984375 0.09140625