7 0.4021131828125 0 0 0.5470154968750001 0.004700032812499999 0.998046415625 0.42191051562500004 0.998046415625 0.45197313437500003 0.9782751968750001 0.5282295312499999 0.97450925 0.527496296875 0.990514521875 0.9992887625 0.9850239765625 0.9992887625 0.7221908390625 0.42124278593750003 0 0.4021131828125 0
8 0.60859375 0.5015625 0.08203125 0.1890625
4 0.48828125 0.8546875 0.07578125 0.26171875
4 0.93828125 0.87421875 0.06640625 0.2234375
8 0.7921875 0.80390625 0.05 0.19609375
8 0.65 0.80703125 0.15859375 0.18671875
8 0.4859375 0.50625 0.08203125 0.18515625
8 0.25546875 0.5078125 0.11015625 0.184375
8 0.19609375 0.81171875 0.15 0.18671875
8 0.33671875 0.8109375 0.04375 0.178125
5 0.9579050015625 0.027373723437500004 0.941773840625 0.0443204828125 0.9249094453125 0.07068210625 0.921243271875 0.10457562499999999 0.9087782843750001 0.1121075171875 0.877249196875 0.1186979234375 0.8618512703125001 0.127171303125 0.8413207015624999 0.146942521875 0.8515859859375 0.157298875 0.8867812468749999 0.1328202234375 0.88751448125 0.13752765625000002 0.874316259375 0.179894553125 0.86551744375 0.2147295578125 0.8735830234374999 0.2241444234375 0.87504949375 0.2345007765625 0.8596515671875 0.26180388906249996 0.8501195171875 0.2702772671875 0.867717146875 0.3004048390625 0.867717146875 0.30887821875 0.8552521593750001 0.3173515984375 0.8398542328125 0.2909899734375 0.8383877640625 0.272160240625 0.820790134375 0.28439956718750004 0.8134577875 0.305112271875 0.8017260343749999 0.32205903125 0.7943936890625001 0.3333568703125 0.7870613421875 0.37572376875 0.7782625265625 0.3954949859375 0.78999428125 0.4322129640625 0.7980598609375 0.4519841828125 0.8061254421875 0.4651649953125 0.8266560109375 0.44162782968750003 0.8486530484375001 0.44445229062499997 0.8625845046875 0.44539377656249995 0.8735830234374999 0.4388033703125 0.86845038125 0.41526620625 0.8867812468749999 0.3954949859375 0.88898095 0.36630890156249996 0.9102447546875 0.38890457968750003 0.9131776921875 0.40961728593749996 0.9029124078124999 0.4331544515625 0.8809153703125 0.4576331015625 0.8611180359375 0.4745798609375 0.8537856906249999 0.47740432187500004 0.858185096875 0.5018829734375 0.8669839125 0.4971755390625 0.8383877640625 0.5244786515625 0.8339883562500001 0.53295203125 0.844986875 0.5517817640625 0.8618512703125001 0.5461328437499999 0.874316259375 0.5348350046875 0.8809153703125 0.5310690578124999 0.9153773968750001 0.523537165625 0.91904356875 0.5216541921875 0.9388409031249999 0.5376594640625 0.949839421875 0.549898790625 0.9579050015625 0.549898790625 0.9601047062499999 0.5188297328125 0.9615711749999999 0.49340959375000004 0.973302928125 0.45480864218750006 0.9992887625 0.46799996562499996 0.9992887625 0 0.9461732484375001 0.0000706125 0.9351747296875 0.0104269640625 0.916843865625 0.0245492625 0.916843865625 0.030198182812500002 0.95057265625 0.027373723437500004 0.9579050015625 0.027373723437500004
5 0 0.6397219562500001 0.0025003296875 0.6431059640625 0.0230308984375 0.6657016421875 0.029630009375 0.6864143484375 0.0340294171875 0.7090100265625 0.0545599859375 0.7127759734375 0.0670249734375 0.7325471921875 0.06849144375 0.726898271875 0.072157615625 0.7231323265625 0.08168966562499999 0.727839759375 0.084622603125 0.7504354375 0.09342141875 0.74290354375 0.10955257968750001 0.7297227328125 0.11395198749999999 0.7316057046875 0.1234840375 0.74384503125 0.143281371875 0.7560843578124999 0.1366822609375 0.71842489375 0.12201756875 0.6892388078125 0.13228285312500002 0.680765428125 0.14474784062499998 0.6845313749999999 0.16454517500000002 0.707127053125 0.1814095703125 0.7297227328125 0.19460779374999998 0.708068540625 0.19460779374999998 0.6958292140625 0.16381194062499999 0.6591112359375 0.1506137171875 0.6327496125 0.1814095703125 0.6374570453125 0.1909416203125 0.615802853125 0.174810459375 0.58661676875 0.1865422125 0.5875582546875 0.1997404359375 0.576260415625 0.1997404359375 0.55931365625 0.18507574375 0.5583721703125 0.16087900156249998 0.5338935171875 0.16161223593750002 0.5244786515625 0.1740772234375 0.5310690578124999 0.20413984218749998 0.530127571875 0.2136718921875 0.5188297328125 0.217338065625 0.5254201390625 0.2561994984375 0.535776490625 0.26059890625 0.522595678125 0.25839920156249996 0.5112978390625 0.2459342140625 0.503765946875 0.2246704109375 0.49623405312499996 0.2239371765625 0.4868191875 0.24300127656249998 0.48022878125 0.24813391875000002 0.45669161718750007 0.24226804062500001 0.436920396875 0.23860186875 0.41526620625 0.2444677453125 0.40396836562500005 0.2657315484375 0.4227980984375 0.281862709375 0.4256225578125 0.29506093125 0.3945535 0.27966300624999996 0.3691333609375 0.2496003875 0.3399472765625 0.24300127656249998 0.305112271875 0.23640216406249998 0.2862825390625 0.2459342140625 0.26556983437500004 0.23346922656250002 0.2514475359375 0.24520097968750001 0.2250859109375 0.2569327328125 0.2439156421875 0.259865671875 0.26933578125 0.25180009062500003 0.289107 0.262798609375 0.29569740625 0.2957941671875 0.3079367328125 0.3119253265625 0.3135856515625 0.30605945156250003 0.3041707859375 0.303859746875 0.289107 0.3126585625 0.26086240156249996 0.3280564890625 0.26651132187500004 0.3317226609375 0.28157510625 0.344920884375 0.3135856515625 0.3625185140625 0.34183025 0.37058409531250003 0.33523984375000004 0.391847896875 0.31641011093750004 0.38598202187499997 0.2486230765625 0.365451453125 0.18930941875 0.39111466250000004 0.1911923921875 0.4021131828125 0.1836605 0.40871229375 0.1751871203125 0.4028464171875 0.1356446828125 0.4050461203125 0.1121075171875 0.40871229375 0.0989267046875 0.398447009375 0.0537353484375 0.4123784671875 0.03208115625 0.4101787625 0.056559807812499995 0.43584197343750003 0.081979946875 0.439508146875 0.0499694015625 0.45563930781249995 0.054676834375000004 0.49743367968749996 0.09986819218750001 0.5098986671875 0.11304900468750001 0.51576454375 0.14976698125000001 0.528962765625 0.15070846875 0.5348286421874999 0.1394106296875 0.5348286421874999 0.1092830578125 0.526029828125 0.0895118390625 0.505499259375 0.04526196875 0.49670044375 0.0245492625 0.506965728125 0.022666290625 0.5245633578125 0.0264322359375 0.5362951125000001 0.041496021875 0.5531595078125 0.056559807812499995 0.55682568125 0.054676834375000004 0.5634247921875 0.0471449421875 0.5714903734375001 0.0377300765625 0.5714903734375001 0.03113966875 0.5714903734375001 0.01890034375 0.5678242 0.0038365578125 0 0 0 0.6397219562500001
8 0.70078125 0.54765625 0.05 0.08984375
8 0.41875 0.2125 0.04609375 0.05859375