7 0.0827535375 0 0.0011639515625 0.2144447046875 0.0005700984375 0.590791940625 0.0100717375 0.5922563265624999 0.010665590625 0.8997774140624999 0 0.9711711624999999 0.913561303125 0.9985795453125 0.9098723859375 0.591054778125 0.9933238796875001 0.5491695812499999 0.992585371875 0.4544726109375 0.849185234375 0.44728209999999996 0.8503729390625001 0.21298031874999998 0.7850491703125 0 0.0827535375 0
4 0.13828125 0.753125 0.1 0.29140625
8 0.6070837765625 0.9115676 0.757739571875 0.9042832171875 0.7562625546875 0.57466491875 0.253338059375 0.5783071093750001 0.2525995515625 0.9734848484375 0.6033912328125 0.9771270390625 0.6070837765625 0.9115676
8 0.13515625 0.4 0.05703125 0.2328125
8 0.25 0.38515625 0.015625 0.0546875
8 0.56171875 0.3625 0.03203125 0.165625
8 0.72734375 0.3625 0.034375 0.15859375
2 0.13515625 0.46171875 0.053125 0.12421875
5 0.8903291890625 0 0.8797937984375 0.016082434375 0.8671014609375 0.047380585937500004 0.8485511203125 0.08108628749999999 0.851480121875 0.1388674890625 0.829024446875 0.13405238749999998 0.8505245609375001 0.21288684687499998 0.8468477296874999 0.44257736875000003 0.9902441421875 0.44862185625000006 0.9994239625000001 0.4576885875 0.9994239625000001 0 0.8903291890625 0
5 0.90322580625 0.91144200625 0.9012394718750001 0.583268025 0.8495947875000001 0.6151058 0.8555537890625 0.8796042312499999 0.8754171296875001 0.8918495296875 0.90322580625 0.91144200625
5 0.9994239625000001 0.5403688328125 0.9143034390624999 0.5846809453125 0.9120879125 0.9015515734375 0.9994239625000001 0.956184440625 0.9994239625000001 0.5403688328125
5 0.2861451421875 0.05018939375 0.2561724921875 0.052499076562500004 0.25148926562499996 0.0917636734375 0.28052527031249996 0.0906088328125 0.2861451421875 0.05018939375
5 0.46504439687500004 0.0478797109375 0.435071746875 0.0444151890625 0.433666778125 0.0940733546875 0.46317110625 0.08829915 0.46504439687500004 0.0478797109375
5 0.6608032671874999 0.049034553125000005 0.633640553125 0.051344234375 0.6369188109375 0.08829915 0.6664231390625 0.0859894671875 0.6608032671874999 0.049034553125000005