7 0.9513596671875 0.9634245828125 0.95530454375 0.061502901562500004 0.99541079375 0.030910079687499998 0.99541079375 0.007115664062500001 0.011164001562500001 0.011647932812500001 0.008534084375 0.028643945312500002 0.055215128125 0.061502901562500004 0.055215128125 0.9702229875 0.062447401562500005 0.9690899203125 0.06047496249999999 0.9985496734374999 0.744911109375 0.9985496734374999 0.744911109375 0.9713560546875 0.9513596671875 0.9634245828125
4 0.81875 0.84609375 0.08359375 0.25234375
8 0.81953125 0.4828125 0.08203125 0.14296875
8 0.60390625 0.7953125 0.053125 0.1328125
8 0.48203125 0.796875 0.05078125 0.13125
8 0.29296875 0.7953125 0.05078125 0.13515625
8 0.16953125 0.79375 0.05078125 0.13515625
8 0.60078125 0.4859375 0.0390625 0.12578125
8 0.48125 0.48828125 0.05078125 0.13125
8 0.29140625 0.48671875 0.05078125 0.13515625
8 0.16796875 0.4859375 0.05078125 0.13515625
8 0.60625 0.18125 0.05078125 0.11640625
8 0.48125 0.1796875 0.05078125 0.13125
8 0.29140625 0.17734375 0.05078125 0.13515625
8 0.16796875 0.1765625 0.05078125 0.13515625
8 0.8171875 0.1828125 0.07734375 0.125
5 0.3265638328125 0 0.3197814125 0.0408095109375 0.30815440625 0.057507346875 0.3033098203125 0.06251669843749999 0.30912332343750004 0.079214534375 0.30912332343750004 0.097582153125 0.3197814125 0.10092172031249999 0.3197814125 0.13598717656249998 0.3188124953125 0.17606198281250002 0.3197814125 0.22448570625 0.3197814125 0.2595511625 0.336253003125 0.292946834375 0.32850166718749996 0.3096446703125 0.29458956718749996 0.3296820734375 0.2829625609375 0.33135185625 0.283931478125 0.3563986109375 0.295558484375 0.378105796875 0.2829625609375 0.38812449843749997 0.2732733890625 0.439887790625 0.28974498125000003 0.48664173125000004 0.2965274015625 0.5450841578125 0.3071854890625 0.5684611265624999 0.310092240625 0.5918380984375 0.321719246875 0.6085359343750001 0.329470584375 0.6352524703125 0.355631346875 0.655289875 0.3788853578125 0.6653085765625 0.3905123625 0.6920251125 0.41764204375 0.6903553296875 0.43120688281249997 0.6736574937500001 0.447678475 0.6519503078125 0.46899465156250003 0.6168848515625001 0.490310828125 0.631912903125 0.515502675 0.6436013890625001 0.5416634359375 0.6235639859375001 0.5484458578125 0.5584424265625 0.55619719375 0.5166978359375001 0.5707309515625 0.49666043281250005 0.580420121875 0.474953246875 0.5813890390625 0.4315388734375 0.5775133718750001 0.40315255156249996 0.5794512046875 0.3714266640625 0.57169986875 0.354728828125 0.5726687859374999 0.34137055781250003 0.5794512046875 0.301295753125 0.580420121875 0.2812583484375 0.5629796140625001 0.2595511625 0.562010696875 0.22114613906249997 0.5552282765625 0.14433609375 0.5436012703124999 0.10259150312500001 0.5310053484374999 0.054167779687499994 0.5164715906249999 0.0224418921875 0.48246905937499995 0 0.3265638328125 0
5 0.05203730937499999 0.4444796953125 0.041298478124999996 0.492068528125 0.030559646875000002 0.455054990625 0.0044796265625 0.455054990625 0 0.7017343484375 0.05203730937499999 0.7062182734375 0.05203730937499999 0.4444796953125