7 0.25714809375000003 0 0.25649350625 0.15955097499999998 0.1229576875 0.1656851921875 0 0.4207855953125 0.003822790625 0.9953379953124999 0.9902859234375001 0.99687155 0.9922496859375001 0.9800024531249999 0.996177209375 0.9784689 0.9987513421875001 0 0.25714809375000003 0
4 0.684375 0.8171875 0.1390625 0.35546875
8 0.44140625 0.7828125 0.17421875 0.29296875
8 0.4203125 0.36328125 0.17734375 0.325
8 0.75546875 0.38515625 0.13515625 0.27578125
8 0.91484375 0.3 0.09453125 0.22265625
8 0.8734375 0.77578125 0.07578125 0.184375
8 0.15078125 0.36640625 0.075 0.06171875
8 0.2421875 0.36171875 0.03515625 0.0765625
5 0.2236975703125 0.0768430203125 0.2158869015625 0.12945172656249998 0.21979223593750002 0.15918708125 0.2471295796875 0.15918708125 0.24127157656249998 0.106578375 0.235413575 0.07226835000000001 0.23150824062500003 0.0265216484375 0.2236975703125 0.0768430203125
5 0.0580406796875 0.20915352031249998 0.0491021765625 0.24638187031249997 0.040163673437500005 0.2789566765625 0.03917050625 0.25568895625 0.0371841734375 0.1975196609375 0.0302320046875 0.17425194375 0.0242730015625 0.1416771375 0.0212935 0.0951417 0.0128094984375 0.0448203296875 0 0.1448531140625 0.00043699375 0.4232165296875 0.0768727578125 0.2622527703125 0.073931353125 0.23009446718749998 0.0709518515625 0.21846060781249999 0.065986015625 0.1951928890625 0.0580406796875 0.20915352031249998
5 0.1480774765625 0.15659340625 0.14293429062500002 0.1481588578125 0.142419971875 0.1312897625 0.13753394531250002 0.1216502796875 0.1398483796875 0.115023134375 0.13959121875 0.1102033921875 0.133933715625 0.115023134375 0.133933715625 0.10779352187499999 0.1370196265625 0.101166378125 0.1341908734375 0.1047811828125 0.12956200625 0.112010796875 0.128790528125 0.101166378125 0.132390759375 0.0927318296875 0.129819165625 0.0848997484375 0.12596177656250002 0.06863312187500001 0.12210438593749999 0.0975515703125 0.12081858906250001 0.1041787171875 0.11593256249999999 0.093334296875 0.11901847343750001 0.11381820000000001 0.11901847343750001 0.1174330046875 0.12030427031249999 0.12526508593750002 0.11567540312499999 0.11984287656249999 0.11696120000000002 0.1306872953125 0.12107574843749999 0.137314440625 0.12287586406249999 0.151171196875 0.1241616609375 0.1541835359375 0.12056142968750001 0.1535810671875 0.11413244687499999 0.13912184375 0.113103809375 0.14876132656250002 0.11464676562500001 0.15659340625 0.11696120000000002 0.16322055156249998 0.119275634375 0.169245228125 0.11336096874999999 0.169245228125 0.10976073906249999 0.162618084375 0.113103809375 0.1746674375 0.11156085468750002 0.1794871796875 0.10538903125000001 0.1680402921875 0.10693198749999999 0.177077309375 0.11156085468750002 0.1903315984375 0.1241616609375 0.16322055156249998 0.1460202015625 0.1662328890625 0.1480774765625 0.15659340625
5 0.17199329375 0.1608106796875 0.1748220453125 0.157195875 0.1745648859375 0.140326778125 0.1704503375 0.143941584375 0.172764771875 0.13490456875 0.16890738125 0.1053836515625 0.16762158437500002 0.1065885875 0.1653071515625 0.11442066718749999 0.1655643109375 0.1300848265625 0.1655643109375 0.138519375 0.16582146874999998 0.14635145624999998 0.1650499921875 0.1409292453125 0.16042112343749998 0.138519375 0.1622212390625 0.1559909390625 0.1645356734375 0.162618084375 0.17636500156249998 0.16382301875 0.179708071875 0.1559909390625 0.17199329375 0.1608106796875